0.01415737439043352
0.004003753250714448
-0.004471072163104717
-0.012183365406641
-0.015965402476116552
-0.01697782470702225
-0.016884728409927385

0.4398469300883556
0.4517044584551648
0.46184889246030214
0.4694037794646717
0.4719326913772004

-0.010392486638843845
-0.023618898058329618
-0.03594680771572334
-0.04055813680010878
-0.043143396471405526
-0.04489262689576534
-0.04455944014826807
-0.042551132528703794
-0.039486304432241215
-0.03621323461859327

-0.3998718700963668
-0.39550614374313264
-0.37334432522946426
-0.3511028848827539
-0.33743916585717804

-0.38501872338027765
-0.3972553741674927
-0.4070439598264979
-0.41473665384959313
-0.42043206481462214
-0.42451176504454535
-0.4268183483001965
-0.42890811517971894
-0.42988501382357536
-0.4270112781264127

-0.3417803931848613
-0.3543318564504099
-0.363050447168464
-0.37137521605078183
-0.377977703436846
-0.3825467717021558
-0.3857114333277394
-0.38822748325185386
-0.38847369845864377
-0.3876082703810456
-0.38617507738629697

-0.3070003515610167
-0.3313701447524926
-0.3483155082506596
-0.3524405316778527
-0.35164860067690806
-0.3480907296912267
-0.34485379594026666
-0.3432968828664841
-0.3431492762375379
-0.34547055890851963
-0.34808582988611647
-0.35039486304432266
-0.35284415312380957

-0.3477832669205583
-0.3597596155612913
-0.3688904023842453
-0.37589957359446025
-0.3778552083090897
-0.378705936971357
-0.37932514984216525
-0.38028061183866435
-0.38095862237079514
-0.379754495264951

0.07192913901849551
0.08801642414672939
0.10140146675665984
0.10752867304702929
0.10750233659456176

-0.3369393857359324
-0.35660414107028915
-0.37114125035676726
-0.3809733217861261
-0.3844368715234353
-0.38409511011699526
-0.3812599603850757
-0.37872063638668785
-0.37636321765301783
-0.3726951010523559
-0.3686111134929607

0.049805906470069994
0.06157401339361712
0.07175703336399764
0.07951832465863662
0.083533102470849
0.0835667886309821

-0.3104283777112766
-0.3277014156761916
-0.3377270294074053
-0.3452267936042843
-0.35134971256518277
-0.3563266896059212
-0.3586798210101193
-0.3599997060116933
-0.36124609393661367
-0.36292366471123616
-0.36274604677598954

0.1796250179149126
0.20015703875378366
0.21415026967302375
0.21750112389279708
0.21765485527813122
0.2137833967653937
0.2071074123026757
0.19997513348906537
0.1937891295373726
0.18895240941791536
0.18600211426590496
0.18475021406023573
0.18297648461032434
0.1789880432505797
0.17451513366055837
0.16991115428383852
0.16579838036942096
0.16288360880445985
0.160833652841458
0.15808608712588468
0.15489876390166568
0.1512667833636916
0.1474467728046116
0.14487008779225818
0.14402487141073972
0.14410816809761395
0.1446661334045436
0.14540232912235895
0.14513100241437882
0.14536558058403215
0.14599581801633832
0.14687043322851823
0.14811498372652232
0.14963208588378407
0.14976499309739943
0.1494752921202558
0.14870541024230732
0.14752823206456966
0.14711419853275332
0.1470204897600198
0.14624570807696124
0.14542989052610422
0.14406590727853774
0.14136795208970532
0.1383447723366802
0.13572705145652808
0.13353193876713565
0.13269835942275376
0.13338616956510574
0.1339539344822558
0.13478935125355385
0.13508088965761367
0.13443472785869925
0.13313076722373363
0.13186967988348242
0.13031092938278377
0.12966476758386913
0.13028030560084458
0.13113225921438976
0.13213733173762998
0.13290966351813327
0.13274368262002367
0.13116533289888377
0.12891509740200102
0.12660912662198864
0.1251054989287801
0.12493155584736604
0.12500750282657513
0.1256475398691017
0.12600461316651135
0.12520104512843
0.12339362951838595
0.12183242911513181
0.12015608329178695
0.12073364781915785
0.12280136557568433
0.12477537455947685
0.12654665410683297
0.12791369973259314
0.1267787823739308
0.12490828177309243
0.12306473010036023
0.12134918583613308
0.1212199534763505
0.12149556751380208
0.12118994217004997
0.12065525093739393
0.11953932032353398
0.11677399281443557
0.1138953573121626
0.11145402941597982
0.1101935545513677
0.10995958885735324
0.10960190308430451
0.10895941613922311
0.10791514517510059
0.10510204456617744
0.10086922542655863
0.0973824016149758
0.09536000705571923
0.09489085071641279
0.09521546280496684
0.09648941213363238
0.09762126711410057
0.09720539615536761
0.09412648111921351
0.09035608108687465

-0.37080500123107607
-0.38440441031457995
-0.3932608080513599
-0.3996311671703259
-0.40229298629647026
-0.4020565706999004
-0.40083039447105984
-0.39791256052790513
-0.393058691090562
-0.38776077681510235
-0.38389911791258524
-0.38121402471216714
-0.3778968566525268
-0.3761519135576382
-0.3761696753511631
-0.37642017788742443
-0.3765873837368121
-0.37811918530940447
-0.3792902387307546
-0.3814902512252577
-0.3818393623393632
-0.38191224694037795
-0.3822160348572138
-0.38265640484149743
-0.3818179256920058
-0.38268090386704867
-0.38343363642711126
-0.38349610894226704
-0.38436766177625303
-0.38403141265056184
-0.3830300149811542
-0.38190918456218403
-0.3816844060027512
-0.38076936739841194
-0.38107989254727415
-0.38178056467804
-0.38260250698528475
-0.384126958850212
-0.3844111475466063
-0.3838427701538172
-0.3832106952945947
-0.3827243896374024
-0.38124281106718994
-0.38063952256299016
-0.3808134656444042
-0.3804594547251883
-0.3811307280252929
-0.38147738923684316
-0.3806621841616251
-0.3797134593971525
-0.37933494945238566
-0.3777921233182949
-0.37662964455588777
-0.3766933420223212
-0.3765573724305117
-0.3778582706872836
-0.3792859514012831
-0.3796822231395748
-0.3798855650516503
-0.3805819498529446
-0.37989965199134224
-0.379375985320184
-0.3795842270373697
-0.37982370501213314
-0.3812078999557793
-0.38170400522319226
-0.38085817636603525
-0.38038779507545106
-0.38047292918924147
-0.37964241222305395
-0.3796430246986926
-0.38007053269456204
-0.38146758962662275
-0.382517985347133
-0.3818362999611693
-0.38121953699291633
-0.38157354791213194
-0.38113991515987466
-0.38085266408528606
-0.3814381907959613
-0.38277889996925374
-0.3823599666323274
-0.3812869093131822
-0.38027754946047043
-0.380060120608703
-0.3792786016936177
-0.379883115149095
-0.38023835101958825

-0.4228776800402765
-0.43609429184954185
-0.44626628725842443
-0.45453838323580675
-0.4611316834872893
-0.46557825662484276
-0.467696809859388
-0.4675473658035251

0.044296075623591946
0.05874131356425294
0.07023503140162579
0.07897689619395387
0.08391773717200368

-0.255477675875442
-0.27221112280259074
-0.2846903139427631
-0.2902283186686252
-0.2885219615389798
-0.287061819616125
-0.2892207962428297
-0.28925325745168506
-0.2950858629598009
-0.30492712152374146
-0.31162148025562286

-0.38241815181801164
-0.3980136190083041
-0.40799697192044204
-0.4140414939995761
-0.4180225856516556
-0.42003211822249786
-0.4200952032132923
-0.4202936453202576
-0.4196505458995371

0.06019410577944262
0.07944972738709288
0.092260880323485
0.10016059111248832
0.10300002817387943

-0.3825749455815396
-0.3921356903029183
-0.40017198315936975
-0.40794491149114565
-0.41394594779992633
-0.416446685833071
-0.4184347817565559
-0.4193534952147281
-0.42211269796743855
-0.43313113470911724

-0.13793563860997426
-0.11680645402329126
-0.11323510857355668
-0.11070374675847261
-0.10538317088437832
-0.10201149249288632
-0.09979739305869129
-0.09771313845991769
-0.09831581448847881
-0.09960691313503
-0.1019765813814757

-0.29167988593253724
-0.3177811477548481
-0.3332032843393655
-0.3379934563102752
-0.3420192586839861
-0.3473612712054378
-0.3522371897657772
-0.3584029820213903
-0.3616068420878561
-0.3590258697460308
-0.35040160027634915
-0.34022960486746656
-0.33140811824209715
-0.326542611767617
-0.3257316940218702
-0.32919708118609603
-0.33164453383866666
-0.33308017673597057
-0.33284682351759465
-0.33001779854206326
-0.325144329884279
-0.3198010924115493
-0.3148786257026627
-0.3122008822099104
-0.31204163854382716
-0.3158622615785459
-0.32259091894619896
-0.3295988652051366
-0.33500763757121554
-0.3383713537794034
-0.3398547697765323
-0.3398664068136692
-0.3382513085542024
-0.33908427542294517
-0.3410380727106581
-0.34164564854432944
-0.34363006961398135

0.07622565562454753
0.0942471388200532
0.10656218648903226
0.11374775068321652
0.11521279241118187

-0.29800982165934375
-0.32691132210216356
-0.3353193876713555
-0.3355852020985868
-0.32750726089869786
-0.31654823429398116
-0.3087716311083728
-0.3054073024245463
-0.30523152191621583
-0.3099249227361982
-0.31281397032433045

-0.3585138401120096
-0.381558848496801
-0.39762163459948396
-0.4029452728517726
-0.40604868691347795
-0.40687491655019437
-0.3997799987505497
-0.38879647312028165
-0.3761537509845545
-0.3633413730968852

0.11810490237750804
0.13948275207353622
0.15318873191818771
0.156905234094314
0.15673925319620396

-0.39126781232276486
-0.40570998788523194
-0.417845580192048
-0.42638226564538406
-0.42965472298339336
-0.4303664196756575
-0.4290679713214408

0.020077563914895125
0.030931857185380274
0.039553676752507094
0.04697749397017725
0.05365041605470133
0.057758902639647225
0.058726614148921996

-0.1408718468222928
-0.14837651082428205
-0.1567931510524171
-0.1652300029766317
-0.1734659628913262
-0.1814618323556183
-0.18920964918620387
-0.19487259894237718
-0.19949250268570573
-0.2027055498867535
-0.20654944699574584
-0.20993031252181948
-0.21434564940179524
-0.21849027204942917
-0.22081951690371537
-0.2190004642565344
-0.21575434337099264
-0.214429558564308
-0.2160232201764175
-0.22090955082261599
-0.22842707681301988

-0.2520024891009962
-0.2609642326476467
-0.267796398398254
-0.2766515711837563
-0.28305439151157763
-0.2861749548911692
-0.28930531788098146
-0.2929201491010698
-0.29550479629672755
-0.30002976631604494
-0.3051653745472276
-0.31009212858558544
-0.3136659239378753
-0.3154727270722807
-0.3181921189084703

-0.3386941284410413
-0.3562636046151264
-0.36878076924490333
-0.37710553812722114
-0.3826337432428625

-0.3191739173574374
-0.3319777205861639
-0.34207805634530897
-0.3478984123406492
-0.35100917611002036
-0.3536838572245792
-0.35612763502331723
-0.35565174145198386
-0.35501537926328985

-0.04199071731921877
-0.026341964748352265
-0.01396505703985651
-0.00754141254031615
-0.007019583296074661
-0.0085764963698568

-0.11556925323295275
-0.13954828696688582
-0.15527421146823905
-0.16246038813806185
-0.15673190348853894
-0.1547425826137767
-0.16028426219347136
-0.1683383168434477
-0.17784332628169708
-0.18728463825351338
-0.19424052408315462
-0.19635234008567304
-0.19826877635942042
-0.2009704064020853
-0.20663090625570368
-0.21276913710757162
-0.21847251025590475

0.12443177572612063
0.13747199455141668
0.1457661396517953
0.15168816660317308
0.15728313156344176

-0.3136928728659818
-0.3148933251179935
-0.3072643285613317
-0.2953204411294541
-0.2812028776555413
-0.26954807872516895
-0.26304971219769757
-0.25734940142755836
-0.2528421932017654
-0.2567540751066627
-0.2610205804064143
-0.26572316836097865

-0.15098443209421342
-0.1707624954217447
-0.18408812789471318
-0.19091906869404274
-0.19310131939502106
-0.19347125468084525
-0.19002607921269943
-0.1875486152538285

0.08114322252832373
0.09560989711634194
0.10802845316827514
0.11619091600631593
0.1154792193140517

-0.33749735104286227
-0.34969296596227883
-0.35922614927991237
-0.36602524134602565
-0.36968233338518974
-0.3720458768752475
-0.3727643107995381
-0.37365485037832613

0.03001988095923469
0.045290736060973336
0.0565523256312479
0.06451022160593567
0.0696997276933311

-0.3581273679839386
-0.3699113992740941
-0.37977715686358593
-0.3878991963094668
-0.3946198914938158
-0.39835538041474405
-0.40164804944883314

-0.3961486306882146
-0.4084771528212465
-0.4187820554437447
-0.42444806757811226
-0.42854307969900496
-0.4326276797340387
-0.4376450801669366
-0.44250323693375093
-0.4509045652709164
-0.4591870733341581
-0.465103588004787

0.005158882305456247
0.02693239126413749
0.042318391785966414
0.05029343707854017
0.05120235092649161

-0.36990159966387337
-0.4005541679579696
-0.4154287513214161
-0.4236683860899435
-0.42600988045700494
-0.4261060391322937

-0.39083785442434027
-0.37617518763191193
-0.36248574462950744
-0.3526205995156543
-0.3501823339976654
-0.3501737593387223
-0.34921278506147446
-0.3494302139132418
-0.3541266771114181
-0.3623442627569491
-0.371072040609585

-0.32206725227504074
-0.3008027105721872
-0.2925820625484623
-0.2906478644811905
-0.2935840726935086
-0.3071075347978034
-0.3210389056775269
-0.32838432601343304

-0.11090280134107655
-0.09886949246593735
-0.08997573371519152
-0.08122774416647582
-0.0759678033806207
-0.07238910822322064
-0.07105452380631572
-0.07219862829955936

-0.3583184603832382
-0.37770943910705945
-0.39271080492773425
-0.40138835977799003
-0.4013381367756098
-0.40169827245121326
-0.4022837991618886
-0.40321598708411366
-0.4060652237557252
-0.40806066938687513
-0.4087196931742042
-0.40880972709310515
-0.40888996140178535
-0.40871356841781636
-0.409552047567308

-0.15883330740519797
-0.14623897084493476
-0.13687299337668846
-0.12926727089430023
-0.12361534569962496
-0.11976164898041186

-0.3081285316876522
-0.3298989782681395
-0.33904262707950816
-0.34206519435689464
-0.34157950117534075
-0.34003116276050127
-0.33735341926774853
-0.33632935999970626
-0.3380749155702334
-0.3423996060556692
-0.347840227154965
-0.3539772330555553
-0.3601338381765866
-0.36435808265726244
-0.3671221852150832
-0.3690765949784347
-0.37132744295095654
-0.37216408467353224
-0.3731434332199436
-0.37467952212200784

-0.14488846206142159
-0.13623479376107805
-0.125653052149851
-0.11415749688556143
-0.10972378573642227
-0.11065964851248067

-0.3252766246222557
-0.3454625967252152
-0.35374265488590206
-0.3553105925211826
-0.35115372036077264
-0.3460707850345255
-0.34129347505203
-0.3373913927573531
-0.33619339040789664
-0.3383989151831486
-0.34187226453067854
-0.34580619555857184
-0.3503887382879348
-0.3529899223258395
-0.3544316899795311
-0.35570563930819665
-0.3578523664221257

-0.19199028858627176
-0.17559370326045287
-0.16288299632882108
-0.15450494206592924
-0.14909371979729502
-0.1466444297178081
-0.14678591159036647
-0.14894182583887727

-0.2864266823787085
-0.311825434643337
-0.3312445872465425
-0.33808900250992535
-0.3396042672402705
-0.34020755574447026
-0.3391130617779681
-0.3385514216172053
-0.3454050240151699
-0.3539551839325592
-0.3598153508444203
-0.3610127407182381
-0.35799384829468406

-0.1432850008390918
-0.12941304009633015
-0.1186849168074341
-0.11181661499413864
-0.10822322042140764
-0.10968274986862425
-0.11227658419886366

-0.3848061943336204
-0.39939107671992347
-0.40958818362999627
-0.4138050784030066
-0.4166714643925039
-0.41977365350293205
-0.4226259525527374
-0.4251628266485703
-0.42747369723369266

-0.18156350331165583
-0.15782088517429227
-0.14059194545536957
-0.13112368455544676
-0.12929238239549012
-0.13217346780031836
-0.13738134815687708
-0.14017056221588797
-0.14117808464168358
-0.14275765931410067
-0.1452657470549108
-0.14992791161731545
-0.15551736429683527
-0.16072830703158802
-0.16360571758258324
-0.1640111764554566
-0.16251244856735836
-0.1608073163889906
-0.1616200715616537
-0.16642126809406166
-0.1757241605715132
-0.18460444485820582
-0.19195476499922215

-0.2890578777229136
-0.31042592780872136
-0.3235273941978959
-0.3298309934722349
-0.32685926167286716
-0.31797162767850906
-0.30770102369178287
-0.3043373074835949
-0.30470908019633536
-0.3118327843510025
-0.3213714799493852
-0.330474705368594
-0.3398994804981632
-0.3499710299022858
-0.35743220813392174
-0.3634552935656985
-0.36884752908953067
-0.3732040683081831
-0.37455702699425153
-0.3730399248369898

-0.0714391585074704
-0.05105596924882316
-0.03721156990980701
-0.03159823068037493
-0.0328293067143256

-0.32703749208375243
-0.33962692883890544
-0.3487638404182474
-0.35631995237389436
-0.3630369727044108
-0.36590948345029584
-0.3691188557975108
-0.37353358020184746
-0.3739953868334889
-0.37068250610331976
-0.36536866746125185
-0.3591869508390306
-0.35155856675800745
-0.34717752851380335
-0.34743109342825895

-0.16209841503554223
-0.1449637965649916
-0.13413951460080686
-0.1269441507964022
-0.12418556051933038

-0.3285680687050674
-0.3428007775990711
-0.3519180899579719
-0.3571639438041352
-0.3599482580580359
-0.363030847948023
-0.36616427331602885
-0.36898533610825646
-0.3715663084500813
-0.3737669334202235
-0.3739996741629604
-0.3745839759223577
-0.37661494514055727
-0.37768983988661875
-0.3749551361594595
-0.3730074636281344
-0.37083623748865413
-0.3670131645513801

-0.05103024527199429
-0.03666217926182003
-0.026821533173518097
-0.019024718291830056
-0.013524687055572415
-0.011276288985605842
-0.01244244260184546

-0.34276831639021577
-0.36398692242016073
-0.3801550543327141
-0.3837104754158406
-0.38122382432238777
-0.3746801345976465
-0.3665262464185489
-0.3602263219980425
-0.36208273565918936
-0.36721160665834507
-0.37342333458686683
-0.3791916301529106
-0.3843933857530819
-0.388972253628612
-0.3908788902921386

-0.01799514674303848
-0.002259422631464947
0.00984187103957912
0.018151940506566433
0.01803802003775279

-0.3304612309045408
-0.34623370355444116
-0.3565876042280419
-0.36366598518543947
-0.3671258600689157
-0.3711424753080449
-0.3747940550664597
-0.37734869095581736
-0.37975878259442253
-0.3826839662452426
-0.3841710570962039
-0.386551137428509
-0.3892258185430677
-0.3896723132837392
-0.38904513822962716
-0.388268519119652
-0.3872407849977767
-0.3860403327457651
-0.3869180103361388
-0.38682675146596057
-0.3866215721269688
-0.38651622631709837
-0.3874141156035519
-0.3872591592669402
-0.38911924778191953
-0.3914889160283652
-0.3924823515144684
-0.3932859195525499
-0.3952182801929054
-0.39664106110179465
-0.39788928645363153
-0.400979226051284
-0.40263842255674287
-0.4022801243080557
-0.39913934923238437
-0.3946725643987512
-0.3877920130726801
-0.3818509993764998
-0.37854240597580224
-0.3775085470975392
-0.3773780897864788
-0.3793361744036633
-0.38161887110940185
-0.3817052301744699
-0.38222522199179554
-0.3834011752182559
-0.3835402071882591
-0.3838005093347412
-0.38421270543964137
-0.3840993974464668
-0.38297366722238624
-0.3829791795031353
-0.382882408352208
-0.382152949866419
-0.38144737793054306
-0.38138674284230356
-0.38098863367709557
-0.3807681424471343
-0.3814247163319081
-0.3835910426662782
-0.38518347932711006
-0.3855417775757972
-0.3850223982341102
-0.384754133904324
-0.38433887542123024
-0.38410184734902175
-0.3846916613891682
-0.386219788107928
-0.3866160598462196
-0.38538804619046285
-0.38457406606652245
-0.3840308001749232
-0.38375947346694306
-0.38399833896606783
-0.3851773545707222
-0.38698170780257224
-0.3877148411421938
-0.3872456848028869
-0.3872530345105524
-0.387626644650209
-0.38763644426042976
-0.38795370664131856
-0.3893526010002951
-0.39117471602567
-0.39123780101646477
-0.3907649698233254
-0.39106508288632835
-0.3921706014143289
-0.3928155382619657
-0.3946541901295878
-0.3978157893769778
-0.40013339719412666
-0.4002957032384037
-0.40042554807382547
-0.40063378979101116
-0.4008720428144973
-0.4014545071469783
-0.40365084478764857
-0.4056805890545705
-0.40653131771683804
-0.4061521952964322
-0.40630102687665604
-0.40611299685555
-0.4057963469503003
-0.4072509765924063
-0.4084955270904099
-0.40860454775411337
-0.4077525941405681
-0.40752781558113527
-0.4070439598264979
-0.40764908575761427
-0.41017309786503253
-0.41248151854760007
-0.4133653208943616
-0.4130682702095526
-0.4117434854028683
-0.4098460358739231
-0.40834975788838
-0.40840855554970323
-0.4094699758317115
-0.4097186409410566

0.11522810430215147
0.1308076471258357
0.14339218407587828
0.15140887771188893
0.15565639626683847
0.15708162707828288
0.1571300126537465
0.15782272260120855
0.1593563616007172
0.1612182875426127
0.1626612801475822
0.1620163432999453
0.1600012984483543
0.15793174326491166
0.15630990777341824
0.15494347462329672
0.15402414868948577
0.15171756543383497
0.1501251287730032
0.14871153499869516
0.14745595993919314
0.1461593490118931
0.14554993575130548
0.14291261565071234
0.13883781522589933
0.13428344637592038
0.13002000345436238
0.12693925099129166
0.12456897026920744
0.12269173243634213
0.12123894022115245
0.11967100258587204
0.11963057919371245
0.12079428290739735
0.12239039442206168
0.1237868388784833
0.1248519340143246
0.12318906265503293
0.12012913436368078
0.11793218424737151
0.11616825440768097
0.11498311404663886
0.11435348908997156
0.11347397407268112
0.11036014792511639
0.10600238375518622
0.10139901685410457
0.09729726750118495
0.09409340743471928
0.09171700195624721
0.0900198319611838
0.08820445416783551
0.08555427207882782
0.08259968959734643
0.08088598276003545
0.08039661472464932
0.08037762797984693
0.0809711168738263
0.08157930518313616
0.08041253909125756
0.07772009618317433
0.07548884743109352
0.07393315930858857
0.07243259399357393
0.07122724193645169
0.06997534173078268
0.0673202598366649
0.06381016195080824
0.060543216893548024
0.05807861492309119
0.05584736617101038
0.05414774627339192
0.05238626633625665
0.049916152085050625
0.04746134972481464
0.045663121249352345
0.044206041704691
0.04295781635285456
0.041981530184636684
0.04014165336573727
0.037849157049778315
0.03605889075761981
0.034837614333889766
0.03426494961162918
0.03401567202664513
0.032764996772253197
0.030585195973830137
0.028386408430604693
0.026491408804214744
0.02483221229875565
0.024613558495711008
0.02488549767932957
0.024297521066099392

-0.40598988925215507
-0.4352086520758637
-0.4445966786671063
-0.44974821126489706
-0.45402635360178556
-0.4565399536233449
-0.45574312281729
-0.4542168335254465
-0.45183369081494795
-0.44807431534410735
-0.4445274689199237
-0.44437373753458964
-0.4463085480775004
-0.4481539371771489
-0.45073552199461286
-0.4524204424769005
-0.4523132592401138
-0.4502283921657019
-0.4481404627130957
-0.44572179641554754
-0.4428584728042442
-0.4421198271838739
-0.44147366538495947
-0.44008579558748073
-0.43832737802853894
-0.4377608380626661
-0.4369719694399157
-0.437211447414679
-0.43926752813406855
-0.4417817406312664
-0.443316604582053
-0.44431493987326676
-0.44511544553315385
-0.4456642237055023
-0.44633182215177414
-0.44757882255233306
-0.44980210912110974
-0.45115996761228827
-0.4511189317444899
-0.45042193446755663
-0.4501340709173294
-0.4492306693501267
-0.4491632970298607
-0.44981252120696913
-0.4508004444123236
-0.4507061231639514
-0.45010467208666793
-0.4492962042434764
-0.4488607340643026
-0.44847426193623163
-0.44819374809366974
-0.44895934264214654
-0.4491663594080546
-0.4481912981911145
-0.4468175153333277
-0.44649045334221826
-0.4458669531419388
-0.44622770129318123
-0.44757698512541677
-0.4491216486864237

0.21874261201260725
0.24469442977905564
0.26007981782524614
0.2690274744322043
0.27381764640311435
0.27417655712744016
0.27438479884462597
0.27377722301095453
0.26861037852219427
0.2618804962032637
0.253774381123991
0.24631749022182658
0.24091974241724512
0.2405289829597026
0.2413233638632022
0.24024908159277936
0.23735329677262085
0.2326476464398628
0.22717333918043403
0.22166350833395576
0.21764873052174338
0.21366212658891492
0.20997931057292196
0.20664254329284026
0.20271902435080635
0.19924567500327672
0.19595606834738133
0.1920594983334536
0.18703168581469676
0.18213310565572272
0.17830084558386683
0.17514782099542003
0.172372693876101
0.1697029125666527
0.16698719558429564
0.16325293161464494
0.1591989553615505
0.15621681147632338
0.15442103290341613
0.15329652763061352
0.15265097830733776
0.15227491826512618
0.1508735740035938
0.1497772426101749
0.14923152681602092
0.1479269537054162
0.14707438761623237
0.14620405973352413
0.14418044022299004
0.14161477977213455
0.1396493454472847
0.1368938175484069
0.13405499296265466
0.13162101477413746
0.13036788961719026
0.1294032404861094
0.12874850402825233
0.12824321162625751
0.12759766230298175
0.12565060224729563
0.1231437394577628
0.1205064193571701
0.11838786612262475
0.11648245441037575
0.11469280059385634
0.11257485983495008
0.11035831049819977
0.10798068006845041
0.10505672136890754
0.10257986988567502
0.1010695049604402
0.09994071235816593
0.09845913378795346
0.09678401291588612
0.0947493688438541
0.09285865654693581
0.0912735695937692
0.09064149473454708
0.09080931305957285
0.09104817855869762
0.09060964600133037
0.08907355709926645
0.08652320853938034
0.08395693561288597
0.08268482371113683
0.08189350518583094
0.08206377341341264
0.08241594690571197
0.08227630246006945
0.08037885293112446
0.07793936246185806
0.07550722170025703
0.07345542831033902
0.07189361543144623
0.07019277058255002
0.06861074600757755
0.06694297484317535
0.06473071283589693
0.06280263952501275
0.062357982211257434
0.0622244625220032
0.0616095369806664
0.06067306172896991
0.05905796346950298
0.05655783791199709
0.054220018398768
0.05285481019992444
0.0519085353380071
0.05125134897759431
0.05058681290951639
0.04949660627248531
0.04723595868974306
0.04507636958739969
0.0437681216229624
0.04367808770406145
0.04435977309002537
0.04521172670357032
0.04565760896860316
0.044958161789114603
0.042746512257474834
0.040199226075782635
0.03872683464015214
0.03830483892503156
0.038597602280369125
0.03895345062650124
0.03869069857746399
0.03746513482426228
0.03615443695726994
0.03558238471064801
0.03573489114470463
0.036084002258810255
0.03642208881141751
0.03575632779206206
0.033625525044741256
0.03073831488352563
0.02844949342139924
0.02752159282864519
0.027859066905613794
0.02925428641075789
0.03080568720379162
0.03149043496794923
0.030584583498191265
0.028756343716428434
0.026593692235891364
0.02520031015766344
0.024931433352238352
0.02546612458489439
0.026119023615835735
0.02610983648125398
0.024925921071489388
0.022852691034214168
0.021230855542720528
0.02089460641702967
0.021632639561761424
0.023224463746954305
0.024613558495711008
0.024585384616326644
0.023060932751399976
0.020570606804114266
0.018138466042513235
0.017448818473245087
0.01812376662718229
0.019673942468938277
0.02107099940099877
0.021527293751890886
0.020247219666837735
0.017863464480700086
0.015284329565791621
0.014422576342025817
0.014706765038420722
0.0157479736243491
0.016919027045699142
0.017443306192496122
0.016245916318678333
0.014092451972722575
0.012385482367438971
0.011052122901811678
0.010244880009897761
0.010600728356029654
0.011238315496000961
0.010566429720257897
0.009136299103703172
0.007325821115464981
0.005351812131672462

-0.37897297634986593
-0.4018795652402928
-0.4152180597016756
-0.4220226640485376
-0.4242110395059038
-0.4259369958559899
-0.43032109647838757
-0.43753299712503935
-0.44455135546983626
-0.4505511668273394
-0.45366928030437603
-0.4526660452080521
-0.4531492884870505
-0.45575292242751064

-0.1824473056584175
-0.193698483142833
-0.20465934717446632
-0.21203661624358916
-0.21739332818037171
-0.2220530428402211
-0.22595022532978748
-0.2300421750724867

0.44627424944172844
0.45735822107675683
0.46758533929312973
0.4781719807094673
0.48191175695986677
0.4799499974888499
0.4755646719151745

0.03781363346272881
0.009782460902617585
-0.0003117501001399514
-0.0052140051129465625
-0.011591101463939268
-0.01882750113614229
-0.02459334679963121
-0.0269826142665176
-0.02125106723880066
-0.00848707492659484
0.002661206650505399
0.00845522619337813
0.00978797318336655
0.0037109898953766596
-0.006306661652532797
-0.011065597365864877

-0.0049506405882705495
-0.021691437223084642
-0.03317903030406977
-0.03865517499041471
-0.04155524714004488
-0.04382079452789778
-0.048795934141719566
-0.05216087530118507
-0.055128319771081236
-0.057531061702020825
-0.059062863274613187
-0.05764191979264022
-0.0586598543042951
-0.05976537283229555

0.6196685526833168
0.6370144752492466
0.6512710706931633
0.6605439518643148
0.6646383515095688

-0.007205163414625293
-0.021190432150561156
-0.03166560300064092
-0.03819214340749599
-0.04302028886801024
-0.04845723511347344
-0.05297240552257043
-0.05556991470664252
-0.057205224662189025
-0.058976504209545144
-0.05930417867629323
-0.057771764628061884
-0.056786291325262805
-0.05741591628192999
-0.05929805391990539

-0.006851764971048335
-0.020637366648741495
-0.031303629898120855
-0.036072977697312214
-0.03978519254396651
-0.043625414799126294
-0.047859458890022855
-0.05039878288841071
-0.05181972637038368
-0.0527108784248107
-0.05200408153765679
-0.048823495545464723

0.5243232450429285
0.543981875620897
0.5576468195977502
0.5663157997890633
0.566843141314054

-0.003533984435769022
-0.01809436779652085
-0.02891374995559548
-0.037040689206586874
-0.04326650407480048
-0.04435609823619291
-0.04444980700892631
-0.04526194970595043
-0.046315407804654596
-0.0459546596534125
-0.04484362884466275
-0.04367441285022877

0.5358635110288485
0.5513352581401072
0.5621154418583003
0.567720818904428
0.5687179292443645

-0.01142879541966213
-0.025639455190669902
-0.03411121822629515
-0.0405660989834129
-0.04645505225029667
-0.051081080750013386
-0.0527347649747234
-0.05295831858287858
-0.05285971000503453
-0.05350464685267142
-0.05473388545970581

-0.001653684224710017
-0.015622416118398985
-0.025791961624726634
-0.0315112591396679
-0.03684102214834428
-0.04326221674532893
-0.046554885779418353
-0.04814793491588876
-0.04924120393111375
-0.04873039924836986
-0.046201487335841396
-0.045931998054777545
-0.04722064679877347
-0.0471030514761277

0.2934009424775128
0.2823426948193135
0.26776454966503693
0.2590355468611236
0.25773158622615777
0.25653480882797863
0.2528709795567883

0.02775127119318821
0.014116338522635274
0.003838384828243502
-0.002867610940774923
-0.007009783685853921
-0.009755511974511188
-0.013009595043357414
-0.0174457560950515
-0.02224389024926532
-0.024432265706631706
-0.0248120006026763
-0.025341792030222243
-0.025343629457138528
-0.024410216583635402
-0.024635607618706867
-0.02747871953393055
-0.03135385290050097

0.34510368600088936
0.3573734104725985
0.36879730608715056
0.37554372524832824
0.37629768275966824

0.0014448300318852247
-0.0129171112219012
-0.022897401755845204
-0.02950540142265856
-0.037061513378305544
-0.04224060737984159
-0.04542303079894994
-0.047835572340110266
-0.04850929554276984
-0.04669269279814414
-0.04670494231091982
-0.04875796065211502
-0.04912360860846765

0.3804392430291086
0.3955802532954251
0.4074126701610443
0.41428403435253336
0.41346209204528894

0.0018159902689871554
-0.010165258176856096
-0.018999606790640167
-0.02460682126368441
-0.030446164003826715
-0.0365145726328735
-0.03990952509863943
-0.04172000308687729
-0.04278999802782857
-0.0422534693682558
-0.04049811418750826
-0.04152094850427335
-0.04422441597385485
-0.04525398752264631
-0.04504574580546061
-0.04424462766993453
-0.04174266468551224
-0.03782220812167192

0.3334060137758019
0.34718794059966274
0.35626115471257114
0.36466125809845895
0.37120678525011663
0.3749434991223226
0.3773192921251556

-0.026873593602814494
-0.037983901690310296
-0.047133675258066776
-0.05281132442957104
-0.05748083869964071
-0.06177858025697036
-0.06505348749753492
-0.06564085163512612
-0.06514229646515823
-0.06455738223012197
-0.062019895658650404
-0.05934276464153643
-0.05801430498101956
-0.05892811863408132
-0.06098419935347077
-0.06123163951153854
-0.05873702623478172
-0.055709559152284704
-0.05013174350990213

-0.022503579920108763
-0.03449524045181129
-0.04361010290815681
-0.05096716028119985
-0.05492252795645047
-0.057261572420957085
-0.060531579856411444
-0.06218955141059257
-0.061194890973211735
-0.06015429486292179
-0.05897834163646143
-0.05604825818053105
-0.05448338292344446
-0.05588533966061504

0.2786384421559631
0.2949780672473752
0.30816956755545033
0.31813822105225764
0.32210890061847786
0.3212740963228189

-0.02993413436980563
-0.04599385809429435
-0.056574374754244205
-0.06386712218521517
-0.06974811326879493
-0.07099511366935385
-0.07117456903151675
-0.0735950727559811
-0.07439986574534008
-0.07404585482612447
-0.07297769731208947
-0.07189851523655644
-0.07060374173617268

0.26033154531278524
0.2770270187503292
0.28828064613729976
0.29555563177474586
0.2985126641587832
0.29322148711535

-0.09444313102446367
-0.10950574440901617
-0.11996499089248736
-0.12597827671404382
-0.12892979681733185
-0.1249879036061341
-0.11962874176679628

-0.04653651151025495
-0.05894526795196742
-0.06817711325532039
-0.07542821234285402
-0.07963959483511562
-0.08099622837501652
-0.08305230909440597
-0.08606078943210027
-0.08720550640098301
-0.0862923052235599
-0.08519474887886347
-0.08323053950529125
-0.08001198002349463
-0.07742059559581038
-0.07729565056549881
-0.07920044980210916
-0.07996053206983689
-0.07953976130599427
-0.07943074064229094
-0.07777705641758093
-0.07409852773105963
-0.07130318891566079
-0.06940757681363219
-0.06999922828069527
-0.07127562751191563
-0.07132217566046328
-0.07169088599500972
-0.0722653881441867
-0.07032445284488809
-0.06811892806963615
-0.06720388946529654
-0.0673576208506309
-0.06902845439322669
-0.06922260917072043
-0.06490036858783954
-0.060528517478217525
-0.05647576617640049
-0.052898908445916715
-0.05115764020486102
-0.053284768098349033
-0.0574257158921504
-0.060429908900373475
-0.05917678374342672
-0.056684620369224836
-0.05417285777458214
-0.04968402381795267
-0.04605081832870095
-0.046892972332025384
-0.05014460549831634
-0.05306060201455476
-0.053870294809023944
-0.05388254432179962
-0.051336483091384943
-0.047136737636260695
-0.04352313136745012
-0.04398861285292399
-0.044688672508051086
-0.04348577035348422
-0.04256705689531204
-0.041729802697097695
-0.03912923113483169
-0.03576980225611537
-0.0367062775078123
-0.037561293499551174
-0.03763785295439881
-0.037040076730948224
-0.036792636572880344
-0.034638559751285936
-0.032665163243131956
-0.03367391062020508
-0.0355591106363744
-0.035903321945369604
-0.036258557815862846
-0.037005165619537594
-0.03574959056003557
-0.03474268060987873
-0.037685013578585
-0.039879513792339005
-0.04077495317623758
-0.042002354356355354
-0.04317340777770562
-0.04144683895198087
-0.040904185536020266
-0.04358131655313435
-0.04485771578435471
-0.04463232474928314
-0.04457781441743147
-0.04416623078817061
-0.04229021790658272
-0.04301722648981632
-0.046633282661182274
-0.0493122511052122
-0.050050284249943844
-0.050227289709551926
-0.04951436806601006
-0.04644035283496617
-0.045489178167938626
-0.04896742732057835

0.7977097085963403
0.8154537403274786
0.8250732827101803
0.8278098238642555
0.8256318604927488
0.822546208224568
0.8199088881239747
0.8178185087688139
0.8165849828323077
0.817439386348408
0.8182974647183408
0.8191824920163799
0.8200865060592213
0.8202616740919133
0.8194709680422458
0.8178099341098708
0.8147573555261838
0.8104436896022464
0.807533817842395
0.8059456685110351
0.8047476661615787
0.8041860260008156
0.8043936552423627
0.8033977698537043
0.8010232018021479
0.7997835511092548
0.8011095608672167
0.8048432123612284
0.809857550415932
0.8158990101168726
0.820882724389637
0.8233761127151171
0.8230000526729051
0.8221370744978618
0.8245177673058051
0.8284455735773109
0.832816812211294
0.8370447315458027
0.8408996532162936
0.8407299974643505
0.8385563214223157
0.8353328621354086
0.832193312011015
0.8299051030245275
0.8276175065136786
0.8246763984962497
0.8217524397967069
0.819142681099859
0.8153379824317488
0.8116043309377372
0.8081438435786219
0.805640043167283
0.804937533609601
0.8053485047632232
0.8057545761117348
0.806744949219645
0.8079594884113481
0.8075521921115585
0.8073194513688216
0.8104902377507937
0.8177345996063003
0.8257157696552622
0.8336032309314896
0.8398296582753417
0.8422501619998066
0.8383958528049544
0.8326134702992187
0.8261279657601617
0.819804154789743
0.8153275703458891
0.8142263391473605
0.8132249414779529
0.8117200888334664
0.8104926876533489
0.80774757184033
0.8033726583525143
0.7989187355072951
0.7960241756384139
0.7951648723172033
0.795284917542405
0.7948157612030979
0.7945787331308898
0.7936012220113946
0.790246692937788
0.7853989482568329
0.7813253727832974
0.778368340399261
0.7765529626059124
0.7731635224208957
0.7701378927653153

-0.21773202720861784
-0.23423763319813973
-0.24717373116484298
-0.2569892657519549
-0.26235638977459685

-0.1598518543924915
-0.1770403707192547
-0.1903372168372004
-0.19752584340957857
-0.19877896856652533

-0.1126483569116038
-0.12438951490704453
-0.13543061324735806
-0.14197430297209945
-0.14621447181938352
-0.14844388314454804
-0.1481174336290776

-0.051868724421486156
-0.07054984387995966
-0.08446222801488068
-0.09428388735838045
-0.09822271819138395
-0.09856692950037915
-0.09631118172274711

-0.0670887440452057
-0.07798284823221169
-0.08705238749128763
-0.09456133882274842
-0.10046682893187941
-0.10098927065175989
-0.10138492991441261
-0.10207641491059705
-0.10369457554825767
-0.10402959972267123
-0.10322174435511833
-0.10184796149733155
-0.0993000628400007
-0.09533489555452934
-0.09210653646251232
-0.08970195710465612
-0.09004616841365132
-0.09038303001498116
-0.08979382845047335
-0.0894569668491435
-0.0892824112920908
-0.08687538203167966
-0.08446161553924203
-0.08294696328453555
-0.08324095159115064
-0.08482542606867838
-0.0851439134008447
-0.08537542919230401
-0.0857919126266754
-0.08465760774365205
-0.08192351649213148
-0.08021532193557013
-0.08026921979178281
-0.0817838720464894
-0.08205152390063697
-0.0822910018754004
-0.08289980266034924
-0.08243677107743064
-0.08021838431376405
-0.07898302095034182
-0.07988091023679522
-0.08140413715044481
-0.08157440537802607
-0.08187145606283508
-0.0824876065554494
-0.08145864748229659
-0.07930150828250815
-0.07868535778989416
-0.07994828255706121
-0.08026309503539508
-0.07966776871449943
-0.0794485024358157
-0.07901793206175234
-0.07681424471341669
-0.07560583027810064
-0.07712844471611158
-0.07832032230918018
-0.07820272698653408
-0.07797672347582385
-0.07767906031537586
-0.07562297959598674
-0.07432453124177008
-0.07624035503987847
-0.07826091217221831
-0.07910612855373667
-0.07979516364736583
-0.08018837300746362
-0.07869148254628189
-0.0769888002704695
-0.07818006538789946
-0.07937561783480052
-0.07942094103207054
-0.07899220808492347
-0.07892361081337995
-0.07736424783704243
-0.07592799246409987
-0.07679832034680822
-0.07875946734218653
-0.0795758973686822
-0.07979516364736583
-0.08017367359213312
-0.07957467241740457
-0.07829214842979637
-0.07805389540631025
-0.08003035429265803
-0.08176917263115879
-0.08200803813028357
-0.08181388335278983
-0.08168771337120062
-0.07989867203032008
-0.0780428708448122
-0.0771596809736893
-0.0786675959963693
-0.08079962369496752
-0.0813808630761712
-0.08160870401379805
-0.08185491922058818
-0.08001810477988247
-0.0773728224959852
-0.07582509655678471
-0.07579508525048428
-0.07822110125569748
-0.07992684590970389
-0.08102623968131661
-0.08221750479874657
-0.08251394300791692
-0.08031515546469148
-0.0788188774791484
-0.07791241353375189
-0.07901425720791944
-0.08112117340532776
-0.08249128140928197
-0.0834057075379826
-0.08459023542338606
-0.08387547635292802
-0.08166076444309445
-0.08020797222790477
-0.07928803381845484
-0.08064099250452328
-0.08225670323962875
-0.08312335626850453
-0.08370337069843059
-0.08430114692188118
-0.08240982214932413
-0.08003096676829669
-0.07843608020491
-0.07722705329395518
-0.07824070047613851
-0.08017428606777177
-0.08079778626805123
-0.0816883258468396
-0.0827479087019315
-0.08129327905982553
-0.07896587163245594
-0.07791976324141725
-0.07683078155566359
-0.07870495701033486
-0.07983681199080328
-0.08073653870417308
-0.08184144475653499
-0.08309763229167555
-0.08125898042405355
-0.0803972272002883
-0.0797878139397008
-0.08244657068765093
-0.08457124867858401
-0.085807224517645
-0.08685700776251615
-0.0880286736595054
-0.08608957578712306
-0.08456022411708564
-0.08400225881015588
-0.08480215199440433
-0.08704136292978959
-0.08813891927448603
-0.08880713019639652
-0.08955435047570992
-0.08919237737319019
-0.08737209977473159
-0.08624514459937371
-0.08600811652716522
-0.08797845065712528
-0.08961008575883889
-0.09025012280136546
-0.09094834502957638
-0.0914518000046548
-0.08998737075232843
-0.08844944442334801
-0.08756625455222544
-0.08801703662236837
-0.08998982065488337
-0.0907247914214212
-0.09102980428953455
-0.09149896062884111
-0.09092445847966413
-0.08859460114973927
-0.08720366897406673
-0.08630332978505795
-0.08747928301151842
-0.09006576763409246
-0.09165452944109165
-0.09274902340759394
-0.09426490061357806
-0.09396295012365885
-0.09231232827714275
-0.09195341755281694
-0.09201344016541746

-0.20862696436249262
-0.22575178322282252
-0.23304514312943214
-0.23878648976736971
-0.24181763170369897
-0.2424184703053438
-0.24216429291524955

-0.12096700103753377
-0.13481630018166035
-0.14393667491875506
-0.14966148471444551
-0.15281389682725377

-0.1085331330946313
-0.1193329160332649
-0.12762706113364353
-0.13541285145383364
-0.13916487721700876

-0.1471699338158825
-0.16088755069767113
-0.16912963536875347
-0.1733667418378435
-0.17745134187287692
-0.17860095864686987

-0.17258399797148094
-0.18649821953331824
-0.1980678843499002
-0.20870229886606273
-0.21537154609675424
-0.21589705019482863
-0.21491096441639046

-0.15554798807877435
-0.17057875273011025
-0.18206450838417898
-0.1891116530839988
-0.19235899892081787
-0.19369542076463908
-0.19490322272431626
-0.19630395451020954

0.4005707048002163
0.4236579740040838
0.4355675628001894
0.438822870820313
0.43603304428566325
0.43008896821128917
0.42355079076729707
0.4130578581236932
0.4042584206213198
0.3993249293509351
0.3980117815813875
0.39861017028047696
0.4020198221615736
0.402503677916211
0.3990768767172286
0.3946603148859753
0.39136887080316374
0.3896282150377468
0.38922765596998365
0.388648866491335
0.385998684402328
0.38179281419081557
0.37720598413198103
0.37259832990142816
0.36918316573958276
0.3669476296580305
0.36512490215701665
0.36283424326797387
0.36064831771316297
0.35825660034372153
0.3560137145545037
0.35443413988208605
0.3534952147278341
0.3524521687149893
0.35078256012367093
0.3486003094226926
0.34601198737320216
0.34362149495503824
0.34200762164684906
0.34140310819137176
0.341096870371981
0.3403900734848271
0.33885092220456925
0.33609906915952426
0.33267226796054183
0.32715998721150874
0.32094397195351543
0.31504399412513373
0.3095421254619597
0.3042221620635037
0.30075126261852936
0.29781260450365576
0.29441091480586357
0.29078567149991597
0.2881979619260642
0.28698648511255453
0.2865399903718828
0.286478130332366
0.2861749548911692
0.28458006832778215

-0.2624409114127486
-0.27944752247479376
-0.29032447734391365
-0.2947330769918629
-0.29473920174825075

0.6869404269445181
0.7312083286887265
0.7488004664614463
0.7463818001638987
0.733260734554283
0.7267482810871195
0.7309100530526396

0.6352529953121113
0.6234910131449518
0.6141158485421243
0.6083359159389439
0.6051963658145494
0.6026778659878802
0.5989999497769976
0.5953030468213127
0.5906218955141058
0.5861275492767277
0.5833646716701839
0.5821397203926211
0.5807910490360246
0.579088366760212
0.5762121811604946
0.5713111510989648
0.5663678602183597
0.5632068734466087
0.559792321760402
0.556559675338913
0.5532131084486116
0.5486887509049325
0.5424035258997575
0.5367632377422187
0.531854857973024
0.528911912528679
0.5269397409718026
0.5252499206844043
0.5230872692038673
0.5204450492981638
0.5171211440064971
0.5142657825784982
0.5119396001024059
0.5111470566258225
0.5104941575948816

-0.30008488912353526
-0.3182025309943297
-0.3312892979681734
-0.33600536038679074
-0.3380087682012447
-0.33757819782718146
-0.3336234426275695
-0.3261494024075192
-0.31616237464154884
-0.3061404357641677
-0.296413710144679
-0.2911078336859152
-0.28958399429662707
-0.2887939007225989
-0.28849072528140207
-0.28827390890527327
-0.2886328196295994
-0.2873668324842381
-0.2849236671611387
-0.2819323361413302
-0.27883014703090203
-0.2730845130634929
-0.26723904556696276
-0.26370996093630394
-0.26241028763080954
-0.2602562108092151
-0.2578485690731652
-0.2559596942031631
-0.2533805592882544
-0.2489247990161193
-0.2452474952808752
-0.2440035572585102
-0.24379225316313058
-0.24234313580177347
-0.24080214709459935
-0.23993855644391748
-0.23749049131570799
-0.23368763007451399
-0.23102764837528578
-0.23069568657906658
-0.23117586747987096
-0.23044395909152715
-0.22948053491172393
-0.228732702156772
-0.2250786724958015
-0.22014395627413919
-0.21615306501183928
-0.21308578701282177
-0.21175059012027808
-0.2103363838703316
-0.20819149418331884
-0.2059914816888161
-0.20341173429826842
-0.1991623783164027
-0.196198608700339
-0.19447816463100176
-0.19571536542134027
-0.19719878141846914
-0.19694031669890322
-0.1961048999276055
-0.19533011824454694
-0.1923651236772057
-0.1890510179957593
-0.18724850219082556
-0.18656620432922277
-0.18805819498529464
-0.18741693299149043
-0.18679159536429435
-0.18631570179296142
-0.1851066748820066
-0.1816045391794543
-0.18020686977175493
-0.17853787365607543
-0.17868425533374432
-0.1791491243435792
-0.1788104253153332
-0.17842885299237243
-0.17833943154911003
-0.1766575734450163
-0.17476134886734906
-0.17369564125586923
-0.17254296210368247
-0.17398411728173524
-0.17404413989433576
-0.1739357317062713
-0.17396145568310017
-0.17438835120333096
-0.17234696989927245
-0.1716040369494306
-0.17053526695975685
-0.1715329897753317
-0.17328712000480195
-0.17363071883815817
-0.17363623111890736
-0.1742297200128864
-0.17275855352853364
-0.17009428449983421
-0.1676376447126816
-0.1652165285125785
-0.16440622324247067
-0.16525450200218306
-0.1650958708117385
-0.1654112957657109
-0.16608256906581564
-0.1647430848438005
-0.16153065011839174
-0.15954439162182343
-0.15779638614874103
-0.1568813475444013

-0.26399659953525356
-0.27962391545876275
-0.28933900404111446
-0.29540496276760586
-0.29707640878584063
-0.2942914820563012
-0.2903342769541343
-0.28733253384846613

-0.13749098129621906
-0.15480076779946095
-0.16384458308170802
-0.17068899834509088
-0.17497755276783877
-0.17584114341852064
-0.17478033561215112
-0.1733214186405736
-0.17337347906987
-0.17297353247774583
-0.17199908373644457
-0.1715801503995179
-0.1704972934701524
-0.16708151683266803
-0.16367125247593295
-0.16106455615727877
-0.15918180604366472
-0.16009500722108783
-0.1607301444585042
-0.1605972372448886
-0.16082691560943163
-0.16027507505888972
-0.15692177093656112
-0.15383673114401886
-0.15140459038241771
-0.14961738646845313
-0.15046199037433294
-0.1500602063552925
-0.14988626327387833
-0.15007674319753928
-0.14993893617881338
-0.14730161607822057
-0.1462199841001326
-0.1447757665438857
-0.14607115251990843
-0.14666892874335935
-0.14664320476653048
-0.1466407548639752
-0.1470560133470693
-0.14486090065767643
-0.1432311029828791
-0.14216233299320546
-0.14238833650391558
-0.1437566070809535
-0.14425577472656037
-0.14464224685463134
-0.14538456732883454
-0.1450813918876378
-0.14360838797636832
-0.14294691428648432
-0.14308349635393258
-0.1449098987087789
-0.14566446869575778
-0.1458218749349247
-0.145865360705278
-0.1453080078739869
-0.1429726382633132
-0.14109233805225407
-0.1409624932168324
-0.14255370492638653
-0.14295181409159452
-0.14237424956422362

0.9438990689145341
0.9343205623996307
0.926684216135303
0.9198851240691901
0.913674621091946
0.9067787578749054
0.9004622966121525
0.8948550821391081
0.8898297195229063
0.8849335892664871
0.8795756523784264
0.873899840633839
0.867994963000347
0.8626358011610091
0.8574585445863891
0.8542571344224785
0.8522145281671425
0.8499832794150612
0.8466569242208393
0.8435553475860498
0.8394860594419855
0.834480296046225
0.8295541544835054
0.8258578640034593
0.8231249977032167
0.8209029360857172
0.8181853816764442
0.815600122005147
0.8131226580462758
0.8099279851143919
0.8067780229041392
0.8037922041650796
0.800128987369527
0.7969551386093618
0.7932018878949088
0.7880895537380002
0.7830317299129423
0.7786206803624385
0.7741404210647522
0.7695762526045529
0.7637650837437941
0.7582215667371832
0.7539881351219253
0.7502232473703359
0.7467939962687982
0.7437132438057275
0.7391986858722694

-0.25882730514393804
-0.26320221863175397
-0.2710933547618145
-0.2844030628681744
-0.29572590000232746
-0.3002943557919986
-0.29905225519654954
-0.3005944688550015
-0.3030057854448839

0.6759379145694482
0.6722195749664055
0.6653126871878672
0.6553311717026458
0.6440995934386708
0.6342987582668902
0.6335307138158581
0.635848934108646
0.637524667456352
0.6364289485385717
0.631846405809209
0.6237990883912592
0.6151717565433836
0.6083610274401337
0.6043315502125903
0.6010315314708354
0.5956056097868709
0.5901306900518033
0.5838803761580384

0.5464170787606919
0.5361164634676656
0.5273298879537069
0.5200126414971842
0.514097964253472
0.5087210406206093
0.5043057037406335
0.5004152584830939
0.49679369003097884
0.4931494599802291
0.4894151960105788
0.48677787590998567
0.48471812033676365
0.48227617996494176
0.47918869026984456
0.4761875596398153
0.47368314675283774
0.4714022874740158
0.47074877596743603
0.4712124200259935
0.471406574803487
0.4709508929282338
0.4701595744029281
0.4679130137598777
0.4648855466773809
0.46352156342981465
0.46319082658487254
0.46329311001654916
0.4634633782441304
0.4635387127477004
0.4629782975382153
0.46162778875470223
0.4590235423386033
0.4572577750719964
0.45650810489012783
0.45588827954368116
0.4558282569310803
0.4565221918298201
0.4566863353010133
0.4566979723381501
0.4564640066441359
0.4562784265255848
0.4557314857801529
0.454055139956808
0.45207868107046045
0.4497537235456459
0.44630242332111236
0.44269065447921796
0.4400735460747047
0.43707976515234104
0.4344773561631585
0.4323520656965867
0.4308061771843026
0.4298684769813279
0.4285124559170659
0.4269739171124469
0.42583165004611945
0.42542006641685814
0.42524367343288927
0.4259210714893813
0.4260037557006169
0.42584144965633963
0.42464222235560567
0.4224771209725131
0.4200952032132923
0.41898662230709793
0.4210972133583386

-0.35227393830410414
-0.37978818142508397
-0.3960420599270664
-0.3985930209625912
-0.39759529814701644
-0.3943853133241626
-0.38851595927771987
-0.3836492278519624
-0.38005338337667627
-0.3760159439658287
-0.37214571040436883
-0.37034135717251837
-0.3676029785915266
-0.36270256100563625

-0.24710819627149327
-0.26032297065384236
-0.26919835513542456
-0.2751957165903727
-0.27925459264857755
-0.28074842073156536
-0.2784087637914201
-0.2766540210863112
-0.2744766701904431

-0.2260139227962209
-0.24503619118549558
-0.2563927144797816
-0.26344292155779503
-0.2678999067812078
-0.2695505286277239
-0.26824044323637053
-0.26581197732860196
-0.2635844034303537
-0.2616152942516713
-0.2622265449391752

-0.202367463334146
-0.213219306702076
-0.22221657383577575
-0.2293421154173595
-0.23456347023797153
-0.23690496460503296
-0.23811827884545889
-0.23895553304367323
-0.23944857593289237
-0.24185009291255433
-0.24234742313124502
-0.2409356667838537
-0.2387828149135368
-0.2362361412074836
-0.2313234741088176
-0.2283174436736778
-0.2280889902604124
-0.23025654154606012
-0.23299308270013575
-0.23490523164441146
-0.23567082619288837
-0.2338315618496276
-0.2302792031446952
-0.22617377893794266
-0.22233110678022794
-0.21911744710354153
-0.21794088140144252
-0.21870892585247426
-0.21953393053791292
-0.2210155091081255
-0.22384575903493442
-0.22654065184557293
-0.22611988108172998
-0.22593185106062397
-0.22553006704158352
-0.22426469237186109
-0.22387454538995732
-0.22422916878481158
-0.22397376644343991
-0.22372938866356595
-0.22298400581116884
-0.2200484100744894
-0.2174839745749113
-0.21535562173014566
-0.21448774374999224
-0.2155081281642024
-0.21602750750588906
-0.215963197563817
-0.2162835223228996
-0.21577945487218253
-0.21342326108979015
-0.21169179245895486
-0.21069468211901876
-0.21191105873763894
-0.21198884314376387
-0.21180632540340705
-0.21165626887190558
-0.21147620103410414
-0.20891115305888708
-0.2072905425186714
-0.2055792855839158
-0.2058353004009268
-0.2052442614095027
-0.2043304477564406
-0.20296401460631897
-0.20119518496151823

0.20951995384383593
0.22879088734245578
0.2392715704732844
0.24145320869862408
0.23413841214465703
0.22488758009650156
0.21733636794596478
0.2146984353697332
0.21423234140862024
0.21464943731863073
0.21523680145622204
0.21539665759794402
0.21163973202965836
0.20729421737250386
0.20439843255234535
0.20253895651300446
0.20092937053428694
0.19946800366015438
0.19731270188728223
0.1933628464927808
0.18879255327619338
0.1847097906680759
0.18252141521070997
0.18181645575047245
0.18231378596916326
0.18354424952747483
0.18465405538494695
0.1841058896882375
0.18270822028053813
0.18139997231610105
0.1807391111018557
0.18058966704599344
0.1812597153948201
0.18276028070983474
0.18401463081805902
0.184530947781552
0.18444765109467753
0.18287420117864817
0.18010274891316214
0.1771144802715472
0.17454392001558117
0.17236656911971315
0.1714723546870922
0.1715770880213241
0.17167018431841852
0.1705377168623119
0.16880012347508866
0.1664996649758257
0.16359163064289106
0.16090898734502823
0.15948681891177796
0.1585001206577008
0.15782945983323504
0.15819388283831004

0.745842821601771
0.7707858919911463
0.7916878481158411
0.798261549146883
0.7947012282586461
0.7845267829472085
0.7720114557443478
0.7608717488261902
0.7522254302335125
0.744675443034253
0.7386247961987316
0.7334022164268414
0.7279824194992641
0.7221657383577569
0.7168102513722514
0.7133730380874101
0.7102279756822674
0.7066627549889206
0.7035127927786673
0.7003640555196917
0.6956890289688726
0.6900573154702769
0.6857130257644004
0.6838694740916682
0.6833078339309053
0.6827523185265307
0.6832612857823579
0.6831743142416513
0.6803575387788952
0.6759244401053945
0.6716812088799171
0.6679304080680193
0.6664653663400535
0.6670931538698046
0.6685128724005003
0.669202519969768
0.6682586950104059
0.6649997121364499
0.6600276349008216
0.6547333954791945
0.6501612648356909
0.6477597478560289
0.645641807097123
0.6430038745208908
0.6387588058684965
0.6337205812638804
0.6273416474859714
0.6209425020119823
0.6154332836411429
0.6116647210357211
0.6093593627313474
0.6075298979983068
0.6055779381375106
0.6036400652164058
0.6015815345944615
0.5981737201402813
0.594413119718163
0.5912368210554424
0.5874143605938076
0.5810286895838721
0.5754294372941315
0.5710532988550379
0.5669601241610618
0.5635565970363527
0.5635792586349881
0.5648409584508778
0.5659979249325355

-0.2947698255301898
-0.30989919875936933
-0.3189718003966394
-0.3246188257862046
-0.32881918371696783
-0.33317082313051016
-0.3359490126280228
-0.3376817062101357
-0.33819802317362835
-0.33647390425045853
-0.3323182570413262

0.6320148366098739
0.6418315961482628
0.6501079794551172
0.6573566286400958
0.6625008115302216
0.6653482107749167
0.6658424786154131
0.6656905846569949
0.6653181994686161
0.6619318216617933

0.37885476855158084
0.3715920324269102
0.36361759960997553
0.3556119305354628
0.34792291136620035
0.34078573274748014
0.3354571946900813
0.33057637632463166
0.3248674908955498
0.31891361521095485
0.31226151729814955
0.30469866811047597
0.29606459903057347

-0.19477521531581077
-0.20890012849738904
-0.22101367168120878
-0.22748263937801871
-0.23335321837573908
-0.23877179035203888
-0.24392332294982966
-0.24758531479410417
-0.2501221888899371
-0.2519657405626693
-0.2529028282900049
-0.25304431016256335
-0.2533664723485626
-0.2520465873469885
-0.25154496979882635
-0.2517256501122669
-0.2500388922030625
-0.24656125552606145
-0.24320672645245534
-0.2377097575943916

0.5563152975590397
0.5648630075738739
0.5722029156290311
0.5796579691042789
0.588060522392722
0.5947867298578198
0.6004778534933775
0.603686613364953
0.603389562680144
0.6005280764957575
0.5964300019966706
0.5906200580871899
0.5845387874697285
0.5796794057516361
0.5748720844628403
0.5678604633500706

0.34961701898306985
0.3437666516814293
0.33545535726316467
0.3268531369164789
0.3181988561404969
0.3096952443716552

-0.1679353078731296
-0.1792587574829213
-0.18927579655519222
-0.19722756777349193
-0.20209674910180453
-0.20722745752787697
-0.21193127043371862
-0.21882958355331428
-0.223530334080962
-0.22643591851134148
-0.22847607486412236
-0.2305156187412647
-0.22909590021056925
-0.22860346979698887
-0.2291908339345804
-0.22719967563290167
-0.2188932810197477
-0.20691142009826557
-0.1951678122002699
-0.18480349944080987
-0.17764794655292604
-0.17841966585779068
-0.18977557667643774
-0.20239196235969725
-0.21379319637561434
-0.22492371615918982
-0.23235304565760906
-0.2298486327706315

0.5029319208828471
0.5141334878405208
0.5247378910503833
0.5345583254426054
0.5395340775320663
0.5429547539746609
0.5451523165666083
0.5448883395662936
0.542358815178126
0.5375447566573037
0.5310996755104069
0.5230774695936469
0.5154460231344298

0.23539827453363027
0.2241183106941922
0.21425439053161677
0.20567666921048233
0.20035976819022006
0.19556040908472871
0.19164240242344355
0.18697778795848397
0.18176194541862079
0.17560779020014472
0.16841181392010118
0.1606646095651545
0.15387347968234577
0.14849716852512174
0.14493133535613634
0.14040391543426356
0.13572643898088943

0.06396266838486486
0.051620671787779626
0.04155769704260015
0.033319899700989364
0.028537077437744918
0.02390982398675079
0.018793814976009404
0.014480761527710273
0.009131399298592635
0.002348844074727019

-0.1352505454095566
-0.14499625777384695
-0.15431323719099077
-0.1621388384277016
-0.1673810174200323
-0.16780301313515256
-0.16267475461163539
-0.15700261772088042
-0.15188783366141612
-0.14838018567811462
-0.14845307027912968
-0.1518547599769221
-0.15769716509525833
-0.16446869575762646
-0.17011755857410782
-0.1756047278219508
-0.17965809159940682
-0.18103861168922009
-0.18154329161557614
-0.18196651228197402
-0.1833807185319205
-0.18507727605134516

-0.5059612253922601
-0.48920327943956055
-0.47535030544160106
-0.47023184652830463
-0.47211459664191857

