-0.13027601827137336
-0.12408143966073748
-0.11779376475300707
-0.10775345160646255
-0.0853907410832736
-0.046598984025410295
0.023805703128157996
0.09993887493124975
0.17850112511774863
0.2610371172486614
0.34741271915909544
0.4098037750548471
0.46552619619554636
0.5109731135444084

-0.044759719682149646
-0.03334868605601227
-0.0113608106237576
0.013311545533276181
0.041528298211938486
0.07632610162930753
0.11752978775269218
0.15943475848248134
0.2047199822627055
0.2622939172594412
0.3180016389848095
0.37007676769656483
0.4185168534921524
0.4631595903272945
0.49184059954015336
0.5162691903929522

-0.012217051566773995
-0.0014307430921937092
0.013013269897189872
0.031290155434067435
0.05497397591010822
0.08314601786713904
0.12047089577012082
0.16063398578321553
0.20209674910180464
0.24320611397681668
0.28204013185375554
0.31133790403486716
0.3362913865101014
0.3611989333124275
0.38302572765168263
0.4030193824040649
0.4220441006958946

-0.03555849816073575
-0.03540844162923429
-0.02882800336616609
-0.006157217596669984
0.026576542918005597
0.07272107001943984
0.13020068376780292
0.19530806912155074
0.2575698926575194
0.32298902811140695
0.3877491397779653
0.4546884397673081
0.5145432340428657
0.5633183440128666
0.598373387198524
0.6247312763134842

-0.521619777573347
-0.5096342417980326
-0.49237957810228106
-0.46342540475452587
-0.43067755730015844
-0.39475892346381924
-0.35888071301963986
-0.32340551154577823
-0.2939638075895531
-0.2643383609416936
-0.23794311081276753
-0.20898036280606958
-0.17987552045117428
-0.1531035978043973

-0.4225248940723384
-0.41571171506653326
-0.4035779601866337
-0.3854088703621815
-0.36358391344984253
-0.33715926449025513
-0.3000156793763531
-0.2618069991266099
-0.22386903310920814
-0.18627099107133005

-0.3852245151949081
-0.37696589368157896
-0.3630878081824296
-0.34331954446511903
-0.31652434774406846
-0.28171919461903394
-0.24781744306120246
-0.2135941417930104
-0.17750952705856116
-0.13303093369461239
-0.0902752343025558
-0.04931163862957355

-0.3514434213379163
-0.3449787409705779
-0.3325307860879835
-0.3121200354255911
-0.28357805818273574
-0.2514990341259177
-0.21787534650809282
-0.18558808073408872
-0.14805802349211572
-0.11088748945010707
-0.07414875073343974
-0.03868089896724358
-0.004864281523202507

-0.37715759855651754
-0.3729676527116136
-0.3640683816801189
-0.3495674084563287
-0.32320523201189666
-0.29180421848720983
-0.2562990057070481
-0.21838921356903018
-0.18010887366954986
-0.1503768562605422
-0.12140185874106857
-0.09028380896149846
-0.053543845293553494
-0.018649270725257017
0.014889282778777435
0.046141464723240544

-0.365099178180188
-0.35945337774190056
-0.3496764291200317
-0.32932202621640727
-0.3038467144969311
-0.27338830098032874
-0.23817217670167168
-0.20022992335479872
-0.16754944822069728
-0.13297458593584444
-0.0916079812925441
-0.05316043554367644
-0.01844102900807132
0.011589264037022984
0.03595231999647219

-0.3605105106944372
-0.35686260578985496
-0.3451937199197903
-0.3268604866241448
-0.3040586310679494
-0.27732039458130575
-0.24671927424086704
-0.21739210322909408
-0.18638368658886606
-0.14714910964416383
-0.10881854674230329
-0.07167924895787281
-0.03552664942751904
4.1035867798466796e-05
0.027927051701518657
0.05700861998214002
0.0880011122557598
0.1232429605112455
0.1536340017075819

-0.3809034995633048
-0.37331247649624755
-0.3588341648710923
-0.3368922251117462
-0.3081959040079182
-0.2717652405375579
-0.23609159695673132
-0.1995237389432838
-0.15445961886865966
-0.11000307462770686
-0.06855378577317106
-0.030587033400746533
0.004558043703811743
0.028919874711983207
0.05189383592267616
0.07575649928524064
0.10486440401832997

-0.4644947872198385
-0.4555722421140702
-0.44207695388915913
-0.421648441433242
-0.3954430587523382
-0.364497114627266
-0.33311876270121377
-0.30151073241061843
-0.2589828739561886
-0.2138391320485229
-0.1665780618575896
-0.1177392544211554
-0.06789843683967489
-0.030697279015727164
0.0006369746643326568
0.02526339514845799

-0.31637674111512226
-0.31402483466220144
-0.29642105985234446
-0.2664122034546078
-0.22775457856163783
-0.17167753402608432
-0.11440983684873951
-0.059054288615670414
-0.004803033959324354
0.04607592982989073
0.07913001510364936

-0.4180121735657967
-0.416890118195549
-0.40453158475621653
-0.382660692170969
-0.35281046696367657
-0.31622913448617573
-0.27239854034805766
-0.2341892476226758
-0.19888125199820184
-0.16502237373508466
-0.12379357611051023
-0.08099194104554497
-0.03842059682076149
0.0009621992285255843
0.03630388101313242

-0.4402585137176168
-0.43600180802808564
-0.42205757515994824
-0.40206759526139846
-0.365376629644556
-0.3171233489187967
-0.26282432116262566
-0.2160238326520565
-0.17410171260438134

-0.34702318465283066
-0.3427738286709646
-0.32989714084122324
-0.29704394757698527
-0.2547157561807981
-0.20468752105385013
-0.15107324106183673
-0.09590449789859612
-0.05476328429036725
-0.016606664469920873
0.01942588983523197
0.05234216809026426

-0.40232973483479717
-0.39240640453525977
-0.3740431599333137
-0.348509663028153
-0.31670625300878663
-0.27998282618308856
-0.24507048982126756
-0.20952301622202985
-0.16650027745146434
-0.1236061585650432
-0.08122223188572664
-0.03988870092692065
-0.0008513411379061919
0.02836435930760839
0.05538494706373043

-0.3533457706719717
-0.3498779336051909
-0.3466073136940979
-0.3379064847695685
-0.32630374626849223
-0.3114499870767641
-0.29523101968619214
-0.2795038702335617
-0.26553820071806655
-0.24867674638241277
-0.22763269590952018
-0.1932654628662145
-0.1558879120582981
-0.1175683737179356
-0.07781870476101838
-0.03922171495628757
-0.012388544745632779
0.013065942802124919
0.03917945413721147
0.06733128439816305
0.09308098520381347

-0.4244198936987281
-0.41709223515634686
-0.40654969198600155
-0.39205606846987673
-0.3723919256111591
-0.3483718560094272
-0.3197698561539717
-0.2878488508119592
-0.24799996080155928
-0.2069028454393228
-0.16523612773301954
-0.1238915722127153
-0.08456389897091854
-0.054940289749975224
-0.029946383882581196
-0.009331066356835671
0.0067415193560675934

-0.38447668243995603
-0.3749049131570793
-0.3585928494694126
-0.335082972074786
-0.29608358577537597
-0.2484997409228048
-0.19761158999900796
-0.14722444414773428
-0.09903241098585314
-0.061904137762920586
-0.028285349950205818
0.005716235136747461
0.03574285332800886

-0.3546834174670702
-0.34812809070519224
-0.33464137713922426
-0.31593514617956064
-0.2908738679919006
-0.2555775094045637
-0.21460350164572217
-0.17871059178621185
-0.1476770636447935
-0.11898257996788175
-0.0966719298739892
-0.08046276209363767
-0.06113731826316604

-0.22194463465215664
-0.22017519253171725
-0.2092247405859432
-0.1892911084461617
-0.15940474717618103
-0.11584119241657187
-0.06964399241020203
-0.023511102345904256
0.019592483208980216
0.05802104221304605
0.08428767245782787
0.10616836465329582

-0.27135120700574134
-0.2730122409381168
-0.2602249745516374
-0.23835653186894512
-0.20191484383708636
-0.1594200590671505
-0.11158632415395697
-0.05890178218161368
-0.005553929092470322
0.039702508332730924

-0.30100727743554
-0.2811159061148343
-0.2520496497251824
-0.214023487215796
-0.17048443148173775
-0.12759031259531672
-0.09915429363797079
-0.07234500997722826
-0.04645443977465802
-0.01647865706141538
0.011653573979095055
0.037442473225627326
0.060352736969886855

-0.37464216110804194
-0.37028684684066704
-0.3574511948787238
-0.33613091789274097
-0.3075276930860077
-0.2725871828448023
-0.22957056883062488
-0.18885441331571062
-0.14877768236768396
-0.1086991139927409
-0.06986142126196948
-0.039666984745681755
-0.012118442988930278
0.010422497945144382

-0.40380212627042766
-0.40253123931995605
-0.38611321734678017
-0.36253290525369375
-0.33214002663044107
-0.2956444407423696
-0.2578822552332982
-0.23025470411914384
-0.20184195923607162
-0.17079556910623905
-0.13354663818246648
-0.09541574233884853
-0.05668829522305774
-0.022734483235929415
0.0037312015914567898
0.021683475039780298
0.0382974892173662

-0.46614969639582615
-0.4593236554016067
-0.4429276825514268
-0.4172661782377606
-0.3856575354715267
-0.3507096755226561
-0.3150390943200234
-0.2795424561988048
-0.23748130418112623
-0.19560879466019254
-0.15413745668266043
-0.1144202489345989
-0.07614603379150597
-0.04722064679877347
-0.020846833317204827

-0.32587746322390054
-0.3156472826293334
-0.2925820625484623
-0.2632689784763813
-0.23409921370377484
-0.20347359433778522
-0.17608429624711697
-0.15225348161776875
-0.13043158708362368

-0.4098362362637027
-0.4054202869080883
-0.3946284661527589
-0.37728621844066157
-0.35396130868894704
-0.326786377071852
-0.2992800961341763
-0.2694194588410248
-0.24209692059498356
-0.21716977457221642
-0.19410639191826173
-0.17337347906987

-0.3712465961666377
-0.36404878245967787
-0.35238050906525187
-0.33564889956501986
-0.31258061710595486
-0.2897022020949118
-0.26594427206657867
-0.2409460788697131
-0.2134508224935353
-0.19213054550755249
-0.17539036134837727
-0.15914260760278265

-0.3581573792902387
-0.35543737497841044
-0.34843187862202807
-0.3282691805933421
-0.3009239807486659
-0.2699437379878217
-0.24022886989670011
-0.2116176829066625

-0.3501811090463878
-0.3369749093229817
-0.3216722054880268
-0.3072012435705369
-0.2943674290355103
-0.27806210257986996
-0.261262508283733
-0.24352092645515044
-0.2245464311657006
-0.20506051871786823
-0.18932846946012727
-0.174143973423457
-0.1591181085772313

-0.4273757011314877
-0.4227968332559572
-0.41418910062852266
-0.40025956717571587
-0.3735752285452846
-0.34226976122024744
-0.3077585964018281
-0.2723526046751491
-0.236727959145425
-0.20794772887908386

-0.3682546526711903
-0.35764167480238473
-0.34029881461464884
-0.3180549243653835
-0.2927082325300512
-0.260586947654157
-0.22965202809058283
-0.20087731010499077
-0.17289881044981437
-0.1447065567967034
-0.12050151955205979
-0.0958916359101818

-0.34766505912227363
-0.3446584162114952
-0.33689651244121777
-0.3234857458544589
-0.302871040804352
-0.2791645587296766
-0.25501525676816195
-0.22854650956258227
-0.20394642553092457
-0.18178705691981112

-0.36551811151711433
-0.3670431758576802
-0.3635000042873294
-0.35232538625776155
-0.32559327452750575
-0.28992330580051173
-0.2480514087552167
-0.20554008714303407
-0.16579838036942085
-0.13920162575533568
-0.11799220685997203
-0.09770456380097492
-0.0805834197944777
-0.06566351323376118

-0.38852085908282996
-0.3805133525814013
-0.367125247593277
-0.3425943733088017
-0.3137167594158945
-0.28217793887248144
-0.24966038225829568
-0.21650585097977726
-0.1889468971371665
-0.16206901620488035
-0.130013266222336
-0.09902444880254901
-0.06974076356112946
-0.04275876177025051

-0.40775994384823355
-0.40183117966482895
-0.3892509300442576
-0.36913294273720265
-0.33808042785098225
-0.3036868583552089
-0.2672653820194303
-0.2304329345300291
-0.19413456579764543
-0.16320883336865288
-0.13006471417599386
-0.0964440889363628
-0.055209166555400424
-0.015929878889067384
0.019889533893789224
0.05165497042355138
0.08069060303126441
0.09887745464924103

-0.44880316135425735
-0.4447540849062728
-0.4315362481457301
-0.4057877722913572
-0.36827853922110254
-0.32008283120538883
-0.24749160602137066
-0.1700489613025643
-0.09044917738396951
-0.008640193836290222
0.07129155187852376
0.13000407908775435
0.1791307500744157

-0.4574776538263191
-0.45647441872999517
-0.44166047045478773
-0.4069214646987416
-0.35585202098586555
-0.27737674234007337
-0.1930688581861657
-0.11234824384860087
-0.03203553828646466
0.05084099029961053
0.1205431678954969
0.19607121376747227
0.2755368655211736
0.36536009280230886
0.44667542098513024
0.5183626321263068
0.5774248829252817
0.6247759870351157
0.6506971810196247

-0.2329771583335275
-0.23164686124609413
-0.22409074929044703
-0.2056754442592046
-0.16210270236501334
-0.11054389061675085
-0.051300347028697124
0.012428968137792262
0.07566095308559095
0.12783775275338427
0.18445377585106537
0.25411185520095936
0.31501827014830464
0.36719261991354313
0.4121948799486499

-0.009520933804857967
-0.0013946070295054458
0.014978091746400857
0.03885177967046349
0.0779203757170559
0.12529046657169185
0.17777901633962512
0.23268133259999568
0.2911513194562685
0.34351369924261244
0.3961602677253513
0.4473209703084058
0.4975752089460639
0.5404662654542913
0.5770175866254921
0.6074459888357939

-0.056678495612837
-0.049496606272485644
-0.037820370694755634
-0.019492649679859197
0.0042475185549495365
0.029645045868300635
0.05846202467296879
0.09869493690888431
0.14206923669611027
0.1895109872004841
0.24075866132424562
0.29245221771304064
0.33637100834314304
0.3822509459686241
0.42738795064426305
0.47542441499389354
0.5202312953002297
0.5599442157188201
0.5926210159990886

-0.05907695021430548
-0.05236544216453787
-0.04056548650777425
-0.021103460609854463
0.005944076074374083
0.03745533521404165
0.06923424620785701
0.10322909406278336
0.14075976378039545
0.1923700234823158
0.24718108087250834
0.304299946469629
0.36156335631750225
0.41554940902225623
0.4547135512684981
0.4895530030293047
0.5202049588477617
0.5514577532678635
0.5790902041871286

-0.044737670559153675
-0.037051101292446265
-0.026547144087344043
-0.01025896694958961
0.013947907721970187
0.04502002182863185
0.08040947671306364
0.12083960610466726
0.17132903538761757
0.22073867011939585
0.2691003590332195
0.31606805339317634
0.36227382805848896
0.3990291036174036
0.4340798594735895
0.4662593295351678
0.4980670268840057

-0.041313931738365284
-0.03639330245639483
-0.02906993124348467
-0.010319602037829112
0.015164896816229234
0.04791948150262293
0.08626841867364732
0.12864132079146562
0.16690879870253172
0.205839587730398
0.24399253269701182
0.28770308160992886
0.33107186911640607
0.3740633716293935
0.4160553138998895
0.4563139501126343
0.4878178595446365
0.5147735248830474

-0.05458505387948198
-0.04916586942754364
-0.03759436718404552
-0.017703608338978327
0.009835133807552632
0.04238882648442632
0.07555193242188785
0.10787165940474708
0.14022446007210077
0.17999066587126467
0.22076684399878
0.26297927749923744
0.30617595935121655
0.3483516443133474
0.3814290036613792
0.4104058386077696
0.43817058426501077

-0.045942410140636825
-0.04389306665327386
-0.03199695232122146
-0.011796280802931047
0.012420393478849157
0.04064265843826065
0.0734303168091488
0.10142290340401705
0.12254841313686748
0.1360345142271966
0.14188181915064324
0.14883464260209056
0.15893559083687459
0.17215710245124982
0.18742979497990464
0.20813024661944057
0.22774416647577844
0.24659432921055546
0.2760985056819363
0.3124060615489017
0.3499453059254569
0.3850432224058289
0.41487078601448646

-0.03241466070687049
-0.02746830744807116
-0.014538334237755746
0.007177602010879802
0.04216772277882641
0.08102623968131661
0.1186052949743921
0.15181066173092939
0.181946913061533
0.2050709308037273
0.22770435555925772
0.2522284926117062
0.27482945615838106
0.294297606812689
0.30963644671033186
0.3230717123226423
0.33364242937237143

-0.046191075249982005
-0.03958123815625236
-0.02533444232255677
-0.002439490469266503
0.02579502400292011
0.05644269249190614
0.08998982065488348
0.12488684512573522
0.16578490590536754
0.2046777214436295
0.2420889584116792
0.27601888384889484
0.30551142328313863
0.3253096983067496
0.34382973667222405
0.3632115282614634

-0.033897464228360374
-0.030612757377575406
-0.021556692582552772
-0.0034886612384994464
0.021520556519864398
0.051882811361178005
0.08850885456030988
0.12467309112780023
0.16224234681065552
0.19700646406789146
0.2299527536292243
0.2623196412362696
0.2920939194643535
0.3139899235507908

-0.041750626868816365
-0.03254940534740247
-0.02176615925101577
-0.006572476079764189
0.025647417373974024
0.06581356976526265
0.11283209960323815
0.16478350823595989
0.2210400081336763
0.268314552788663
0.31421225220766846
0.35760063893458627
0.40622997970255725
0.4520762311679052
0.4943823734410966
0.5332059792321757
0.5669074512561261

-0.05457280436670642
-0.04905868619075693
-0.03543049075223026
-0.015624866020954253
0.010611140441888933
0.03881441865649782
0.06746480408741728
0.0938294304344045
0.12078999557792569
0.15409580833922343
0.18799082266502842
0.22184541359867405
0.25250288169788027

-0.06946024971856757
-0.06596117639420918
-0.052696791485118855
-0.031877519571659074
-0.0029698943724514315
0.031601905534207386
0.06961459357954025
0.10371846209816993
0.13546062455365826
0.16406323688475277
0.1920625607116475
0.2178820837401192
0.2409166800390512

-0.11329880603998976
-0.10430827613831684
-0.09237602574357617
-0.08093314338422208
-0.06518700718678927
-0.042729362939589066
-0.004828145460514244
0.038653950039136964
0.08635416526307682
0.13737277349793398
0.1888678877797636
0.23081879418246154
0.27062542337378526
0.30849540459528213
0.3512302798156204
0.39087827781649964
0.42737263875329345

-0.053363777455751604
-0.05360325543051536
-0.04591913606636289
-0.025298306259868508
0.011565377487110284
0.07837238273847658
0.15646057678055847
0.23998204221427089
0.32269993960990195
0.40216314146104826
0.4649541439489242
0.5255451339422976
0.5913966771971644
0.6537442473225625
0.711705266923008
0.7605930724105447

-0.26334860030942286
-0.261383778460212
-0.25365923570390003
-0.2307636713749711
-0.18976822696877227
-0.11526240293792334
-0.0229917230042177
0.085941356682538
0.20366468673708504
0.32557796263653627
0.4331096980617595
0.5359933558642707
0.6289873695273769
0.7163276205688922
0.7878629377516508
0.8401867315727516

-0.19730657713089483
-0.1903641657653069
-0.17725596214410588
-0.15676620212431047
-0.11850729887218747
-0.0722231273251106
-0.021124897257211783
0.03363164980112909
0.09188114542744041
0.14444135484511111
0.20162759276249775
0.2771844249894959
0.35626789194459785
0.43666879399871883
0.515382938143635
0.5908350370364019
0.6500546940745435
0.7047083452255682
0.7497687904463604
0.7762902105568752

-0.14308043397573866
-0.13793073880486417
-0.1266685367589505
-0.10747477519081705
-0.08179183422979341
-0.05015134273034283
-0.011952462090820348
0.02813774332125929
0.06833574444576462
0.1097923830079659
0.16412632187554754
0.22201261944806117
0.28270650534874986
0.34587111797628256
0.4113839622029032
0.4671406819793742
0.5212363678234699
0.5728637768432758
0.6260297246677011
0.6699521901516368
0.7019687416932994

-0.09392436415841565
-0.08820200426528046
-0.07656435465279365
-0.058742538515530573
-0.03443950516868188
-0.0033490167928570402
0.0321353718155859
0.06947249923134291
0.11665211016231836
0.16717767550795637
0.22167514537109279
0.27939362461858064
0.3392514812723324
0.3913896949748823
0.4411368037836296
0.49354879409671515
0.5407559664314352
0.582535992130913

-0.09396540002621412
-0.09671602811998159
-0.09551312596541495
-0.07052963218387986
-0.030448001430743
0.025407939399210155
0.0952969220649249
0.17445756095051324
0.2431234297655811
0.30874529465590483
0.3856942840098536
0.46317918954773574
0.5401447157439312
0.6136270929823764
0.6815690155924046
0.7283058066365411
0.762489296988212

-0.24045058607793868
-0.23467677823114608
-0.2242071196618155
-0.20649922399336573
-0.1796384923789658
-0.13663657778011895
-0.08606875161540473
-0.02934922013476926
0.031092325802741128
0.09408422030013752
0.15076149096169678
0.20891605286399728
0.26889946702369927
0.34050154405108524
0.4115413684420701
0.48380981896445063
0.555097695989142
0.6226745831184566
0.6738701968129215
0.7173192186280788
0.7450368036611341

-0.14949979114580736
-0.14310432052565125
-0.13253482842719944
-0.11102774637138813
-0.08193637848054613
-0.04561596062516604
-0.0034366008092030498
0.0435531426737501
0.0894667664593638
0.13686686862030073
0.1925598909303381
0.25279380762630144
0.317509208571229
0.3858994633488453
0.457612398466851
0.5236317600467442
0.5861453110702519
0.6436782101991889
0.7017641748299461
0.75103049026225
0.7907581100961707
0.8194507563461664

-0.13647365926020283
-0.12768034651421767
-0.1129123339119188
-0.0902041871284569
-0.05534636109848734
-0.01842755454401812
0.021509531958366246
0.0657131237605022
0.11406256316155039
0.1596723990303286
0.20976800647754246
0.27446564562894515
0.3396024298133542
0.40358837227249267
0.466193794641818
0.5290889179882869
0.5808271850987128
0.6314489091196398
0.6795698951074223
0.7252758896514895
0.7594048696713087

-0.17489425608096432
-0.16539230902090885
-0.150271510450672
-0.1295263480895047
-0.1045955272129051
-0.07683690631205142
-0.046818250304094366
-0.0043792008172874874
0.04472664599765541
0.10070324452844881
0.16306857644737183
0.23157397664507906
0.295643215791092
0.3602361216082628
0.42099737982921726
0.4819380934123343
0.536764462693496
0.5833242482780245

-0.21059546106553606
-0.20068560523005197
-0.18552377079201665
-0.16614749148352637
-0.13929778443062446
-0.10500833579344393
-0.06484524578034923
-0.020942379516854626
0.03841202216181827
0.10184673654605403
0.16861699325909285
0.23898064454486323
0.3125965414725631
0.3769144457279212
0.443074676704734
0.5107930457066072
0.5877114112786166
0.6573272298094339
0.7186311414463491
0.7668366490722831
0.7984452918385174

-0.19452410030391032
-0.18899957004210155
-0.1763605227602073
-0.15575622979596004
-0.12794616094144862
-0.09621441057181968
-0.061219389998762974
-0.017277937770025176
0.030583971022552614
0.08350799096965922
0.1415026967302373
0.2043892454177636
0.2618198611150242
0.31631794345379904
0.3639758978586627

-0.2912186917765346
-0.28527584065343803
-0.26734684127938824
-0.24123088004174642
-0.20556519864422396
-0.1607724052775803
-0.10688802352886406
-0.05361489246765205
0.00174739299744342
0.06021309252424478
0.14751353264923872
0.24848320408055757
0.3623791738683593
0.486079041206136
0.60817177246775

-0.1576794033017339
-0.1548950890478331
-0.14599949287017133
-0.11923981973617004
-0.07898424590161945
-0.022880252437959325
0.04435793566310875
0.11988414410816817
0.19124490573387432
0.26333145099153676
0.3475199023958824
0.42972209530365935
0.509312692087672
0.5861275492767277
0.6603063113164673
0.7163508946431654
0.7654689909708838
0.8078198439657065

-0.282764690534434
-0.27867702812120676
-0.2684584845637765
-0.2492236871278446
-0.21931650168614547
-0.17973403857861558
-0.13108387363892593
-0.07953914883035529
-0.026509783073378146
0.025997753439356952
0.08900006002261263
0.1534441342595596
0.22087525218684445
0.290303653172195
0.36162582883265815
0.42400402273999527
0.48776641159097855
0.5607551334645662
0.6291135395089658
0.691646689752915
0.7454955479145815
0.7898540960533293

-0.14032674350377727
-0.13307441946496568
-0.11739626806343784
-0.0834749172851652
-0.040793939921039635
0.010952289372690327
0.07261204935573695
0.14392993768672868
0.21395060261478083
0.2938982726962034
0.4042039102894681
0.5198337986106605
0.636089024559048
0.7473464492949795
0.8485225250165676
0.913994945851029

-0.3090772564521248
-0.317103137222717
-0.3114297753806843
-0.28539649835427805
-0.23380216301896584
-0.15850012065770103
-0.06455676975448299
0.0309061332085514
0.12123097803784844
0.20342827114051532
0.29790998813022207
0.3897053869682332
0.4757643389734172
0.5529362694598821

-0.3569054790845696
-0.3482364988932566
-0.33235990538476334
-0.30848009270431287
-0.27753047372540773
-0.23868236890877692
-0.1926909607170375
-0.129397115729722
-0.06223548708350124
0.008630394226069482
0.08168771337120062
0.1549153007439128
0.21385321898821474
0.27044780543853864
0.3244889809507825
0.38192204655059836
0.43440447156214357
0.48120006026760276
0.5194834625452769
0.5452362257291217

-0.2729571181306264
-0.2690048128335697
-0.2601184037904892
-0.24513112490950673
-0.22343968768642242
-0.19397470965592367
-0.16015502983368834
-0.11678011757082374
-0.07183175539192954
-0.02528115694198274
0.024049468432392862
0.07801347201415032
0.12950491144214737
0.1863377509159574
0.24775864539987924
0.32216892323107826
0.39393636868093584
0.4606539524890396
0.5195244984130758
0.5688532863605351

-0.26280165956399104
-0.2569120938214683
-0.24618397053257224
-0.22952218325516105
-0.20490372495433995
-0.17416357264389815
-0.1437817185821434
-0.11224473546564695
-0.07982027514855616
-0.035219799132489626
0.01370720479592924
0.06742499317089656
0.126269202642465
0.1906189556310398
0.2492518610072283
0.3100774291702546
0.38397751479434916
0.4563445738945735
0.5239177861700548
0.5856436935220903
0.64069729126524
0.6764462693496369

-0.19616737244276128
-0.18957713456947267
-0.1778029028895377
-0.1590146001942775
-0.1229158985201364
-0.07942706578845837
-0.030079291096196892
0.020870107391478543
0.07111577137019376
0.10982423174118261
0.14569937980716796
0.18106249823913223

0.16046065517744035
0.1669528969485239
0.1805412814705294
0.20326229024240572
0.238336320172865
0.28753710071181926
0.3614482108974115
0.4391321710178975
0.5146173435951582
0.5810464513773961
0.6339765960808905
0.6591517947373642
0.6751992689490773
0.6954807872516868
0.7198364935034707

-0.3256238983094448
-0.3176794767988106
-0.30861299991792823
-0.296271003320843
-0.2801616690696128
-0.26264854065429566
-0.2425605646535408
-0.22291724596654194
-0.2067797378359275
-0.19359068743040764
-0.18209513216611806
-0.17296985762391326
-0.16355488210456448
-0.1519686804457353
-0.1398122639672008
-0.1280184330668247
-0.1169601854086253
-0.10627187303625008
-0.09708045112505648
-0.08644358670633867
-0.0732392244098492
-0.0539970772662518
-0.03429986072303981
-0.015644465241394956
0.0004226081907592327
0.013641057426940995
0.020791710509714623
0.027466470021154876
0.03683734729451138
0.048561968447704995
0.06379729996239392
0.08163320303934896
0.1003088102170735
0.11677521776571331
0.13213304440815854
0.14609993887493133
0.16254613472749124
0.17945719958988615
0.19691153034388043
0.21339631216168353
0.22789728538547394
0.23852802504780346
0.24940008011181347
0.263950663862345
0.27988911741035505
0.29723320254936847
0.3140199348570909
0.3293465252419585
0.34030187699284276
0.3508419702606327
0.36157070602516783
0.37565274591203135
0.3911159183643471
0.40857392397217396
0.4275563814449279
0.44702146972104195
0.46381861411462366
0.4809961058798886
0.49892878010777086
0.5219499019426503
0.5454567169590832
0.5686860805111476
0.5905833095488628
0.6096423264764643
0.6217791437345577

-0.22803509240419972
-0.21825385645285966
-0.20807818619014418
-0.19792579000170274
-0.18778258094784306
-0.17849377541008304
-0.16913392269822458
-0.15987635341804274
-0.1470707127623999
-0.13296111147179113
-0.11946092344177028
-0.10658729799022248
-0.09449947878323162
-0.08602220346685707
-0.07775255739202969
-0.06856113548083642
-0.05558951392708367
-0.041999291978161546

-0.006801541968668223
-0.00138480741928515
0.003046453827298734
0.010611752917527584
0.019907908162952515
0.031045165178555045
0.04385509316366942
0.057892422328901905
0.06907806491996782
0.07838218234869698
0.08579742490742426
0.09453377741900315
0.1032070449397875
0.11237090544723594
0.12269785719272996
0.13368383272555318
0.14212190960104554
0.14955613890457498
0.15917384386036026
0.17000853791040438
0.18290298753367074
0.19776042157923168
0.21373072386045844
0.22629872396825434
0.23683820476040562
0.24591448125150794
0.2581223456837003
0.2708514268844955
0.2849941018595985
0.30037336514940116
0.31636449160234625
0.32901150106754495
0.34144536901044753
0.35666906348799987
0.3721310109890379
0.3869884450345986
0.4016131383374226
0.4165869427543518
0.42947465514559147
0.44191036051541044
0.4529875949184121
0.46480102503922893
0.47566511791993493
0.4861543757097062
0.4973841165467643
0.5109639264098267
0.5238718504971462
0.5360276545000424
0.5463147953290157

-0.22193116018810377
-0.20752634563960226
-0.18883052676579792
-0.16805841547652456
-0.1471803459017419
-0.1259886887999031
-0.10685188746617613
-0.0887856935490392
-0.07071521230243061
-0.04916586942754364
-0.028581175683737192
-0.00882393652792468
0.010411473383646008
0.02755221661058438
0.03888975316006782
0.048247155969371125
0.05630856032701281
0.06563105202490571
0.07589920610907708
0.08788657931130772
0.10132245739925683
0.11569909806837408
0.12826587322489247
0.13972284252393852
0.15350844420163168
0.1666374719945516

0.20001433192994766
0.20574710390894202
0.21046622870575327
0.21615367748747794
0.22623135164798835
0.2386382706627841
0.25321029106067283
0.2683678381692367
0.28257849794024437
0.29292504890617965
0.3022450907015173
0.31344604518355257
0.32542361877556325
0.33801673038454894
0.3505822805897896
0.363192541516661
0.374297337323408
0.3857977923928073
0.3983847792454056
0.4145902721719241
0.4301692025199697
0.4438482334365148
0.4556236900677275
0.4661717455188221
0.4728967280326426
0.47981647779959546
0.49106765528401075

-0.9980125165521542
-0.989039135968367
-0.9727503463549738
-0.9501254962583865
-0.9253294200223188
-0.8971488034063448
-0.8658476234107789
-0.8277645006669863
-0.7909896258876303
-0.7567467253989975
-0.7268597516533781
-0.7013127802841644
-0.6845529969045483
-0.6687339761061006
-0.6424526464459879
-0.6067300048140587
-0.5568616258288326
-0.4908575761399091
-0.403140040104905
-0.2964535210611998
-0.16365961543879592
-0.009686302227328913
0.18562176689422172
0.3706720940174604
0.5275620162208046
0.6395311376489998
0.6999592091224573
0.6916326028132234

