0.5264460856069451
0.5132815342269759
0.4808001136754785
0.4302702610003688
0.3606948658617104
0.29205349607219366
0.2303925111378693

0.12558200497575212
0.12517470867596248
0.12313026499371005
0.11623746415486313
0.10126733459176651
0.07494190668566136
0.0397012833814534
0.008524435940560293

0.5752267078576949
0.5692826317833208
0.552669842557012
0.5225979011684807
0.48214388522696505
0.4368047635905281
0.38076018026382985
0.32402288698966997
0.2674999601890835
0.2141459823435523
0.16357448132500507
0.12505098859692843
0.09231049085022658
0.06565371362354044
0.04429730057486969
0.026782947208274566

0.4685995989509517
0.4595998819146969
0.44027137570603103
0.4085384003851247
0.3697821669143111
0.32854846948462635
0.2859097529395769
0.23998081726299314
0.19935775804517375
0.1620212431050556
0.12540622446742167
0.090870560623451
0.06680578030008855
0.046092466672138066
0.022719783820598582
0.004032539605737018

0.636321765301785
0.6263972100509698
0.6065658613428653
0.5738149515103037
0.5230015226144378
0.4584478152381488
0.3762652215508129
0.27661114779159646
0.16378333551782975
0.03201471411474599
-0.09159511930412978
-0.20114189958094408
-0.2911433572729645
-0.35809306934816665
-0.3870055943524848

-0.08959722377042456
-0.10000685972715428
-0.11726581075237741
-0.14131772908732565
-0.17167814650172297
-0.20133176702896638
-0.23177180627640526
-0.26376508374379426
-0.29146000717821463
-0.31394950015863143
-0.33277455139221845
-0.34860275932524787
-0.3599715321323095
-0.372105287012209

-0.09790913066432771
-0.11054634051930612
-0.1308027473207255
-0.15463049957187947
-0.1826929083895691
-0.2085681667011694
-0.2347263887578872
-0.2598287028133457
-0.2844422613090566
-0.3063235659801632
-0.32567044645799204

0.022073009546045075
0.00933106635683556
-0.00989760632270853
-0.0376629644555887
-0.07459585794975021
-0.11455683100204705
-0.1550377958716691
-0.19435628197888444
-0.23760441178452152
-0.27542110762544425

0.05839893968217402
0.0486979380395145
0.03088408408555554
0.0047185123211721525
-0.02679764662360551
-0.060426234046540905
-0.1009837583710107
-0.14045965071739297
-0.17838842960021262
-0.21441057181950596
-0.247767832534461
-0.2717646280619188
-0.29386213663351557
-0.31297811379552376
-0.33189442389928947

0.10196371939306115
0.0898820249424579
0.0706159912489479
0.04881369593524387
0.023800803323047903
-0.00441901173380832
-0.04018513913609112
-0.07692632775531372
-0.11491329182381793
-0.15344107188136613
-0.19243800827822077
-0.22538491031519226
-0.2564809109717663
-0.2848869186228118
-0.3125579555073199

0.07924026071863
0.07023564387726489
0.057172763453333664
0.040195551221950065
0.019713140909820126
-0.009124049590927608
-0.04020718825908709
-0.07319267626130166
-0.10791269527254577
-0.1433787096118253
-0.1738083367734049
-0.20461157407464114
-0.2374519053504648
-0.2658701625142862
-0.29014869683558364

0.08585499761746984
0.07884766383417086
0.06735762085063057
0.05175786633086665
0.03041309031933248
0.002317607817148959
-0.03989911301278004
-0.08714180893454959
-0.13773290917353775
-0.18796019888308968
-0.23651543009876774
-0.271803214027162
-0.2979896099632636
-0.32058628618046725
-0.34007526100649355
-0.3563309769353924

0.15985001696557521
0.14273316028854954
0.12022468056333047
0.08567002997455786
0.04697994387273252
0.004506595750153997
-0.04385693059058593
-0.09896320123867086
-0.14937484611549579
-0.19940491866936005
-0.2501503627693209
-0.29385356197457246
-0.3282704055446194
-0.35562662995079364
-0.3794010968213739
-0.3959134400429223
-0.4099893551733981

0.08161176639199152
0.06945841229165106
0.05059416261718175
0.029134241185556853
0.004378588341648504
-0.020533858265787686
-0.043373074835948655
-0.06654547815360645
-0.09270676258851818
-0.11632811054940317
-0.13052958318582875
-0.14429926049691377
-0.15693279549805916
-0.16784772385678348
-0.18251039064921182
-0.20739527585290285
-0.23215215364808883

0.13036053990952512
0.12084389343413848
0.10716914984706483
0.08815606859237146
0.06631151245959188
0.041955806207808255
0.01424618335805694
-0.021642439171982164
-0.06510003564608213
-0.11496045244800379
-0.16183382555958847
-0.20616664972150744
-0.24477650151465247
-0.2785771945920851
-0.3080642217455801
-0.3363667210136718
-0.3611046120640552

0.09733401603951175
0.08486646193647651
0.06998207896280917
0.05242668972841602
0.0336028634461063
0.013539998946541898
-0.008205336132755425
-0.032126184681004255
-0.05615115408784632
-0.07946442680242383
-0.09678891272099666
-0.1111006309724033
-0.1240845020389314
-0.15112468901549458
-0.18597884019163158
-0.22946889787458702
-0.27624549983524427
-0.3210370682506103
-0.3485488614690352
-0.36841450881291204

-0.10542359427653769
-0.11418934561877814
-0.12293427278929991
-0.13482181246240954
-0.15202135335067046

-0.19657221883999576
-0.2027184118751677
-0.20377921968153734
-0.20366958654219525
-0.21199680532706833
-0.23553363164980112
-0.26387961668824644

0.11384329688286621
0.10605076933064983
0.08745539646160583
0.06453778300968094
0.03808312274379255
0.011812205169539292
-0.010079511587426704
-0.024638057521262136
-0.0382203172868798
-0.05345687375284647
-0.06991531911818216
-0.08899944754697409
-0.1083971635028218
-0.12731224865530977
-0.143771306496284
-0.15971037251993314
-0.1751521083248916
-0.2023791003712827
-0.23237938211007658
-0.2644345196169823

0.10798251749536658
0.09290887954931581
0.06882572495678985
0.04461578790703591
0.018336295673839542
-0.016745083964285312
-0.052750689341331536
-0.08840657112863326
-0.12605851102272403
-0.1668671503590945
-0.20523752417747587
-0.24409175375049452
-0.28791132332711467
-0.32714467532053915

0.1491004570293215
0.1332575496809616
0.11251299979543328
0.09042467835841816
0.06711936782714467
0.04490181403034699
0.024801588516816464
0.004461272552884088
-0.02327836160316732
-0.05054455209044062
-0.07727911372325169
-0.10458144027321326
-0.13029010521106532
-0.15087357400359414
-0.17378935002860274
-0.1952872449498323
-0.21687578626560133
-0.23664466245855087
-0.25591682090844836
-0.27751148698060535
-0.3021005464507649
-0.324418546252323
-0.34813972774232926
-0.3727067380894925

0.05445949637353187
0.04481116763580717
0.028211240397913118
0.0035523587049324234
-0.023497627881850947
-0.04900478833454425
-0.07343644156553697
-0.09403093491956382
-0.10734370540411764
-0.1177766154351213
-0.12626614026427108
-0.13362626001550804

0.11343293820488265
0.1048993151297406
0.08536991691155493
0.060543216893548024
0.03167172775702842
0.0008158175508570231
-0.03098942989542597
-0.0601861435961385
-0.08956353761029168
-0.11962567938860236
-0.15864772728664722
-0.19738436153701977
-0.23537316303244038
-0.27141000466706455
-0.3021207581468447

-0.012284423887039986
-0.01777465551307722
-0.02530933082136655
-0.037182783554784216
-0.05567158566268049
-0.08643439957175691

0.16050230352087747
0.1564667015369463
0.14133487840521153
0.1115452882861585
0.07992072115331617
0.044444907203815776
0.008839248418894163
-0.024021294553009165
-0.05069583357321972
-0.08349451650560591
-0.11874493942003461
-0.15217814711419864
-0.1834278791561068
-0.21456675310739526
-0.24588446994520796

0.12241611839889055
0.0989270651759826
0.07906080535646676
0.06540504851419526
0.052704753668422866
0.025749700805650422
-0.0055698534590787885
-0.043273853782465954
-0.08511941437529347
-0.12604381160739342

-0.1903843774613866
-0.19636213969589378
-0.20635161736441954
-0.22151345180245474
-0.2421379564627817
-0.261248421344041

0.10728980754790451
0.09166800390514451
0.0691368625812907
0.042335541103852625
0.015294129176011806
-0.015165509291868107
-0.05803451667709936
-0.10422742935399765
-0.1526503658316991
-0.20210838613894155
-0.246674563519236
-0.2755313532404249
-0.2978622150303972
-0.31408669470171824
-0.3263950051386708

0.06873079123277859
0.06375810152151185
0.049005400810182786
0.02689993005528213
-0.0009205508850884669
-0.03333643654323659
-0.06973831365857419
-0.10281689795788396
-0.1340145695704953
-0.16519202948702727
-0.1998171147742599
-0.23418006048809414
-0.2667882634968194
-0.29741204543589284
-0.32410863357909936
-0.3428650875411432

0.0959534959496986
0.08371317030865089
0.06543873467432837
0.04369646197322474
0.014207597392813742
-0.017815078905236592
-0.05147551506138848
-0.0879913126455395
-0.1283338580207971
-0.16635757062762835
-0.20433473508591216
-0.24127252838518354
-0.2813798831151493
-0.3168667216261475
-0.3474972407972473
-0.3740217232859564

0.04260074305544492
0.027990136692312984
0.008798825026734347
-0.018921209908875802
-0.04957990295935977
-0.08289000305012895
-0.11714392810025975
-0.15134028044034575
-0.18040776178127516
-0.210949471984752
-0.2507763128721556
-0.29117949333565274
-0.3322098488532619

-0.07656986693354284
-0.08160380420868785
-0.09039466705211818
-0.10967172530712588
-0.1336268724911467
-0.1627500891152055
-0.19811137012025348
-0.2368737283474549
-0.26852708183532015
-0.29927029652395587
-0.3324425895959988

-0.12039004898580152
-0.12770055821029735
-0.14393177511364486
-0.16838731489455028
-0.20567115692973303
-0.24450456233103335
-0.2794469099991548

-0.11535366180810158
-0.12582638275562608
-0.1433352238414719
-0.1644325596949382
-0.1904597119649567
-0.22660373683636736
-0.26362727672506847
-0.29780586727162917

-0.15150993619228792
-0.15750791012287513
-0.16950937026479795
-0.18578223551158257
-0.20674053939504577
-0.23226668659254102
-0.26030643381159524

-0.11705756903519171
-0.12385543615002736
-0.13315220387109106
-0.14451546439740348
-0.15901215029172222
-0.17652834108523352
-0.19787189214549006

-0.248207590043106
-0.25463613434775645
-0.2581229581593393
-0.26306502408866705
-0.2746432635641918
-0.293459740138836
-0.3163779660663999
-0.34227098617152507
-0.36529149553076523

-0.19766242547702673
-0.20314224501720457
-0.2083084770303263
-0.2177883749673858
-0.23149006748256584
-0.24883170271902444
-0.26798810327319245

-0.040598560192268596
-0.05321372092425014
-0.07030362867316975
-0.09669642889954044
-0.12757806308254105
-0.16288667118265365
-0.19996227150065116
-0.23683085505274026
-0.26553758824242757
-0.28983939663799896
-0.30918750206710555

-0.1276693219527193
-0.13678602183598143
-0.15253215803341436
-0.17435405256755931
-0.20035793076330388
-0.22767128187476338
-0.2567038521042826
-0.2843748889887906
-0.3089565987512848

-0.01740288280033675
-0.02657776786928312
-0.03993769897802324
-0.055997422702511956
-0.07399379439682807
-0.10040129403852971
-0.12646029504176481
-0.14948141687664396
-0.16954550632748588
-0.18768152246744407
-0.19701687615375096
-0.20543964113827373
-0.2160991671556265
-0.23335750570521063
-0.2519835023561937
-0.2726521052625134
-0.29627039084520435
-0.3211528261463401

0.0116456117957906
-0.0018754004059489127
-0.02329979825052464
-0.05212535171413579
-0.08233877497522557
-0.11434797680922237
-0.14695617981794773
-0.18760251311004117
-0.2271941633521528
-0.2645349656217426
-0.30003282869423886

0.021012814215314535
0.016250816123788647
0.003729364164540172
-0.022901689085316757
-0.06160708707811158
-0.11126109958976371
-0.17255643656773578
-0.24589120717723478
-0.3101203024649696
-0.3637554066287013

0.001980746215819007
-0.00418075871032253
-0.014565895641500903
-0.0319277425740393
-0.05862065586341325
-0.09359546474038993
-0.15093175918927837
-0.2128316096227274
-0.2736939263240805
-0.33054514006705393

0.6670949912967212
0.6521720223578107
0.6232821589521276
0.5787931535023196
0.5223865970731012
0.4680085599595274
0.412216929071646
0.35688955471796113
0.28722106328220787
0.2144871312743537
0.14122524526586933
0.06982283529672584
0.0022790218519057603
-0.0446696857632487
-0.0822658903742104
-0.11065903603684168
-0.13185620541942955
-0.15148543716673668
-0.16908737454967737

0.4683748203915188
0.45755421328116674
0.44454523071344854
0.4312545093518907
0.41533198017048867
0.39095054994187617
0.3623062892673441
0.3327316780975038
0.3017122368957774
0.2683427266680467
0.238151352529953
0.20560562203638333
0.1588982298229087
0.11269857991398391
0.07243933122560042

0.6624438512958146
0.6547977054212666
0.6375510039088197
0.6098548555231218
0.5728147787921731
0.5326927246468773
0.4896118006906276
0.4447050868551703
0.38962637761083063
0.33444844731300805
0.2782948433226069
0.22126111183927666
0.1660151967455492
0.12291344861758113
0.08350921592093674
0.047871095927159546
0.018564749087104815

0.6627850002266162
0.6540419104830109
0.6388231158105686
0.619953966330989
0.5977615240353817
0.5730481320105496
0.5381553948691693
0.49989955399523955
0.4584178039318487
0.4138191653426986
0.3666475165950276
0.32516515405599744
0.28431547885182873
0.24500005512280731
0.19853765316484528
0.15291679273456893
0.11038587190194482
0.07080463374569246
0.033367060325175446
0.009817984489666864

0.635184398040568
0.6256744887972079
0.6110191717124454
0.5901974498964306
0.5616468979946325
0.525693965522521
0.48715271100091995
0.4453071504080923
0.4017772818086158
0.3494051024120517
0.2984348797526579
0.25045231325924
0.20501090819112666
0.16118215147992498
0.12749047906619504
0.09569625618141031
0.06626496431104467
0.03644413793441359
0.011870390355223526

0.5620321451714254
0.5518411630177413
0.5275675285015538
0.49610404246171114
0.4591099014036717
0.4181107821436403
0.3743959459012518
0.3370251323253619
0.2992678466214007
0.2529340645475826
0.20601659319000598
0.16127708520393602
0.11941621272013903
0.08090680693175423
0.05431127726894669
0.03269639950070968
0.014798023908598967

0.5654289350641082
0.5586151435826643
0.5487316241996474
0.531573731654823
0.510502119778186
0.4860919031945503
0.45792292361571296
0.42580286369109666
0.39501371332955215
0.3636696600392719
0.3271018020258245
0.2905700800750648
0.2537431448664129
0.21693397145128568
0.17839761673479426
0.1438852269650972
0.11080235533631622
0.07983558703952531
0.04866302692810387
0.02350007778440588
0.004437386002971833

0.49360024205037223
0.48094282049931447
0.46332373379848835
0.4403258860378827
0.41664696536695267
0.3923672060943777
0.365673680329365
0.33505418571976286
0.30272404665104435
0.2680119898231048
0.23347877588168942
0.1925831650046117
0.1515871081227742
0.11268816782812463
0.07592921741537717
0.040149615549041506
0.01583739506761117

0.411210631597128
0.38814847389445095
0.3635539021435421
0.3390940750331657
0.31754228225572345
0.3044261164512183

0.252411622827702
0.24675724773047159
0.2297445119120387
0.2109660088269989
0.19220526753548395
0.17328160772405288
0.15288433152571357
0.13395332200661714
0.11328594405157522
0.0921151111214551
0.0694161514725753
0.046903384417884775

0.3714168643942186
0.360945368397972
0.34529049107071774
0.3246451622386717
0.29969045481215995
0.26498574769188554
0.22888398363955065
0.19261868859166142
0.15670556703607108
0.12175158233081262
0.09468505890178203
0.06755116315248566
0.04088887364505078
0.019162525310555845

0.4077887302032559
0.39593610164155724
0.37480814200615153
0.34975298857487935
0.31851734347266314
0.28192192405547045
0.24327287382144358
0.20798937722252098
0.17286573676532013
0.14018097430174703
0.10667304457965199
0.0762379051373232
0.047491973506753604
0.022118945218953634

0.3766510812032451
0.3706328955765783
0.3542736712647252
0.33477612177975624
0.3117102892232462
0.2835266102290779
0.2518316083977761
0.22420038242978868
0.19444937827597886
0.16418144468303786
0.1313245765649671
0.09978514354591539
0.06923302125657949
0.04230552979755231
0.01846062822851202
0.00022661598634909907
-0.014349691741011195

0.589453291995311
0.5736446832827222
0.5434606588522941
0.5019966705824275
0.4530396553477085
0.40128852624886835
0.35679339604267235
0.3132966011276901
0.27017157892544796
0.21989100383532256
0.17071962212702996
0.12300715739031465
0.07869148254628167
0.03995301086899272
0.015264730345350364
-0.005811168860758498

0.31491782414354486
0.3017802216916823
0.2815924121618061
0.25845185757736466
0.23202047138575033
0.20295360252045969
0.16501441155178065
0.12762644865800454
0.09259957935173113
0.05947138452568046
0.028224102386327665
0.00727131078361376
-0.010464146288581389

0.2839308441506738
0.2707485309771802
0.2544334049113195
0.2349646417813731
0.21626331062681992
0.19330282388017994
0.16231584388730935
0.13080642217455796
0.09982066713296467
0.06893964542560305
0.039249276360032725
0.016925764277725852
-0.0062227524900196896
-0.03008602832822327
-0.05406567453779543
-0.07524201974866462

0.4881694205612972
0.4783973717445389
0.46539880126267974
0.4474250911669986
0.4255486863010023
0.3992275457243688
0.3696051614547031
0.33151897633271643
0.29311062902473073
0.25424108756074215
0.2136425273684739
0.17147909191911892
0.1365428690073851
0.10251311004104813
0.0648568828174858
0.03147696050389581
0.0028982347227139993
-0.023396569401452072

0.7667937757775685
0.761271695418315
0.7521568329619686
0.7370574710390896
0.7045411393761813
0.6321973543502304
0.5447070467772144
0.4426698303074996
0.3329227704968032
0.22866777973906083
0.15460110074121802
0.08732493915054529
0.029465590506137396
-0.028702445860215864
-0.07949137573053044
-0.1237102794236361
-0.16222887234660255
-0.1965814059745774

0.8781185728337653
0.8583533714946487
0.8198862265253399
0.752652325753743
0.6767494447908338
0.5944443559757409
0.5059973614549484
0.4123161501251287
0.33096958568472945
0.2509122824639649
0.17562738942058576
0.10000869715407057
0.03380191802871013
-0.022961099222278625
-0.0696525670691448
-0.11020457911286574
-0.1380832452389208

0.7771078655346484
0.7532035538286463
0.719093560553629
0.6840415797461656
0.6464270008660404
0.6049783244871434
0.5446102756262867
0.47819280488118565
0.40848695243146693
0.3379254715143707
0.2675550829965738
0.2109053737387594
0.15613841459455946
0.0960674164185118
0.04059794771662961
-0.007776603185608355
-0.04806402575337565
-0.08044622525139089
-0.09853140591332998

0.7212035391292313
0.7033510992100287
0.6760457102818738
0.6343336693783004
0.5882185411075271
0.5383752736234912
0.4852926224859404
0.4292560013425464
0.379644862125609
0.330948149037372
0.28406803869376085
0.23182570413261794
0.18219435321960087
0.13401824442432786
0.08874220777868547
0.04805422614315491
0.018740529595435262
-0.007175764583963851
-0.03095084393018277

0.6619985815064207
0.6478234453224623
0.6279798471015814
0.6035567685295318
0.5756585031830359
0.5453066604275816
0.5153780383385251
0.4816796286927689
0.4371508123264396
0.3917234941980181
0.3461840930276998
0.3013680255867821
0.25811315854911854
0.2243479890587352
0.19077819929712314
0.15665289413113603
0.11768780646749755
0.08117139640770787
0.04710488890304365
0.016204880450880088
-0.010029901060685575
-0.026868081322065307
-0.041298007371756706
-0.053360715077557686

0.7788166725668486
0.7607939644200654
0.7281863738869787
0.6811911181232766
0.6179474961383409
0.5479837914446952
0.4723252882616593
0.3827121401246265
0.2940495541789825
0.21147068875335484
0.13647794658967438
0.06607509686302238
0.013478138907024872
-0.034397244349606226
-0.07731953711541151
-0.11871125325990162
-0.1534496465403089
-0.1840305551846675

0.7439649712932666
0.7208942389316466
0.6929935236825955
0.661105592025077
0.6225049273665137
0.5623990180790557
0.49655176215366015
0.4287157978291414
0.35992559645940103
0.29266168438150353
0.2429317248906422
0.1971136473046784
0.1457447030044381
0.09734749050356517
0.0523997408003094
0.010013976694076998
-0.029262248594062235
-0.05716725117258459
-0.08132329036612562
-0.1015698975573247

0.8277589883862371
0.8067014634492915
0.7787358257825299
0.7438020527733509
0.7010341038685188
0.6509084851150042
0.6005268515444802
0.5482851294589755
0.4962063258933873
0.43724942090428365
0.3803332847435994
0.32431687529628506
0.26777434927525756
0.2133718131361324
0.17069757300403365
0.1307525243183454
0.09437147137472612
0.05718807534430326
0.021317827083427554
-0.014542621567227298
-0.0467202542018893
-0.07442375229525244
-0.09348276922285437

0.7800073252086399
0.7558506735394603
0.7222435227638817
0.6803165029110965
0.62200943457474
0.5617081455585107
0.5001788428865244
0.4374460255843322
0.3731366959879172
0.3203817193171141
0.26902379957837175
0.20622116005335878
0.1480059630628192
0.09601351856229923
0.048271042519283824
0.003766112702866975
-0.024421241145133332
-0.0518460628228512
-0.0800530158912931
-0.106944983763271
-0.1289218346340274

0.6713357726196443
0.6555149143942802
0.6339318853592599
0.6064268293728616
0.5783013355643778
0.5468978721371354
0.5135479611298459
0.47103296466383027
0.42621750969855166
0.37948439350824814
0.3312654114182607
0.27940709908263384
0.23216746553905798
0.18469570372838406
0.1294338642680486
0.07608539870326636
0.025970192035611905
-0.021856193169916716
-0.06822794873333926
-0.10128264648273633
-0.12939589077844438
-0.15279246017989645

0.7958085842135632
0.7739879146306954
0.7442050617436693
0.70687895888941
0.6630165160180752
0.6159857366673243
0.571711710166728
0.526599816992279
0.4828482322115639
0.4354383304404066
0.3902088419433116
0.3454184984792228
0.30028945598688805
0.25411185520095936
0.21286345835594367
0.16910084901373024
0.11910446261999907
0.07049104621863678
0.024307320676320243
-0.018072931149163418
-0.05674586793310299
-0.08591318280315408
-0.11263978225266102
-0.13633156491200582

0.2802792643922589
0.27199430642646183
0.25658686925727503
0.23393935756205297
0.20397153703211446
0.16700863223165285
0.12400978001100005
0.07760862561691595
0.02285085360729755
-0.030735864980970362
-0.0802563578033686
-0.12435215389307896
-0.16346178580746962
-0.19172447415904037
-0.2170160431868825
-0.2403715767205361

0.7365803525164787
0.7393916156984857
0.7405228582033148
0.7311911793708403
0.7159282864524061
0.6978192192405548
0.6764517816303854
0.6520917880491304

0.5093849642130486
0.5060500343598835
0.49521472783420073
0.4678039930961746
0.4228819673697479
0.3613630767836207
0.2680793621433708
0.1680694400380225
0.07219801582392038
-0.016731609500232003
-0.09785217042992111
-0.15243048707737672
-0.19835574790012744
-0.24123945470068953
-0.27460345264767094

0.8702905216944994
0.8527559566318246
0.8303669096561681
0.80351536517635
0.7631807819843963
0.7157133075031941
0.6591383202733112
0.5933088261414405
0.5172871249046067
0.44350034727368715
0.3682724144647147
0.2877698414545562
0.21469047318642875
0.15169857868903258
0.0965292230501531
0.045326872123661044
0.0065296027850489935
-0.031051289934942772
-0.06718490272049449
-0.10833346603638838
-0.14632961723947435
-0.18167926120738576
-0.21380667083966753
-0.24344497947594146

0.8457700594958835
0.8395797682147195
0.8262571981199445
0.80538525330155
0.7799656768652026
0.7494184543809768
0.7046262734899722
0.6563472687873837
0.6055644636734576
0.5520457298810937
0.4969902947110276
0.45053340503381456
0.40472267715551613
0.3597338915844621
0.3065011839154097
0.254045095356332
0.20072725357348897
0.1481321330444081
0.09699654196254337
0.05623016344524889
0.016901265252174502
-0.019030843048217783
-0.05586696539145153
-0.08800172473139889
-0.11507743529501124

0.7326654082333879
0.7232191964564609
0.712091739051079
0.697848618071216
0.6711361055614016
0.6262894143385445
0.5650663494859489
0.48804386305534697
0.3979780954212544
0.2848611946459829
0.17647873055849206
0.08027779445072558
-0.002667943882532331
-0.07636774997274487
-0.12426211997417802
-0.167103565955664
-0.20490066257614603

0.4277664605890301
0.43336510040313136
0.42926825085532205
0.38827770625423375
0.3229443173897759
0.23405389050650482
0.1274188194164576
0.011278126412521683
-0.0845308252864242
-0.16947568410466496
-0.24738564773586158
-0.3089112755540149

0.544641511883865
0.5250410664915801
0.49920561909650063
0.4700303420431453
0.43924241663287833
0.40651723077714585
0.37489756344941383
0.33941684969480357
0.301208781920699
0.2537584567573823
0.2053949304166427
0.15610656586134275
0.10630372176946645
0.05614502933145804
0.012744393091764783
-0.030558859521362725
-0.07521813319875204
-0.11472403685143429
-0.1489681622913448
-0.177846388659891
-0.20190320679994977
-0.21874016211005232
-0.23355288543398212

0.6458641357540003
0.6377053477697925
0.6217619944166721
0.600658533806818
0.5762017690746348
0.5493618616319536
0.5155881174826269
0.47987711288783474
0.4412948224984352
0.39953072116556543
0.35366180810158276
0.30979324047386014
0.2645380279999361
0.20904896007761287
0.15320710618735123
0.09800345191270021
0.04304540036920024
-0.012039433631527374
-0.054713061287987474
-0.09228109201956503
-0.12444831256836775
-0.15593568515812295
-0.1825783754451168
-0.2055413120943117

0.7321178550123171
0.7200196237194665
0.7035777151963778
0.685945154031498
0.6653567854338591
0.6410721263561738
0.6067012184590359
0.569708302352274
0.5294135300768412
0.4863221940347324
0.44155879949874977
0.40143000812142704
0.3595311621480255
0.3080274732072532
0.25655318309714215
0.20585183724317369
0.15623886059931946
0.10771670306813541
0.068158126510518
0.029133016234279108
-0.008648156019594344
-0.0503283481899508
-0.0891299048580344
-0.12310944082199127
-0.1518008621207091
-0.17594158942328064
-0.18999423047948272

0.5633201814397832
0.5557352831291134
0.5389179270394522
0.5113081377188224
0.4728961155570035
0.4272764800780049
0.3757164433784643
0.3079686755459301
0.2377201696802509
0.1662209885601802
0.09507765578624117
0.02596100490103015
-0.0263297152355767
-0.07259183765965715
-0.11132785943439105
-0.1469500550615599
-0.17768775746944676
-0.2043794458075432
-0.23114095636846044
-0.2571393222834564
-0.2774416647577844

0.6555069522109758
0.6464796737709755
0.6354777738715445
0.6221392794101614
0.6089189927470635
0.5960031064764395
0.5804890985461051
0.5642364449954
0.547044866290443
0.5297932649728856
0.5125869868525976
0.4981821723040969
0.483934763994762
0.469840474595123
0.45280201479986126
0.4371159012150292
0.42253898101203036

0.28780720246852187
0.27962881526387284
0.2716470327392728
0.26265466541068316
0.2543899191409662
0.2461319101032755
0.23668324842379396
0.22612110603300772
0.2160520065314402
0.20571403022444779
0.19501408081493543
0.18552254584073902
0.17694359956832706
0.1690530759139055
0.1611429530390427
0.15348639507863582
0.14437888232995544
0.13404886820626682
0.12139818388723578
0.10850924654471861
0.0955890729446236
0.0832777001294771
0.07144160841002534
0.06120775296162595
0.04989961524280373
0.035889847481316295
0.022765107017868047
0.010210581374125782
-0.0024186662975481665
-0.014600194277272549
-0.025172136278279633
-0.038001051008196174
-0.05307162657605313
-0.07038080060365604
-0.08621574576871227
-0.10022796343275464
-0.11228822123600035
-0.12206271995531393
-0.1291521254742094
-0.13749894347952318
-0.14799616345259892
-0.16388623142514502
-0.17954110875239937

0.5603472246891379
0.5522049735471768
0.5424096506561453
0.5311217246334028
0.5199550687871386
0.5075077263801833
0.4920059679626243
0.47696907855490034
0.4621483930476664
0.44779502645282276
0.4345232918360671
0.42399973541052405
0.4131068561747957
0.40251470247770893
0.39096953668667833

0.301345976463786
0.29491008245147055
0.28813977674037994
0.2810044355485759
0.2723875157865596
0.26329653988012613
0.25373885753694125
0.2435258262602602
0.2330488179832646
0.2238102354478848
0.21521720223578078
0.20746081074625256
0.19950658962539758
0.19203377435662494
0.1840777158088538
0.17474236212254657
0.16388255657131223
0.15329040287422568
0.1419883899117913
0.12935914224011746
0.11776314097106777
0.1074564009216532
0.09793975444626679
0.08834287366219984
0.07849977767134297
0.06619575456386206
0.0527494643900539
0.03748595899598062
0.022686710136104127
0.009664865579971593
-0.0010706074165899304
-0.011245665203666766
-0.02066002824737656
-0.032172120353912814
-0.04759670684098549
-0.06360988241692689
-0.07973146618093285
-0.09514625305778468
-0.10869850151710225
-0.1188913210977035
-0.12929176991985147
-0.14104946475753943
-0.15522705084405275

0.5080736538704176
0.501613873308189
0.493069225671549
0.48450804119266166
0.47491361031115
0.4633580324342599
0.44938072588162825
0.4358192902877289
0.42122277086428883
0.4041022393334306
0.38721322359403154
0.3713629665380058

0.3156301333114475
0.30485607434964246
0.29355589881412447
0.2806994226804629
0.2674466748085096
0.25639026457722647
0.24590958144639785

0.1299422190482371
0.1222642244404728
0.11239417952150954
0.1024261385003411
0.09115413684420681
0.07752287902748667

-0.005759720907101085
-0.015099361922879417
-0.026199870400154923
-0.03694085567746552
-0.04904153687287105
-0.061567276161590745
-0.07466629264821012
-0.08939694423654299
-0.10408166015196763
-0.11582404309868566
-0.12619815546836644

-0.18644125929891164
-0.1922463034032823
-0.20919411680400413
-0.22966060274952582
-0.25266641269343504
-0.27842162577983476
-0.30372728174736874
-0.32177816377353585
-0.3371059791096811
-0.35387372467260136
-0.37120066049372913
-0.38923500567764946
-0.40964024405929267
-0.43313909689242125
-0.45771835675236017
-0.48589346108758535
-0.5161197463370895
-0.5509371489748995
-0.5869231551315046
-0.6244421878119797
-0.6633999257679526
-0.7032947514512611
-0.7393628293434631
-0.7763655450604455
-0.8183532000014699
-0.8560853742042414
-0.8902664146533574
-0.9214016137508133
-0.9484650748016501

0.6673687679072562
0.637562640945956
0.6061757143609612
0.5746736423558749
0.5354164038125382
0.4820324146607069
0.41774452171164866
0.353941709468506
0.2950099159805919
0.226503903307246
0.1602266894834259
0.09267246395274631
0.020269268789833594
-0.055681385272900896
-0.11672009495822322
-0.17534871300494026
-0.24301379662623912
-0.30795520108187713
-0.3693099481968106
-0.42661133153428843
-0.4794581795509084

