533537
534360
536121
538565
540787
540558
538733
534937
531762
529424
525441
521470
515104
511558
506888
504638
503501
502051
501261
499752
495184
493510
491738
488629
488688
487817
485892
480865
481454
484177
487167
488653
491340
490537
491390
492399
493063
494410
495769
494848
496226
499482
501540
500456
498775
494337
491129
490555
489681
488844
488993
486897
486171
490861
498818
508124
516965
532208
538038
544346
549522
554150
558420
561503
567262
570900
574528
578431
582989
588553
595308
605529
624449
628175
629037
627054
623582
622928
619508
599090
588479
579052
571705
565783
560049
554845
550425
539302
533739
527998
522058
516469
512079
508893
497497
495681
494251
492909
492176
491647
491030
489035
491419
493469
501430
512629
524001
532550
538673
551583
557168
562404
567102
570807
573306
572485
565312
548082
540334
532272
523539
516807
511322
505927
497693
495095
490972
487127
486159
485565
484888
484522
484657
482031
481372
482551
482945
483380
483803
484582
481800
482203
483342
483687
484172
484701
485469
481909
482826
483603
484168
484631
485403
485715
482231
483542
484101
484723
485311
486111
484848
482854
483952
484499
485003
485601
485815
483788
484916
493777
498488
503168
507761
510900
514731
520239
529334
533020
535655
535615
534129
531001
525907
520526
509483
502630
498168
495047
492035
489696
488330
483559
483695
483926
483980
484208
484653
483241
481535
483060
483390
483614
484418
485848
485757
488804
497091
502115
509217
517726
525119
532575
541406
549466
563320
569840
575624
581315
589242
597767
604902
617289
622614
626988
631639
635732
638844
639828
636007
615428
604410
596120
589632
585670
586372
588790
590415
592280
593354
594073
596005
597272
596351
594570
594706
595343
595643
596179
596144
595352
593006
590629
591749
591923
591897
591487
589455
585722
582832
584363
585622
586515
587361
587985
587280
584756
585640
586328
586723
586931
587191
586791
584684
584225
585743
586090
585487
581254
574631
567689
561800
552590
546170
537718
528488
520453
511960
505024
501137
494544
491921
489549
487778
485225
481090
479945
480169
480303
480417
481236
481186
478718
478686
479827
480725
481236
482721
487407
495868
508267
520873
540843
549254
556723
563690
570649
578872
587129
594354
608125
614076
618756
623491
628784
632998
634971
631112
625357
618175
610088
602088
594914
587903
581506
583120
585674
586830
587510
587768
586804
587652
590436
590965
590724
590027
588465
588956
590276
590216
589894
589987
588815
586378
586786
588189
588431
589010
589352
588543
586329
586429
587420
587889
588240
588712
588386
586879
587053
588119
588324
588170
588038
587544
585871
586094
586943
586867
586674
586415
584893
582524
582612
582027
576980
569602
562801
549109
541175
535162
528309
520480
513673
508431
504300
493183
491211
489458
487712
486452
485998
485711
482222
483291
483588
484721
488837
497751
507801
516029
532347
539664
546787
553462
559108
564412
571575
589674
597195
603579
609599
614813
619021
623647
628368
635788
638334
638856
638015
636913
634133
632997
629326
621356
612783
605871
599357
594286
589839
585403
575490
570947
567796
565157
564089
564901
566136
565825
564872
566142
567288
567972
568544
569113
569477
565870
566355
567230
567798
568208
568489
569001
565310
564685
565512
566185
567193
567721
568194
568063
564240
565138
565780
566427
567004
567652
568118
564176
564495
565107
565433
565671
565797
566414
565500
562920
563008
560360
554154
547290
541473
535201
518704
513220
508262
503728
499962
497064
494879
490634
485544
483598
482508
482391
482826
484294
483782
483196
484157
484718
485431
485898
487097
488076
490708
511503
521392
529924
537865
545203
551578
557702
573051
580559
587456
593789
599829
605640
612572
619641
627875
629878
628758
625539
624411
622271
617250
602465
594117
586439
580692
575634
570489
565731
561468
552163
551216
552803
554563
555562
556236
556663
553925
555174
555952
556116
556328
556492
556742
556043
553270
554138
554584
554989
554965
555200
555209
550993
551552
552400
553146
553578
553987
554597
552069
551553
552649
553113
553394
553605
554247
554970
552107
552310
553015
553274
553594
553909
554530
551773
551105
551516
548606
542570
536574
531357
526489
512866
508509
504991
501220
497909
495262
493845
488922
487416
487769
487606
487806
488055
489710
494731
511699
523434
534103
544058
553918
563130
571496
587081
596856
606388
614165
620800
626664
632446
637211
644965
647144
646771
643967
637137
626838
616088
601611
596051
591548
588432
587027
586320
586628
586955
586635
586555
586353
585140
583674
584129
584706
584315
584009
583960
583730
581956
581431
582170
582609
583486
584247
584366
582522
581847
582812
582709
582325
582514
582487
580700
579587
580277
580704
580615
580642
581150
580294
578792
579358
580053
580175
580869
581697
580761
578743
578828
579654
579715
579306
579845
578923
576938
576996
577459
576014
571932
560194
553830
545939
539291
533528
527660
521839
516523
506870
501882
500066
498563
497001
495859
495367
492482
491078
491931
492457
493289
494495
498093
505385
525481
535867
544892
553005
560182
566279
571852
585539
592007
598800
606154
613435
619544
625469
630880
637753
638142
636852
633935
629562
623298
616960
602455
594665
588088
582812
577465
572168
567238
562096
552751
552912
554839
556040
556742
557354
555741
555305
556483
557170
557594
557714
558007
556238
554318
555580
555925
556041
556383
557202
556297
554965
556271
556677
556836
557041
557451
555803
554505
556114
557200
557287
557655
557788
555600
553847
554822
555549
555301
555283
555245
552700
551868
553330
553775
552918
548677
541927
534135
529054
523970
518054
508066
504447
499322
495613
494331
492733
491469
490581
485789
484053
486077
491613
502382
514002
524430
542765
552546
562109
571291
579339
586778
593665
601664
617451
623624
628756
632398
635865
638434
639621
632696
623600
613294
604490
596782
589869
583422
577265
566883
562958
559235
556010
552290
547768
542674
542406
543844
544805
545498
546343
546388
543820
543174
545305
546158
546613
547088
546863
544178
543547
545907
546575
546511
546839
547379
545266
544228
545319
546073
546440
546985
547563
545813
543032
543150
544279
544655
544757
545397
544640
541671
541602
542670
542813
542221
542168
539799
531128
522511
516618
506553
502628
499427
497075
492782
488661
487798
487201
487310
487518
488252
487345
485880
488665
495543
515525
525980
535859
544391
552692
562018
571003
579576
596928
605770
613602
621453
628962
635414
641369
650447
653249
654050
650609
643600
635222
626413
617299
602841
595906
589149
583173
577180
571114
566163
556602
552037
547700
542493
537185
537142
539805
541099
542417
542739
543073
540638
539410
540925
541842
542678
543188
543838
542330
540543
541566
542349
542836
544077
544962
544828
542352
541943
543166
543498
544059
544695
545100
542923
541308
542054
542225
542398
543225
543881
542834
540325
540507
541044
540518
537881
533002
528320
521097
513687
509250
505133
501720
496311
495024
492117
488013
486834
486582
486688
491632
497140
503402
511210
522532
534053
544306
563034
572159
580656
589172
598603
607465
615273
621516
632122
636983
642188
645307
645656
641428
633341
614586
606626
598938
592012
585317
578439
572459
567273
557167
551993
545940
538612
532485
529224
530992
537054
538523
539654
538464
536603
537449
538355
539230
540093
540599
539647
536803
536332
536930
537378
538287
538698
538680
535912
534133
535104
536117
536973
537590
538291
537397
534336
533653
534620
535416
536241
536656
537144
535716
532963
533090
534096
534727
535586
536162
536808
535621
533086
533407
534264
535064
535391
536095
536553
534527
532127
532397
532002
521821
515177
509454
505431
500212
495645
492844
476204
472316
473134
476942
481497
482395
483177
486009
494235
502392
512217
522390
531868
540456
549544
565676
573771
581811
589902
598227
605789
613600
621397
632407
636668
639591
641961
644644
647742
649369
643388
637584
631376
624419
617792
611945
605642
599996
589296
584145
579764
577662
578203
580615
582653
583799
582126
581410
582888
583971
585294
586657
587042
585905
583121
582359
583212
583735
584281
584756
585182
582439
581517
582782
583887
584920
584870
584666
582693
580958
581766
582573
583117
583423
583744
583781
581281
580785
581522
581775
582007
581978
582377
581178
579458
580094
580648
580730
580663
580954
582100
579990
578213
578628
578747
578467
577692
574592
564540
558850
552764
547302
541018
533462
525733
514088
509976
504114
499784
498270
496401
493969
491085
489970
489482
487092
487357
488443
489807
494803
514375
524693
533584
542957
553238
563514
573385
582562
600211
608266
616189
624334
631316
637416
642986
650577
653463
654904
654756
652678
647080
638342
627836
610961
603869
597599
591180
585468
582856
583192
583586
583335
582942
581956
580239
580736
581986
582040
581610
581348
581104
579591
578174
578931
579662
580374
580366
580628
580269
578045
577217
577980
578299
578743
579045
579417
578073
575704
575705
576361
577163
577218
577167
575110
570052
568700
572786
576391
568871
561250
554953
547699
537726
529000
522143
508894
502298
497415
493821
490626
488530
488713
488921
487180
486511
486768
487039
485136
485375
486564
487933
492533
502805
516672
529808
542865
555749
568011
591205
602276
612914
622507
630906
637549
643419
651896
651635
646522
637091
626358
617014
608348
601795
601990
601747
600696
600064
598962
598939
599822
601461
601718
600363
597989
596388
596776
596977
597104
596133
596040
594958
593465
593940
594496
594463
594464
594837
594843
593130
591580
592225
592847
593104
592823
592724
591328
586606
579822
573023
565944
552197
545003
538033
529034
519225
513104
508476
504119
497434
495690
494081
490758
489338
489926
489678
490347
493875
502340
511994
521650
532070
541369
549777
564661
571429
577665
585190
594512
602830
610794
624136
629426
633155
637079
641603
645404
647707
648055
647570
644976
638845
629631
619897
610777
602460
587832
580971
578173
578341
578620
578936
579406
578462
578060
579361
580030
580242
580205
580394
579805
577541
578242
578344
578483
578599
579005
577896
575341
576682
577915
579284
579612
579790
578454
576034
577216
577092
576987
577176
577884
576390
573633
567763
561892
555409
548879
542529
534248
525013
518532
506756
502545
499868
498236
495141
493004
493131
492757
493072
493838
494656
498504
511093
524639
536047
556771
565791
573665
582551
592187
601291
609525
622742
628281
634320
639659
644142
647936
649544
648455
641975
638725
636425
633151
628611
624745
621425
609221
603232
598005
591904
586644
583208
580373
579080
578796
578495
576642
575449
575948
576428
576585
576346
576542
575161
573135
573543
574282
574126
573582
573705
573398
571292
571217
572782
573485
573924
574404
574204
571683
569630
569800
570008
570796
571364
572051
570601
568512
569420
570248
570133
568527
556517
549645
541412
534544
528653
521862
515867
510651
503728
499349
495966
494489
492090
490676
490333
491745
490790
491815
497784
506405
516128
525497
534834
551653
560802
570849
580529
589769
598224
606370
620554
627293
632147
634707
635050
632794
628505
623459
607800
599864
592145
584632
578311
573071
567930
557732
551946
546821
546456
548256
549095
550028
550760
550073
547752
548371
549186
549618
550179
550438
550251
547286
546640
547895
548505
548875
548676
548800
548369
545812
545772
545851
545667
545859
546436
547365
544256
542483
542665
540885
535178
527353
520420
508865
501488
498062
496536
494903
493268
491973
491997
490684
491405
497667
506948
517076
526811
535913
551778
558731
566293
574091
582383
590418
597524
612079
619214
626674
633578
639587
644008
645198
640700
620196
611131
602344
594871
587821
581080
574233
562289
556475
549638
542627
535995
528602
521990
521871
525211
525983
526590
527099
525269
522698
523366
524117
524451
524984
526034
525392
522471
522705
523665
524714
525110
525746
525784
523141
522382
523518
524435
524812
525442
526235
524358
522814
524133
524660
525697
526254
527126
525537
522647
522500
519020
509522
505082
502095
499147
494952
493752
493545
492949
492889
493582
492408
490716
491268
491554
494368
505685
515481
524547
534948
545520
554583
562114
568410
584178
593354
602310
609512
615534
620973
624867
626922
622250
614286
606964
600193
594602
591602
588392
580873
577301
572601
567823
563672
558230
551502
538429
533861
531045
532198
533984
534666
535643
536291
536381
533847
534241
535044
535563
536259
536694
537066
534438
534647
535870
536115
536463
536533
537058
533487
528473
522790
516066
509731
504480
500561
494012
489823
489111
488716
488367
487757
486927
486688
483814
483986
485173
486060
487805
490273
495670
511363
520866
530588
539497
548114
556113
563883
579239
588350
597459
604979
612218
618867
625048
630266
636811
632793
623469
613136
603743
594599
586130
575342
570513
565760
560687
555051
552125
552664
553781
555663
555974
554159
552868
553908
554573
555256
555897
555306
552544
551951
553139
553812
554651
555264
554817
552154
552008
552922
553450
554167
554697
553859
551180
550997
550629
547194
541310
535057
529446
514927
510096
506523
502314
496805
491662
489659
485710
485566
486656
487019
487634
488120
489477
490317
489016
491414
495017
502459
511610
520374
527913
542709
551348
559716
567964
575838
583603
590775
598883
616040
623109
629069
633926
636902
638924
640284
633022
625035
615789
605788
595919
588847
583348
577990
567831
562426
555054
548226
542181
535885
530087
527843
527926
526570
527944
529317
530329
531193
531617
530093
528683
530011
530759
531414
531893
532197
530346
528402
529166
529517
529469
527486
521972
515868
501885
500930
501680
501375
500913
500016
