542956
535568
533338
532129
532659
532416
529481
525598
522434
523615
524096
524442
524921
524594
525036
527230
534860
539947
545411
550355
556693
563454
569633
575160
584119
588434
593040
597222
601010
604208
605927
593887
584419
575646
567961
561348
555131
549571
545998
538325
533344
527846
523100
518681
514681
511783
507968
508097
506387
504269
504690
504955
504771
505037
504731
503001
504124
505598
506670
508538
512298
522460
529823
537739
544333
550447
556145
560780
564665
574213
578879
583087
587088
591031
593847
596285
597574
590422
580525
572057
564447
557096
551430
546803
537487
533657
529689
524567
520811
519041
517150
513748
512819
510877
508638
508286
508129
507590
507512
508224
507768
507133
508158
508577
508880
509374
511416
511643
513211
519346
527507
535381
542209
548262
556724
560672
565334
569337
573413
577331
580848
585434
588196
589407
586439
579724
572124
565043
558379
549474
545253
541204
537967
535180
531623
527654
522777
520544
518762
517441
516505
514277
512315
511889
510463
509828
509687
509998
508778
507967
508739
509556
510609
512732
516152
519647
526099
535281
543601
557877
564422
569905
574733
580873
587009
592112
600471
603873
606780
610319
615359
620131
623036
624546
628310
629013
629628
628465
624215
616020
607083
591033
583797
578501
573437
568321
563109
557817
552400
541416
537005
532680
528567
524919
521917
518612
511363
510345
508894
507799
507078
506979
506779
504831
505375
505451
506087
506275
506700
507030
505121
505492
505821
506333
506747
507413
508585
507460
505931
507433
507960
508535
509186
510408
509773
507639
508739
509051
509456
509875
510663
510085
508208
508754
509654
510139
510450
511178
510391
507678
507798
508256
508747
509156
510145
509982
507603
507416
507568
507884
508742
510132
509994
507686
507873
508661
509045
509225
509916
509539
507133
507249
508213
508548
509850
510685
510432
508079
507940
508623
508736
509815
510544
510320
507962
507892
508737
508848
509424
510552
510677
508667
508637
509615
509693
510075
511180
510793
508515
508574
509210
509370
509866
510246
512512
516143
529221
546092
561184
574428
585555
604920
612666
620217
626775
632041
637678
643105
646976
651912
655446
657636
658087
655797
650726
645115
629558
620921
612204
603397
594504
586580
578508
571665
562720
557962
553569
549544
545254
539748
535008
530077
528491
526788
523791
521069
517373
513296
511622
509559
509087
508731
508978
508714
506585
506542
509042
510290
511009
511756
512065
509783
508515
509717
510786
511331
511956
512857
511613
509227
509786
511073
511619
511272
511286
511419
509284
508140
508901
509412
509657
510144
510886
509841
507686
508051
508739
509183
509271
509923
509630
507238
506738
507422
508152
508409
509157
509639
507752
506522
507340
507939
508378
508814
509468
507855
505997
506815
507046
507510
507936
508930
508104
506389
506801
507063
507654
508046
508815
507801
505810
506483
507033
507315
508408
509274
508357
506182
506686
507204
507469
508532
509276
508043
506298
507074
507389
507886
508588
509774
507825
506529
507464
507459
507113
506456
507777
506110
505765
506793
507124
507972
508843
510014
512230
521787
535223
547675
558474
567824
576010
589465
596793
603243
609076
614029
618196
621589
625543
634761
638396
640518
639404
634076
625199
614160
592631
583559
574978
566976
558525
550695
543926
535935
522895
518485
515361
512002
508379
507263
507177
506996
506916
507200
507583
506283
505310
506448
506814
507583
507870
508874
509223
507019
505671
506074
506972
507690
508469
509406
508168
506248
506771
507230
508201
508645
509544
509577
507618
507204
507761
508308
508603
509340
509894
507908
506667
507485
507640
508536
509143
509866
508664
506957
507738
508158
509079
509536
510334
509440
507456
507907
508263
508443
509219
509939
509057
507071
507424
507712
507937
508824
509511
508698
506552
506865
507221
507288
507707
508759
507693
505629
506134
506560
506920
507693
508982
507457
505557
506147
506279
506494
507023
507521
506505
504895
505643
505840
506218
506876
507693
508002
513218
524949
538228
551472
563835
574995
584290
600044
606172
613028
620370
626065
630766
634954
643556
643150
636329
624358
610421
596699
585694
576655
559249
549452
539526
529949
521982
516860
513005
507965
507169
506472
504485
504094
505052
505206
505771
506503
506725
504668
503722
504600
504666
505322
506470
507575
506707
504728
505387
505849
506198
506951
508281
508334
506032
505331
506043
506215
506957
508074
509040
508133
505927
506169
506691
507038
507700
508580
509085
507239
505824
506616
507048
507960
510032
511222
510891
508759
508965
509636
509732
510123
510909
511393
509885
508051
508542
508779
509075
509986
510661
510596
508373
507855
508822
509038
509614
510469
511216
510063
507791
508043
508492
508819
509652
510292
510718
508699
507413
508370
511003
519313
544077
555342
565261
574535
583783
592109
600530
617214
625116
630547
636149
641550
645475
649046
651579
646698
634437
618992
604632
592834
582781
574629
559944
552322
543701
535703
528630
522850
518385
513436
508405
507485
506925
506667
506566
507080
505931
504465
504930
505250
506005
506602
507394
507764
505687
505528
505689
506320
506856
507446
508292
508085
505422
506202
506402
506987
507322
507915
508652
507839
505765
506287
506437
506907
507096
507717
508452
505295
505598
506037
506306
506845
507187
507862
508251
504736
505337
505474
505698
506062
506354
507033
504353
503934
504872
505203
505795
506098
506706
507103
504354
506063
509058
515935
527283
538997
548557
563944
572039
579438
586532
593304
599890
606884
612282
623861
629619
633813
636822
638613
637040
630175
609460
598373
589328
581746
574882
567151
560743
555588
544837
539728
535061
530115
524298
520218
517642
512834
511150
510069
509396
507287
504909
504828
504808
505314
505915
506697
507232
505478
504486
505403
505920
506447
506891
507760
507675
505347
504941
505861
506866
507192
507885
508601
507164
505822
506468
507088
507596
508059
508889
508036
505764
506002
506498
507482
507832
508586
507857
505551
505651
506022
506754
507141
507835
506777
504858
505517
506065
506856
509009
510218
509579
509905
512492
514022
515139
515823
515731
515577
520718
530056
539620
548456
556769
570888
576271
581750
586396
590190
593039
595088
592591
593453
594095
592271
588907
584047
577886
570473
559639
555513
551194
547415
544466
540954
537559
534955
532255
529574
527262
525253
522498
519966
519493
518135
517228
517668
518472
518686
517172
516773
518078
518555
518805
518945
520127
520956
519014
518202
519598
520105
520466
520860
521613
521612
519369
519163
519249
519607
520395
521293
522062
522539
520739
519893
520048
519696
518989
518970
518932
518448
515623
516650
517130
518049
520440
522909
524870
524055
531033
540562
547846
554301
560356
566333
571640
581180
587305
592952
598147
602944
607295
611375
614792
623380
627810
632266
635746
637273
636961
631924
609039
598802
589967
581696
574371
567572
559977
553938
543827
538880
534660
531895
530175
527312
526096
526129
524620
523831
522983
522562
520474
518510
518447
517674
517310
517388
518180
517632
515983
516205
515955
515845
515940
516850
516703
514686
514788
514979
514835
515047
515616
515257
513033
512998
513631
513553
513466
513998
514101
511854
510970
511461
511648
511875
512533
512930
511114
510590
511553
512138
513336
513812
512801
510871
511098
511379
511497
511881
512965
512046
515305
523969
535553
546161
555629
570244
577163
583845
589856
595333
600191
604593
609001
618704
623556
627463
624770
614121
601079
590142
572518
564947
557913
550775
544221
538612
533361
528634
521007
517080
512384
510160
509015
507718
506859
506176
504595
503502
504586
504778
504839
505136
505689
504820
503245
504234
504698
505207
505698
506204
505762
503718
504316
504658
505025
505481
505787
506520
503437
503559
504118
504408
504857
505301
506324
503899
503652
504249
504302
504713
504902
505514
505977
502788
503811
504307
505280
505996
506923
508393
510056
516525
525101
534175
542622
550426
557637
563261
574601
580174
585111
590231
594678
597938
600366
607299
610621
613756
615176
610450
598162
585233
575947
560236
552974
546196
539833
533140
527361
523374
516704
513976
512079
510277
506996
504894
504777
504199
503730
503996
503722
501510
501031
501731
501570
501901
502584
503001
500962
499898
501006
501049
501543
502576
503264
502184
499881
500338
500744
501008
501917
502555
502612
500304
499595
500496
500626
501208
501792
502339
500737
498800
499404
499555
499867
500685
501455
501336
498934
498659
499627
499847
500740
503532
506278
508588
514457
521763
527292
533861
548945
555985
561674
567534
573982
579414
584482
588981
595159
596152
596694
591485
579555
568069
558682
542588
534964
528876
523785
519342
515679
512925
510052
504521
504106
503518
503179
503038
503312
502361
500337
500505
500191
500576
501046
501956
501244
498962
500288
500896
501788
502411
503686
504080
502347
504097
504416
505494
506315
507345
507847
506086
505357
506520
507343
508226
509142
509922
508420
507672
513968
518297
522049
525349
527699
527511
527690
529960
532114
531828
531031
530825
528782
528182
531686
544575
551196
557838
564174
569193
574534
579990
584560
594007
598194
601829
605288
609134
612290
614227
610264
602367
592721
584157
577467
571611
566383
561407
551220
545986
541926
538418
534663
531441
528672
523335
520025
518687
517655
516714
516078
515637
515934
513197
512441
512771
512690
512891
512923
513369
511349
510436
511049
511041
511385
511653
512344
513089
510028
510780
510928
510920
510905
511290
512057
509157
509871
510011
510231
510249
510250
510640
509400
507908
508319
508678
509182
509550
510413
509926
507847
508365
508650
509279
509760
510954
511480
510316
517493
524500
533977
543849
553049
561307
569011
584991
592363
599271
605317
611259
616797
622695
628719
630486
619924
605920
593055
582547
574941
568543
554836
548258
541602
534957
529943
525652
521187
516869
511430
507866
506057
505649
504980
504582
504456
504338
502389
502676
503174
503409
503938
504527
505471
502902
503762
504117
504496
504925
505563
506067
502509
503364
503804
504457
504932
505673
506050
504081
504275
504740
505228
505738
506639
506592
504386
505210
505682
506282
506736
507615
506558
504479
504773
505820
506438
507518
508896
508375
509083
511542
517766
522471
528398
534686
541214
548978
556364
562923
575093
580362
584880
590129
595834
602108
607145
612737
614664
617325
618526
616041
610811
602282
591484
571228
564034
556832
549966
543884
538375
532764
524212
521062
517412
514770
513660
509633
510080
510628
511144
512254
512821
510942
509546
510192
510631
511060
511393
512712
510778
509874
511400
513897
519299
527366
546725
553415
559922
566678
573010
579312
585227
590339
597897
601718
605110
606699
604594
595992
583194
559076
550594
542886
535608
528621
523451
518633
513433
508592
506980
505785
505241
505553
504756
502946
503842
504082
504453
504975
506018
505296
503220
503689
504785
505219
505597
506252
505591
503525
503889
505112
505598
505930
506748
506288
504094
504254
504549
505375
505381
506038
505675
503958
504132
505079
506424
506560
506707
506955
505282
505659
507204
508156
509585
510692
509858
507882
509086
509852
509834
510810
512471
513543
514983
519853
526296
534625
544149
561816
569055
576072
583447
590269
596241
601466
610118
614113
618654
622571
626010
628369
626503
616931
591121
581497
572978
565585
558128
549790
541821
530198
524729
518833
514835
511358
507198
505141
504411
502567
502076
502316
501208
499487
499965
500449
501593
502338
503045
501328
500077
501191
501624
502754
503600
503916
501893
501836
503568
505517
508858
519460
523842
526892
531683
536142
539554
542839
547932
548584
550251
552366
552770
550563
546709
543006
533617
531154
528832
526225
524027
522585
520153
513863
512544
511051
509704
508882
508487
506477
505080
505413
505432
505467
506031
506339
504393
504037
505879
506605
507027
507858
508237
506101
505443
506293
507117
507382
508129
507937
505345
504903
505606
506462
506714
507428
507294
504470
503948
504789
505177
506013
506831
506612
504245
506006
514368
527260
551146
560208
567732
574289
581578
588053
593463
599245
609154
613332
617320
619794
620969
619384
615408
599493
587421
578253
570840
563437
556353
549135
542255
530333
526275
522160
518563
515756
512649
508726
506746
506160
505836
505765
506183
504751
503371
504200
505039
505669
506373
506946
504773
503428
504355
505082
505450
506087
506448
504245
503338
504517
504945
506113
506760
507250
504990
503785
504808
505296
506459
507095
507448
505100
503896
504720
505051
505745
506714
507040
504626
503720
504795
505253
505907
507105
