551259
554823
558368
561551
564012
564614
564109
562129
559221
556848
554317
551006
546239
542835
538137
535587
533481
532138
529541
526245
524739
524654
526703
528804
528807
525985
524259
525157
525650
521422
519090
516941
514871
514382
513965
513562
515216
523718
528103
533857
539010
543679
549261
554331
564348
568173
571076
572043
574376
577706
579564
578707
577662
580906
582257
584537
585652
584157
581935
579155
576554
573623
572993
574819
575320
573814
570741
565621
562850
558545
553886
548904
542790
536926
529203
524155
519522
516405
513585
511512
510313
509721
507396
507580
509253
509095
509087
509429
511223
513348
515771
521768
525614
529832
534979
539961
544055
551795
556363
559865
563086
566026
568438
569007
571441
570595
566616
561560
556402
550902
544999
540723
534668
531820
529403
527131
523344
519724
518413
515771
514299
513636
512202
509882
509824
510582
510839
511226
511532
509673
508314
509173
509361
509731
511179
512202
513848
519204
524313
528124
532629
538106
547425
551293
556340
560559
564240
567942
571054
573570
575946
577126
575350
571143
565632
558399
549743
539159
533936
529722
526454
523363
519673
517271
514882
513695
512737
512556
510998
509709
510354
510425
510997
511609
512091
510112
509622
510382
510292
512363
515977
520812
525080
531475
537938
542745
547367
557436
560385
564568
570253
575031
580809
587998
601432
607439
613769
620930
629162
641042
647076
648229
641474
634028
624132
613254
603894
596006
588389
574740
568226
561624
555572
550740
546330
543182
540809
537583
536250
535072
533092
531875
531498
531028
530563
529492
527918
528547
529563
531081
532761
533437
531259
531200
531024
531458
531782
530556
530093
531697
532141
531128
528341
526542
526747
526906
526452
524770
522550
522327
521462
520398
519910
518205
515372
517386
522227
529467
537183
543490
548524
554359
563714
567219
570078
571898
573317
574174
570661
563730
550640
544476
538006
533598
529929
526062
522531
517594
514165
511786
511135
510144
509247
508750
508872
505932
506025
507036
507980
508977
509506
508487
506355
508973
512652
530852
551159
557645
552926
548682
562667
568629
566564
558370
564066
573661
577871
550656
556184
575004
582780
567679
547418
551932
576701
578617
555285
552891
573140
589131
581663
555897
570597
588374
585218
562437
551654
566896
585358
581897
533881
542403
560768
562659
538667
525239
539898
558846
536860
528531
544622
566515
567462
544849
535888
569168
573420
556181
542222
546549
555503
540147
506840
521170
544745
565147
564374
551050
549050
560804
576387
558963
556949
571755
584700
581617
560726
550098
566311
581373
575877
552147
542807
559150
578823
565754
543746
534997
535949
547842
569469
584006
558492
545398
547364
565561
586157
586537
564591
548983
580408
594950
588440
567387
561150
579233
601166
585252
561488
561425
585022
606020
600186
567588
545333
569275
577874
562597
540835
537862
553573
570730
549398
535302
539757
556683
567690
557106
539576
534837
550332
549751
544838
543386
540104
534618
536883
550339
540148
533694
536374
544840
549250
542037
532097
533076
540746
545956
543848
538076
534563
538916
536111
525821
521913
525901
531103
530792
525885
525437
539162
542177
538578
533655
534611
539153
544648
546502
544113
542254
541951
542010
540917
542518
547507
550315
543511
543385
550476
561140
565714
558806
561853
571442
574689
574198
571984
577738
587339
588892
573221
566010
572973
581678
584680
578991
567421
573457
584572
589511
578320
560689
558167
571449
582422
561123
554731
568853
585123
590260
578866
561138
559200
589529
601211
602842
585408
560954
548076
552886
592397
599760
588827
561762
542579
535714
541348
563452
591933
580312
554939
536749
529297
531378
548905
581960
574132
554447
540641
533502
529622
529878
538883
577880
590745
581404
560849
550331
542994
533864
549683
569241
581955
576351
557776
544667
536638
535020
562225
576351
585274
579165
558447
546019
541501
542839
560630
580123
592693
591545
571400
552108
542190
538923
555505
577701
593576
597737
582031
558777
539692
547142
568988
589103
601353
601377
574826
544811
528842
534376
553903
578869
596968
602013
585336
543262
537878
536176
544339
564199
584197
594457
587672
544628
531886
528782
539717
561936
583074
594935
557195
537011
529582
537903
560719
581583
594141
586916
545187
537855
542781
558342
575602
589892
593144
552264
546219
558872
577004
585946
573953
550992
536011
541243
569120
589370
582996
558080
541349
534511
568211
586729
585286
563634
543909
530495
525981
541467
586083
580855
559823
541290
532193
539712
561917
589122
570793
548386
534621
533115
553313
577878
591049
560580
542494
524784
513953
520706
539546
560451
550228
536614
528833
530022
547987
573767
592033
590866
550992
540322
536816
545800
564302
582283
588299
550758
538137
531342
532928
544675
562058
575671
573377
547200
540606
539834
554883
577194
593889
597980
556333
543440
536274
537598
551575
571572
588019
592009
557927
547883
541387
546399
564039
582118
595342
580947
561690
550570
548288
558669
577835
594715
599926
571140
556730
547285
551883
567365
581347
590907
561221
542277
535626
538359
556159
573562
582021
576777
540724
531627
534952
551268
568267
580217
578320
536186
524714
521512
529515
542246
554437
564855
560833
529556
519955
521497
537637
553031
562993
559575
524903
518191
523126
539252
557580
567988
567373
557982
533935
525699
526338
539858
559239
574129
573241
543297
532889
528795
536187
549603
562082
561574
548767
522581
518876
527048
541812
556494
560623
540215
509433
507008
514606
526536
537217
546603
548022
537835
515364
509259
511004
521993
534072
542263
543818
520048
510332
509182
519117
534324
548185
552463
543773
519476
512182
513358
522897
535018
545654
551033
543464
509471
485853
479147
499977
527073
542237
538492
510400
505935
513262
525274
537746
549869
548117
533284
510331
508767
517420
532727
544404
554054
556799
522834
509894
504793
509638
524756
538697
548397
549362
527656
518008
515865
526496
545004
559717
565682
539332
523381
511243
508637
521910
544931
563441
563705
529757
519203
517329
527405
542659
556330
561382
538766
527897
519304
514495
519225
532051
546829
556348
533693
520022
511156
506517
503101
505816
515459
528754
517180
508584
508956
516979
525845
537394
550738
539761
520197
506929
500080
504574
522820
543525
559374
548199
530602
518038
512746
521134
537203
551517
549605
530541
514932
504287
504075
517954
542872
569932
555543
538290
529758
530578
538807
549156
561292
560226
545047
533229
531804
540139
553997
566094
572134
558078
543911
534717
531754
541792
558613
570046
561031
540981
523906
514201
515540
531001
549737
556937
540359
526227
519221
523308
536054
545886
553669
545186
533656
523872
519754
525648
536113
545697
539174
528873
523287
521989
522343
523762
534378
542334
534189
523963
518284
519015
524671
534170
544565
544042
532334
523985
519894
520540
525378
533786
542766
538661
534222
529753
525606
528236
540272
552246
556300
546450
535923
530799
533432
536022
533244
530912
525498
519946
524084
534144
546330
555466
547015
508888
508350
520034
536479
551821
556647
548006
531512
526563
541133
551853
562415
564691
555157
545077
534193
539409
545953
554218
557608
550583
538877
529904
535215
544301
554184
559101
550323
538451
529768
537309
548835
557829
563015
560732
554332
546745
541724
552683
560762
564446
561386
553790
544100
535229
543774
551364
557352
557989
551067
545636
540352
537622
551573
558158
559349
555445
550479
545158
540893
543517
551250
558143
558028
551787
542760
531672
528274
541701
551774
558504
553621
544801
537754
535281
545702
553897
558407
556562
548226
538458
531691
532854
548309
557453
562203
558086
552708
549417
546745
550922
559406
566950
568524
561603
552177
543231
538916
548450
555046
560976
561768
556122
546549
538218
541214
550449
558107
563012
562792
559985
552383
542895
538291
543559
548619
553026
553747
552858
547195
539346
543893
552444
559813
561883
553765
542881
536388
540810
550457
560361
568065
569095
562081
554405
544809
546521
553629
561546
567367
568435
562237
552511
536361
537822
547584
559403
568462
570376
561826
545259
542829
547130
555393
565844
572306
565420
549662
529468
531400
541108
551431
559936
565293
560999
541545
534874
536934
545357
554965
563289
566903
563681
546451
539148
536923
543389
553063
563729
571382
569232
541016
529821
524374
533436
551179
561020
565102
563594
