630150
628655
628224
628960
629675
632748
633316
632171
630967
632344
631873
629479
629836
630092
629081
628225
624706
623807
625138
629478
633630
640093
645190
652463
662831
672622
681971
699134
705591
710957
715263
720597
726863
732369
744873
751852
757965
762909
766526
769090
771816
775794
781831
783804
784940
785465
786883
787997
787538
783127
780818
779691
778514
776414
775118
775206
774945
772074
774070
776294
776803
776517
776599
776866
773266
772329
773378
773880
774128
774608
775465
775564
771069
771861
772356
772313
771728
771466
771142
769100
767739
769186
769351
769371
769712
770086
768821
766088
767383
768075
768375
768818
769388
767662
764201
765385
766967
767994
768632
769578
769663
767269
765853
766421
766656
766616
766834
767207
765079
762826
764516
765188
765354
765345
765251
763417
761363
762921
763539
763671
763986
764266
762618
760119
760338
761831
761901
762127
762849
762052
759398
759115
761547
761514
761483
761998
761570
758873
757957
759399
760797
760860
761441
761179
758702
757958
759417
760532
761296
761968
761472
759020
758331
759536
760321
760430
760600
759485
756376
753845
748654
741151
733847
721830
715740
709253
703447
698907
694625
690236
681551
676381
669455
663623
658981
653760
648527
643443
634981
628704
623055
620863
619151
617763
616751
615827
613252
610500
611042
611953
613006
614582
616333
614711
614910
620592
631644
645184
657925
669956
679795
697427
704497
712837
721295
728524
735580
743535
758800
765118
771168
775932
780119
786459
791872
794811
797764
799211
799338
796875
794079
793691
797983
807801
809817
809509
808567
808141
806325
804860
805859
809848
808381
807667
806102
802339
801061
802862
803942
803829
804117
803735
800462
798493
800250
801130
801096
801246
801774
801382
798894
798740
799629
803296
805680
808235
810454
809557
808855
810535
810851
808068
810510
812035
809389
808203
810707
811007
808077
806094
804028
800565
797566
798508
799848
798767
796404
796144
794018
791842
792974
795001
795999
795862
794882
792626
790496
791803
793477
793202
792626
791248
789075
788818
791171
792389
791518
790730
790627
787162
787654
788669
789011
788288
787692
787449
785094
786733
787449
787243
786990
786077
784328
784424
787002
786958
786855
786419
783912
783513
786185
787275
786805
786304
784088
783369
785444
787150
787315
785998
783610
783145
785465
786829
786951
787019
786418
783567
785871
786371
784327
783478
783319
781204
782150
783691
783141
783058
783611
781021
779168
782331
784231
785701
787203
785969
782975
784128
786452
786163
786044
785504
783146
782547
784554
785552
785660
785717
784878
782135
781755
783718
784521
784668
784530
783793
781128
780936
783111
784126
784533
784774
784222
781770
782469
785084
783304
771535
757854
748758
732928
725846
720017
714576
708618
702845
697326
682326
675351
669908
663880
657874
652467
647920
642557
633753
632440
630653
628653
626410
624608
620936
615030
614444
614126
614335
614499
614957
613213
611017
612337
613225
614741
618091
628298
641489
654233
682395
696309
710572
723115
733123
741488
750287
758920
772982
779208
783011
782853
779912
774568
769396
766043
761177
758398
756717
756351
755961
755867
755931
751960
752440
752846
753052
752907
752823
751862
749080
749213
749440
749785
749817
750384
750559
748030
747628
748509
748872
748888
749030
749219
747819
744832
746036
746474
746633
746820
747369
746610
743857
745870
746451
746581
746631
747065
746027
743131
743536
745723
745813
746120
746465
744375
742729
743991
744888
745185
745261
744381
742119
742875
744337
744570
744793
744313
741642
741753
743391
743955
744247
744337
741156
741444
743215
743769
744094
744404
744046
736995
729893
721487
712956
704837
696005
685100
675390
658371
651014
645321
639300
632216
628713
626042
621304
620078
616654
613927
614094
613896
614322
615052
612132
612532
613453
614069
615316
616692
620215
654024
673065
691783
709515
725134
739401
751701
763549
782271
786851
790818
795220
798815
797217
791619
790343
789153
786240
783275
781373
778747
775693
774497
773825
773148
772694
771507
768771
768022
769053
769285
768516
768839
767989
765227
764946
766163
766877
767240
767585
767803
765514
762724
763287
764211
764366
764926
765518
765406
762886
761078
762325
763324
763675
764055
764533
763920
760891
759804
761338
762263
762786
763114
763258
761510
758807
759834
761620
762389
762938
763554
762903
760234
760038
761249
761462
761101
761566
760851
758247
758311
759577
759824
759824
760031
758237
756245
757599
758929
759218
759121
758703
756204
756370
758042
758580
758932
759169
759314
755620
757175
758277
758533
758545
758617
757742
755873
757343
757809
758026
758069
757579
754937
754623
756253
756357
756460
756361
754178
753758
755572
756666
757047
756846
754233
753550
755159
755793
756076
756041
753488
753549
755063
755439
755662
755902
753469
753909
755214
755235
755309
755482
754543
750553
737239
729120
721493
714442
705592
694489
685895
677934
660262
652825
644059
636800
632751
628580
624989
619402
615204
614058
613903
614388
615882
617105
615283
615700
616041
616942
617687
616398
613662
613982
615020
615760
616721
616372
613473
613224
614115
614486
616371
617258
615768
613459
614624
615675
616907
622141
627013
629601
632163
637093
640934
644381
646297
645804
641310
639178
640336
640288
640154
639649
638732
637278
637261
638559
638390
638853
638330
638899
635015
634768
636108
636946
637619
638317
639703
639395
636338
637375
637965
638583
638947
639893
639278
634284
635165
635678
636282
636724
637456
637057
633825
634073
634815
635502
635817
636585
636791
633871
632381
633348
634176
634383
634661
634645
631455
629155
630651
631236
631781
632526
632488
629138
627881
630108
631292
632026
632817
631835
628220
627813
628906
630602
631348
632361
630651
627375
627581
628307
628952
630114
630770
628457
626290
627630
628700
629613
630814
630672
627255
625697
626328
626494
626789
627103
626531
623466
623261
623535
623667
623992
624432
622657
620989
621730
622171
622154
621503
620953
619829
616832
617821
618620
620056
621753
623713
623363
620603
621954
622768
623119
622991
623143
621357
618222
619172
619847
620937
622714
624788
623915
621375
627563
642011
659805
679209
699148
715544
728251
740543
761934
770640
778202
783767
787089
790496
793340
794318
794421
792707
790677
787420
783198
781106
781185
778240
778838
782229
787104
791118
794542
795794
797152
799544
800523
801358
800295
796807
795035
795931
796197
795494
795207
794763
791254
788560
789501
790889
791231
791442
791553
789133
785882
786602
788684
790167
790145
790038
788165
784794
784467
786439
787240
785872
783008
781264
779381
777425
776463
775309
772559
771795
770114
768064
768698
770393
770450
770080
769712
768156
766400
767972
769777
769965
769773
769080
766658
765809
768352
770122
770147
770019
769770
765772
766102
768599
768812
768394
768118
767461
765042
766753
767561
767836
767901
767560
765113
763964
767165
767242
767183
767167
765020
762960
764678
765984
763989
764702
764176
761912
762574
764631
765016
765256
765109
762377
760861
762787
764107
764892
765261
764142
761485
761774
763817
764485
764591
764699
762963
760348
761444
763253
763940
764315
764690
764840
760029
761465
762893
763288
764361
767390
768650
765593
765401
757156
746523
737162
730180
723750
717358
710599
710163
711060
711654
711478
710213
709788
709917
706100
705188
703367
699120
694621
690974
686351
673731
665608
658279
653744
649159
644319
640166
636290
631302
633969
638895
644682
649987
652724
651603
649412
647926
648946
651165
650199
647677
647717
647769
649373
650306
647037
645119
645635
646844
648078
651469
647751
645857
646343
649075
651754
654264
654508
653540
656853
658471
659473
661112
662398
661950
665275
666749
667516
668149
667003
664417
664590
665861
664811
664401
663841
661386
661202
662046
662084
662216
661172
657514
656081
656259
655860
655321
654356
649924
647918
647857
647266
646266
645163
644467
642178
638796
638938
639111
639015
639818
640675
640490
647250
650229
652985
655626
657300
656925
658680
661475
665474
665945
663533
658489
655163
654246
653609
651357
650367
646600
640496
633279
624354
617348
611522
584573
562660
550222
542770
539738
538463
537887
535963
536000
535889
535409
535309
536136
535795
533896
533435
533873
536848
539211
537477
533950
533379
534560
537342
538855
538743
537458
538592
541559
544568
549678
550740
551838
557028
564741
573593
585865
603051
641863
661493
679168
693196
705639
718388
729921
750423
759150
766031
771698
776905
781620
786665
790225
795389
796323
795306
793983
792197
792584
795468
796301
795649
795535
794121
792424
790942
788670
785318
785369
785131
784643
784484
784531
783113
779668
779110
779937
780070
779460
779366
778936
776221
773460
775165
775894
775990
775898
775921
773832
770894
771378
773548
773641
773642
773868
772121
769244
769671
771933
771845
771862
772035
770517
767823
768513
770425
771873
772960
767910
755152
744744
738612
733879
723925
719677
715562
709938
705360
702296
698714
694726
686293
679869
673543
669063
663725
657275
650785
638192
631118
627686
624941
622948
621448
619464
615147
614131
614108
614755
615742
613640
611566
612519
614507
615970
614943
612645
613456
614127
614997
616076
612074
611868
612678
613324
614246
614991
612682
610689
612378
613295
614327
615375
613126
610652
611330
612733
613809
614957
613991
610696
610531
611401
612037
614165
614584
611566
609876
611050
611867
613099
617251
621299
627153
638725
652208
665187
677527
689111
707148
716144
726442
735692
743525
749734
752520
741603
730873
718538
708338
699321
688546
677783
669000
652494
645302
638791
630234
624766
622543
620819
618982
617501
613449
612183
612452
612531
612829
613372
610711
609215
610137
610596
611335
611902
612834
608711
608738
609838
610510
611335
612164
612818
610397
609305
610066
610944
611642
612346
611380
608140
608046
610063
610979
611907
612211
609245
607772
608919
610485
611432
611988
609415
607526
608410
609172
610137
611508
609040
607100
608321
609296
610162
611262
611233
610547
612995
614486
615869
616930
616480
613074
609926
610336
610679
610918
611499
611031
607779
608498
608732
609562
609996
610325
608448
605869
606566
608250
609232
609956
610454
607899
606492
608382
610467
611326
611967
611133
607928
607617
608753
609274
610923
611963
612397
619236
633174
650021
669173
685550
692396
684177
683595
686644
690657
694349
695984
697704
700785
702471
703528
704050
702572
701070
700405
706566
723370
739118
750795
760893
769863
774730
779492
781226
783100
786788
789438
791929
793316
793032
791448
792427
792254
791727
790432
787446
784647
777408
775024
773170
771492
769347
766299
762982
758230
747259
742155
736128
730919
726151
721360
715212
711300
716798
721615
725668
728656
731118
732968
731040
728967
730700
731738
732708
733525
734165
732675
728899
730654
731614
732199
732872
733807
732739
728976
730168
731321
731753
731896
732477
731714
728294
727302
730345
730967
731388
732146
731729
728174
727010
730183
730710
730829
731277
730917
727680
726591
728550
729927
729827
730501
729267
726467
727323
728978
730236
730988
729386
725193
725374
725638
719059
710156
695827
687836
682355
678258
673893
670179
667229
657256
654801
653488
651300
648892
646894
643507
639721
638324
637263
636654
635855
633141
632187
632476
639959
637109
637705
638068
635417
635690
635724
635552
635051
631981
632745
633718
633717
633854
635093
631171
631573
632167
632858
633454
634134
633021
630435
631214
632131
636251
646039
657308
666434
676510
686747
703763
711052
716857
722255
728427
734640
740420
750751
752825
753820
755075
756046
754310
751836
748643
743714
742897
742558
741450
739665
736346
734158
734531
734605
735176
734820
731900
731156
732028
732254
732693
732572
729862
727338
727790
728619
729185
730045
729930
727209
725183
725712
726637
727318
727838
728829
725709
723586
724785
726222
727224
727657
728091
724996
722567
723406
724746
725765
726281
726875
723175
721238
722330
723273
723595
723869
724545
723299
719946
721673
722674
723562
724231
723684
719993
721009
721994
722219
722420
722066
718755
717701
719381
720711
720818
720378
717793
717983
719900
720711
721777
720486
717661
718998
720998
723171
724488
724014
719921
721634
721141
720016
720090
719580
717170
720038
720732
720799
720873
719853
717416
718627
720232
721169
721277
719317
717321
718858
719838
720130
720349
717112
715391
716973
717988
718200
715828
710783
698684
693714
688548
683566
679105
674450
667793
657846
652642
648391
645372
641152
635260
632909
631133
627659
626211
622194
618359
617333
616207
615893
616223
613246
613371
614072
614524
615362
616179
614137
614319
615273
617222
619647
621935
621570
622862
626035
632856
637001
641040
644837
652804
664837
680322
718437
736083
752621
768378
779830
787954
792544
794748
798842
799181
797849
795738
794128
793885
795178
800806
802255
802375
801662
800206
796814
793480
790296
785906
785416
784640
783941
785156
786823
787839
790397
790560
790046
789212
790257
795559
798759
801728
808652
813093
818975
822455
823960
826340
827740
823651
823081
820454
817619
816023
815607
813497
809530
808284
808746
808874
808206
808373
808350
805455
804904
809222
808809
808370
808852
808706
805286
802754
805749
806098
805863
805671
805060
803198
802359
804014
805664
805021
804823
804778
801434
799189
802457
805212
804700
805620
803957
800266
800011
802711
804244
805956
806303
805267
802135
801940
804202
804638
804308
804289
801734
799538
801311
802892
803065
802808
801066
797757
797311
799602
800617
801041
801292
799607
787996
775304
766521
758949
752279
745760
739166
729562
726362
722047
718054
714456
709765
703957
691705
682444
672047
662269
651521
643098
638575
633957
625384
620105
614697
613116
613267
615148
616549
614742
615162
617228
618951
620343
617943
614141
614476
615924
616398
614360
611997
612702
613238
613816
614476
611417
610855
611824
612267
612707
613609
613752
609657
610658
611416
612281
612723
613589
613019
609269
609770
610320
611097
611620
612503
612499
608963
607573
608071
608657
609122
609873
610224
607508
604699
606123
606847
607443
608162
608523
605752
603278
605464
606313
606982
607720
608139
605481
602912
604132
606358
607352
608516
609779
609922
614450
627261
656603
670660
683677
694708
702580
710561
721504
732182
747377
753039
758836
765548
772201
776799
779270
779129
776626
777259
776626
774861
772594
769115
766777
767114
765646
764925
762171
758994
758862
759644
760248
759886
757545
755032
755440
756248
756649
756287
755023
752892
750583
751227
752564
752476
752384
752464
753241
750173
747722
748237
748964
749715
749914
750115
747734
745483
746325
747571
748263
748514
748928
747933
745158
745544
747205
748167
748672
748879
748220
745016
744368
745606
746442
746938
747136
747588
744003
742939
744512
745513
745844
745887
746392
742797
741801
743464
744822
745351
745346
745792
745251
741012
742874
743895
744199
744115
744532
743971
741190
742995
743943
744119
744140
744532
743605
740323
741771
742617
742817
743021
743466
742030
739097
739494
742214
742278
742488
742931
740764
738817
740373
742690
743034
743298
741545
738835
739780
741657
742014
741854
739878
737764
738886
740200
740779
741109
739476
737307
738814
740285
740962
741690
741769
739827
737410
738459
739175
739904
740629
739458
736701
738799
739257
739316
739757
738996
736096
736327
737926
739064
739870
739601
736958
736901
738567
739362
740277
740184
737506
736591
738179
739167
739566
739716
738794
735808
736260
737787
738579
738964
739478
739789
735331
736546
738026
738670
738852
739423
739384
735198
736553
737726
738360
738609
739019
738512
735537
736072
737105
737416
737562
738200
737543
734912
736363
737189
737609
737947
738190
736076
734466
735933
737380
737443
738024
737355
734427
734325
736169
737545
737788
738180
736447
734304
735329
736443
736856
736470
735946
733564
733097
735029
736204
736755
737558
736286
733318
733405
734772
734402
729116
720611
703370
694344
687190
678898
667656
655452
644945
628158
621261
617316
613416
610311
608098
606747
604097
603619
606345
609758
613511
617445
618110
615634
621553
624823
629192
634165
638842
642049
645838
650026
656398
658465
659004
658347
658927
658499
656252
653858
647109
642442
639955
638610
637423
636079
634506
626938
624562
621589
618344
615214
612619
609110
605018
602211
602483
605851
612033
620936
631952
647098
682759
699370
715088
729311
741337
750572
759506
768498
780195
783712
784052
780763
777461
773534
770114
762603
759131
757843
759270
760136
760362
760389
758497
755765
756735
757132
757217
756671
754123
752896
754364
754571
754602
754356
751739
750249
751628
752558
752953
752876
750989
748783
749463
750556
750749
751010
750075
747207
747185
748730
749406
750145
750726
747362
746467
748497
749692
749979
750039
749641
746888
747473
748464
748731
749395
749492
747101
746406
748694
748643
748505
747924
745727
745779
747053
747429
748474
747204
745537
747146
748474
748609
748831
745848
745491
747574
748358
748590
748487
746686
744740
747398
747655
747340
746323
743718
743605
745731
747541
747499
745998
743879
745108
746668
747069
747563
745354
744027
745833
747012
747370
747652
747173
744031
746285
747223
747391
747508
746976
744407
743918
747325
751629
757550
760706
756943
755110
757470
757644
758261
757399
754826
754262
755583
755415
755240
751797
747964
747723
749209
749429
749040
748968
744819
744569
745820
745523
745621
746042
744906
742086
743401
744053
744224
744492
745182
743302
740281
740619
742549
742975
743650
744419
742651
739439
739261
741016
741173
741660
742559
741698
738559
738075
739559
740942
741450
742286
741585
738160
737253
738571
739747
739429
739581
739231
736307
735193
736390
737513
738397
738866
737905
734820
734760
736407
737120
737867
738352
737108
734046
733889
735195
735659
735675
736951
735688
733622
734658
735642
735637
735560
734956
732120
731922
732905
733130
733075
732973
732905
728706
729973
731346
731830
731856
731420
729132
728478
731090
731240
730925
731437
731803
729318
727990
728326
727997
728035
728715
727399
725404
725841
727359
720562
712480
704909
697002
688336
676973
661742
628715
616584
608255
603000
604852
611295
618141
623710
632873
635757
639394
643987
648227
652798
658117
665016
667461
670869
672972
673543
672830
668582
658809
643103
636310
630394
626078
621294
614479
609033
603547
601283
599761
601638
608722
620489
635574
651382
681911
695549
706095
713334
719866
726534
730457
715468
701347
687250
676727
668862
661707
653994
644310
618776
610663
606954
604338
602945
602322
601420
608684
625374
642500
659073
676955
694308
707353
720125
740698
747511
751588
745964
733058
720119
706847
694480
674751
664967
654856
646393
637945
628890
622014
608671
605223
604157
602847
602452
602167
599440
598126
615383
629439
644129
657441
668712
681404
694124
712974
720567
727051
733222
739397
741863
736451
725305
702718
693840
684986
675608
666521
655612
643910
628160
621912
617306
612684
605845
602719
601836
601011
601031
599929
596922
597276
599288
603543
611921
637480
647965
659859
671864
683040
693481
702606
710595
726065
732017
727123
714842
702518
689968
678001
661509
653128
644813
636600
626324
619016
614840
611213
606420
603719
599374
598589
598740
598984
601051
620230
634285
648910
661940
673258
683920
693731
701109
716617
721950
718842
707074
693282
679662
668162
658594
642440
634574
624450
617410
613770
610505
608046
602784
599741
601403
603471
604815
605293
603241
600501
604441
608674
621111
638521
653746
669081
683185
704411
710749
715471
717728
711099
698615
686023
672692
649690
641342
633883
627509
620203
612362
608767
605254
604563
603146
599660
599260
599952
600506
601171
600347
597806
598487
599263
599770
600331
601235
596902
597788
598624
599154
599749
600638
598549
596560
598247
598865
599597
600644
598422
596482
597613
599145
599909
600664
598384
596901
597984
598913
599775
601108
598126
597384
598579
599365
600388
601419
598275
598040
599043
599816
600636
601698
601129
598214
599433
600320
601250
602244
600781
597220
597528
598719
600693
601964
600634
596755
597281
598869
600266
603636
603112
600153
600350
601328
602071
602894
604191
601004
600469
601553
602303
604287
606782
607167
602949
604267
604276
604900
605716
606158
602982
600285
603630
604425
605309
606080
606766
603506
600863
602517
603509
604067
604583
605787
604973
601192
600800
602612
603643
603912
604846
604840
601508
600106
601185
602008
602278
603180
604230
602083
599888
601074
603244
603805
604491
605366
603446
599990
598222
598264
599990
601745
603755
602988
599377
599110
600018
601228
601669
602597
601760
599056
599361
600493
601879
602201
603082
602442
599124
598352
599423
600542
603164
603919
603442
600560
599468
601147
602571
604441
607357
608601
608238
613258
625641
640923
656447
688770
704719
717298
727416
737062
746315
754885
763003
771827
773265
774259
772179
766175
759009
750769
730181
720362
710864
701475
693416
686077
677545
668641
656301
648338
638560
629552
622183
613252
607480
603868
603021
602200
601759
601628
599292
596866
597003
598571
602961
612334
625894
639836
651826
664658
688999
700196
709921
718221
724082
729240
736029
742077
742283
732529
719932
706791
696877
688231
678758
658347
644730
633771
626724
620620
615616
611930
608465
600388
600134
599765
599941
600424
600056
597388
605066
617388
631897
646079
658721
669748
682218
694876
713795
721270
726402
730797
735906
738898
734612
724840
700114
689407
679876
669092
658748
648904
637261
623187
617443
612878
609712
604681
600638
600503
600202
601140
600168
597192
597682
599261
601967
607411
624384
638136
654715
668348
680672
692705
702253
710923
722970
719322
710403
699570
689033
679121
669061
649287
639980
629020
621518
616979
612855
609653
607518
599620
599021
599051
598921
599127
599759
598881
596679
597663
598231
598831
600572
605891
615171
629205
657062
668459
678729
688175
695441
702359
710530
722380
725675
722583
710702
697302
687771
679371
670551
651185
639672
630940
623860
617452
612509
609129
599160
598451
598043
597772
597908
598214
595626
594071
595991
596797
598005
600239
602935
611198
623907
636514
659768
670396
678722
687661
698201
707492
716601
717590
704494
691462
680154
668195
656422
646174
636086
618039
613519
609543
606490
604561
601259
597177
596921
597073
597452
598145
596236
594145
595134
596054
600303
606854
614926
625720
638186
650206
661106
678859
685048
691846
697918
698671
692218
681538
669053
649523
641736
634077
627698
622079
614481
609681
605289
603925
603415
601961
598428
597858
598272
598488
600034
599827
597049
597493
600281
606409
616086
637439
645686
655543
665344
673442
679884
684040
686231
687904
684973
678268
668952
655791
639999
627429
620448
611932
610720
611357
609900
610034
611037
610551
612002
612223
612058
613084
612380
611761
613121
614059
610624
613448
616180
621498
633106
648858
666376
711230
731504
745458
750791
747942
740954
732454
720435
694862
681679
671341
664395
659299
655301
652443
647712
647233
646473
645201
643379
640309
636876
637070
637643
636510
633888
631741
632986
635850
641233
657774
667690
679353
690049
698725
706192
710840
711432
701407
694079
685081
674068
662651
653395
645480
630313
624342
617658
609144
605002
603347
601667
600417
599488
597409
598025
599697
600163
600847
602362
599272
599052
598602
597653
597494
597989
596302
594106
595859
596513
597157
597450
597488
606900
621827
635991
661844
672988
684089
696290
705731
707823
700098
671222
659052
648282
638148
630219
623370
614746
609239
603506
601595
600472
597202
595165
595646
595657
596734
595742
593372
594361
595225
595735
596532
597279
596992
607594
621955
635835
649620
662619
673390
697455
707207
711318
705211
692053
679800
669451
658488
639290
631807
623514
618039
614012
610638
608033
603004
598780
598843
599098
599375
599756
600522
599155
597246
598171
598874
599654
600724
600544
598131
609874
621239
633778
646314
657994
667194
676787
687576
698246
695124
686000
673817
662507
653258
644421
630033
624807
618116
613492
611438
609718
608561
607798
604073
602484
602986
602855
602905
603096
603805
601818
600150
601018
601757
602093
602949
602770
599480
600033
600914
602033
602961
603887
601418
599374
600600
602719
603538
604514
603733
600442
600237
601598
603353
604067
605052
603055
600002
600543
601384
602490
604351
604091
600794
599966
601052
601871
602791
604235
601361
599485
600666
601667
602931
603743
604661
599975
600587
601063
602008
602963
604109
603525
599693
600460
600699
601457
602378
602858
599960
598455
600271
601240
601677
602673
601209
597841
598036
599595
600532
601869
602416
599063
597623
598662
599408
601023
601837
599307
597097
597957
598480
599592
600815
600304
597768
598462
599300
600195
601012
601930
597882
597647
598857
599782
600756
601516
601728
598528
598054
598819
599747
600461
601591
600807
597443
598655
599622
600520
601275
602216
600265
597125
597557
599184
599843
600633
600990
597944
596217
597192
599014
599870
600960
600235
596635
596001
597172
598087
600086
600945
598235
596062
596895
597623
598673
600450
599543
596008
595639
596535
597241
598117
598918
597246
595037
595988
596833
597819
598566
599579
604727
615526
632161
649501
665715
680886
695532
708309
728253
738531
746689
753863
759742
763241
764085
761058
755381
750611
743792
731913
717925
705827
695923
678703
669006
656648
644719
636324
628898
622149
616543
607576
602919
601586
600629
599811
599894
600160
597870
597226
598162
598443
598519
599353
602216
603346
604556
606920
608802
609806
611978
620658
636356
663488
666116
660493
654997
653767
652327
651189
651579
649270
648393
648353
645702
644237
645185
645813
646753
646468
643231
642247
642985
643395
643767
643969
639616
639469
640788
641577
641945
642567
641974
639213
640636
641222
641849
642776
643774
651874
667745
707619
727832
746202
761818
773349
780955
783621
781079
781840
780502
780739
779933
773483
765189
756802
739464
732575
725689
719012
712513
706419
701587
693027
689564
686888
683992
682538
683046
683282
683816
684479
682428
682076
684357
685697
685964
686398
686878
681930
681565
683272
684355
685242
686065
686770
682436
681964
683765
685129
685855
686230
686749
686960
682148
682654
683747
684710
686109
687644
688522
683300
681648
677559
668732
658016
647201
638024
630995
615976
612061
607255
601724
596439
592254
590896
583605
583815
583693
583528
584214
585381
583984
583426
598555
612863
629117
643977
653943
662330
672947
693318
702545
707311
705222
701417
699622
698788
698088
693875
693111
694239
694718
694604
693454
690722
691411
692319
692667
691472
688380
687599
689181
690034
689723
687051
685495
686522
687744
688591
689072
686462
685644
687622
691733
699456
707025
717197
731272
753344
763285
769246
771390
772834
775202
775289
771375
758396
751721
745818
740467
734186
726031
718701
705807
699637
693897
688528
682642
676419
671572
667742
661296
659352
658102
655584
653887
655085
656131
655965
655936
655192
653075
652522
653444
653923
654073
653986
652995
650597
649737
649982
650071
650157
649465
647337
644429
643385
643474
643328
643044
643074
639898
638337
638949
639576
639295
638793
638366
634127
634599
634792
633520
630651
626170
621179
614336
607507
604761
601939
599706
598127
593753
590555
590229
589819
589670
589865
587404
585337
586488
587160
588889
589551
587218
586961
593375
603719
616050
641446
651583
662607
674345
685139
695242
704055
710987
725034
733640
739621
739821
730449
715897
703605
693818
675722
666347
655879
647385
639842
631995
624836
609690
603018
600131
597708
595915
594948
593677
589747
588868
589347
589857
590464
591045
588584
587443
589793
590576
591117
592305
592754
592069
596620
603016
609165
611291
613740
613794
614068
617101
619578
622612
623952
623836
622057
622068
621172
618447
615552
609883
605470
604137
604040
603611
603255
603273
599250
599176
599293
599415
599895
600094
597422
596254
598965
600089
601347
601037
598479
599314
601346
603218
603634
601948
599291
600057
600907
601567
602187
602469
599687
600290
601298
602040
602839
603582
599768
599031
600376
600917
601763
602429
603176
600921
598807
599707
600444
600863
601596
601015
597176
597274
597779
598463
598949
599829
597726
595190
595966
597592
598228
599088
598433
595566
595968
597514
598549
600254
600687
597616
595323
596183
596910
597826
599770
599003
596438
598449
604821
616076
630982
647191
679254
695070
710700
724521
737265
748906
758699
772626
777093
775916
774574
773312
771027
768536
766636
765079
765734
763993
760895
759974
759469
757818
756583
755042
753316
752874
752736
752381
752043
751913
748233
746634
746487
746051
745644
745476
745847
745360
742301
741051
741650
742129
741974
741564
741191
739105
737339
737581
738354
738796
738696
738491
737576
735349
735055
736197
736831
736937
736877
737135
734284
732895
733521
734186
734090
733557
733732
731866
730344
730969
731653
731690
731529
731705
731722
728120
728793
729738
730147
730223
730532
730830
728923
727450
728494
728851
729516
730587
730630
728190
728941
729526
729689
730010
729660
727184
726119
727696
728617
728804
728898
727024
725894
727383
728310
727611
727963
726712
724949
725848
726887
726810
727046
726294
724285
725288
726658
727303
728054
728773
725480
725467
726852
727279
727610
728029
727927
725590
725786
726867
727412
727614
727680
725702
723880
726176
726816
727375
727750
726792
723676
723460
725123
726656
727191
727365
725129
723830
725089
726009
726617
727249
726198
723749
723979
725484
726246
726599
727042
724296
722924
724230
725121
725337
725661
726269
722386
722873
724219
724811
725210
725693
725843
721786
723018
724012
724531
724868
725282
724403
721690
723178
723642
723942
724182
724396
722770
720576
722729
723233
723285
723750
724178
719947
713086
706936
692828
685839
678751
671175
660577
650236
642225
624698
617580
612115
606811
600035
596783
595348
593806
592388
591956
589208
588144
589215
589975
591201
593699
592876
591427
592829
594032
594905
595522
596171
593404
591511
592464
592951
593826
594478
595336
591596
591675
592537
593021
593429
593623
593855
591229
589622
589994
590865
592017
594263
595982
599144
619489
630202
640231
649634
658125
665381
673730
682678
698728
706037
711605
715784
721053
725465
721818
699006
687276
677667
670552
663853
657396
651191
643555
628697
623000
617479
612394
608313
602629
597109
595028
592393
591413
591108
590699
587505
585952
586590
587441
588306
590131
593177
596012
600537
609459
619499
638750
647461
655565
662099
668006
675896
684992
701000
707861
712061
707433
695691
685612
677081
668374
651952
642201
632894
626355
619936
613321
607648
596742
591260
589673
585501
578850
577180
578507
578386
586452
594686
606703
618480
628427
636802
646350
663792
671945
679449
685476
692518
700258
706555
711036
701729
692944
689275
685324
680376
677067
677021
678022
679870
681512
681097
678426
677351
678516
679478
680031
676856
674882
675881
676733
676769
676935
674306
673270
674704
676177
677324
678119
678702
678460
676917
678587
679624
679905
679445
679565
678788
676137
677591
678481
679038
679473
679713
678285
676611
678586
679277
679039
678938
679265
676899
674279
675046
676597
676534
676995
677121
674218
672711
673952
675424
676267
676680
674359
672638
674008
674699
674409
674821
672234
670715
672177
673238
674059
674780
672045
671625
673538
674871
675362
675631
674298
671518
674181
675202
675954
676531
674777
672553
673391
674890
675087
675503
673458
671601
672783
674006
674785
675618
673573
671056
672118
673082
671341
666466
652521
642545
634730
628087
620848
613268
606642
601706
591368
590582
590112
590561
592159
594246
592465
591356
592703
594491
596126
596698
595503
603630
618465
643731
655098
664901
673175
682800
693057
701817
714426
716952
717661
713219
702816
693342
684676
675784
661369
654950
647641
640607
631999
622766
615979
610022
600178
596026
589952
587467
587088
586645
586712
586228
584103
588581
597733
608047
618672
629256
638041
653971
662129
669754
678049
685754
691175
695806
705913
706527
700530
689020
676554
666945
658724
649808
633284
624462
615306
609731
605394
601637
598772
592041
588323
588384
588014
587708
587872
588136
586224
589984
592778
597322
604546
613584
622074
635426
660224
669073
677017
683734
690653
696795
699772
696158
678581
669066
660815
653804
646779
639992
634106
619079
614220
610259
606271
603002
600686
596076
591637
590486
590490
590733
590928
588210
586784
588725
600511
609667
618603
624498
631434
640560
648586
655745
668097
671515
675617
681427
686271
689293
688930
674158
667851
663489
658750
653694
648318
641862
634190
627771
624938
621971
619529
615948
611234
609059
607015
602424
600546
597532
592623
590826
590404
590122
592081
595740
602161
614164
627118
639021
649251
658668
673409
681659
690249
696545
701788
703783
696816
676503
668978
661220
653287
644546
634722
627295
621453
611060
607180
602010
596608
594664
593441
592424
591108
587836
585253
585652
585990
586525
587044
588110
584325
584770
586036
586932
588148
588873
589845
587677
588391
589458
589775
590292
591204
592747
591925
594294
598705
603488
609591
617270
626720
634679
651355
659062
666182
672277
676503
678284
679709
679330
667305
658911
650208
640761
632675
626324
619813
613592
604146
598210
595147
593719
592295
591477
591118
586768
586842
587614
587899
588394
589219
588009
585561
588971
589454
589947
590609
588225
587077
589396
591042
592556
593269
589751
587889
588755
589486
590471
590258
587155
587565
588628
589723
590976
591993
588169
589699
590379
590743
591379
591580
588113
586762
589255
590199
591624
591928
588599
588158
589446
590574
591521
590954
587364
587356
588886
589726
590503
590716
587474
588153
589737
590804
591893
593330
598795
611125
626911
643427
659278
674643
689360
700625
723470
733548
742588
749736
754081
754876
752423
731607
718814
705783
693126
682342
673838
666548
659072
642340
630098
619630
612755
606136
600599
596796
590726
587206
587562
587532
587300
587112
587506
590509
614655
631745
647337
662032
677830
693058
704831
715347
733159
738236
741452
736631
722036
706114
692887
669993
659276
648584
635296
623427
615346
608972
603393
595376
588910
586193
585970
585038
584813
585205
581135
581400
582474
583784
588963
601219
615682
629180
658242
670892
682210
691800
700306
708622
718330
734338
735390
723817
707257
694773
684051
673248
662983
639244
629695
620887
612888
607027
601106
593519
588333
586803
586258
585630
582478
581179
582354
582765
584915
584155
581258
583260
591235
603928
617418
639713
648456
659304
670130
680006
689608
697938
704618
705483
691989
679397
667955
655452
643375
633915
617105
610319
604266
596611
592391
590949
590141
590610
591959
589516
589827
590250
590773
591768
592621
589697
596360
609089
623921
639133
653633
666243
677641
700510
708658
714872
719627
722887
726988
733977
741830
755906
758202
754779
753857
755112
755725
756042
752238
749357
749555
749809
748686
747223
745611
743242
741626
741166
740920
740684
739594
736755
735709
735304
734075
733880
733573
731044
729287
730299
731252
730810
730754
730135
727467
727268
729082
729719
729455
729744
728492
725822
726299
728172
729324
729461
728861
726568
724306
725397
726913
727296
727182
726756
723578
722854
724859
726030
726481
726499
726507
722344
723506
724876
724938
724654
724975
724200
721657
723779
724445
724413
724416
724138
721487
720555
722377
722313
722366
722923
721315
719594
721555
722849
722556
722621
722088
719699
720136
723224
724422
724172
724542
722401
719838
720905
722410
722223
723719
727687
728892
729402
732753
735498
736266
735794
736568
735611
736961
738225
738172
737706
736511
735953
732082
733137
734087
733372
732886
733046
731959
728729
730554
730920
730902
730698
730455
728488
726317
729110
728303
727484
727138
726498
723003
720749
721295
722671
723546
722355
719664
718125
719329
720450
720325
720436
719001
717804
718989
719728
719521
719050
717377
716282
717836
718879
718262
717681
717086
714222
715768
716837
716788
716638
716308
714248
715103
715627
715334
715363
715262
713044
712270
713803
714981
715214
715423
713065
711367
712603
713554
714195
714710
714046
711614
711994
713673
714438
714785
715120
713470
710966
711853
713356
713890
714025
714471
712221
710443
711886
713067
713545
713655
714148
711500
709701
710882
712058
712943
713150
713654
710825
709543
710903
711886
712422
712652
713380
713198
709065
710451
711600
712308
712599
713120
712626
709579
710363
711197
711539
711606
711881
710652
708341
710536
711365
711765
712107
712170
710026
708275
709566
711071
711198
711400
710841
708118
707552
708731
709267
709700
709478
703887
695197
687628
680362
672285
655938
647326
636276
627087
620773
615500
611350
604492
600256
596230
595565
595196
594771
594647
594847
591668
591836
593131
594516
596484
598989
602963
615700
627041
639532
652614
665673
678688
691033
702013
726113
736305
745353
752377
754827
750313
740284
714851
705531
697287
688253
680565
674598
668549
661674
643861
632688
625138
619045
613452
608913
605355
594850
593749
593191
593033
593036
593381
592401
589667
598944
610133
622801
635379
647016
655835
664371
686269
696381
706240
714479
718752
721462
727756
734799
727309
714956
702094
692247
685590
679599
673207
666842
649968
642087
634616
626765
619762
614024
606479
597732
596144
595047
594580
593182
589788
589579
590646
593622
596910
599933
607109
618182
629281
640771
661877
671512
682306
691184
698243
704894
710645
716155
725971
727539
724358
716466
706443
696036
687144
671989
663340
654811
648192
641549
634899
628526
621281
607312
604619
602065
600167
599173
596832
592801
592784
593011
593929
595134
595159
595716
605380
618907
643286
653717
661997
668184
676560
686918
695912
711215
715252
714064
707842
699686
691122
682494
674157
655417
647742
640930
634426
628446
623220
616727
605657
603694
602014
600780
600305
599046
595372
594533
595331
595870
596377
597238
595549
595462
603232
624773
634811
644441
652479
657675
663513
669672
675236
687605
692794
695320
699444
703808
700874
690402
680227
661632
654557
648861
642750
636508
630919
624941
612911
609757
607110
605178
604130
601743
597787
597147
597377
597598
598148
597404
594715
596197
601438
620699
630677
640422
647951
655701
663558
669879
675763
686390
690014
694576
700425
705489
707784
702983
679627
669249
660219
651534
643291
635794
629071
620994
611557
608483
605979
604103
602476
598516
596551
596710
597102
597682
598213
595926
594535
595865
596864
599824
605074
612859
621269
632304
643887
654498
673896
683122
689974
696518
703689
709274
709241
699860
671027
659014
649387
640883
633460
627584
623042
610336
607819
605901
604598
603803
603348
600385
596903
596760
597357
598036
599002
597353
594987
595847
597533
598431
599308
598085
595510
596007
597011
597873
599594
598575
595497
595707
596846
597827
598866
599563
596303
595711
596790
597589
598631
599655
599387
595922
597105
597979
598966
599897
599764
596778
596275
598243
599354
600319
600456
597549
596654
597547
599309
600230
600554
597921
596722
597878
598618
599888
601553
598569
596552
597587
598325
599293
599983
599601
596679
596797
597572
598450
599462
600289
600238
596231
597412
598264
599513
600465
601383
599128
597783
598817
600246
601356
602389
601895
598661
598095
599723
600818
601556
602359
600356
597599
598067
599788
600775
601665
601841
598734
597122
598047
598634
600496
601478
600885
597797
597340
598236
599028
601078
601914
599958
597328
597982
598878
599877
600730
601354
598507
596277
597591
598037
599108
599982
600112
596606
596694
597876
598240
599614
600549
600735
596685
598103
598743
599375
600096
600486
597754
596798
598000
598890
599883
600827
599349
596269
596500
597809
601639
612698
629213
647058
665049
683710
702439
733696
743314
739445
718788
698541
683257
667840
642029
632801
622951
615386
612160
609303
607205
605722
603025
602444
607216
613685
622459
634544
648630
672534
682984
693915
703026
711956
721002
723564
718321
708702
703871
696499
689575
683988
675263
664891
650441
642795
635055
629248
622521
617265
615984
615534
615218
616039
616872
620997
631947
644338
657267
680614
691115
700180
711009
722965
732040
737316
736637
712027
702369
694773
686210
677003
669079
661276
640564
632092
625194
619143
614990
609539
604018
603088
601823
603951
609512
615908
625595
637543
648508
665879
672906
678017
684037
690384
695575
699822
702642
707496
710759
711937
707974
699374
691021
685158
679230
674350
667062
657725
648627
642400
637050
631548
620934
613028
607436
605308
603539
602372
601779
596910
595323
596292
596838
597669
599497
604985
611561
629046
638543
647798
656389
665029
674239
680491
684905
694804
698885
701860
701099
693870
684450
676705
661547
653162
645068
635636
628509
624387
620764
617486
612372
607699
603168
602188
601620
601380
601252
600141
598396
604828
616828
628311
638630
648401
656633
669193
676587
683145
689552
695866
700599
703455
710580
713208
710756
701651
689760
678790
670047
662305
647974
641864
634201
628252
624723
621579
618518
612720
607241
604468
603708
603109
602891
603565
604662
614029
623750
632543
641043
649826
658106
664683
679530
686498
693088
698358
700051
694503
685010
676435
659508
651261
642579
632539
625472
620480
616099
609507
607438
603064
599705
599308
598842
598580
598514
597486
595638
597253
598701
600076
602074
605402
615404
622786
627736
628616
629295
630339
630931
627243
626918
