0.000000000000000000,999.000000000000000000,0.000000000000000000
1.000000000000000000,999.000000000000000000,0.126000000000000001
1.000000000000000000,999.000000000000000000,0.219000000000000000
1.000000000000000000,999.000000000000000000,0.340000000000000024
1.000000000000000000,999.000000000000000000,0.431999999999999995
1.000000000000000000,999.000000000000000000,0.519000000000000017
1.000000000000000000,999.000000000000000000,0.632000000000000006
1.000000000000000000,999.000000000000000000,0.723999999999999977
1.000000000000000000,999.000000000000000000,0.851999999999999980
1.000000000000000000,999.000000000000000000,0.937000000000000055
1.000000000000000000,999.000000000000000000,1.034000000000000030
1.000000000000000000,999.000000000000000000,1.149000000000000021
1.000000000000000000,999.000000000000000000,1.243000000000000105
1.000000000000000000,999.000000000000000000,1.364999999999999991
1.000000000000000000,999.000000000000000000,1.449999999999999956
1.000000000000000000,999.000000000000000000,1.534999999999999920
1.000000000000000000,999.000000000000000000,1.657999999999999918
1.000000000000000000,999.000000000000000000,1.741999999999999993
1.000000000000000000,999.000000000000000000,1.866000000000000103
1.000000000000000000,999.000000000000000000,1.965000000000000080
1.000000000000000000,999.000000000000000000,2.052000000000000046
1.000000000000000000,999.000000000000000000,2.169999999999999929
1.000000000000000000,999.000000000000000000,2.262000000000000011
1.000000000000000000,999.000000000000000000,2.387000000000000011
1.000000000000000000,999.000000000000000000,2.475000000000000089
1.000000000000000000,999.000000000000000000,2.560999999999999943
1.000000000000000000,999.000000000000000000,2.685000000000000053
1.000000000000000000,999.000000000000000000,2.770999999999999908
1.000000000000000000,999.000000000000000000,2.892999999999999794
1.000000000000000000,999.000000000000000000,2.970000000000000195
1.000000000000000000,999.000000000000000000,3.065999999999999837
1.000000000000000000,999.000000000000000000,3.185999999999999943
1.000000000000000000,999.000000000000000000,3.278000000000000025
1.000000000000000000,999.000000000000000000,3.399000000000000021
1.000000000000000000,999.000000000000000000,3.491000000000000103
1.000000000000000000,999.000000000000000000,3.577999999999999847
1.000000000000000000,999.000000000000000000,3.701000000000000068
1.000000000000000000,999.000000000000000000,3.794999999999999929
1.000000000000000000,999.000000000000000000,3.915000000000000036
1.000000000000000000,999.000000000000000000,4.004999999999999893
1.000000000000000000,999.000000000000000000,4.097000000000000419
0.992229635975335977,999.000000000000000000,4.214000000000000412
0.975916697836604285,2.000000000000000000,4.296999999999999709
0.962196179283739017,2.000000000000000000,4.418999999999999595
0.954560262551429561,2.000000000000000000,4.512999999999999901
0.950881922527331724,2.000000000000000000,4.596000000000000085
0.952191921786148754,2.000000000000000000,4.732999999999999652
0.959872654282577287,2.000000000000000000,4.812999999999999723
0.970866305957221565,2.000000000000000000,4.929999999999999716
0.973868962153086493,2.000000000000000000,5.025999999999999801
0.963744046829025258,2.000000000000000000,5.112000000000000099
0.946145240996769887,2.000000000000000000,5.227999999999999758
0.935120563023890350,2.000000000000000000,5.323999999999999844
0.927756988242757430,2.000000000000000000,5.435999999999999943
0.925257647551591900,2.000000000000000000,5.535999999999999588
0.928522303599221388,2.000000000000000000,5.621000000000000441
0.939226376490338133,2.000000000000000000,5.748000000000000220
0.954139683842019526,2.000000000000000000,5.818999999999999950
0.957414681989058325,2.000000000000000000,5.942999999999999616
0.944752504942661719,2.000000000000000000,6.041000000000000369
0.932838406420375410,2.000000000000000000,6.137999999999999901
0.922896201519255222,2.000000000000000000,6.246000000000000441
0.914981048102827321,2.000000000000000000,6.346000000000000085
0.909761735266387594,2.000000000000000000,6.464000000000000412
0.909744498434033932,2.000000000000000000,6.557000000000000384
0.919500545545743231,2.000000000000000000,6.642000000000000348
0.907686420651104164,-1.000000000000000000,6.764999999999999680
0.829024412525661392,-1.000000000000000000,6.847999999999999865
0.723583261656839838,-1.000000000000000000,6.961000000000000298
0.603439092791040688,-1.000000000000000000,7.049999999999999822
0.472232324921185054,-1.000000000000000000,7.150999999999999801
0.334168745141367518,-1.000000000000000000,7.269000000000000128
0.206309370114435175,-1.000000000000000000,7.349000000000000199
0.134283542444836090,-1.000000000000000000,7.482000000000000206
0.068938710995202213,-1.000000000000000000,7.559000000000000163
0.005486483737908054,-1.000000000000000000,7.658999999999999808
-0.057641691071148471,-1.000000000000000000,7.772999999999999687
-0.120045918921387829,-1.000000000000000000,7.876000000000000334
-0.182174357453981028,-1.000000000000000000,7.980999999999999872
-0.243427164903051274,-1.000000000000000000,8.089000000000000412
-0.295072161998645721,-1.000000000000000000,8.169999999999999929
-0.340835951895448797,-1.000000000000000000,8.292999999999999261
-0.382107823281101266,-1.000000000000000000,8.382999999999999119
-0.415257699262091662,-1.000000000000000000,8.502000000000000668
-0.440209737776068311,-1.000000000000000000,8.586000000000000298
-0.458797937785377696,0.000000000000000000,8.675000000000000711
-0.472590851034122572,0.000000000000000000,8.801000000000000156
-0.482826082085242692,0.000000000000000000,8.888999999999999346
-0.484966896663465930,0.000000000000000000,9.009999999999999787
-0.485242685981112309,0.000000000000000000,9.102000000000000313
-0.485001370328173254,0.000000000000000000,9.185000000000000497
-0.482677845327008970,0.000000000000000000,9.304999999999999716
-0.474628244618231276,0.000000000000000000,9.388999999999999346
-0.456850175729504704,0.000000000000000000,9.525000000000000355
-0.431663716295528577,1.000000000000000000,9.615000000000000213
-0.398431103519244489,1.000000000000000000,9.698000000000000398
-0.355194233245367696,1.000000000000000000,9.814999999999999503
-0.282789195264007698,1.000000000000000000,9.909000000000000696
-0.199080242625652049,1.000000000000000000,10.028999999999999915
-0.107866373180869335,1.000000000000000000,10.125000000000000000
-0.012887979550222917,1.000000000000000000,10.208999999999999631
0.085341280662169172,1.000000000000000000,10.333000000000000185
0.184970171661614113,1.000000000000000000,10.407000000000000028
0.261680970364713827,1.000000000000000000,10.529999999999999361
0.336961111982525985,1.000000000000000000,10.618999999999999773
0.406801309309782866,1.000000000000000000,10.710000000000000853
0.470884404631190856,1.000000000000000000,10.846999999999999531
0.531985527955555426,1.000000000000000000,10.929000000000000270
0.592445441116393967,1.000000000000000000,11.060000000000000497
0.654573879648989498,1.000000000000000000,11.146000000000000796
0.703536825630482143,1.000000000000000000,11.227999999999999758
0.739558357881454853,1.000000000000000000,11.348000000000000753
0.777462152225360636,1.000000000000000000,11.435999999999999943
0.815234946643386360,1.000000000000000000,11.570000000000000284
0.847212718024381806,1.000000000000000000,11.653000000000000469
0.875591438810107814,1.000000000000000000,11.737000000000000099
0.906648763343463671,1.000000000000000000,11.862999999999999545
0.942263506350910163,1.000000000000000000,11.948999999999999844
0.966981123944889553,1.000000000000000000,12.077999999999999403
0.980032853402463822,1.000000000000000000,12.162000000000000810
0.992529556858277928,2.000000000000000000,12.250999999999999446
1.000000000000000000,2.000000000000000000,12.372999999999999332
1.000000000000000000,2.000000000000000000,12.461999999999999744
1.000000000000000000,2.000000000000000000,12.583999999999999631
1.000000000000000000,2.000000000000000000,12.670999999999999375
1.000000000000000000,2.000000000000000000,12.762999999999999901
0.993574400302699168,2.000000000000000000,12.872999999999999332
0.988415677517328950,2.000000000000000000,12.983000000000000540
0.983523843468068648,2.000000000000000000,13.087999999999999190
0.981510353762709675,2.000000000000000000,13.183999999999999275
0.981584677208208634,2.000000000000000000,13.269999999999999574
0.988179193827100733,2.000000000000000000,13.391999999999999460
1.000000000000000000,2.000000000000000000,13.476000000000000867
1.000000000000000000,2.000000000000000000,13.612000000000000099
0.989822225739798389,2.000000000000000000,13.689999999999999503
0.980469585395466581,2.000000000000000000,13.788999999999999702
0.973902193003874705,2.000000000000000000,13.888999999999999346
0.969961757568919669,2.000000000000000000,13.990000000000000213
0.968974964763413160,2.000000000000000000,14.102000000000000313
0.973353226357806856,2.000000000000000000,14.205999999999999517
0.990458757617752594,2.000000000000000000,14.285999999999999588
1.000000000000000000,2.000000000000000000,14.403999999999999915
1.000000000000000000,2.000000000000000000,14.496000000000000441
0.990934712789718564,2.000000000000000000,14.621000000000000441
0.983963483396273597,2.000000000000000000,14.708999999999999631
0.981257678352048579,2.000000000000000000,14.807000000000000384
0.980709794846197580,2.000000000000000000,14.912000000000000810
0.982303026636216048,2.000000000000000000,15.007999999999999119
0.992181735984014601,2.000000000000000000,15.130000000000000782
1.000000000000000000,2.000000000000000000,15.210000000000000853
1.000000000000000000,2.000000000000000000,15.298999999999999488
1.000000000000000000,2.000000000000000000,15.425000000000000711
0.987798860814111279,2.000000000000000000,15.522000000000000242
0.970805503503293199,2.000000000000000000,15.632999999999999119
0.960650703645773207,2.000000000000000000,15.733000000000000540
0.951982619584384349,2.000000000000000000,15.820000000000000284
0.950513602785825418,2.000000000000000000,15.938000000000000611
0.957398512841726834,2.000000000000000000,16.024000000000000909
0.974509018745451927,2.000000000000000000,16.158000000000001251
0.989995641621846723,2.000000000000000000,16.239999999999998437
0.994827467959282341,2.000000000000000000,16.332999999999998408
0.986778848812950304,2.000000000000000000,16.439000000000000057
0.970256834578530514,2.000000000000000000,16.538000000000000256
0.957969305513459934,2.000000000000000000,16.660000000000000142
0.954208268529193271,2.000000000000000000,16.745999999999998664
0.952916241706360356,2.000000000000000000,16.836999999999999744
0.957942757017100410,2.000000000000000000,16.961999999999999744
0.973796634093136548,2.000000000000000000,17.050000000000000711
0.992402705291780096,2.000000000000000000,17.170999999999999375
0.999057528379236448,2.000000000000000000,17.259000000000000341
0.986725751820231256,2.000000000000000000,17.350999999999999091
0.967960389643433672,2.000000000000000000,17.469999999999998863
0.957181700121461532,2.000000000000000000,17.562999999999998835
0.949787943885330277,2.000000000000000000,17.685999999999999943
0.945500361723264904,2.000000000000000000,17.772999999999999687
0.948420696322811008,2.000000000000000000,17.856999999999999318
0.962509098390941009,2.000000000000000000,17.978999999999999204
0.980256768207291795,2.000000000000000000,18.068999999999999062
0.982336400422120004,2.000000000000000000,18.192000000000000171
0.965690493204693245,2.000000000000000000,18.280999999999998806
0.952128636314361732,2.000000000000000000,18.367000000000000881
0.941407468534500858,2.000000000000000000,18.495999999999998664
0.933703979840842857,2.000000000000000000,18.585999999999998522
0.930159755576844605,2.000000000000000000,18.702000000000001734
0.935075652152751235,2.000000000000000000,18.786999999999999034
0.950597673024296208,2.000000000000000000,18.881000000000000227
0.930588956267989431,2.000000000000000000,18.990999999999999659
0.816094140968091963,-1.000000000000000000,19.096000000000000085
0.669692457793422902,-1.000000000000000000,19.208999999999999631
0.502317462494719313,-1.000000000000000000,19.306000000000000938
0.316893914420922407,-1.000000000000000000,19.387000000000000455
0.119828850693468381,-1.000000000000000000,19.518000000000000682
-0.061205345982214276,-1.000000000000000000,19.602000000000000313
-0.165182531974345737,-1.000000000000000000,19.725000000000001421
-0.271429614405214514,-1.000000000000000000,19.809999999999998721
-0.375942195073925789,-1.000000000000000000,19.907000000000000028
-0.477591962885202337,-1.000000000000000000,20.021999999999998465
-0.575777151921556207,-1.000000000000000000,20.109999999999999432
-0.669962367506410583,-1.000000000000000000,20.234000000000001762
-0.760656455819982646,-1.000000000000000000,20.327000000000001734
-0.830620593226151227,-1.000000000000000000,20.408999999999998920
-0.892208680030882717,-1.000000000000000000,20.541000000000000369
-0.949451662931440787,-1.000000000000000000,20.620000000000000995
-0.999862832768806942,0.000000000000000000,20.734999999999999432
-1.000000000000000000,0.000000000000000000,20.838000000000000966
-1.000000000000000000,0.000000000000000000,20.920000000000001705
-1.000000000000000000,0.000000000000000000,21.047999999999998266
-1.000000000000000000,0.000000000000000000,21.129999999999999005
-1.000000000000000000,0.000000000000000000,21.254999999999999005
-1.000000000000000000,0.000000000000000000,21.332999999999998408
-0.993740795287185064,0.000000000000000000,21.435999999999999943
-0.980982442785985453,0.000000000000000000,21.548999999999999488
-0.969597557544967681,0.000000000000000000,21.649000000000000909
-0.961294699740198655,0.000000000000000000,21.760999999999999233
-0.953513097582365798,0.000000000000000000,21.856999999999999318
-0.945847330012739906,0.000000000000000000,21.943999999999999062
-0.940576856249276116,0.000000000000000000,22.065999999999998948
-0.932414654730187253,0.000000000000000000,22.141999999999999460
-0.916048882196221936,1.000000000000000000,22.266999999999999460
-0.882994655061140388,1.000000000000000000,22.356000000000001648
-0.833293342820735972,1.000000000000000000,22.458999999999999631
-0.771292879482382232,1.000000000000000000,22.557999999999999829
-0.693319653820058557,1.000000000000000000,22.666000000000000369
-0.600540285614997393,1.000000000000000000,22.782000000000000028
-0.481387863844713104,1.000000000000000000,22.861000000000000654
-0.361478380301500590,1.000000000000000000,22.952999999999999403
-0.245598285648094272,1.000000000000000000,23.073000000000000398
-0.137487382303784322,1.000000000000000000,23.166000000000000369
-0.041299167645742818,1.000000000000000000,23.280000000000001137
0.044021280468633517,1.000000000000000000,23.375000000000000000
0.107184226638647573,1.000000000000000000,23.474000000000000199
0.163603944995120099,1.000000000000000000,23.588999999999998636
0.216548625705351716,1.000000000000000000,23.675999999999998380
0.266651222054904435,1.000000000000000000,23.801999999999999602
0.315694759312273199,1.000000000000000000,23.879999999999999005
0.361391504360344618,1.000000000000000000,23.972000000000001307
0.407096523307574509,1.000000000000000000,24.100000000000001421
0.450608958978008456,1.000000000000000000,24.187000000000001165
0.493620823749401527,1.000000000000000000,24.303999999999998494
0.548145819198756046,1.000000000000000000,24.399999999999998579
0.604205622941867970,1.000000000000000000,24.481000000000001648
0.656711786996738489,1.000000000000000000,24.620000000000000995
0.708063742119110273,1.000000000000000000,24.698000000000000398
0.760813986199137426,1.000000000000000000,24.821999999999999176
0.812136982674455332,1.000000000000000000,24.911999999999999034
0.852360543429696804,1.000000000000000000,24.995999999999998664
0.889349009614272878,1.000000000000000000,25.125000000000000000
0.916549453095265809,1.000000000000000000,25.214999999999999858
0.929402955436780198,1.000000000000000000,25.332999999999998408
0.942426072711025853,1.000000000000000000,25.422999999999998266
0.954716949909813595,1.000000000000000000,25.509000000000000341
0.965791563932419717,2.000000000000000000,25.637000000000000455
0.976961327795337731,2.000000000000000000,25.719999999999998863
0.995883735169037720,2.000000000000000000,25.844000000000001194
1.000000000000000000,2.000000000000000000,25.937000000000001165
1.000000000000000000,2.000000000000000000,26.018000000000000682
0.998752107857030724,2.000000000000000000,26.143999999999998352
0.997467513003974071,2.000000000000000000,26.233000000000000540
1.000000000000000000,2.000000000000000000,26.350999999999999091
1.000000000000000000,2.000000000000000000,26.443000000000001393
1.000000000000000000,2.000000000000000000,26.528999999999999915
1.000000000000000000,2.000000000000000000,26.652999999999998693
1.000000000000000000,2.000000000000000000,26.736999999999998323
1.000000000000000000,2.000000000000000000,26.861000000000000654
1.000000000000000000,2.000000000000000000,26.951000000000000512
0.996368095293705514,2.000000000000000000,27.041000000000000369
0.989964576277785113,2.000000000000000000,27.163000000000000256
0.987161820234342402,2.000000000000000000,27.254000000000001336
0.983549379111683830,2.000000000000000000,27.361999999999998323
0.987663980692125909,2.000000000000000000,27.457999999999998408
0.998625870995369480,2.000000000000000000,27.550999999999998380
1.000000000000000000,2.000000000000000000,27.670000000000001705
1.000000000000000000,2.000000000000000000,27.754999999999999005
1.000000000000000000,2.000000000000000000,27.888999999999999346
0.991598715097603112,2.000000000000000000,27.974000000000000199
0.979423939256371501,2.000000000000000000,28.053000000000000824
0.969938494013173891,2.000000000000000000,28.169000000000000483
0.965858526652912719,2.000000000000000000,28.260000000000001563
0.965322192915412769,2.000000000000000000,28.382999999999999119
0.971842478781293817,2.000000000000000000,28.492000000000000881
0.986595487517788250,2.000000000000000000,28.577999999999999403
0.998532744132412331,2.000000000000000000,28.687999999999998835
1.000000000000000000,2.000000000000000000,28.782000000000000028
0.989168182253275852,2.000000000000000000,28.899999999999998579
0.981123767588779616,2.000000000000000000,28.996999999999999886
0.974783191346796363,2.000000000000000000,29.079000000000000625
0.970594429022686001,2.000000000000000000,29.190000000000001279
0.968243514884655099,2.000000000000000000,29.297999999999998266
0.971360199100218535,2.000000000000000000,29.399999999999998579
0.983141571743083365,2.000000000000000000,29.503000000000000114
0.991074949746338696,2.000000000000000000,29.589999999999999858
0.991438690533168243,2.000000000000000000,29.719000000000001194
0.977980281420500752,2.000000000000000000,29.789999999999999147
0.969173925528856506,-1.000000000000000000,29.913000000000000256
0.959161481765098412,-1.000000000000000000,29.998999999999998778
0.924946874700868449,-1.000000000000000000,30.103000000000001535
0.849097348521105078,-1.000000000000000000,30.210000000000000853
0.744550588685744863,-1.000000000000000000,30.312000000000001165
0.625986407581121673,-1.000000000000000000,30.434000000000001052
0.461969943524455084,-1.000000000000000000,30.525999999999999801
0.280275677227913578,-1.000000000000000000,30.611000000000000654
0.106710060304390675,-1.000000000000000000,30.722000000000001307
-0.032043648894420240,-1.000000000000000000,30.818000000000001393
-0.145017708433042736,-1.000000000000000000,30.935999999999999943
-0.241343926486072169,-1.000000000000000000,31.024000000000000909
-0.305729874605148333,-1.000000000000000000,31.120999999999998664
-0.361160141667463686,-1.000000000000000000,31.240999999999999659
-0.421537283430648335,-1.000000000000000000,31.320000000000000284
-0.489085861969942637,-1.000000000000000000,31.449999999999999289
-0.566279314635778741,-1.000000000000000000,31.536000000000001364
-0.652237005838993911,-1.000000000000000000,31.620000000000000995
-0.740162726141473826,-1.000000000000000000,31.743999999999999773
-0.827789796113715393,-1.000000000000000000,31.841999999999998749
-0.901606202737628148,-1.000000000000000000,31.952000000000001734
-0.966141476021823653,-1.000000000000000000,32.057000000000002160
-1.000000000000000000,0.000000000000000000,32.137000000000000455
-1.000000000000000000,0.000000000000000000,32.261000000000002785
-1.000000000000000000,0.000000000000000000,32.348999999999996646
-1.000000000000000000,0.000000000000000000,32.473999999999996646
-1.000000000000000000,0.000000000000000000,32.560999999999999943
-0.996714229324134338,0.000000000000000000,32.652000000000001023
-0.983096007368315039,1.000000000000000000,32.770000000000003126
-0.929036125202850505,1.000000000000000000,32.857999999999996987
-0.848536571102763482,1.000000000000000000,32.976999999999996760
-0.743709887282352322,1.000000000000000000,33.066000000000002501
-0.624482829198405476,1.000000000000000000,33.149999999999998579
-0.498859665794361695,1.000000000000000000,33.286999999999999034
-0.371858598558501674,1.000000000000000000,33.365000000000001990
-0.268830134062369552,1.000000000000000000,33.491999999999997328
-0.164701539451178824,1.000000000000000000,33.579000000000000625
-0.073584450519730504,1.000000000000000000,33.670000000000001705
0.010014473472610419,1.000000000000000000,33.793999999999996930
0.090492098068737814,1.000000000000000000,33.881999999999997897
0.166671539889767129,1.000000000000000000,34.014000000000002899
0.235672724082980789,1.000000000000000000,34.091999999999998749
0.290712124091750734,1.000000000000000000,34.179000000000002046
0.344315141591495788,1.000000000000000000,34.301000000000001933
0.400220757006475969,1.000000000000000000,34.389000000000002899
0.448586277978391568,1.000000000000000000,34.508000000000002672
0.487072557418747998,1.000000000000000000,34.594000000000001194
0.512708147541701909,1.000000000000000000,34.685999999999999943
0.534904460461102849,1.000000000000000000,34.801999999999999602
0.561943538837150092,1.000000000000000000,34.899000000000000909
0.588233359161415059,1.000000000000000000,35.011000000000002785
0.625257671671466841,1.000000000000000000,35.115000000000001990
0.664957383663979940,1.000000000000000000,35.195999999999997954
0.705494071724096061,1.000000000000000000,35.320999999999997954
0.733501703191471455,1.000000000000000000,35.423000000000001819
0.753450241955523570,1.000000000000000000,35.536999999999999034
0.768153974357096647,1.000000000000000000,35.624000000000002331
0.775449189339335598,1.000000000000000000,35.707999999999998408
0.786454145407230021,1.000000000000000000,35.831000000000003070
0.806435578427214361,1.000000000000000000,35.921999999999997044
0.831245157234542509,2.000000000000000000,36.031999999999996476
0.846032952734606658,2.000000000000000000,36.131999999999997897
0.849830411836080879,2.000000000000000000,36.223999999999996646
0.843109018873992255,2.000000000000000000,36.344999999999998863
0.836277978392127919,2.000000000000000000,36.432000000000002160
0.828339497960555393,2.000000000000000000,36.560000000000002274
0.826669200742679244,2.000000000000000000,36.637000000000000455
0.829355564977120263,2.000000000000000000,36.734999999999999432
0.838551336968756056,2.000000000000000000,36.841000000000001080
0.854687796962031898,2.000000000000000000,36.942999999999997840
0.864629172088124953,2.000000000000000000,37.054000000000002046
0.865765851376440132,2.000000000000000000,37.156999999999996476
0.854300375725501215,2.000000000000000000,37.243999999999999773
0.845393342202597653,2.000000000000000000,37.368999999999999773
0.843043230362128471,2.000000000000000000,37.451999999999998181
0.843119983625969516,2.000000000000000000,37.569000000000002615
0.846365550211250817,2.000000000000000000,37.658000000000001251
0.855663659888012518,2.000000000000000000,37.752000000000002444
0.871460212569991732,2.000000000000000000,37.869999999999997442
0.882384760456717654,2.000000000000000000,37.963999999999998636
0.880217394482535109,2.000000000000000000,38.082000000000000739
0.867947837019924950,2.000000000000000000,38.176000000000001933
0.860093419686845939,2.000000000000000000,38.261000000000002785
0.854417333079924068,2.000000000000000000,38.368000000000002103
0.851968538471656434,2.000000000000000000,38.466000000000001080
0.852582564582388347,2.000000000000000000,38.584000000000003183
0.859508632914723458,2.000000000000000000,38.671999999999997044
0.875327115100654751,2.000000000000000000,38.776000000000003354
0.885601087703394407,2.000000000000000000,38.892000000000003013
0.881609917983653624,2.000000000000000000,38.981000000000001648
0.869015072879051553,2.000000000000000000,39.103999999999999204
0.859424569816229944,2.000000000000000000,39.185000000000002274
0.851255829593133839,2.000000000000000000,39.271000000000000796
0.844921857867575898,-1.000000000000000000,39.396000000000000796
0.834830631131123102,-1.000000000000000000,39.481999999999999318
0.807776933085773585,-1.000000000000000000,39.604999999999996874
0.721246765398166012,-1.000000000000000000,39.706000000000003070
0.604998464934719982,-1.000000000000000000,39.780000000000001137
0.463582403766024553,-1.000000000000000000,39.905999999999998806
0.299092849519740689,-1.000000000000000000,40.009999999999998010
0.125323460183330182,-1.000000000000000000,40.113999999999997215
-0.030522214587508145,-1.000000000000000000,40.204999999999998295
-0.132911068551631484,-1.000000000000000000,40.302999999999997272
-0.219185392026433501,-1.000000000000000000,40.420000000000001705
-0.302561366061900872,-1.000000000000000000,40.514000000000002899
-0.375279601175422584,-1.000000000000000000,40.637999999999998124
-0.445187204865427844,-1.000000000000000000,40.713999999999998636
-0.518362304644669147,-1.000000000000000000,40.799999999999997158
-0.593547608953085670,-1.000000000000000000,40.932999999999999829
-0.667789944591453466,-1.000000000000000000,41.005000000000002558
-0.725731348956888400,-1.000000000000000000,41.139000000000002899
-0.777411879943276651,-1.000000000000000000,41.228000000000001535
-0.818109384365727443,-1.000000000000000000,41.316000000000002501
-0.845506644639698379,-1.000000000000000000,41.445999999999997954
-0.858265961023962576,-1.000000000000000000,41.530000000000001137
-0.859585386178564725,1.000000000000000000,41.658000000000001251
-0.855912194266165827,1.000000000000000000,41.740999999999999659
-0.845985438809375045,1.000000000000000000,41.826000000000000512
-0.828164061928918338,1.000000000000000000,41.956000000000003070
-0.780397947398429936,1.000000000000000000,42.045000000000001705
-0.718377655297438134,1.000000000000000000,42.161999999999999034
-0.640750866215406334,1.000000000000000000,42.249000000000002331
-0.546424759871931065,1.000000000000000000,42.344000000000001194
-0.438579114340434728,1.000000000000000000,42.466999999999998749
-0.326884840864902437,1.000000000000000000,42.555999999999997385
-0.237459978655284898,1.000000000000000000,42.676999999999999602
-0.146832648645487951,1.000000000000000000,42.767000000000003013
-0.064059735968772791,1.000000000000000000,42.853999999999999204
0.011118258504991374,1.000000000000000000,42.969999999999998863
0.080071928772968093,1.000000000000000000,43.057999999999999829
0.148199587725324378,1.000000000000000000,43.183999999999997499
0.217018026052248514,1.000000000000000000,43.270000000000003126
0.273391470884925436,1.000000000000000000,43.362000000000001876
0.322860776889224432,1.000000000000000000,43.482999999999996987
0.374716743907249628,1.000000000000000000,43.579000000000000625
0.421050130846037929,1.000000000000000000,43.692999999999997840
0.461078785397872837,1.000000000000000000,43.780000000000001137
0.492956974313241147,1.000000000000000000,43.871000000000002217
0.516925922135639038,1.000000000000000000,43.993000000000002103
0.536900978398887174,1.000000000000000000,44.082999999999998408
0.532897102970426584,2.000000000000000000,44.195999999999997954
0.524023252570772868,2.000000000000000000,44.293999999999996930
0.511916208539152207,2.000000000000000000,44.381999999999997897
0.497684284697194945,2.000000000000000000,44.496000000000002217
0.480780663960715060,2.000000000000000000,44.594000000000001194
0.467924957612498194,2.000000000000000000,44.707000000000000739
0.455729835661280447,2.000000000000000000,44.807999999999999829
0.449090962471465183,2.000000000000000000,44.901000000000003354
0.465556821686672562,1.000000000000000000,45.021999999999998465
0.498324235797738879,1.000000000000000000,45.106999999999999318
0.542004167427711847,1.000000000000000000,45.222999999999998977
0.611596532260815451,1.000000000000000000,45.298999999999999488
0.701725889112012169,1.000000000000000000,45.396000000000000796
0.750715243803157684,1.000000000000000000,45.511000000000002785
0.781747908541833736,1.000000000000000000,45.612000000000001876
0.789218232708157164,2.000000000000000000,45.723999999999996646
0.796847499941850002,2.000000000000000000,45.826000000000000512
0.805988664645634456,2.000000000000000000,45.902999999999998693
0.814133527683229330,2.000000000000000000,46.015000000000000568
0.821731781635486325,2.000000000000000000,46.115999999999999659
0.832256914023431271,2.000000000000000000,46.235999999999997101
0.849775541375594079,2.000000000000000000,46.329000000000000625
0.862820502880359275,2.000000000000000000,46.423999999999999488
0.867100335718772319,2.000000000000000000,46.543999999999996930
0.855167975685588111,2.000000000000000000,46.633000000000002672
0.844542050132969457,2.000000000000000000,46.753000000000000114
0.837036836025028652,2.000000000000000000,46.829999999999998295
0.831818851423124617,2.000000000000000000,46.917000000000001592
0.828814439783835510,2.000000000000000000,47.037999999999996703
0.829830124750924547,2.000000000000000000,47.128000000000000114
0.844685486559618282,2.000000000000000000,47.261000000000002785
0.856253440535909460,2.000000000000000000,47.354999999999996874
0.859327632058430657,2.000000000000000000,47.438000000000002387
0.851268055544788904,2.000000000000000000,47.554000000000002046
0.837529171867852362,2.000000000000000000,47.643000000000000682
0.827523511943988099,2.000000000000000000,47.768999999999998352
0.818810933401162178,2.000000000000000000,47.853000000000001535
0.813672662693654125,2.000000000000000000,47.948000000000000398
0.810127857045027211,2.000000000000000000,48.067000000000000171
0.814555278644578884,2.000000000000000000,48.164000000000001478
0.829696957004335101,2.000000000000000000,48.284999999999996589
0.837504450354983110,2.000000000000000000,48.372999999999997556
0.835330582839430180,2.000000000000000000,48.456000000000003070
0.821742863724894690,2.000000000000000000,48.582000000000000739
0.808921652809483804,2.000000000000000000,48.667000000000001592
0.798106766633859044,2.000000000000000000,48.790999999999996817
0.795547550734045705,2.000000000000000000,48.874000000000002331
0.796029236214371938,2.000000000000000000,48.972000000000001307
0.804490146390500316,2.000000000000000000,49.088999999999998636
0.821248612536389144,2.000000000000000000,49.179000000000002046
0.834966177302141288,2.000000000000000000,49.298000000000001819
0.840252151877526110,2.000000000000000000,49.389000000000002899
0.830781796477412016,2.000000000000000000,49.481999999999999318
0.815740643783117836,2.000000000000000000,49.600000000000001421
0.806027351358145516,2.000000000000000000,49.692999999999997840
0.799690045864834831,2.000000000000000000,49.801999999999999602
0.796058556200129663,2.000000000000000000,49.905999999999998806
0.790014450564406667,2.000000000000000000,49.987999999999999545
0.772041299294224048,2.000000000000000000,50.112999999999999545
0.732316907160358355,-1.000000000000000000,50.201000000000000512
0.659238936941088483,-1.000000000000000000,50.326000000000000512
0.537954721564847249,-1.000000000000000000,50.411000000000001364
0.399183228968145620,-1.000000000000000000,50.496999999999999886
0.255368698820917395,-1.000000000000000000,50.618000000000002103
0.119939684600726126,-1.000000000000000000,50.707000000000000739
0.002157113237973185,-1.000000000000000000,50.835999999999998522
-0.100345556975014794,-1.000000000000000000,50.914999999999999147
-0.168778403736203453,-1.000000000000000000,51.027000000000001023
-0.229407945716140316,-1.000000000000000000,51.134000000000000341
-0.300198957046221460,-1.000000000000000000,51.223999999999996646
-0.372740790383045306,-1.000000000000000000,51.341999999999998749
-0.445848080588075901,-1.000000000000000000,51.429000000000002046
-0.514327001612600920,-1.000000000000000000,51.514000000000002899
-0.581482334708581128,-1.000000000000000000,51.634999999999998010
-0.648373787932731371,-1.000000000000000000,51.734000000000001762
-0.700772791053215549,-1.000000000000000000,51.851999999999996760
-0.748614630672895576,-1.000000000000000000,51.945000000000000284
-0.788104462920689364,-1.000000000000000000,52.021999999999998465
-0.824327211041069763,-1.000000000000000000,52.155999999999998806
-0.854983350436660183,-1.000000000000000000,52.244999999999997442
-0.878753481748308807,-1.000000000000000000,52.353000000000001535
-0.891775743994640546,-1.000000000000000000,52.456000000000003070
-0.889995602002137121,-1.000000000000000000,52.540999999999996817
-0.871251753963436681,1.000000000000000000,52.664000000000001478
-0.805239900312049284,1.000000000000000000,52.750999999999997669
-0.712195019790990314,1.000000000000000000,52.866999999999997328
-0.598006240968398051,1.000000000000000000,52.962000000000003297
-0.472654924710464885,1.000000000000000000,53.042999999999999261
-0.343810341577832745,1.000000000000000000,53.167999999999999261
-0.216482020565877287,1.000000000000000000,53.261000000000002785
-0.118159542608222701,1.000000000000000000,53.375000000000000000
-0.021089446899412057,1.000000000000000000,53.478999999999999204
0.068085195501476958,1.000000000000000000,53.564999999999997726
0.152036691867893037,1.000000000000000000,53.685999999999999943
0.231552493245932522,1.000000000000000000,53.768000000000000682
0.303139332760896218,1.000000000000000000,53.878000000000000114
0.368870552262872353,1.000000000000000000,53.972999999999998977
0.422517749062804482,1.000000000000000000,54.076000000000000512
0.476492344636205267,1.000000000000000000,54.183999999999997499
0.543230602682722052,1.000000000000000000,54.280999999999998806
0.599351941623717854,1.000000000000000000,54.399999999999998579
0.648300658202533686,1.000000000000000000,54.487999999999999545
0.693189810446860344,1.000000000000000000,54.572000000000002728
0.745952860122647055,1.000000000000000000,54.695999999999997954
0.818915950784417923,1.000000000000000000,54.789000000000001478
0.911973610584644323,1.000000000000000000,54.914000000000001478
0.963786754751716046,1.000000000000000000,54.991999999999997328
1.000000000000000000,1.000000000000000000,55.097999999999998977
1.000000000000000000,2.000000000000000000,55.210999999999998522
1.000000000000000000,2.000000000000000000,55.296999999999997044
1.000000000000000000,2.000000000000000000,55.414000000000001478
1.000000000000000000,2.000000000000000000,55.503999999999997783
1.000000000000000000,2.000000000000000000,55.594000000000001194
1.000000000000000000,2.000000000000000000,55.722000000000001307
1.000000000000000000,2.000000000000000000,55.810000000000002274
1.000000000000000000,2.000000000000000000,55.933999999999997499
1.000000000000000000,2.000000000000000000,56.029000000000003467
0.997367244548209131,2.000000000000000000,56.098999999999996646
0.987059758581292579,2.000000000000000000,56.231000000000001648
0.980924941632308256,2.000000000000000000,56.317999999999997840
0.974881194840463428,2.000000000000000000,56.435999999999999943
0.971333598264703335,2.000000000000000000,56.521999999999998465
0.973937376848312164,2.000000000000000000,56.628999999999997783
0.985412216647626682,2.000000000000000000,56.749000000000002331
1.000000000000000000,2.000000000000000000,56.835000000000000853
1.000000000000000000,2.000000000000000000,56.950000000000002842
0.994411712120015112,2.000000000000000000,57.033999999999998920
0.976603028584632105,2.000000000000000000,57.128000000000000114
0.956873932376081093,2.000000000000000000,57.252000000000002444
0.944906066608702577,2.000000000000000000,57.341000000000001080
0.937601467893108165,2.000000000000000000,57.460999999999998522
0.933208248617858560,2.000000000000000000,57.546999999999997044
0.937383550270326715,2.000000000000000000,57.640000000000000568
0.953160786159616968,2.000000000000000000,57.753000000000000114
0.970267319547867491,2.000000000000000000,57.850000000000001421
0.974747705872227144,2.000000000000000000,57.976999999999996760
0.960038266334561241,2.000000000000000000,58.060000000000002274
0.947146259770882404,2.000000000000000000,58.151000000000003354
0.936551104951308444,2.000000000000000000,58.276000000000003354
0.928998080145744254,2.000000000000000000,58.360999999999997101
0.923985974821796896,2.000000000000000000,58.481000000000001648
0.923131737740499281,2.000000000000000000,58.569000000000002615
0.938734639531563220,2.000000000000000000,58.659999999999996589
0.952267323906216046,2.000000000000000000,58.783000000000001251
0.954782093273101928,2.000000000000000000,58.866999999999997328
0.943528827232729572,2.000000000000000000,58.996999999999999886
0.922438759700058286,2.000000000000000000,59.082999999999998408
0.902438280281290028,2.000000000000000000,59.170999999999999375
0.878759351389989618,-1.000000000000000000,59.289999999999999147
0.833271226810839982,-1.000000000000000000,59.384999999999998010
0.760865917465880504,-1.000000000000000000,59.503999999999997783
0.633262074270686259,-1.000000000000000000,59.590000000000003411
0.489732811202709062,-1.000000000000000000,59.680999999999997385
0.322433093841866913,-1.000000000000000000,59.805999999999997385
0.137251056355677470,-1.000000000000000000,59.895000000000003126
-0.042465607151183749,-1.000000000000000000,60.000999999999997669
-0.201401646149722446,-1.000000000000000000,60.101999999999996760
-0.307884913345057298,-1.000000000000000000,60.189999999999997726
-0.403315398712976503,-1.000000000000000000,60.317000000000000171
-0.495542495026029206,-1.000000000000000000,60.402999999999998693
-0.576860635142704359,-1.000000000000000000,60.527999999999998693
-0.649889188888816305,-1.000000000000000000,60.610999999999997101
-0.716188446443473348,-1.000000000000000000,60.704999999999998295
-0.777309981280875251,-1.000000000000000000,60.816000000000002501
-0.832591323827768681,-1.000000000000000000,60.920000000000001705
-0.872444098681815272,-1.000000000000000000,61.036999999999999034
-0.902582105912322019,-1.000000000000000000,61.121999999999999886
-0.922386459470590947,-1.000000000000000000,61.213000000000000966
-0.930706554308339373,1.000000000000000000,61.335000000000000853
-0.923319146896089293,1.000000000000000000,61.417000000000001592
-0.895591308573530975,1.000000000000000000,61.534999999999996589
-0.848290109372854872,1.000000000000000000,61.628000000000000114
-0.786331770863976987,1.000000000000000000,61.725000000000001421
-0.710936631734471747,1.000000000000000000,61.838999999999998636
-0.602531331106215262,1.000000000000000000,61.941000000000002501
-0.487174458311268155,1.000000000000000000,62.049999999999997158
-0.371220491229905303,1.000000000000000000,62.148000000000003240
-0.257920760794002613,1.000000000000000000,62.222000000000001307
-0.146543063791024664,1.000000000000000000,62.341000000000001080
-0.041009917431012677,1.000000000000000000,62.438000000000002387
0.032166820298591636,1.000000000000000000,62.548000000000001819
0.105853485265501979,1.000000000000000000,62.643000000000000682
0.176681071021531411,1.000000000000000000,62.743000000000002103
0.245107204574527726,1.000000000000000000,62.857999999999996987
0.309597745860110019,1.000000000000000000,62.942999999999997840
0.369708142927812400,1.000000000000000000,63.070000000000000284
0.423538154106986475,1.000000000000000000,63.152000000000001023
0.452682456977615333,1.000000000000000000,63.244999999999997442
0.461695529855804976,2.000000000000000000,63.360999999999997101
0.479373007415737629,2.000000000000000000,63.457999999999998408
0.498737167375989499,2.000000000000000000,63.567000000000000171
0.521091157120787241,2.000000000000000000,63.658000000000001251
0.549106646705412427,2.000000000000000000,63.752000000000002444
0.587612690650683334,2.000000000000000000,63.871999999999999886
0.632708563508825428,2.000000000000000000,63.972999999999998977
0.657599114382781957,2.000000000000000000,64.085999999999998522
0.684032522026025713,2.000000000000000000,64.174000000000006594
0.706421378590466276,2.000000000000000000,64.274000000000000909
0.725519679050927291,2.000000000000000000,64.390000000000000568
0.743314832127161429,2.000000000000000000,64.483000000000004093
0.762495941284277778,2.000000000000000000,64.593000000000003524
0.775993758839284675,2.000000000000000000,64.692999999999997840
0.769661072721288919,2.000000000000000000,64.775999999999996248
0.756106596584360302,2.000000000000000000,64.906000000000005912
0.750440738392075035,2.000000000000000000,64.984999999999999432
0.748671247295097597,2.000000000000000000,65.105999999999994543
0.748723547524567712,2.000000000000000000,65.201999999999998181
0.756145821756463610,2.000000000000000000,65.293999999999996930
0.772563735456724743,2.000000000000000000,65.409999999999996589
0.790058162213522097,2.000000000000000000,65.504999999999995453
0.792603440047593200,2.000000000000000000,65.626000000000004775
0.778974871918918232,2.000000000000000000,65.706000000000003070
0.769403929926410157,2.000000000000000000,65.796999999999997044
0.763049452046141496,2.000000000000000000,65.921999999999997044
0.759998605327216303,2.000000000000000000,66.010999999999995680
0.760081414023871638,2.000000000000000000,66.129999999999995453
0.766531775658168657,2.000000000000000000,66.221999999999994202
0.786087703126468140,2.000000000000000000,66.305999999999997385
0.800108522976144654,2.000000000000000000,66.427999999999997272
0.798495932567571787,2.000000000000000000,66.521000000000000796
0.783764701267626762,2.000000000000000000,66.650000000000005684
0.769438796746052978,2.000000000000000000,66.736000000000004206
0.758499332082487099,2.000000000000000000,66.823999999999998067
0.750292554408582557,2.000000000000000000,66.936999999999997613
0.745563741994250240,2.000000000000000000,67.037999999999996703
0.752162287612036851,2.000000000000000000,67.156000000000005912
0.769142428779074017,2.000000000000000000,67.250000000000000000
0.783320149317158210,2.000000000000000000,67.332999999999998408
0.788310462878823559,2.000000000000000000,67.453000000000002956
0.780073176737730689,2.000000000000000000,67.548000000000001819
0.762805384308626655,-1.000000000000000000,67.656000000000005912
0.748303029245484419,-1.000000000000000000,67.753000000000000114
0.721623211135072662,-1.000000000000000000,67.835999999999998522
0.661888530215129833,-1.000000000000000000,67.971000000000003638
0.547398361136821165,-1.000000000000000000,68.049000000000006594
0.417702431206121716,-1.000000000000000000,68.168999999999996930
0.271757827490463288,-1.000000000000000000,68.265000000000000568
0.102963949524818466,-1.000000000000000000,68.356999999999999318
-0.076376441906136350,-1.000000000000000000,68.477000000000003865
-0.243093523555838131,-1.000000000000000000,68.572999999999993292
-0.355249554166007897,-1.000000000000000000,68.667000000000001592
-0.465509379444231985,-1.000000000000000000,68.775999999999996248
-0.564310706787962357,-1.000000000000000000,68.859999999999999432
-0.653156956138964517,-1.000000000000000000,69.012000000000000455
-0.732716314138016522,-1.000000000000000000,69.055999999999997385
-0.802880426194724217,-1.000000000000000000,69.183999999999997499
-0.866827693627393536,-1.000000000000000000,69.271000000000000796
-0.913984514323121333,-1.000000000000000000,69.371999999999999886
-0.954622000496626266,-1.000000000000000000,69.478999999999999204
-0.985814578207180880,-1.000000000000000000,69.579999999999998295
-1.000000000000000000,-1.000000000000000000,69.688000000000002387
-1.000000000000000000,1.000000000000000000,69.795000000000001705
-0.993822715053163219,1.000000000000000000,69.882000000000005002
-0.965423307285262045,1.000000000000000000,69.987999999999999545
-0.911545394769214923,1.000000000000000000,70.088999999999998636
-0.834501545439502723,1.000000000000000000,70.200999999999993406
-0.722299506622354315,1.000000000000000000,70.295000000000001705
-0.600735369764852312,1.000000000000000000,70.394000000000005457
-0.471312080371799502,1.000000000000000000,70.515000000000000568
-0.341334132518640754,1.000000000000000000,70.599000000000003752
-0.215775560137950184,1.000000000000000000,70.721999999999994202
-0.099570139693417103,1.000000000000000000,70.805999999999997385
-0.008463014568731775,1.000000000000000000,70.905000000000001137
0.076158185014379987,1.000000000000000000,71.010999999999995680
0.148317461453474797,1.000000000000000000,71.105999999999994543
0.211834801239930259,1.000000000000000000,71.219999999999998863
0.265484588098997776,1.000000000000000000,71.313999999999992951
0.314661322860428694,1.000000000000000000,71.406000000000005912
0.362974758567013334,1.000000000000000000,71.534000000000006025
0.407499519146899969,1.000000000000000000,71.617999999999994998
0.443941474586355911,1.000000000000000000,71.739999999999994884
0.478813388739538048,1.000000000000000000,71.831000000000003070
0.526764507226214151,1.000000000000000000,71.915000000000006253
0.586685513126171898,1.000000000000000000,72.043999999999996930
0.654389629676019657,1.000000000000000000,72.131000000000000227
0.735074409235089821,1.000000000000000000,72.259000000000000341
0.835095300213790193,1.000000000000000000,72.340999999999993975
0.913755755356562283,1.000000000000000000,72.424999999999997158
0.968046441648842793,1.000000000000000000,72.551000000000001933
1.000000000000000000,2.000000000000000000,72.641999999999995907
1.000000000000000000,2.000000000000000000,72.763000000000005230
1.000000000000000000,2.000000000000000000,72.849999999999994316
1.000000000000000000,2.000000000000000000,72.939999999999997726
1.000000000000000000,2.000000000000000000,73.060000000000002274
1.000000000000000000,2.000000000000000000,73.153999999999996362
1.000000000000000000,2.000000000000000000,73.277000000000001023
0.993774150602342310,2.000000000000000000,73.364000000000004320
0.977200749006914338,2.000000000000000000,73.450999999999993406
0.963393910530472297,2.000000000000000000,73.576999999999998181
0.953535594064229386,2.000000000000000000,73.656999999999996476
0.946976371645976034,2.000000000000000000,73.781000000000005912
0.944222797086234245,2.000000000000000000,73.865999999999999659
0.957155072573573795,2.000000000000000000,73.965000000000003411
0.976546991524964048,2.000000000000000000,74.082999999999998408
0.985296950935717453,2.000000000000000000,74.173000000000001819
0.981530268754941426,2.000000000000000000,74.287999999999996703
0.964749050211605175,2.000000000000000000,74.382000000000005002
0.949102165842255818,2.000000000000000000,74.465999999999993975
0.937538018595290179,2.000000000000000000,74.590000000000003411
0.928969899013953881,2.000000000000000000,74.680000000000006821
0.928662503111843174,2.000000000000000000,74.807000000000002160
0.938261048393207897,2.000000000000000000,74.894000000000005457
0.956362770459688649,2.000000000000000000,74.980999999999994543
0.969338341144510451,2.000000000000000000,75.105999999999994543
0.971754213163906755,2.000000000000000000,75.191000000000002501
0.961307082011927827,2.000000000000000000,75.308000000000006935
0.943681607117730303,2.000000000000000000,75.403000000000005798
0.928268516814771294,2.000000000000000000,75.490999999999999659
0.915487774518613406,2.000000000000000000,75.617000000000004434
0.911231856606306900,2.000000000000000000,75.706000000000003070
0.914106657718992466,2.000000000000000000,75.823999999999998067
0.927692690688285415,2.000000000000000000,75.911000000000001364
0.945811730833757247,2.000000000000000000,76.001999999999995339
0.955877864247908215,2.000000000000000000,76.117000000000004434
0.955371310437389765,2.000000000000000000,76.215999999999993975
0.940079446687377196,2.000000000000000000,76.325999999999993406
0.927982768511404821,2.000000000000000000,76.432000000000002160
0.918319280433816720,2.000000000000000000,76.509000000000000341
0.912431133576507847,2.000000000000000000,76.635000000000005116
0.910201430906275588,2.000000000000000000,76.730000000000003979
0.916466245981665484,2.000000000000000000,76.847999999999998977
0.932554741365313022,2.000000000000000000,76.927000000000006708
0.942858998365607270,2.000000000000000000,77.019000000000005457
0.943287620820661310,2.000000000000000000,77.135999999999995680
0.925380727142841586,2.000000000000000000,77.234999999999999432
0.909365833594908413,-1.000000000000000000,77.343000000000003524
0.890974033705311141,-1.000000000000000000,77.444000000000002615
0.867070755176482910,-1.000000000000000000,77.522000000000005571
0.831269956380090491,-1.000000000000000000,77.641999999999995907
0.776380305014668037,-1.000000000000000000,77.730000000000003979
0.707874314041714525,-1.000000000000000000,77.864999999999994884
0.582729545725140019,-1.000000000000000000,77.944999999999993179
0.433374102977626574,-1.000000000000000000,78.040000000000006253
0.264401606251826848,-1.000000000000000000,78.153999999999996362
0.094545887497430536,-1.000000000000000000,78.254000000000004889
-0.062217363538950465,-1.000000000000000000,78.368999999999999773
-0.201909318208878918,-1.000000000000000000,78.459000000000003183
-0.297492125685959619,-1.000000000000000000,78.549000000000006594
-0.378731234237841496,-1.000000000000000000,78.661000000000001364
-0.451536438320580769,-1.000000000000000000,78.759000000000000341
-0.519977486497310792,-1.000000000000000000,78.870999999999995111
-0.587795083830325638,-1.000000000000000000,78.971999999999994202
-0.652768186688893248,-1.000000000000000000,79.051000000000001933
-0.711883449328383988,-1.000000000000000000,79.179000000000002046
-0.764097457489528731,-1.000000000000000000,79.263000000000005230
-0.803543711913756731,-1.000000000000000000,79.393000000000000682
-0.838911558735348173,-1.000000000000000000,79.468999999999994088
-0.865429867191983559,0.000000000000000000,79.569999999999993179
-0.883635497732413899,0.000000000000000000,79.682000000000002160
-0.897849311065168965,0.000000000000000000,79.784000000000006025
-0.909997943478120574,0.000000000000000000,79.902000000000001023
-0.921241706263731586,0.000000000000000000,79.986999999999994770
-0.922068644535604776,0.000000000000000000,80.069999999999993179
-0.911630172423122831,0.000000000000000000,80.200000000000002842
-0.870975981989199788,1.000000000000000000,80.280000000000001137
-0.809232700862657639,1.000000000000000000,80.412000000000006139
-0.721927935143793942,1.000000000000000000,80.500000000000000000
-0.610867094567536739,1.000000000000000000,80.593999999999994088
-0.487674939657319007,1.000000000000000000,80.715000000000003411
-0.360867635757503913,1.000000000000000000,80.802000000000006708
-0.251772397146847737,1.000000000000000000,80.921000000000006480
-0.136836636396108879,1.000000000000000000,81.010000000000005116
-0.034408858197405467,1.000000000000000000,81.087999999999993861
0.056316228122394563,1.000000000000000000,81.221999999999994202
0.140464773944950272,1.000000000000000000,81.311000000000007049
0.217980495513535377,1.000000000000000000,81.424999999999997158
0.284148545822553888,1.000000000000000000,81.524000000000000909
0.323945491346371739,1.000000000000000000,81.609999999999999432
0.361361201008778554,1.000000000000000000,81.730999999999994543
0.406327593111734497,1.000000000000000000,81.826999999999998181
0.448263321391073166,1.000000000000000000,81.947999999999993292
0.487224669603523619,1.000000000000000000,82.036000000000001364
0.525640498327720529,1.000000000000000000,82.120000000000004547
0.560298303910638174,1.000000000000000000,82.242999999999994998
0.582322570868826883,1.000000000000000000,82.332999999999998408
0.600134215112191338,1.000000000000000000,82.439999999999997726
0.646312872744592370,1.000000000000000000,82.531000000000005912
0.702458084836939056,1.000000000000000000,82.618999999999999773
0.764608340819794341,1.000000000000000000,82.751000000000004775
0.831962679539772987,1.000000000000000000,82.841999999999998749
0.899918821504722466,1.000000000000000000,82.962999999999993861
0.956302157183215318,1.000000000000000000,83.054000000000002046
0.988509454588751835,2.000000000000000000,83.143000000000000682
1.000000000000000000,2.000000000000000000,83.265000000000000568
1.000000000000000000,2.000000000000000000,83.349000000000003752
1.000000000000000000,2.000000000000000000,83.471999999999994202
1.000000000000000000,2.000000000000000000,83.555000000000006821
1.000000000000000000,2.000000000000000000,83.658000000000001251
0.995471660557002425,2.000000000000000000,83.772999999999996135
0.979448305604856850,2.000000000000000000,83.867000000000004434
0.967679599250252931,2.000000000000000000,83.977999999999994429
0.965411282697763218,2.000000000000000000,84.069999999999993179
0.963113938328329366,2.000000000000000000,84.161000000000001364
0.966837792558928433,2.000000000000000000,84.287000000000006139
0.979705409126346627,2.000000000000000000,84.367000000000004434
0.996056363726840033,2.000000000000000000,84.496999999999999886
1.000000000000000000,2.000000000000000000,84.578999999999993520
0.985952255081836038,2.000000000000000000,84.670000000000001705
0.967231603279740115,2.000000000000000000,84.786000000000001364
0.956878232836807285,2.000000000000000000,84.887000000000000455
0.949477044915051138,2.000000000000000000,84.992000000000004434
0.944753770474078713,2.000000000000000000,85.081999999999993634
0.947238346062680092,2.000000000000000000,85.186000000000007049
0.960052115299715902,2.000000000000000000,85.305000000000006821
0.975174166316719937,2.000000000000000000,85.385999999999995680
0.973649470771282832,2.000000000000000000,85.510999999999995680
0.954620925800303555,2.000000000000000000,85.596999999999994202
0.939408426742471825,2.000000000000000000,85.700000000000002842
0.926840456116548861,2.000000000000000000,85.810000000000002274
0.917278806085858101,2.000000000000000000,85.905000000000001137
0.911033584218968295,2.000000000000000000,86.019999999999996021
0.913423996726640430,2.000000000000000000,86.099999999999994316
0.930755564169651661,2.000000000000000000,86.194000000000002615
0.941760075804070285,2.000000000000000000,86.319999999999993179
0.934924788146997532,2.000000000000000000,86.403999999999996362
0.916344176330607052,2.000000000000000000,86.522999999999996135
0.901355643850069610,2.000000000000000000,86.611000000000004206
0.889188228833543315,2.000000000000000000,86.718000000000003524
0.880569822657234269,2.000000000000000000,86.835999999999998522
0.875405670230749111,2.000000000000000000,86.917000000000001592
0.885130988144846143,2.000000000000000000,87.040999999999996817
0.903879574894205007,2.000000000000000000,87.132999999999995566
0.914806559636482941,2.000000000000000000,87.218999999999994088
0.914866858330371180,2.000000000000000000,87.332999999999998408
0.901278116957931807,2.000000000000000000,87.432000000000002160
0.886991633556223125,2.000000000000000000,87.551000000000001933
0.875750234195820099,2.000000000000000000,87.638999999999995794
0.866679587815356811,2.000000000000000000,87.719999999999998863
0.863871391500038666,-1.000000000000000000,87.852999999999994429
0.838110928061504667,-1.000000000000000000,87.938000000000002387
0.786594308234001893,-1.000000000000000000,88.063999999999992951
0.700677283543841289,-1.000000000000000000,88.152000000000001023
0.581888856586016079,-1.000000000000000000,88.230000000000003979
0.433050144824540517,-1.000000000000000000,88.356999999999999318
0.263348084978085817,-1.000000000000000000,88.451999999999998181
0.110456439577478527,-1.000000000000000000,88.569999999999993179
-0.034536076923907255,-1.000000000000000000,88.665999999999996817
-0.160754164378547615,-1.000000000000000000,88.745999999999995111
-0.269666526687559860,-1.000000000000000000,88.865999999999999659
-0.363508522574325532,-1.000000000000000000,88.962000000000003297
-0.452177751935481376,-1.000000000000000000,89.073999999999998067
-0.542255386503860182,-1.000000000000000000,89.170000000000001705
-0.619140528259630951,-1.000000000000000000,89.265000000000000568
-0.691369749437393599,-1.000000000000000000,89.382999999999995566
-0.765993690172390718,-1.000000000000000000,89.468999999999994088
-0.836461328078734856,-1.000000000000000000,89.597999999999998977
-0.899848176502891062,-1.000000000000000000,89.679000000000002046
-0.953264205187841163,-1.000000000000000000,89.766999999999995907
-0.996877389066556652,-1.000000000000000000,89.885000000000005116
-1.000000000000000000,-1.000000000000000000,89.977000000000003865
-1.000000000000000000,1.000000000000000000,90.097999999999998977
-1.000000000000000000,1.000000000000000000,90.186999999999997613
-0.990432790456906020,1.000000000000000000,90.281000000000005912
-0.959398608783867957,1.000000000000000000,90.408000000000001251
-0.904573217634265458,1.000000000000000000,90.481999999999999318
-0.822950492497162456,1.000000000000000000,90.611000000000004206
-0.715607316150330464,1.000000000000000000,90.697999999999993292
-0.599058663085371590,1.000000000000000000,90.793000000000006366
-0.483233475670349688,1.000000000000000000,90.912000000000006139
-0.356826563662898888,1.000000000000000000,90.993999999999999773
-0.236286375977613927,1.000000000000000000,91.126999999999995339
-0.125342502775364739,1.000000000000000000,91.213999999999998636
-0.023612421988366328,1.000000000000000000,91.302000000000006708
0.073560656773757893,1.000000000000000000,91.421999999999997044
0.168105975244169592,1.000000000000000000,91.501999999999995339
0.240431750994763993,1.000000000000000000,91.623000000000004661
0.309501931320658175,1.000000000000000000,91.727999999999994429
0.371736608609240848,1.000000000000000000,91.810000000000002274
0.424341708626287062,1.000000000000000000,91.933000000000006935
0.466028298317317180,1.000000000000000000,92.022999999999996135
0.495769389087311163,1.000000000000000000,92.147999999999996135
0.522803720442893471,1.000000000000000000,92.242000000000004434
0.544033695204752643,1.000000000000000000,92.322000000000002728
0.566465288201271511,1.000000000000000000,92.436000000000007049
0.604268447334610492,1.000000000000000000,92.540000000000006253
0.647414441871197566,1.000000000000000000,92.641999999999995907
0.696838787737671383,1.000000000000000000,92.740999999999999659
0.745402458951640368,1.000000000000000000,92.834000000000003183
0.787612937561588344,2.000000000000000000,92.950999999999993406
0.816193988582547103,2.000000000000000000,93.040999999999996817
0.821844504779446039,2.000000000000000000,93.159999999999996589
0.830850404766556805,2.000000000000000000,93.246999999999999886
0.838891683887089679,2.000000000000000000,93.337999999999993861
0.846542125242713661,2.000000000000000000,93.456999999999993634
0.855556340926950876,2.000000000000000000,93.552999999999997272
0.871327060525800778,2.000000000000000000,93.670000000000001705
0.886365998777592701,2.000000000000000000,93.753000000000000114
0.883630134423245117,2.000000000000000000,93.843999999999994088
0.869880129225932386,2.000000000000000000,93.962999999999993861
0.861464643734744184,2.000000000000000000,94.055999999999997385
0.856762117010172464,2.000000000000000000,94.173000000000001819
0.854130198869897939,2.000000000000000000,94.265000000000000568
0.855864021720601942,2.000000000000000000,94.355999999999994543
0.866341800098958004,2.000000000000000000,94.483000000000004093
0.883592713786176764,2.000000000000000000,94.566999999999993065
0.889546752928164874,2.000000000000000000,94.689999999999997726
0.876565949714978698,2.000000000000000000,94.775000000000005684
0.862928206428865474,2.000000000000000000,94.865999999999999659
0.853394259674272293,2.000000000000000000,94.992000000000004434
0.846055656960861269,2.000000000000000000,95.073999999999998067
0.841087027928266062,2.000000000000000000,95.197000000000002728
0.841003870957011124,2.000000000000000000,95.290999999999996817
0.857024061469631393,2.000000000000000000,95.376000000000004775
0.871497532316878099,2.000000000000000000,95.506000000000000227
0.873081672619317128,2.000000000000000000,95.578999999999993520
0.862653788423715318,2.000000000000000000,95.707999999999998408
0.846920489461931103,2.000000000000000000,95.796999999999997044
0.835236935000353675,2.000000000000000000,95.876999999999995339
0.825274729843788801,2.000000000000000000,95.998000000000004661
0.818547330869115353,2.000000000000000000,96.088999999999998636
0.821145986220888968,2.000000000000000000,96.216999999999998749
0.835440669579931683,2.000000000000000000,96.314999999999997726
0.851951486222966015,2.000000000000000000,96.400999999999996248
0.859863872038051813,2.000000000000000000,96.521000000000000796
0.857743369271006584,2.000000000000000000,96.605000000000003979
0.844450727415604341,2.000000000000000000,96.739000000000004320
0.833744267366293146,2.000000000000000000,96.817999999999997840
0.823424487233326063,2.000000000000000000,96.909000000000006025
0.818347754138096128,2.000000000000000000,97.028000000000005798
0.819852895317844999,2.000000000000000000,97.114000000000004320
0.830384725727516759,2.000000000000000000,97.240999999999999659
0.848650154464073214,2.000000000000000000,97.332999999999998408
0.861539485008878003,2.000000000000000000,97.424000000000006594
0.863768091838561070,2.000000000000000000,97.537000000000006139
0.852546058567456022,2.000000000000000000,97.626000000000004775
0.838409373453799178,2.000000000000000000,97.748000000000004661
0.828941952276213367,2.000000000000000000,97.840000000000003411
0.810239949440561658,-1.000000000000000000,97.930000000000006821
0.760952812576658699,-1.000000000000000000,98.058999999999997499
0.687234157557514713,-1.000000000000000000,98.140000000000000568
0.596688689404555772,-1.000000000000000000,98.260999999999995680
0.481121288600425245,-1.000000000000000000,98.346999999999994202
0.334997858707987817,-1.000000000000000000,98.441999999999993065
0.175931046239435673,-1.000000000000000000,98.561000000000007049
0.028551946081016855,-1.000000000000000000,98.653000000000005798
-0.097580547921283567,-1.000000000000000000,98.780000000000001137
-0.208403843515212239,-1.000000000000000000,98.867999999999994998
-0.306312861472959108,-1.000000000000000000,98.953999999999993520
-0.392800269428587479,-1.000000000000000000,99.079999999999998295
-0.468776636217356213,-1.000000000000000000,99.162000000000006139
-0.534940480397822382,-1.000000000000000000,99.275999999999996248
-0.616130789284392133,-1.000000000000000000,99.373000000000004661
-0.697163099925572904,-1.000000000000000000,99.450000000000002842
-0.771646799080284107,-1.000000000000000000,99.578999999999993520
-0.838866736795709667,-1.000000000000000000,99.670000000000001705
-0.897712767505580045,-1.000000000000000000,99.793000000000006366
-0.946774700081653209,-1.000000000000000000,99.876000000000004775
-0.970016033531540200,-1.000000000000000000,99.969999999999998863
-0.978668248978440070,1.000000000000000000,100.081000000000003070
-0.971387931506098035,1.000000000000000000,100.180000000000006821
-0.948347620430336380,1.000000000000000000,100.292000000000001592
-0.901088681000053904,1.000000000000000000,100.400999999999996248
-0.826290783454740385,1.000000000000000000,100.486000000000004206
-0.728208494825923092,1.000000000000000000,100.605999999999994543
-0.611509791535060021,1.000000000000000000,100.688999999999992951
-0.482292627560670373,1.000000000000000000,100.801000000000001933
-0.339639269640808816,1.000000000000000000,100.899000000000000909
-0.219415781097589302,1.000000000000000000,100.996999999999999886
-0.117194585622121927,1.000000000000000000,101.099999999999994316
-0.028684737409517935,1.000000000000000000,101.203999999999993520
0.048304156613105720,1.000000000000000000,101.311999999999997613
0.122512278179921275,1.000000000000000000,101.415999999999996817
0.187817649776682583,1.000000000000000000,101.498000000000004661
0.263190880622608869,1.000000000000000000,101.615999999999999659
0.344000693248409428,1.000000000000000000,101.707999999999998408
0.406198780709893237,1.000000000000000000,101.822999999999993292
0.453305351521512412,1.000000000000000000,101.914000000000001478
0.481667288163520446,1.000000000000000000,102.019999999999996021
0.492715478740473944,1.000000000000000000,102.126000000000004775
0.497276976576795482,1.000000000000000000,102.209999999999993747
0.499479677052893090,1.000000000000000000,102.343000000000003524
0.517751684545541435,1.000000000000000000,102.423000000000001819
0.551472947542774206,1.000000000000000000,102.509000000000000341
0.607969491177628107,1.000000000000000000,102.631000000000000227
0.674114956682349220,1.000000000000000000,102.730000000000003979
0.729934668711614165,1.000000000000000000,102.847999999999998977
0.781376732027294629,1.000000000000000000,102.938999999999992951
0.807298004414096937,1.000000000000000000,103.025999999999996248
0.816812739711257452,1.000000000000000000,103.150000000000005684
0.828963611198517025,2.000000000000000000,103.236000000000004206
0.838667584986785508,2.000000000000000000,103.361999999999994770
0.847064492917858569,2.000000000000000000,103.436999999999997613
0.855716652767170904,2.000000000000000000,103.546000000000006480
0.870023962874047596,2.000000000000000000,103.665000000000006253
0.879939179629135593,2.000000000000000000,103.748999999999995225
0.868747703282845896,2.000000000000000000,103.865999999999999659
0.852090315170105805,2.000000000000000000,103.959999999999993747
0.838262702633713719,2.000000000000000000,104.049000000000006594
0.829108840738205233,2.000000000000000000,104.171999999999997044
0.821262044699892169,2.000000000000000000,104.260000000000005116
0.821297251861029753,2.000000000000000000,104.382000000000005002
0.832752781915844009,2.000000000000000000,104.465999999999993975
0.845810237802368192,2.000000000000000000,104.561999999999997613
0.850409173225835202,2.000000000000000000,104.680999999999997385
0.834825603527756588,2.000000000000000000,104.772000000000005571
0.821024396362220354,2.000000000000000000,104.891999999999995907
0.811285215412814065,2.000000000000000000,104.981999999999999318
0.804327400193198372,2.000000000000000000,105.078999999999993520
0.800054131010248692,2.000000000000000000,105.194000000000002615
0.800040928324822431,2.000000000000000000,105.283000000000001251
0.818339850325557450,2.000000000000000000,105.402000000000001023
0.830415435517258826,2.000000000000000000,105.489999999999994884
0.830795043882292195,2.000000000000000000,105.581000000000003070
0.817643707831164468,2.000000000000000000,105.703999999999993520
0.799561177077956708,2.000000000000000000,105.786000000000001364
0.787184234418672135,2.000000000000000000,105.911000000000001364
0.776253716198173516,2.000000000000000000,106.003000000000000114
0.771945596638953679,2.000000000000000000,106.087999999999993861
0.775154433624696271,2.000000000000000000,106.209000000000003183
0.790989443326866271,2.000000000000000000,106.305999999999997385
0.808110658145372529,2.000000000000000000,106.418999999999996930
0.815449593220940461,2.000000000000000000,106.516000000000005343
0.810162355580080984,2.000000000000000000,106.605999999999994543
0.793281469745250378,2.000000000000000000,106.727999999999994429
0.779720684314526347,2.000000000000000000,106.808999999999997499
0.767343741655241773,2.000000000000000000,106.936000000000007049
0.763026721022557419,2.000000000000000000,107.019999999999996021
0.763538532747050525,2.000000000000000000,107.106999999999999318
0.774411193989992253,2.000000000000000000,107.237999999999999545
0.792369109714628594,2.000000000000000000,107.325999999999993406
0.804203086892278263,2.000000000000000000,107.441000000000002501
0.805978851049438783,2.000000000000000000,107.533000000000001251
0.791140761575843010,2.000000000000000000,107.626999999999995339
0.775403663681839106,2.000000000000000000,107.740999999999999659
0.767134566428711473,2.000000000000000000,107.834999999999993747
0.762911007067450297,2.000000000000000000,107.938999999999992951
0.761486835312338739,2.000000000000000000,108.043999999999996930
0.768256101685863335,2.000000000000000000,108.129000000000004889
0.785849073398253051,2.000000000000000000,108.256000000000000227
0.801804247592257546,2.000000000000000000,108.341999999999998749
0.802983639826960083,2.000000000000000000,108.463999999999998636
0.787144179588059378,2.000000000000000000,108.548000000000001819
0.775986683994089876,2.000000000000000000,108.644999999999996021
0.766560447189931216,2.000000000000000000,108.748999999999995225
0.760240685026615459,2.000000000000000000,108.858999999999994657
0.756969540526585494,2.000000000000000000,108.966999999999998749
0.760343047371512037,2.000000000000000000,109.060000000000002274
0.778447830808394636,2.000000000000000000,109.144999999999996021
0.790286258522777896,2.000000000000000000,109.268000000000000682
0.752318729638793426,-1.000000000000000000,109.355999999999994543
0.661104979260496828,-1.000000000000000000,109.480000000000003979
0.534576219892116011,-1.000000000000000000,109.558999999999997499
0.378856390080644090,-1.000000000000000000,109.665999999999996817
0.198970145799583831,-1.000000000000000000,109.768000000000000682
0.000204724689798041,-1.000000000000000000,109.873000000000004661
-0.163939569132033447,-1.000000000000000000,109.989000000000004320
-0.312138546643197623,-1.000000000000000000,110.078000000000002956
-0.443348360214085524,-1.000000000000000000,110.171999999999997044
-0.563737023599985232,-1.000000000000000000,110.287000000000006139
-0.677480333345306551,-1.000000000000000000,110.375000000000000000
-0.782203024533925984,-1.000000000000000000,110.498000000000004661
-0.879202737167282145,-1.000000000000000000,110.590999999999993975
-0.957433815869822902,-1.000000000000000000,110.680999999999997385
-1.000000000000000000,0.000000000000000000,110.802999999999997272
-1.000000000000000000,0.000000000000000000,110.888000000000005230
-1.000000000000000000,0.000000000000000000,111.010000000000005116
-1.000000000000000000,0.000000000000000000,111.091999999999998749
-1.000000000000000000,0.000000000000000000,111.180999999999997385
-1.000000000000000000,0.000000000000000000,111.301000000000001933
-1.000000000000000000,0.000000000000000000,111.400000000000005684
-1.000000000000000000,0.000000000000000000,111.509000000000000341
-0.994840657510706827,0.000000000000000000,111.597999999999998977
-0.975515786444999256,1.000000000000000000,111.688000000000002387
-0.940062550622845827,1.000000000000000000,111.822000000000002728
-0.889927457831539148,1.000000000000000000,111.909999999999996589
-0.826072218970536953,1.000000000000000000,112.034999999999996589
-0.741741209114971101,1.000000000000000000,112.125000000000000000
-0.639910214039795422,1.000000000000000000,112.209999999999993747
-0.525730693358085310,1.000000000000000000,112.331000000000003070
-0.388237566240796972,1.000000000000000000,112.420000000000001705
-0.254031598509348200,1.000000000000000000,112.543999999999996930
-0.128957942884622478,1.000000000000000000,112.628000000000000114
-0.020820646829409095,1.000000000000000000,112.715999999999993975
0.079598993521285744,1.000000000000000000,112.843000000000003524
0.173833602617036842,1.000000000000000000,112.930000000000006821
0.237856500211399480,1.000000000000000000,113.054000000000002046
0.305298702874302386,1.000000000000000000,113.137000000000000455
0.374266985779728723,1.000000000000000000,113.231999999999999318
0.408320790874025397,1.000000000000000000,113.358000000000004093
0.428207785371792271,1.000000000000000000,113.442999999999997840
0.447983748262561932,1.000000000000000000,113.558000000000006935
0.469569115119216951,1.000000000000000000,113.653000000000005798
0.490998215269723648,1.000000000000000000,113.737999999999999545
0.521478447531397160,1.000000000000000000,113.864999999999994884
0.562243496426426237,1.000000000000000000,113.947000000000002728
0.603066117265828039,1.000000000000000000,114.076999999999998181
0.637128146923600980,1.000000000000000000,114.150999999999996248
0.666280112183047724,1.000000000000000000,114.251999999999995339
0.691513072943654494,1.000000000000000000,114.373999999999995225
0.712522720356618011,1.000000000000000000,114.457999999999998408
0.731241826840040465,2.000000000000000000,114.575000000000002842
0.743368945693210215,2.000000000000000000,114.667000000000001592
0.741152425835000628,2.000000000000000000,114.757999999999995566
0.737155287983092267,2.000000000000000000,114.884000000000000341
0.733293855428622132,2.000000000000000000,114.969999999999998863
0.732718135984930630,2.000000000000000000,115.091999999999998749
0.735662529711234692,2.000000000000000000,115.188000000000002387
0.748316020627202372,2.000000000000000000,115.271000000000000796
0.771562749307079576,2.000000000000000000,115.394999999999996021
0.781432225484634424,2.000000000000000000,115.481999999999999318
0.778516617730516725,2.000000000000000000,115.599000000000003752
0.770493556054513418,2.000000000000000000,115.694000000000002615
0.764464951022724382,2.000000000000000000,115.780000000000001137
0.761923560907004971,2.000000000000000000,115.890000000000000568
0.760751560610920530,2.000000000000000000,115.990999999999999659
0.770049429626520565,2.000000000000000000,116.102999999999994429
0.789208550256196073,2.000000000000000000,116.203999999999993520
0.804263613708702474,2.000000000000000000,116.287999999999996703
0.806879024895753583,2.000000000000000000,116.402000000000001023
0.796808046912911072,2.000000000000000000,116.498999999999995225
0.784179229687384405,2.000000000000000000,116.608000000000004093
0.776456364578449909,2.000000000000000000,116.719999999999998863
0.770094664725668787,2.000000000000000000,116.789000000000001478
0.770164573515260686,2.000000000000000000,116.927000000000006708
0.778639986182733335,2.000000000000000000,117.009000000000000341
0.795903344929966838,2.000000000000000000,117.117999999999994998
0.808536274437233304,2.000000000000000000,117.215999999999993975
0.809354618503623779,2.000000000000000000,117.311000000000007049
0.798559878934426592,2.000000000000000000,117.433000000000006935
0.785556844070501858,2.000000000000000000,117.522999999999996135
0.774955381743112959,2.000000000000000000,117.643000000000000682
0.770649822760655967,2.000000000000000000,117.737999999999999545
0.770069991035224888,2.000000000000000000,117.816000000000002501
0.777352841997908994,2.000000000000000000,117.938999999999992951
0.793049421401958998,2.000000000000000000,118.025999999999996248
0.805184764818608123,2.000000000000000000,118.147999999999996135
0.807109312673230717,2.000000000000000000,118.239000000000004320
0.793785519833532849,2.000000000000000000,118.331000000000003070
0.779141684555090253,2.000000000000000000,118.451999999999998181
0.771353022938306543,2.000000000000000000,118.540000000000006253
0.766607449809602270,2.000000000000000000,118.664000000000001478
0.764830944097643073,2.000000000000000000,118.737999999999999545
0.770185134923961900,2.000000000000000000,118.840000000000003411
0.784775510539777121,2.000000000000000000,118.948999999999998067
0.806802327383967510,2.000000000000000000,119.052000000000006708
0.818990875380190664,2.000000000000000000,119.170000000000001705
0.805903618979313840,2.000000000000000000,119.263999999999995794
0.795120486700386708,2.000000000000000000,119.349000000000003752
0.784833561977990035,-1.000000000000000000,119.474000000000003752
0.760360938874733883,-1.000000000000000000,119.560000000000002274
0.703522239689097217,-1.000000000000000000,119.682000000000002160
0.619496370179175138,-1.000000000000000000,119.763000000000005230
0.516927349375984280,-1.000000000000000000,119.864000000000004320
0.395618960001849373,-1.000000000000000000,119.975999999999999091
0.220542040747669921,-1.000000000000000000,120.070999999999997954
0.044620592502258694,-1.000000000000000000,120.188999999999992951
-0.104871638527366251,-1.000000000000000000,120.278000000000005798
-0.231029625113013171,-1.000000000000000000,120.367000000000004434
-0.340817055991254669,-1.000000000000000000,120.498999999999995225
-0.436429006959484833,-1.000000000000000000,120.578000000000002956
-0.498858308277789875,-1.000000000000000000,120.700000000000002842
-0.572767603708921325,-1.000000000000000000,120.786000000000001364
-0.648462409156783659,-1.000000000000000000,120.881000000000000227
-0.724081988808925603,-1.000000000000000000,121.004000000000004889
