0.000000000000000000,1.000000000000000000,0.000000000000000000
1.000000000000000000,999.000000000000000000,0.121999999999999997
1.000000000000000000,999.000000000000000000,0.209999999999999992
1.000000000000000000,999.000000000000000000,0.300999999999999990
1.000000000000000000,999.000000000000000000,0.427999999999999992
1.000000000000000000,999.000000000000000000,0.513000000000000012
1.000000000000000000,999.000000000000000000,0.626000000000000001
1.000000000000000000,999.000000000000000000,0.725999999999999979
1.000000000000000000,999.000000000000000000,0.806000000000000050
1.000000000000000000,999.000000000000000000,0.937000000000000055
1.000000000000000000,999.000000000000000000,1.010000000000000009
1.000000000000000000,999.000000000000000000,1.151000000000000023
1.000000000000000000,999.000000000000000000,1.227000000000000091
1.000000000000000000,999.000000000000000000,1.330999999999999961
1.000000000000000000,999.000000000000000000,1.449000000000000066
1.000000000000000000,999.000000000000000000,1.538999999999999924
0.998738553676560947,999.000000000000000000,1.659999999999999920
0.993461310341833270,999.000000000000000000,1.750000000000000000
0.985638028556133250,999.000000000000000000,1.832000000000000073
0.985423929868208148,999.000000000000000000,1.947000000000000064
0.981523861877411363,999.000000000000000000,2.052000000000000046
0.925458937896910472,-1.000000000000000000,2.153999999999999915
0.802132307202682693,-1.000000000000000000,2.251999999999999780
0.672434793930008379,-1.000000000000000000,2.350000000000000089
0.553569516975997766,-1.000000000000000000,2.467000000000000082
0.443690598463697405,-1.000000000000000000,2.553999999999999826
0.353838586948660216,-1.000000000000000000,2.669000000000000039
0.319548078174951122,0.000000000000000000,2.769000000000000128
0.353844373399683665,0.000000000000000000,2.854000000000000092
0.392283767558259999,0.000000000000000000,2.979000000000000092
0.429120314782933221,0.000000000000000000,3.057999999999999829
0.461240904422295372,0.000000000000000000,3.186999999999999833
0.490005352467198119,0.000000000000000000,3.274999999999999911
0.515315289250220632,0.000000000000000000,3.362999999999999989
0.545555282306479317,0.000000000000000000,3.487999999999999989
0.579504390469712360,0.000000000000000000,3.579000000000000181
0.601284592127531825,0.000000000000000000,3.697999999999999954
0.600127301922545486,0.000000000000000000,3.786000000000000032
0.590695386751918683,0.000000000000000000,3.876999999999999780
0.583907879699681720,0.000000000000000000,3.995999999999999996
0.578711646679296088,0.000000000000000000,4.075000000000000178
0.576946779116696673,0.000000000000000000,4.206000000000000405
0.578919958916197519,0.000000000000000000,4.294999999999999929
0.597905304728974185,0.000000000000000000,4.384000000000000341
0.620837010140756540,0.000000000000000000,4.506999999999999673
0.634550899069824981,0.000000000000000000,4.584999999999999964
0.633856524946833977,0.000000000000000000,4.713000000000000078
0.617799123352670732,0.000000000000000000,4.807999999999999829
0.601047347635508489,0.000000000000000000,4.902000000000000135
0.587414469020786312,0.000000000000000000,5.016000000000000014
0.576026733403733671,0.000000000000000000,5.110999999999999766
0.569985678533711848,0.000000000000000000,5.230000000000000426
0.572913622752325269,0.000000000000000000,5.320000000000000284
0.586170382050426042,0.000000000000000000,5.403999999999999915
0.599878484528475031,0.000000000000000000,5.524000000000000021
0.605578138788024800,0.000000000000000000,5.620000000000000107
0.598570746596843284,0.000000000000000000,5.738000000000000433
0.580314493613203197,0.000000000000000000,5.833000000000000185
0.564100857841362879,0.000000000000000000,5.910999999999999588
0.551168139800655377,-1.000000000000000000,6.033000000000000362
0.508145876430338372,-1.000000000000000000,6.118999999999999773
0.425781532541552821,-1.000000000000000000,6.248000000000000220
0.317111982293458938,-1.000000000000000000,6.331999999999999851
0.189896856510481493,-1.000000000000000000,6.437999999999999723
0.036127706974121265,-1.000000000000000000,6.543000000000000149
-0.146567911235842230,-1.000000000000000000,6.642000000000000348
-0.322452876589462201,-1.000000000000000000,6.748000000000000220
-0.482980600922937597,-1.000000000000000000,6.850999999999999979
-0.619077929029176577,-1.000000000000000000,6.932999999999999829
-0.736265135185961483,-1.000000000000000000,7.049999999999999822
-0.837215559766803730,-1.000000000000000000,7.137999999999999901
-0.918659857942626168,-1.000000000000000000,7.262999999999999901
-0.980760050342121326,0.000000000000000000,7.347000000000000419
-1.000000000000000000,0.000000000000000000,7.448999999999999844
-1.000000000000000000,0.000000000000000000,7.567999999999999616
-1.000000000000000000,0.000000000000000000,7.649000000000000021
-1.000000000000000000,0.000000000000000000,7.778999999999999915
-1.000000000000000000,0.000000000000000000,7.865000000000000213
-1.000000000000000000,0.000000000000000000,7.961999999999999744
-0.999370382232731558,0.000000000000000000,8.074999999999999289
-0.989088450346424120,0.000000000000000000,8.163999999999999702
-0.965086326070828004,1.000000000000000000,8.281000000000000583
-0.892937604879265434,1.000000000000000000,8.367000000000000881
-0.797410902242262187,1.000000000000000000,8.461999999999999744
-0.680093949920750895,1.000000000000000000,8.587999999999999190
-0.539826061248122269,1.000000000000000000,8.666000000000000369
-0.373240149903776630,1.000000000000000000,8.798999999999999488
-0.191806209126172966,1.000000000000000000,8.881999999999999673
-0.040676045233932201,1.000000000000000000,8.983000000000000540
0.118447526834033257,1.000000000000000000,9.093999999999999417
0.268017333650879763,1.000000000000000000,9.189999999999999503
0.400729809116317615,1.000000000000000000,9.308999999999999275
0.511290689048207847,1.000000000000000000,9.400999999999999801
0.606302747597182723,1.000000000000000000,9.480999999999999872
0.693764867876079494,1.000000000000000000,9.599999999999999645
0.755297686017829761,1.000000000000000000,9.689000000000000057
0.812609327650345215,1.000000000000000000,9.817000000000000171
0.878927240823318634,1.000000000000000000,9.906000000000000583
0.939239147990285073,1.000000000000000000,9.993999999999999773
0.988612130818144808,2.000000000000000000,10.115000000000000213
1.000000000000000000,2.000000000000000000,10.202999999999999403
1.000000000000000000,2.000000000000000000,10.330000000000000071
1.000000000000000000,2.000000000000000000,10.414999999999999147
1.000000000000000000,2.000000000000000000,10.506000000000000227
1.000000000000000000,2.000000000000000000,10.625000000000000000
1.000000000000000000,2.000000000000000000,10.715999999999999304
1.000000000000000000,2.000000000000000000,10.833000000000000185
1.000000000000000000,2.000000000000000000,10.926999999999999602
1.000000000000000000,2.000000000000000000,11.015000000000000568
1.000000000000000000,2.000000000000000000,11.134000000000000341
1.000000000000000000,2.000000000000000000,11.223000000000000753
1.000000000000000000,2.000000000000000000,11.349999999999999645
0.985031156703251254,-1.000000000000000000,11.432000000000000384
0.924883268813853299,-1.000000000000000000,11.528999999999999915
0.820242489421803445,-1.000000000000000000,11.644000000000000128
0.695927121782439206,-1.000000000000000000,11.734999999999999432
0.569777146235767695,-1.000000000000000000,11.856999999999999318
0.450240518556547009,-1.000000000000000000,11.945999999999999730
0.357755841425640320,-1.000000000000000000,12.037000000000000810
0.332387642431510644,0.000000000000000000,12.157999999999999474
0.355692515821665278,0.000000000000000000,12.246999999999999886
0.394525860915305504,0.000000000000000000,12.365000000000000213
0.432794711268238652,0.000000000000000000,12.461999999999999744
0.461890522084639210,0.000000000000000000,12.539999999999999147
0.475920162924860390,0.000000000000000000,12.669000000000000483
0.466659529376838300,0.000000000000000000,12.752000000000000668
0.453880536367328169,0.000000000000000000,12.881000000000000227
0.448590831340162977,0.000000000000000000,12.958999999999999631
0.445559105275833867,0.000000000000000000,13.061999999999999389
0.442736631572283823,0.000000000000000000,13.173999999999999488
0.445826753644272600,0.000000000000000000,13.268000000000000682
0.458785801010735295,0.000000000000000000,13.374000000000000554
0.475360534518119993,0.000000000000000000,13.480999999999999872
0.480003017127062392,0.000000000000000000,13.567000000000000171
0.466713059050527290,0.000000000000000000,13.673999999999999488
0.454907332835341904,0.000000000000000000,13.765000000000000568
0.446668629421366425,0.000000000000000000,13.891999999999999460
0.440634375296537817,0.000000000000000000,13.983999999999999986
0.435476061286606875,0.000000000000000000,14.080999999999999517
0.434356804473133185,0.000000000000000000,14.192000000000000171
0.449598162472291341,0.000000000000000000,14.288000000000000256
0.463311491604355030,0.000000000000000000,14.397999999999999687
0.461403888687476726,0.000000000000000000,14.509999999999999787
0.448547034334418226,0.000000000000000000,14.585000000000000853
0.436279006391926405,0.000000000000000000,14.698000000000000398
0.423222632346033079,0.000000000000000000,14.784000000000000696
0.386014642798917507,-1.000000000000000000,14.903999999999999915
0.313807979327810349,-1.000000000000000000,15.002000000000000668
0.223415825804708534,-1.000000000000000000,15.099999999999999645
0.099061527493570223,-1.000000000000000000,15.208000000000000185
-0.047736303094747301,-1.000000000000000000,15.310000000000000497
-0.213147861124561744,-1.000000000000000000,15.428000000000000824
-0.371454571555789315,-1.000000000000000000,15.507999999999999119
-0.503609603223459601,-1.000000000000000000,15.601000000000000867
-0.613856399350831916,-1.000000000000000000,15.720000000000000639
-0.691114317484491925,-1.000000000000000000,15.807999999999999829
-0.753953288060205673,-1.000000000000000000,15.930999999999999162
-0.806991462017046080,-1.000000000000000000,16.016999999999999460
-0.846481762196857002,-1.000000000000000000,16.112999999999999545
-0.880560699000209723,-1.000000000000000000,16.242000000000000881
-0.911486251389946878,-1.000000000000000000,16.317000000000000171
-0.938640394951661849,-1.000000000000000000,16.440000000000001279
-0.957181127383591290,-1.000000000000000000,16.527999999999998693
-0.963517094214658920,-1.000000000000000000,16.617000000000000881
-0.949905958095995984,1.000000000000000000,16.739000000000000767
-0.909150411083562426,1.000000000000000000,16.830999999999999517
-0.835104273371177541,1.000000000000000000,16.955999999999999517
-0.729538890524515038,1.000000000000000000,17.042000000000001592
-0.603729558355860174,1.000000000000000000,17.126999999999998892
-0.463146036249320714,1.000000000000000000,17.251000000000001222
-0.325730497558315069,1.000000000000000000,17.336999999999999744
-0.192684926773839083,1.000000000000000000,17.467999999999999972
-0.059245182937660790,1.000000000000000000,17.556000000000000938
0.059284113609431532,1.000000000000000000,17.640999999999998238
0.167409188125169139,1.000000000000000000,17.766999999999999460
0.269743325214664376,1.000000000000000000,17.853999999999999204
0.365177000732381352,1.000000000000000000,17.969999999999998863
0.445646699287323145,1.000000000000000000,18.068999999999999062
0.500602208828989648,1.000000000000000000,18.150999999999999801
0.558793830461790542,1.000000000000000000,18.275999999999999801
0.612070454783239848,1.000000000000000000,18.364000000000000767
0.660860319182843714,1.000000000000000000,18.484999999999999432
0.705990700435777496,1.000000000000000000,18.577999999999999403
0.746575925759206172,1.000000000000000000,18.667000000000001592
0.772221505789715712,2.000000000000000000,18.786000000000001364
0.771803001068157357,2.000000000000000000,18.876999999999998892
0.765924469630422156,2.000000000000000000,18.998999999999998778
0.776902919070432185,2.000000000000000000,19.083999999999999631
0.795696700868882223,2.000000000000000000,19.172999999999998266
0.824228016944571928,2.000000000000000000,19.286000000000001364
0.865708647718783419,2.000000000000000000,19.385000000000001563
0.910824429969798954,2.000000000000000000,19.510999999999999233
0.944319406696559005,2.000000000000000000,19.600000000000001421
0.944820639095639514,2.000000000000000000,19.681999999999998607
0.938285152571733727,2.000000000000000000,19.803999999999998494
0.925895466279952117,2.000000000000000000,19.902000000000001023
0.915632367933775670,2.000000000000000000,20.022999999999999687
0.912629839873279725,2.000000000000000000,20.106999999999999318
0.920260251540799823,2.000000000000000000,20.189000000000000057
0.934557540749459736,2.000000000000000000,20.318999999999999062
0.936839851382154976,2.000000000000000000,20.407000000000000028
0.926693545051301193,2.000000000000000000,20.528999999999999915
0.912824493232143874,2.000000000000000000,20.620000000000000995
0.902512731546248892,2.000000000000000000,20.713999999999998636
0.894332424139933080,2.000000000000000000,20.829999999999998295
0.888429561032342052,2.000000000000000000,20.914999999999999147
0.889213040801776211,2.000000000000000000,21.021999999999998465
0.899704856844620648,2.000000000000000000,21.132000000000001450
0.910804964633913583,-1.000000000000000000,21.213999999999998636
0.891227703066029386,-1.000000000000000000,21.341999999999998749
0.818378683510666560,-1.000000000000000000,21.422000000000000597
0.711577251835211255,-1.000000000000000000,21.545999999999999375
0.602834152905077136,-1.000000000000000000,21.634000000000000341
0.499229902648985480,-1.000000000000000000,21.722000000000001307
0.397586784983464669,-1.000000000000000000,21.838000000000000966
0.326061408268387254,-1.000000000000000000,21.943000000000001393
0.310995238292208098,0.000000000000000000,22.045999999999999375
0.326251195293280949,0.000000000000000000,22.152999999999998693
0.334976532104422242,0.000000000000000000,22.237999999999999545
0.334426636365626306,0.000000000000000000,22.347999999999998977
0.337653015788819788,0.000000000000000000,22.440000000000001279
0.341458488954635486,0.000000000000000000,22.565999999999998948
0.342373359741303673,0.000000000000000000,22.652999999999998693
0.348324886188613458,0.000000000000000000,22.754999999999999005
0.365614970789828408,0.000000000000000000,22.853999999999999204
0.384481747597856138,0.000000000000000000,22.961999999999999744
0.391834778228993041,0.000000000000000000,23.074999999999999289
0.387148498614309444,0.000000000000000000,23.163000000000000256
0.375966237660387836,0.000000000000000000,23.251000000000001222
0.364865988254104767,0.000000000000000000,23.370999999999998664
0.350282988556878561,0.000000000000000000,23.460999999999998522
0.342030781432004938,-1.000000000000000000,23.582999999999998408
0.290530124662318201,-1.000000000000000000,23.667999999999999261
0.215509678058936505,-1.000000000000000000,23.771999999999998465
0.117197452229298005,-1.000000000000000000,23.873000000000001108
-0.009368261914796894,-1.000000000000000000,23.964999999999999858
-0.162259287714690115,-1.000000000000000000,24.096000000000000085
-0.332583211479838825,-1.000000000000000000,24.176999999999999602
-0.463803316067311622,-1.000000000000000000,24.274000000000000909
-0.586859649557610830,-1.000000000000000000,24.388999999999999346
-0.693588440853552313,-1.000000000000000000,24.484000000000001762
-0.782616669558104938,-1.000000000000000000,24.606000000000001648
-0.852759671862994617,-1.000000000000000000,24.702000000000001734
-0.907774666038811628,-1.000000000000000000,24.783000000000001251
-0.953808024982029545,-1.000000000000000000,24.917000000000001592
-0.980197774418200107,-1.000000000000000000,24.998000000000001108
-0.998468363528216329,-1.000000000000000000,25.114999999999998437
-1.000000000000000000,1.000000000000000000,25.199999999999999289
-0.993389721908174761,1.000000000000000000,25.300999999999998380
-0.966815018591406061,1.000000000000000000,25.414000000000001478
-0.912586988736304061,1.000000000000000000,25.507000000000001450
-0.828884837179842515,1.000000000000000000,25.626999999999998892
-0.722076399179655493,1.000000000000000000,25.713000000000000966
-0.605337700602889606,1.000000000000000000,25.806999999999998607
-0.463528433844031307,1.000000000000000000,25.926999999999999602
-0.319675720339716141,1.000000000000000000,26.018999999999998352
-0.185693893656657116,1.000000000000000000,26.132999999999999119
-0.064541745934754147,1.000000000000000000,26.225999999999999091
0.046368428995172239,1.000000000000000000,26.314000000000000057
0.150297239862549503,1.000000000000000000,26.435999999999999943
0.230100514819935098,1.000000000000000000,26.524000000000000909
0.311033721141835695,1.000000000000000000,26.643000000000000682
0.404072490327830547,1.000000000000000000,26.737999999999999545
0.468316025249436274,1.000000000000000000,26.827000000000001734
0.530462227652204188,1.000000000000000000,26.939000000000000057
0.590475463245770715,1.000000000000000000,27.030000000000001137
0.646813276318464636,1.000000000000000000,27.157000000000000028
0.695398085929544107,1.000000000000000000,27.245999999999998664
0.732803909590715286,2.000000000000000000,27.332999999999998408
0.739966401954792241,2.000000000000000000,27.460999999999998522
0.734519446141314702,2.000000000000000000,27.550000000000000711
0.720973325188351888,2.000000000000000000,27.663000000000000256
0.706047648136832739,2.000000000000000000,27.754999999999999005
0.697872123803704225,2.000000000000000000,27.838999999999998636
0.700646507839539634,2.000000000000000000,27.963999999999998636
0.727453675422518931,2.000000000000000000,28.045999999999999375
0.751298106291997891,2.000000000000000000,28.173999999999999488
0.771462024027692150,2.000000000000000000,28.275999999999999801
0.792903685603745911,2.000000000000000000,28.358000000000000540
0.807732641009973218,2.000000000000000000,28.478000000000001535
0.817160456118914746,2.000000000000000000,28.562999999999998835
0.820683160252493549,2.000000000000000000,28.678999999999998494
0.830131337813073023,2.000000000000000000,28.777999999999998693
0.843305844023618301,2.000000000000000000,28.873999999999998778
0.839559152922010998,2.000000000000000000,28.990999999999999659
0.824714925677050736,2.000000000000000000,29.076000000000000512
0.809682345754425548,2.000000000000000000,29.201000000000000512
0.799699653838321201,2.000000000000000000,29.280000000000001137
0.793840358379146904,2.000000000000000000,29.378000000000000114
0.788953369985744279,2.000000000000000000,29.486000000000000654
0.795260639380979573,2.000000000000000000,29.603000000000001535
0.809799429851352004,2.000000000000000000,29.695000000000000284
0.818667277540215066,2.000000000000000000,29.800999999999998380
0.816198330278963491,2.000000000000000000,29.885000000000001563
0.799516391773568813,-1.000000000000000000,30.009000000000000341
0.755385868458563925,-1.000000000000000000,30.092999999999999972
0.668590918346564811,-1.000000000000000000,30.210000000000000853
0.552428222357969068,-1.000000000000000000,30.300000000000000711
0.443061494603948836,-1.000000000000000000,30.397999999999999687
0.345067196090406814,-1.000000000000000000,30.506000000000000227
0.263429036856037690,-1.000000000000000000,30.606999999999999318
0.213271227855831746,0.000000000000000000,30.730000000000000426
0.202860924455304570,0.000000000000000000,30.820000000000000284
0.211072083078800432,0.000000000000000000,30.893999999999998352
0.212731622887394778,0.000000000000000000,31.039999999999999147
0.215673997149256946,0.000000000000000000,31.112999999999999545
0.221909997963753769,0.000000000000000000,31.227000000000000313
0.223574628385256657,0.000000000000000000,31.321999999999999176
0.230553858684584556,0.000000000000000000,31.416000000000000369
0.249017511708408579,0.000000000000000000,31.536999999999999034
0.266712482182855037,0.000000000000000000,31.623999999999998778
0.270235186316430287,0.000000000000000000,31.748000000000001108
0.257315210751372314,0.000000000000000000,31.824000000000001620
0.245937690897982009,-1.000000000000000000,31.922000000000000597
0.213989004276112782,-1.000000000000000000,32.031999999999996476
0.146798004479739674,-1.000000000000000000,32.122999999999997556
0.053217267358989240,-1.000000000000000000,32.243999999999999773
-0.054148849521485243,-1.000000000000000000,32.345999999999996533
-0.172571777642029578,-1.000000000000000000,32.423000000000001819
-0.310807371207492245,-1.000000000000000000,32.555999999999997385
-0.446742007737730207,-1.000000000000000000,32.640000000000000568
-0.570250458155162621,-1.000000000000000000,32.765999999999998238
-0.668341478313989601,-1.000000000000000000,32.851999999999996760
-0.749913459580532793,-1.000000000000000000,32.951000000000000512
-0.817506617796781909,-1.000000000000000000,33.069000000000002615
-0.870866422317245981,-1.000000000000000000,33.154000000000003467
-0.910227041335774589,-1.000000000000000000,33.273000000000003240
-0.929321930360415549,-1.000000000000000000,33.368000000000002103
-0.945815516188149186,-1.000000000000000000,33.448999999999998067
-0.966091427407861136,-1.000000000000000000,33.576999999999998181
-0.976791895744250072,1.000000000000000000,33.664000000000001478
-0.964849317857868982,1.000000000000000000,33.787999999999996703
-0.921650376705353103,1.000000000000000000,33.872999999999997556
-0.847923029932804218,1.000000000000000000,33.963000000000000966
-0.745291183058438333,1.000000000000000000,34.084000000000003183
-0.606948686621869959,1.000000000000000000,34.171999999999997044
-0.434208918753818951,1.000000000000000000,34.298000000000001819
-0.268346568926898899,1.000000000000000000,34.384999999999998010
-0.121635104866625099,1.000000000000000000,34.478999999999999204
0.010389940948890786,1.000000000000000000,34.593000000000003524
0.128868865811444078,1.000000000000000000,34.688000000000002387
0.231541437589085852,1.000000000000000000,34.802999999999997272
0.304235389940948897,1.000000000000000000,34.893000000000000682
0.379394539979617251,1.000000000000000000,34.996999999999999886
0.449933544627342030,1.000000000000000000,35.100000000000001421
0.507274307330542129,1.000000000000000000,35.195000000000000284
0.555454452509969165,1.000000000000000000,35.320000000000000284
0.600577650546978647,1.000000000000000000,35.402000000000001023
0.640220836315305020,1.000000000000000000,35.494999999999997442
0.672635722318782214,1.000000000000000000,35.618999999999999773
0.703804396705683288,1.000000000000000000,35.704999999999998295
0.742012140666055586,1.000000000000000000,35.832999999999998408
0.766798828681749978,1.000000000000000000,35.909999999999996589
0.779802534400998670,1.000000000000000000,36.008000000000002672
0.789603254813550315,1.000000000000000000,36.125999999999997669
0.803415481095650197,1.000000000000000000,36.219999999999998863
0.823633677991141067,1.000000000000000000,36.335000000000000853
0.840778460182954879,1.000000000000000000,36.433999999999997499
0.875804926846259102,1.000000000000000000,36.521000000000000796
0.965821470330910259,1.000000000000000000,36.634000000000000341
0.995890626596593664,2.000000000000000000,36.726999999999996760
0.984584326385879116,2.000000000000000000,36.843000000000003524
0.972073935581154513,2.000000000000000000,36.935000000000002274
0.961292353748560480,2.000000000000000000,37.026000000000003354
0.954222464022268957,2.000000000000000000,37.145000000000003126
0.951974460023361280,2.000000000000000000,37.243000000000002103
0.957541998182814824,2.000000000000000000,37.350999999999999091
0.971250956230202300,2.000000000000000000,37.448999999999998067
0.978436836334811932,2.000000000000000000,37.531999999999996476
0.973222792661675440,2.000000000000000000,37.658000000000001251
0.956072786724072810,2.000000000000000000,37.749000000000002331
0.936094824895956412,2.000000000000000000,37.856000000000001648
0.921772774848867327,2.000000000000000000,37.950000000000002842
0.911306024043147200,2.000000000000000000,38.057999999999999829
0.908074863504178653,2.000000000000000000,38.159999999999996589
0.912891225880215096,2.000000000000000000,38.256999999999997897
0.927091762197631120,2.000000000000000000,38.371999999999999886
0.941032701001658589,2.000000000000000000,38.466999999999998749
0.942452202298266428,2.000000000000000000,38.554999999999999716
0.931112761979459913,2.000000000000000000,38.662999999999996703
0.912835992366725968,2.000000000000000000,38.758000000000002672
0.903772172803571694,2.000000000000000000,38.874000000000002331
0.897182814644617688,2.000000000000000000,38.978000000000001535
0.893338562105943534,2.000000000000000000,39.057000000000002160
0.880546480382436991,-1.000000000000000000,39.185999999999999943
0.827340036840753523,-1.000000000000000000,39.273000000000003240
0.736326253317465707,-1.000000000000000000,39.395000000000003126
0.627565941910915415,-1.000000000000000000,39.484999999999999432
0.514326192560599749,-1.000000000000000000,39.570000000000000284
0.411431680286330925,-1.000000000000000000,39.683999999999997499
0.333806500432201281,-1.000000000000000000,39.781999999999996476
0.310724415146133248,0.000000000000000000,39.899999999999998579
0.327968318056664598,0.000000000000000000,39.999000000000002331
0.353558004855024866,0.000000000000000000,40.075000000000002842
0.374126965277449486,0.000000000000000000,40.204999999999998295
0.349277407559811515,-1.000000000000000000,40.292999999999999261
0.235358285993610084,-1.000000000000000000,40.417000000000001592
0.089956564281816309,-1.000000000000000000,40.496999999999999886
-0.079084857638305417,-1.000000000000000000,40.597000000000001307
-0.257039771773785120,-1.000000000000000000,40.715000000000003411
-0.442473569390834598,-1.000000000000000000,40.811999999999997613
-0.604184147228277735,-1.000000000000000000,40.923999999999999488
-0.694736253286341032,-1.000000000000000000,41.017000000000003013
-0.771119315321359133,-1.000000000000000000,41.095999999999996533
-0.847211500811093199,-1.000000000000000000,41.220999999999996533
-0.915522738714545703,-1.000000000000000000,41.314999999999997726
-0.970627062706268084,-1.000000000000000000,41.432999999999999829
-1.000000000000000000,-1.000000000000000000,41.523000000000003240
-1.000000000000000000,1.000000000000000000,41.613999999999997215
-1.000000000000000000,1.000000000000000000,41.734999999999999432
-0.988759774109466250,1.000000000000000000,41.825000000000002842
-0.920264986967852860,1.000000000000000000,41.954000000000000625
-0.827883362293656666,1.000000000000000000,42.039000000000001478
-0.717126411815807607,1.000000000000000000,42.124000000000002331
-0.585056472632490276,1.000000000000000000,42.246999999999999886
-0.433025629887054175,1.000000000000000000,42.335000000000000853
-0.270036924413550539,1.000000000000000000,42.459000000000003183
-0.134757819287574576,1.000000000000000000,42.539999999999999147
-0.005527801911380137,1.000000000000000000,42.633000000000002672
0.129990225890530997,1.000000000000000000,42.759999999999998010
0.254550390964378481,1.000000000000000000,42.844999999999998863
0.358932450043441209,1.000000000000000000,42.968000000000003524
0.442501086012160316,1.000000000000000000,43.045999999999999375
0.516561685490876776,1.000000000000000000,43.152000000000001023
0.584437445699392377,1.000000000000000000,43.267000000000003013
0.634741529105126379,1.000000000000000000,43.350999999999999091
0.691480234578627728,1.000000000000000000,43.479999999999996874
0.746812554300605891,1.000000000000000000,43.563000000000002387
0.795324717636835210,1.000000000000000000,43.649000000000000909
0.826895091225023249,1.000000000000000000,43.786000000000001364
0.842403344917464603,1.000000000000000000,43.859999999999999432
0.844814291920070959,2.000000000000000000,43.993000000000002103
0.828909643788013240,2.000000000000000000,44.076000000000000512
0.824078305911028819,2.000000000000000000,44.164999999999999147
0.841948331773564096,2.000000000000000000,44.286999999999999034
0.872282194702593605,2.000000000000000000,44.378000000000000114
0.908291074498880580,2.000000000000000000,44.496999999999999886
0.945360959366227549,2.000000000000000000,44.591999999999998749
0.982185996909483938,2.000000000000000000,44.674999999999997158
1.000000000000000000,2.000000000000000000,44.789000000000001478
1.000000000000000000,2.000000000000000000,44.887999999999998124
1.000000000000000000,2.000000000000000000,45.000999999999997669
1.000000000000000000,2.000000000000000000,45.101999999999996760
1.000000000000000000,2.000000000000000000,45.189000000000000057
1.000000000000000000,2.000000000000000000,45.310000000000002274
0.995013111623710866,2.000000000000000000,45.401000000000003354
0.979668435048147268,2.000000000000000000,45.520000000000003126
0.965596782720536950,2.000000000000000000,45.593000000000003524
0.957038061846885890,2.000000000000000000,45.695999999999997954
0.952577216548263106,2.000000000000000000,45.807000000000002160
0.953103259625929677,2.000000000000000000,45.911999999999999034
0.961325312929874665,2.000000000000000000,46.023000000000003240
0.974571077625544291,2.000000000000000000,46.116999999999997328
0.978542702861936231,2.000000000000000000,46.192999999999997840
0.969431636756730386,2.000000000000000000,46.323000000000000398
0.949205280420412523,2.000000000000000000,46.409999999999996589
0.938637074990072318,2.000000000000000000,46.527000000000001023
0.931219867594958561,2.000000000000000000,46.616999999999997328
0.926217197926335833,2.000000000000000000,46.719999999999998863
0.926406573434296110,2.000000000000000000,46.832999999999998408
0.929862676454572545,2.000000000000000000,46.926999999999999602
0.900183326012567342,-1.000000000000000000,47.057999999999999829
0.804406662861621991,-1.000000000000000000,47.130000000000002558
0.676835956096443869,-1.000000000000000000,47.231999999999999318
0.557466260912105493,-1.000000000000000000,47.341999999999998749
0.443719966228036222,-1.000000000000000000,47.435000000000002274
0.341430889775564461,-1.000000000000000000,47.545000000000001705
0.283560890801348497,0.000000000000000000,47.646000000000000796
0.284770789879985387,0.000000000000000000,47.732999999999996987
0.314192379213934725,0.000000000000000000,47.860999999999997101
0.330136744898039236,0.000000000000000000,47.942000000000000171
0.328327156710865209,0.000000000000000000,48.058999999999997499
0.321025678792837166,0.000000000000000000,48.152000000000001023
0.292166955551989904,-1.000000000000000000,48.237999999999999545
0.225133286164802549,-1.000000000000000000,48.354999999999996874
0.125590154577759350,-1.000000000000000000,48.457999999999998408
0.005410353053810324,-1.000000000000000000,48.575000000000002842
-0.121713217095344106,-1.000000000000000000,48.665999999999996817
-0.285843917758423660,-1.000000000000000000,48.752000000000002444
-0.448917271835387655,-1.000000000000000000,48.887000000000000455
-0.587624310554790585,-1.000000000000000000,48.951999999999998181
-0.700055497544691874,-1.000000000000000000,49.075000000000002842
-0.793759550969627914,-1.000000000000000000,49.164999999999999147
-0.872402991080937329,-1.000000000000000000,49.253000000000000114
-0.918568531577050984,-1.000000000000000000,49.383000000000002672
-0.950736065776425221,0.000000000000000000,49.478000000000001535
-0.970862473927987524,0.000000000000000000,49.591999999999998749
-0.985954649826274343,0.000000000000000000,49.683999999999997499
-0.998074682335732821,0.000000000000000000,49.765000000000000568
-1.000000000000000000,0.000000000000000000,49.896000000000000796
-1.000000000000000000,0.000000000000000000,49.987999999999999545
-0.995252533730615507,0.000000000000000000,50.107999999999996987
-0.978534108315672446,1.000000000000000000,50.194000000000002615
-0.902427765071238341,1.000000000000000000,50.284999999999996589
-0.792763917158022857,1.000000000000000000,50.405000000000001137
-0.657862433640386657,1.000000000000000000,50.496000000000002217
-0.503782235558257074,1.000000000000000000,50.606000000000001648
-0.332422309419392326,1.000000000000000000,50.709000000000003183
-0.149463877289798597,1.000000000000000000,50.801999999999999602
-0.003053066705835494,1.000000000000000000,50.917999999999999261
0.132609060578717353,1.000000000000000000,51.012000000000000455
0.274655349686298456,1.000000000000000000,51.125999999999997669
0.408355540634114167,1.000000000000000000,51.216999999999998749
0.530095264074533112,1.000000000000000000,51.305999999999997385
0.633778878234046772,1.000000000000000000,51.429000000000002046
0.723818116960783797,1.000000000000000000,51.515000000000000568
0.807153198900476543,1.000000000000000000,51.639000000000002899
0.867653230375393436,1.000000000000000000,51.728999999999999204
0.925918542921293053,1.000000000000000000,51.816000000000002501
0.975355141951864457,1.000000000000000000,51.933999999999997499
1.000000000000000000,2.000000000000000000,52.021999999999998465
1.000000000000000000,2.000000000000000000,52.146000000000000796
0.985827683535132282,2.000000000000000000,52.238999999999997215
0.969951988616448935,2.000000000000000000,52.317000000000000171
0.958833289623673979,2.000000000000000000,52.448999999999998067
0.959285100372095911,2.000000000000000000,52.536999999999999034
0.979694482455982119,2.000000000000000000,52.648000000000003240
1.000000000000000000,2.000000000000000000,52.746999999999999886
1.000000000000000000,2.000000000000000000,52.844000000000001194
1.000000000000000000,2.000000000000000000,52.947000000000002728
1.000000000000000000,2.000000000000000000,53.048999999999999488
1.000000000000000000,2.000000000000000000,53.171999999999997044
1.000000000000000000,2.000000000000000000,53.253999999999997783
1.000000000000000000,2.000000000000000000,53.344000000000001194
1.000000000000000000,2.000000000000000000,53.454000000000000625
1.000000000000000000,2.000000000000000000,53.564999999999997726
1.000000000000000000,2.000000000000000000,53.667000000000001592
0.990977385750426709,2.000000000000000000,53.777000000000001023
0.972215542366847929,2.000000000000000000,53.863999999999997215
0.955892113388674636,2.000000000000000000,53.987000000000001876
0.944517655659338207,2.000000000000000000,54.067000000000000171
0.938616404228509893,2.000000000000000000,54.177999999999997272
0.938361500947474170,2.000000000000000000,54.271000000000000796
0.946138455767066455,2.000000000000000000,54.369999999999997442
0.959975375381152629,2.000000000000000000,54.478000000000001535
0.967487807927970733,2.000000000000000000,54.582000000000000739
0.964255826704246033,2.000000000000000000,54.700000000000002842
0.948538394205521662,2.000000000000000000,54.783000000000001251
0.936379988649590933,2.000000000000000000,54.875999999999997669
0.927357374400017642,2.000000000000000000,54.981999999999999318
0.920417271861562414,2.000000000000000000,55.070000000000000284
0.913972547397583046,2.000000000000000000,55.209000000000003183
0.897009455468881223,-1.000000000000000000,55.293999999999996930
0.844585950500669647,-1.000000000000000000,55.390000000000000568
0.746265426458001091,-1.000000000000000000,55.506999999999997897
0.625619222593089219,-1.000000000000000000,55.587000000000003297
0.503611931397352386,-1.000000000000000000,55.718000000000003524
0.392878098517713603,-1.000000000000000000,55.799999999999997158
0.307562451303854623,-1.000000000000000000,55.893000000000000682
0.270870807321976992,0.000000000000000000,56.015000000000000568
0.277007724050367665,0.000000000000000000,56.097999999999998977
0.303459951327903266,0.000000000000000000,56.225999999999999091
0.331210742489972620,0.000000000000000000,56.314999999999997726
0.342089822144843181,0.000000000000000000,56.405000000000001137
0.338934792855015488,0.000000000000000000,56.533000000000001251
0.334712055482345727,0.000000000000000000,56.616999999999997328
0.335120862631179461,0.000000000000000000,56.738999999999997215
0.337650657458087755,0.000000000000000000,56.817999999999997840
0.340315118169313813,0.000000000000000000,56.917999999999999261
0.351809813295371754,0.000000000000000000,57.037999999999996703
0.369816565827571386,0.000000000000000000,57.125000000000000000
0.377694520060408712,0.000000000000000000,57.244999999999997442
0.372933119150452130,0.000000000000000000,57.334000000000003183
0.360957474437531012,0.000000000000000000,57.426000000000001933
0.351963717163169543,0.000000000000000000,57.545000000000001705
0.346456844393572050,0.000000000000000000,57.636000000000002785
0.343282577120267662,0.000000000000000000,57.755000000000002558
0.346981079443253071,0.000000000000000000,57.844000000000001194
0.360909379478845604,0.000000000000000000,57.936999999999997613
0.376535431556066946,0.000000000000000000,58.058999999999997499
0.381595021209877094,0.000000000000000000,58.146999999999998465
0.374779965564010942,0.000000000000000000,58.265000000000000568
0.362563846057656569,0.000000000000000000,58.360999999999997101
0.353950038956916790,0.000000000000000000,58.439000000000000057
0.346456844393572050,0.000000000000000000,58.561999999999997613
0.343729860236051454,0.000000000000000000,58.656999999999996476
0.348794259385732719,0.000000000000000000,58.774000000000000909
0.362924558247804896,0.000000000000000000,58.859000000000001762
0.377309760390916127,0.000000000000000000,58.954999999999998295
0.378257231077040013,-1.000000000000000000,59.084000000000003183
0.352276334394629131,-1.000000000000000000,59.165999999999996817
0.291051451986804155,-1.000000000000000000,59.286999999999999034
0.201032117813412459,-1.000000000000000000,59.371000000000002217
0.069049932186111107,-1.000000000000000000,59.460000000000000853
-0.079020017121804731,-1.000000000000000000,59.587000000000003297
-0.233996402497086198,-1.000000000000000000,59.670999999999999375
-0.379156606804471719,-1.000000000000000000,59.798999999999999488
-0.503732168794063906,-1.000000000000000000,59.886000000000002785
-0.613739767797538582,-1.000000000000000000,59.972999999999998977
-0.695919623705040014,-1.000000000000000000,60.088000000000000966
-0.768331393503330906,-1.000000000000000000,60.185999999999999943
-0.830373890208826126,-1.000000000000000000,60.299999999999997158
-0.881109262127140580,-1.000000000000000000,60.404000000000003467
-0.921739883225436984,-1.000000000000000000,60.475999999999999091
-0.949760006156154746,-1.000000000000000000,60.610999999999997101
-0.958888429314836976,1.000000000000000000,60.701999999999998181
-0.946465501486132066,1.000000000000000000,60.817000000000000171
-0.908407960677558468,1.000000000000000000,60.902999999999998693
-0.818263579611584135,1.000000000000000000,61.003000000000000114
-0.694366156539470536,1.000000000000000000,61.104999999999996874
-0.544372408884102210,1.000000000000000000,61.207999999999998408
-0.377713758043878856,1.000000000000000000,61.320000000000000284
-0.205230807706734408,1.000000000000000000,61.423999999999999488
-0.036051981031344327,1.000000000000000000,61.502000000000002444
0.096964246207712934,1.000000000000000000,61.625999999999997669
0.208049172285764916,1.000000000000000000,61.716999999999998749
0.313112609536269959,1.000000000000000000,61.826000000000000512
0.409490097248009111,1.000000000000000000,61.921999999999997044
0.498605246198094987,1.000000000000000000,62.017000000000003013
0.584421080982290508,1.000000000000000000,62.125000000000000000
0.664364521310876421,1.000000000000000000,62.234999999999999432
0.738642375506203042,1.000000000000000000,62.345999999999996533
0.790027029366784150,2.000000000000000000,62.433999999999997499
0.811390810015294228,2.000000000000000000,62.517000000000003013
0.819619857446544753,2.000000000000000000,62.637000000000000455
0.819817046777160385,2.000000000000000000,62.725000000000001421
0.821245467050143896,2.000000000000000000,62.854999999999996874
0.828243283539022990,2.000000000000000000,62.945999999999997954
0.844600378988278999,2.000000000000000000,63.036999999999999034
0.880633122036151628,2.000000000000000000,63.151000000000003354
0.917319956522158586,2.000000000000000000,63.234000000000001762
0.949466626908168632,2.000000000000000000,63.371000000000002217
0.977231846557843786,2.000000000000000000,63.454000000000000625
0.997157587941635226,2.000000000000000000,63.551000000000001933
1.000000000000000000,2.000000000000000000,63.658000000000001251
1.000000000000000000,2.000000000000000000,63.756999999999997897
1.000000000000000000,2.000000000000000000,63.869999999999997442
1.000000000000000000,2.000000000000000000,63.970999999999996533
0.983254485320981253,2.000000000000000000,64.046999999999997044
0.967804387334335159,2.000000000000000000,64.183000000000006935
0.957308190544881699,2.000000000000000000,64.260999999999995680
0.951291383343695784,2.000000000000000000,64.388999999999995794
0.946878425380675903,2.000000000000000000,64.465999999999993975
0.947314976060889435,2.000000000000000000,64.563000000000002387
0.961877737338844074,2.000000000000000000,64.686999999999997613
0.972753543415439736,2.000000000000000000,64.778999999999996362
0.968051133370975814,2.000000000000000000,64.900000000000005684
0.952131268891492466,2.000000000000000000,64.983999999999994657
0.935931442562741189,2.000000000000000000,65.066999999999993065
0.924766184404701486,2.000000000000000000,65.194999999999993179
0.916339539827049965,2.000000000000000000,65.280000000000001137
0.909811832465248660,2.000000000000000000,65.402000000000001023
0.913614150308279749,2.000000000000000000,65.500000000000000000
0.928613980791305194,2.000000000000000000,65.584999999999993747
0.941744281223816815,2.000000000000000000,65.706000000000003070
0.944805273430877168,2.000000000000000000,65.796000000000006480
0.935675573572788188,2.000000000000000000,65.915999999999996817
0.918738406249847595,2.000000000000000000,66.010999999999995680
0.905840586238125578,2.000000000000000000,66.082999999999998408
0.895170703592309103,2.000000000000000000,66.219999999999998863
0.889973797519241216,2.000000000000000000,66.301000000000001933
0.890617962018511289,2.000000000000000000,66.424999999999997158
0.901152231085538213,2.000000000000000000,66.522999999999996135
0.916815599436235029,2.000000000000000000,66.609999999999999432
0.925170364558359770,2.000000000000000000,66.730000000000003979
0.922065782272398105,2.000000000000000000,66.817999999999997840
0.906751134552885807,2.000000000000000000,66.936999999999997613
0.892531082147926424,2.000000000000000000,67.027000000000001023
0.885237008945650494,2.000000000000000000,67.125000000000000000
0.880354920109073236,2.000000000000000000,67.233999999999994657
0.878814737321338857,2.000000000000000000,67.326999999999998181
0.883289985421541468,2.000000000000000000,67.447000000000002728
0.868798705858989884,-1.000000000000000000,67.537000000000006139
0.798817255859233022,-1.000000000000000000,67.620999999999995111
0.681443703413103119,-1.000000000000000000,67.736999999999994770
0.557139328422184388,-1.000000000000000000,67.825000000000002842
0.438550097109011272,-1.000000000000000000,67.959000000000003183
0.327991126997272175,-1.000000000000000000,68.046000000000006480
0.249243227796910105,0.000000000000000000,68.132999999999995566
0.225573814955272844,0.000000000000000000,68.262000000000000455
0.242942039725091874,0.000000000000000000,68.346000000000003638
0.266267575277643553,0.000000000000000000,68.471000000000003638
0.281853450154744722,0.000000000000000000,68.558000000000006935
0.277484755580739817,0.000000000000000000,68.644000000000005457
0.270776726772543164,0.000000000000000000,68.757999999999995566
0.267614024381380711,0.000000000000000000,68.858000000000004093
0.266320852040742295,0.000000000000000000,68.974000000000003752
0.265686374225669653,0.000000000000000000,69.075000000000002842
0.266921426461114164,0.000000000000000000,69.152000000000001023
0.283340356179376807,0.000000000000000000,69.275999999999996248
0.295632758428624909,0.000000000000000000,69.364000000000004320
0.295075774087151022,0.000000000000000000,69.484999999999999432
0.280473097656306791,-1.000000000000000000,69.567999999999997840
0.253316478502826126,-1.000000000000000000,69.664000000000001478
0.202984467401885915,-1.000000000000000000,69.772999999999996135
0.121611476783440864,-1.000000000000000000,69.882000000000005002
0.015324334403713058,-1.000000000000000000,69.986000000000004206
-0.106248395642928317,-1.000000000000000000,70.087999999999993861
-0.256590577762278005,-1.000000000000000000,70.177000000000006708
-0.427468530384707779,-1.000000000000000000,70.293000000000006366
-0.627169211842941277,-1.000000000000000000,70.385999999999995680
-0.836420963921944649,-1.000000000000000000,70.493999999999999773
-1.000000000000000000,-1.000000000000000000,70.588999999999998636
-1.000000000000000000,0.000000000000000000,70.691999999999993065
-1.000000000000000000,0.000000000000000000,70.810000000000002274
-1.000000000000000000,0.000000000000000000,70.894000000000005457
-1.000000000000000000,0.000000000000000000,71.022000000000005571
-1.000000000000000000,0.000000000000000000,71.093999999999994088
-0.986546558571950172,0.000000000000000000,71.194999999999993179
-0.964703005846896722,0.000000000000000000,71.308999999999997499
-0.942174074594596678,0.000000000000000000,71.405000000000001137
-0.918131919964730869,0.000000000000000000,71.525999999999996248
-0.894274586510748537,0.000000000000000000,71.618999999999999773
-0.854434071783776394,1.000000000000000000,71.694999999999993179
-0.795857310351335223,1.000000000000000000,71.826999999999998181
-0.712572267967604089,1.000000000000000000,71.905000000000001137
-0.600304954940211188,1.000000000000000000,72.037000000000006139
-0.464911892280059580,1.000000000000000000,72.123000000000004661
-0.312311208056663681,1.000000000000000000,72.210999999999998522
-0.163753487055781743,1.000000000000000000,72.337000000000003297
-0.002500861536211874,1.000000000000000000,72.426000000000001933
0.143781248736570832,1.000000000000000000,72.554000000000002046
0.273987767148420769,1.000000000000000000,72.637000000000000455
0.392793129272786201,1.000000000000000000,72.725999999999999091
0.505607204945508260,1.000000000000000000,72.844999999999998863
0.610385409908340115,1.000000000000000000,72.933999999999997499
0.683189551442854537,1.000000000000000000,73.058999999999997499
0.749447942998069827,1.000000000000000000,73.144999999999996021
0.811617166036799453,1.000000000000000000,73.231999999999999318
0.860055715883649929,2.000000000000000000,73.352999999999994429
0.887324540209192714,2.000000000000000000,73.444999999999993179
0.898725696496676996,2.000000000000000000,73.569000000000002615
0.903157554276780239,2.000000000000000000,73.655000000000001137
0.900458395020607538,2.000000000000000000,73.751000000000004775
0.896392329151113332,2.000000000000000000,73.870000000000004547
0.905575631327960151,2.000000000000000000,73.950999999999993406
0.923503285388921569,2.000000000000000000,74.090999999999993975
0.947399123254548670,2.000000000000000000,74.162000000000006139
0.970378556123068670,2.000000000000000000,74.253000000000000114
0.986885397394404729,2.000000000000000000,74.379999999999995453
0.991413516203619949,2.000000000000000000,74.466999999999998749
0.985915086221004655,2.000000000000000000,74.588999999999998636
0.980204881974351405,2.000000000000000000,74.674999999999997158
0.976327487721906584,2.000000000000000000,74.766999999999995907
0.974263651257842866,2.000000000000000000,74.887000000000000455
0.978795620508221553,2.000000000000000000,74.968000000000003524
0.986161514455518695,2.000000000000000000,75.096000000000003638
0.985071839606020960,2.000000000000000000,75.188000000000002387
0.976585467279910802,2.000000000000000000,75.275000000000005684
0.963440061145005577,2.000000000000000000,75.397999999999996135
0.958372880572790686,2.000000000000000000,75.484999999999999432
0.955026847201018825,2.000000000000000000,75.609999999999999432
0.953667641470021366,2.000000000000000000,75.698999999999998067
0.957641296751575277,2.000000000000000000,75.787999999999996703
0.967563883631967103,2.000000000000000000,75.906999999999996476
0.979650418446692539,2.000000000000000000,75.995000000000004547
0.982164756526979099,2.000000000000000000,76.109999999999999432
0.977421013012564899,2.000000000000000000,76.216999999999998749
0.963728844232327964,2.000000000000000000,76.296999999999997044
0.953047720442568691,2.000000000000000000,76.409999999999996589
0.945273679731854388,2.000000000000000000,76.504999999999995453
0.941084399745101718,2.000000000000000000,76.620999999999995111
0.939301645486030568,2.000000000000000000,76.722999999999998977
0.941862188860288718,2.000000000000000000,76.814999999999997726
0.953271046030099711,2.000000000000000000,76.926000000000001933
0.959762889833103428,2.000000000000000000,77.016999999999995907
0.958361329249300509,2.000000000000000000,77.144000000000005457
0.948477246780550676,2.000000000000000000,77.230999999999994543
0.936171236819457686,2.000000000000000000,77.319000000000002615
0.927835031698755142,2.000000000000000000,77.424999999999997158
0.922305798186827230,2.000000000000000000,77.531000000000005912
0.920719416427135284,2.000000000000000000,77.635999999999995680
0.923938385240488103,2.000000000000000000,77.736000000000004206
0.934049643737932200,2.000000000000000000,77.814999999999997726
0.945011849732684039,2.000000000000000000,77.941999999999993065
0.948315528251647555,2.000000000000000000,78.034999999999996589
0.940087135483547165,-1.000000000000000000,78.147999999999996135
0.903758223098410474,-1.000000000000000000,78.250000000000000000
0.830569037447467240,-1.000000000000000000,78.346000000000003638
0.728821129680933044,-1.000000000000000000,78.457999999999998408
0.617312353562910143,-1.000000000000000000,78.549999999999997158
0.514139782565590009,-1.000000000000000000,78.661000000000001364
0.424409101672823974,-1.000000000000000000,78.751999999999995339
0.365297128918546488,-1.000000000000000000,78.843999999999994088
0.343276455899933497,0.000000000000000000,78.957999999999998408
0.344986051776881242,0.000000000000000000,79.049999999999997158
0.352463608517946447,0.000000000000000000,79.162999999999996703
0.362486972897825943,0.000000000000000000,79.263999999999995794
0.368883062543623241,0.000000000000000000,79.346999999999994202
0.373152278365244339,0.000000000000000000,79.478999999999999204
0.377525904356415865,0.000000000000000000,79.557000000000002160
0.386280890425393153,0.000000000000000000,79.692999999999997840
0.400550280263960667,0.000000000000000000,79.778999999999996362
0.412027664827885776,0.000000000000000000,79.862999999999999545
0.411316128857616592,0.000000000000000000,79.977000000000003865
0.401594381959468727,0.000000000000000000,80.076999999999998181
0.387928250878301295,0.000000000000000000,80.201999999999998181
0.351987950293024321,-1.000000000000000000,80.284000000000006025
0.289156230483512244,-1.000000000000000000,80.370000000000004547
0.204483450021363700,-1.000000000000000000,80.490999999999999659
0.105900914749096575,-1.000000000000000000,80.581000000000003070
-0.001838779097084076,-1.000000000000000000,80.707999999999998408
-0.120622748655721757,-1.000000000000000000,80.793000000000006366
-0.242187122359052043,-1.000000000000000000,80.882000000000005002
-0.346895054244951928,-1.000000000000000000,81.013999999999995794
-0.435740374445805267,-1.000000000000000000,81.097999999999998977
-0.512849218180519317,-1.000000000000000000,81.218999999999994088
-0.577169749666951781,-1.000000000000000000,81.305000000000006821
-0.628585957605604984,0.000000000000000000,81.385000000000005116
-0.655833144814973457,0.000000000000000000,81.515000000000000568
-0.668060735782333603,0.000000000000000000,81.603999999999999204
-0.671575878157200989,0.000000000000000000,81.724000000000003752
-0.670910746706731898,0.000000000000000000,81.811000000000007049
-0.669008161394919920,0.000000000000000000,81.906999999999996476
-0.662306575327105351,0.000000000000000000,82.033000000000001251
-0.651737945942603258,0.000000000000000000,82.117000000000004434
-0.635666513918455633,0.000000000000000000,82.240999999999999659
-0.601037141017535026,1.000000000000000000,82.322000000000002728
-0.517211243041738045,1.000000000000000000,82.418999999999996930
-0.410403506634880455,1.000000000000000000,82.540999999999996817
-0.290103656096103779,1.000000000000000000,82.625000000000000000
-0.159455597641878777,1.000000000000000000,82.750000000000000000
-0.023958266868527200,1.000000000000000000,82.835999999999998522
0.109083491398727972,1.000000000000000000,82.930000000000006821
0.209181907651136756,1.000000000000000000,83.049999999999997158
0.311766832756176226,1.000000000000000000,83.138000000000005230
0.411942589874919607,1.000000000000000000,83.257999999999995566
0.508181696897277879,1.000000000000000000,83.344999999999998863
0.592386565118108166,1.000000000000000000,83.430000000000006821
0.661680114309799450,1.000000000000000000,83.558999999999997499
0.724871469147760683,1.000000000000000000,83.647000000000005571
0.769879986310666675,1.000000000000000000,83.769000000000005457
0.808306795748571671,1.000000000000000000,83.852000000000003865
0.836280987101475137,1.000000000000000000,83.947000000000002728
0.855283637959671550,1.000000000000000000,84.075999999999993406
0.861768669601750803,2.000000000000000000,84.153999999999996362
0.850032193135608738,2.000000000000000000,84.265000000000000568
0.834324263183233938,2.000000000000000000,84.367999999999994998
0.818898627392973921,2.000000000000000000,84.453000000000002956
0.812274382191491284,2.000000000000000000,84.578999999999993520
0.819861521178828490,2.000000000000000000,84.671000000000006480
0.836025762242576631,2.000000000000000000,84.793999999999996930
0.858783312161270240,2.000000000000000000,84.876000000000004775
0.877948378838764754,2.000000000000000000,84.966999999999998749
0.894220897115379110,2.000000000000000000,85.079999999999998295
0.904801127629831115,2.000000000000000000,85.174999999999997158
0.907987571322778297,2.000000000000000000,85.287999999999996703
0.911773406729815550,2.000000000000000000,85.388999999999995794
0.919341210500568495,2.000000000000000000,85.475999999999999091
0.925064434609262465,2.000000000000000000,85.599999999999994316
0.919503626319869261,2.000000000000000000,85.680999999999997385
0.905864564541917883,2.000000000000000000,85.799999999999997158
0.891653180353097818,2.000000000000000000,85.885000000000005116
0.882097716317566727,2.000000000000000000,85.989999999999994884
0.875604950588853015,2.000000000000000000,86.090000000000003411
0.874986223658184237,2.000000000000000000,86.197000000000002728
0.880624372813912037,2.000000000000000000,86.316000000000002501
0.890655386346425271,2.000000000000000000,86.397000000000005571
0.898221343873516931,2.000000000000000000,86.495999999999995111
0.898043104667117564,2.000000000000000000,86.606999999999999318
0.888754236997634894,2.000000000000000000,86.692999999999997840
0.872795992918589336,2.000000000000000000,86.814999999999997726
0.861456112610712754,2.000000000000000000,86.903999999999996362
0.843984893563390459,-1.000000000000000000,87.001000000000004775
0.791880111085251803,-1.000000000000000000,87.126999999999995339
0.704507914181678352,-1.000000000000000000,87.210999999999998522
0.599960209317495607,-1.000000000000000000,87.335999999999998522
0.488166898778979563,-1.000000000000000000,87.427999999999997272
0.371214679985750085,-1.000000000000000000,87.513000000000005230
0.260587328981032318,-1.000000000000000000,87.632000000000005002
0.185530997404350639,-1.000000000000000000,87.730999999999994543
0.158963776598450623,0.000000000000000000,87.846999999999994202
0.167273551688559063,0.000000000000000000,87.930999999999997385
0.192239891547256958,0.000000000000000000,88.025999999999996248
0.216290120343679115,0.000000000000000000,88.146000000000000796
0.239970203256357095,0.000000000000000000,88.225999999999999091
0.262655519106468560,0.000000000000000000,88.358000000000004093
0.272908560086242646,0.000000000000000000,88.436999999999997613
0.270701565254407805,0.000000000000000000,88.536000000000001364
0.261961495574444037,0.000000000000000000,88.656999999999996476
0.256386173200512379,0.000000000000000000,88.748999999999995225
0.253355603777339455,0.000000000000000000,88.870000000000004547
0.252282180714472837,0.000000000000000000,88.950000000000002842
0.257718698381999456,0.000000000000000000,89.034000000000006025
0.270585894665734905,0.000000000000000000,89.168000000000006366
0.286312467901411294,0.000000000000000000,89.246999999999999886
0.292739125807958800,0.000000000000000000,89.370999999999995111
0.287973497554724567,0.000000000000000000,89.466999999999998749
0.277470608103418392,0.000000000000000000,89.552999999999997272
0.270548880077359222,0.000000000000000000,89.677999999999997272
0.270467720899147057,0.000000000000000000,89.765000000000000568
0.268318720439642666,0.000000000000000000,89.888999999999995794
0.273178339189320329,0.000000000000000000,89.975999999999999091
0.286884599139473062,0.000000000000000000,90.067999999999997840
0.301203533086716879,0.000000000000000000,90.185000000000002274
0.305566514581179449,0.000000000000000000,90.281999999999996476
0.299643533086402458,0.000000000000000000,90.393000000000000682
0.291555390127019587,0.000000000000000000,90.489999999999994884
0.283180570418277266,0.000000000000000000,90.572999999999993292
0.276224817382406229,0.000000000000000000,90.697000000000002728
0.273893825896802889,0.000000000000000000,90.784000000000006025
0.274568464151120351,0.000000000000000000,90.906000000000005912
0.261201321360443384,-1.000000000000000000,91.001000000000004775
0.213181035686038856,-1.000000000000000000,91.084000000000003183
0.129711999255569976,-1.000000000000000000,91.209999999999993747
0.018843344344672053,-1.000000000000000000,91.290000000000006253
-0.109264910365162948,-1.000000000000000000,91.415000000000006253
-0.260544096059020958,-1.000000000000000000,91.503000000000000114
-0.407695464128551732,-1.000000000000000000,91.594999999999998863
-0.529980520797468713,-1.000000000000000000,91.719999999999998863
-0.627423698595892088,-1.000000000000000000,91.808999999999997499
-0.706491338122165247,-1.000000000000000000,91.920000000000001705
-0.773272458860206457,-1.000000000000000000,92.013000000000005230
-0.816164436541664595,-1.000000000000000000,92.115999999999999659
-0.852042958008878859,-1.000000000000000000,92.227000000000003865
-0.881476026605108487,-1.000000000000000000,92.305000000000006821
-0.902728734229217622,1.000000000000000000,92.441000000000002501
-0.908570804309980162,1.000000000000000000,92.525000000000005684
-0.889272304539159841,1.000000000000000000,92.611999999999994770
-0.839669982829416295,1.000000000000000000,92.724000000000003752
-0.763487694415876161,1.000000000000000000,92.831000000000003070
-0.666292222889834918,1.000000000000000000,92.936999999999997613
-0.528115344515981633,1.000000000000000000,93.039000000000001478
-0.377061716725760832,1.000000000000000000,93.114999999999994884
-0.227556528739943698,1.000000000000000000,93.242999999999994998
-0.081120563719171646,1.000000000000000000,93.334999999999993747
0.069520737059319382,1.000000000000000000,93.447999999999993292
0.201804865289040070,1.000000000000000000,93.537000000000006139
0.303436316253476779,1.000000000000000000,93.638999999999995794
0.392032629019291035,1.000000000000000000,93.745000000000004547
0.477456137801417491,1.000000000000000000,93.846999999999994202
0.555904321794983503,1.000000000000000000,93.963999999999998636
0.629871828407013501,1.000000000000000000,94.058999999999997499
0.697464663198382517,1.000000000000000000,94.144000000000005457
0.754240900591936159,1.000000000000000000,94.260999999999995680
0.794814039778726000,2.000000000000000000,94.352000000000003865
0.805412658276902116,2.000000000000000000,94.465999999999993975
0.804468083045117854,2.000000000000000000,94.552999999999997272
0.806861006965635674,2.000000000000000000,94.665999999999996817
0.811399812053749780,2.000000000000000000,94.775000000000005684
0.822347196791350488,2.000000000000000000,94.858999999999994657
0.841931389930344665,2.000000000000000000,94.989999999999994884
0.873906472520130206,2.000000000000000000,95.066999999999993065
0.901483225312683212,2.000000000000000000,95.162999999999996703
0.907572102576027273,2.000000000000000000,95.275999999999996248
0.908768564536289514,2.000000000000000000,95.379000000000004889
0.904316951008032444,2.000000000000000000,95.483999999999994657
0.898397612888852448,2.000000000000000000,95.584999999999993747
0.893374410245978190,2.000000000000000000,95.665000000000006253
0.893655360827738443,2.000000000000000000,95.795000000000001705
0.901274934364133529,2.000000000000000000,95.881000000000000227
0.898712471299444982,2.000000000000000000,96.006000000000000227
0.881046492477304932,2.000000000000000000,96.093000000000003524
0.865569990602689687,2.000000000000000000,96.183999999999997499
0.854898712471302780,2.000000000000000000,96.310000000000002274
0.847419614225786155,2.000000000000000000,96.403999999999996362
0.841631063446391714,2.000000000000000000,96.522000000000005571
0.841534183935441771,2.000000000000000000,96.602000000000003865
0.854918088373492147,2.000000000000000000,96.688000000000002387
0.863700216041310531,2.000000000000000000,96.819999999999993179
0.856453628622082741,2.000000000000000000,96.905000000000001137
0.839583050650333673,2.000000000000000000,97.027000000000001023
0.824676143806706063,2.000000000000000000,97.109999999999999432
0.813012348746731339,2.000000000000000000,97.203999999999993520
0.804391863721754863,2.000000000000000000,97.328000000000002956
0.797620404461866439,2.000000000000000000,97.412000000000006139
0.800472832408026580,2.000000000000000000,97.528999999999996362
0.813786883788283122,2.000000000000000000,97.628000000000000114
0.818232626671916652,2.000000000000000000,97.715999999999993975
0.810636757402162900,2.000000000000000000,97.834999999999993747
0.794769265944340164,2.000000000000000000,97.924999999999997158
0.781421875595411652,2.000000000000000000,98.043000000000006366
0.771351632857852687,2.000000000000000000,98.121999999999999886
0.765391796969275617,2.000000000000000000,98.227000000000003865
0.766438451865310011,2.000000000000000000,98.334999999999993747
0.777738260063258746,2.000000000000000000,98.433000000000006935
0.792198356345344967,2.000000000000000000,98.561000000000007049
0.796908303377494187,2.000000000000000000,98.646000000000000796
0.790541999568126430,2.000000000000000000,98.733999999999994657
0.775080976031094604,-1.000000000000000000,98.850999999999999091
0.753548337927269829,-1.000000000000000000,98.938999999999992951
0.693690855741992962,-1.000000000000000000,99.066999999999993065
0.561680236767564622,-1.000000000000000000,99.153000000000005798
0.430253915429269940,-1.000000000000000000,99.248000000000004661
0.311544959162677548,-1.000000000000000000,99.365999999999999659
0.200091455282179087,-1.000000000000000000,99.451999999999998181
0.093424111168977531,-1.000000000000000000,99.576999999999998181
0.018969349778348077,0.000000000000000000,99.671999999999997044
0.015143470473916176,0.000000000000000000,99.762000000000000455
0.021276055228827584,0.000000000000000000,99.875000000000000000
0.031529208530745478,0.000000000000000000,99.966999999999998749
0.041828089473748831,0.000000000000000000,100.090000000000003411
0.053447991159322861,0.000000000000000000,100.179000000000002046
0.070275763080010822,0.000000000000000000,100.266000000000005343
0.089003772530391156,0.000000000000000000,100.381000000000000227
0.097346526604595640,0.000000000000000000,100.483999999999994657
0.089466129790284565,0.000000000000000000,100.596000000000003638
0.083237008904186727,0.000000000000000000,100.688000000000002387
0.079802354973516065,0.000000000000000000,100.772999999999996135
0.082155141421274891,0.000000000000000000,100.897000000000005571
0.091970051714823642,0.000000000000000000,100.984999999999999432
0.103649077341233520,0.000000000000000000,101.099000000000003752
0.120086316153559247,0.000000000000000000,101.183999999999997499
0.129156739706719481,0.000000000000000000,101.290000000000006253
0.103370305074943936,-1.000000000000000000,101.402000000000001023
0.047373216696390719,-1.000000000000000000,101.498999999999995225
-0.033713375648210642,-1.000000000000000000,101.608000000000004093
-0.137303084821626231,-1.000000000000000000,101.715000000000003411
-0.259911257495234027,-1.000000000000000000,101.796999999999997044
-0.392976120053554534,-1.000000000000000000,101.905000000000001137
-0.507454205020100857,-1.000000000000000000,101.998999999999995225
-0.607351140716950066,-1.000000000000000000,102.111999999999994770
-0.704689971444042218,-1.000000000000000000,102.201999999999998181
-0.792540574865063130,-1.000000000000000000,102.311000000000007049
-0.865219142958531306,-1.000000000000000000,102.429000000000002046
-0.920251013204342994,-1.000000000000000000,102.507000000000005002
-0.962700206242779521,-1.000000000000000000,102.641000000000005343
-1.000000000000000000,0.000000000000000000,102.725999999999999091
-1.000000000000000000,0.000000000000000000,102.807000000000002160
-1.000000000000000000,0.000000000000000000,102.932000000000002160
-1.000000000000000000,0.000000000000000000,103.015000000000000568
-1.000000000000000000,0.000000000000000000,103.132999999999995566
-1.000000000000000000,0.000000000000000000,103.237999999999999545
-1.000000000000000000,0.000000000000000000,103.322999999999993292
-0.988763490947216828,0.000000000000000000,103.447000000000002728
-0.961126349743479436,1.000000000000000000,103.536000000000001364
-0.908571665831933606,1.000000000000000000,103.662000000000006139
-0.793933323126187918,1.000000000000000000,103.751999999999995339
-0.654813403883731215,1.000000000000000000,103.837999999999993861
-0.497533417585526494,1.000000000000000000,103.953999999999993520
-0.327657122986577898,1.000000000000000000,104.043000000000006366
-0.155756699736084525,1.000000000000000000,104.153000000000005798
0.011669880187153980,1.000000000000000000,104.256000000000000227
0.138702118328482449,1.000000000000000000,104.341999999999998749
0.269113094295848176,1.000000000000000000,104.471999999999994202
0.388334271871616732,1.000000000000000000,104.549000000000006594
0.489904009591252798,1.000000000000000000,104.676000000000001933
0.579012380920248759,1.000000000000000000,104.766000000000005343
0.657045135473890651,1.000000000000000000,104.852000000000003865
0.722216887980048572,1.000000000000000000,104.977999999999994429
0.759190971348196131,1.000000000000000000,105.061000000000007049
0.778575895741804525,1.000000000000000000,105.177000000000006708
0.769104011667286702,2.000000000000000000,105.268000000000000682
0.751950818863837744,2.000000000000000000,105.355000000000003979
0.741285217892259540,2.000000000000000000,105.484999999999999432
0.739229948799925651,2.000000000000000000,105.576999999999998181
0.746547952386262814,2.000000000000000000,105.698999999999998067
0.767681931537739892,2.000000000000000000,105.784000000000006025
0.812275042753229259,2.000000000000000000,105.878000000000000114
0.845076307055126597,2.000000000000000000,106.001000000000004775
0.861824674128260027,2.000000000000000000,106.078999999999993520
0.871971267753294033,2.000000000000000000,106.206999999999993634
0.875811922117757824,2.000000000000000000,106.299000000000006594
0.876445111080545125,2.000000000000000000,106.387000000000000455
0.876792846002735216,2.000000000000000000,106.507000000000005002
0.887012100656280111,2.000000000000000000,106.587000000000003297
0.896177770396336504,2.000000000000000000,106.712999999999993861
0.882828901443097669,2.000000000000000000,106.805999999999997385
0.860049669003062567,2.000000000000000000,106.899000000000000909
0.839600779549029896,2.000000000000000000,107.010000000000005116
0.824907681568230355,2.000000000000000000,107.108000000000004093
0.815357946391726651,2.000000000000000000,107.215000000000003411
0.808771743164023560,2.000000000000000000,107.322999999999993292
0.817236752986235215,-1.000000000000000000,107.405000000000001137
0.770925727453670051,-1.000000000000000000,107.522000000000005571
0.675635978627275424,-1.000000000000000000,107.623999999999995225
0.557359394422227483,-1.000000000000000000,107.733999999999994657
0.433861596310894049,-1.000000000000000000,107.825999999999993406
0.316078069085065083,-1.000000000000000000,107.914000000000001478
0.204943025968528758,-1.000000000000000000,108.025999999999996248
0.161413879813467442,-1.000000000000000000,108.131000000000000227
0.165041741165844691,0.000000000000000000,108.233999999999994657
0.189071781311061837,0.000000000000000000,108.331000000000003070
0.213807671447587833,0.000000000000000000,108.427000000000006708
0.227711878261635414,0.000000000000000000,108.555000000000006821
0.228391777885615710,0.000000000000000000,108.634000000000000341
0.221930136421080837,0.000000000000000000,108.760000000000005116
0.218323035362564033,0.000000000000000000,108.840999999999993975
0.215603436866646181,0.000000000000000000,108.942999999999997840
0.217933779852652387,0.000000000000000000,109.055999999999997385
0.226710194082796912,0.000000000000000000,109.140000000000000568
0.243619453433363109,0.000000000000000000,109.259000000000000341
0.256952752166205389,0.000000000000000000,109.362999999999999545
0.255909547399642001,0.000000000000000000,109.442999999999997840
0.236374110875536836,-1.000000000000000000,109.561000000000007049
0.189980044167525008,-1.000000000000000000,109.641999999999995907
0.112326164976866316,-1.000000000000000000,109.775000000000005684
-0.012899927598475136,-1.000000000000000000,109.864000000000004320
-0.153566488733650308,-1.000000000000000000,109.959999999999993747
-0.301566623675558976,-1.000000000000000000,110.067999999999997840
-0.448964710095473230,-1.000000000000000000,110.173000000000001819
-0.588364893305066472,-1.000000000000000000,110.281000000000005912
-0.713715547643576032,-1.000000000000000000,110.375000000000000000
-0.803534959037345398,-1.000000000000000000,110.456999999999993634
-0.882034820202881376,-1.000000000000000000,110.576999999999998181
-0.947033545594538229,-1.000000000000000000,110.671000000000006480
-0.998686829736011084,-1.000000000000000000,110.786000000000001364
-1.000000000000000000,0.000000000000000000,110.888999999999995794
-1.000000000000000000,0.000000000000000000,110.971999999999994202
-1.000000000000000000,0.000000000000000000,111.093999999999994088
-0.997868915526039846,0.000000000000000000,111.186000000000007049
-0.996137506801513362,0.000000000000000000,111.305000000000006821
-0.986560621436043061,0.000000000000000000,111.385999999999995680
-0.971526982850191678,0.000000000000000000,111.480999999999994543
-0.953469665563221214,0.000000000000000000,111.596000000000003638
-0.933767492703852620,0.000000000000000000,111.692999999999997840
-0.902025389557486235,0.000000000000000000,111.813000000000002387
-0.844383256504656066,1.000000000000000000,111.909999999999996589
-0.772004455032020531,1.000000000000000000,111.992999999999994998
-0.663869765515812116,1.000000000000000000,112.117000000000004434
-0.532335190161684846,1.000000000000000000,112.200999999999993406
-0.383976919779402737,1.000000000000000000,112.328000000000002956
-0.233839769197793590,1.000000000000000000,112.414000000000001478
-0.090940171839290040,1.000000000000000000,112.507000000000005002
0.042870405192524386,1.000000000000000000,112.626999999999995339
0.143380873608439208,1.000000000000000000,112.713999999999998636
0.223835535018763965,1.000000000000000000,112.834000000000003183
0.303401281825376623,1.000000000000000000,112.921999999999997044
0.380114272437317879,1.000000000000000000,113.015000000000000568
0.450378603092457697,1.000000000000000000,113.131000000000000227
0.508759836256815978,1.000000000000000000,113.230000000000003979
0.564648864190723687,1.000000000000000000,113.346000000000003638
0.616142066303265290,1.000000000000000000,113.433000000000006935
0.644017646934057053,1.000000000000000000,113.524000000000000909
0.659909432201412294,2.000000000000000000,113.653000000000005798
0.663419729781323353,2.000000000000000000,113.737999999999999545
0.661791842535052188,2.000000000000000000,113.858999999999994657
0.659453411669885803,2.000000000000000000,113.947999999999993292
0.659416293719642610,2.000000000000000000,114.031999999999996476
0.661060088658877776,2.000000000000000000,114.153000000000005798
0.658207309054658518,2.000000000000000000,114.251999999999995339
0.660280611703822240,2.000000000000000000,114.367000000000004434
0.669586612085606880,2.000000000000000000,114.454999999999998295
0.676453432880140593,2.000000000000000000,114.548000000000001819
0.679566038136043549,2.000000000000000000,114.670000000000001705
0.685764735826247751,2.000000000000000000,114.756000000000000227
0.696014592657010045,2.000000000000000000,114.876000000000004775
0.697032685006470087,2.000000000000000000,114.968000000000003524
0.680568222792543587,2.000000000000000000,115.051000000000001933
0.668154919719178508,2.000000000000000000,115.183999999999997499
0.659872314251172876,2.000000000000000000,115.269000000000005457
0.653546355017289748,2.000000000000000000,115.394999999999996021
0.650529195919148817,2.000000000000000000,115.481999999999999318
0.645915964960657174,2.000000000000000000,115.566000000000002501
0.611650794324137381,-1.000000000000000000,115.686000000000007049
0.534026555242115952,-1.000000000000000000,115.774000000000000909
0.443999618215371150,-1.000000000000000000,115.882999999999995566
0.349645788703416560,-1.000000000000000000,115.987999999999999545
0.262211805629203099,-1.000000000000000000,116.079999999999998295
0.192202048910854018,0.000000000000000000,116.201999999999998181
0.164543873417184017,0.000000000000000000,116.281999999999996476
0.172688612212865689,0.000000000000000000,116.403000000000005798
0.190181771904890162,0.000000000000000000,116.496999999999999886
0.212516172821173299,0.000000000000000000,116.588999999999998636
0.224176511761088326,0.000000000000000000,116.700000000000002842
0.220772265467580775,0.000000000000000000,116.801000000000001933
0.209292213714555642,0.000000000000000000,116.906000000000005912
0.204196449402932023,0.000000000000000000,117.010000000000005116
0.203003372430908380,0.000000000000000000,117.094999999999998863
0.202711731393303785,0.000000000000000000,117.218999999999994088
0.207298449530193496,0.000000000000000000,117.305000000000006821
0.220029906462764879,0.000000000000000000,117.424000000000006594
0.237788194370796013,0.000000000000000000,117.507000000000005002
0.243933866417800349,0.000000000000000000,117.608999999999994657
0.222569834772096575,-1.000000000000000000,117.718000000000003524
0.158790591129872372,-1.000000000000000000,117.825999999999993406
0.065873756548668894,-1.000000000000000000,117.936999999999997613
-0.047187519884616891,-1.000000000000000000,118.025999999999996248
-0.177985873968650732,-1.000000000000000000,118.115999999999999659
-0.333982013701824565,-1.000000000000000000,118.231999999999999318
-0.477983752942924056,-1.000000000000000000,118.319999999999993179
-0.591755572995097734,-1.000000000000000000,118.441999999999993065
-0.687010838441471261,-1.000000000000000000,118.539000000000001478
-0.774784185632173994,-1.000000000000000000,118.632000000000005002
-0.854434004284470694,-1.000000000000000000,118.748000000000004661
-0.904829575582750567,-1.000000000000000000,118.831999999999993634
-0.946863002948227006,0.000000000000000000,118.957999999999998408
-0.980635035102977004,0.000000000000000000,119.040999999999996817
-1.000000000000000000,0.000000000000000000,119.123000000000004661
-1.000000000000000000,0.000000000000000000,119.243999999999999773
-1.000000000000000000,0.000000000000000000,119.344999999999998863
-0.999242703129104903,0.000000000000000000,119.462999999999993861
-0.990291874835653618,0.000000000000000000,119.554000000000002046
-0.957149618722057838,1.000000000000000000,119.638000000000005230
-0.864002103602419247,1.000000000000000000,119.763999999999995794
-0.747083881146462181,1.000000000000000000,119.847999999999998977
-0.607404680515382767,1.000000000000000000,119.977000000000003865
-0.446479095450956431,1.000000000000000000,120.057000000000002160
-0.273173810149877183,1.000000000000000000,120.147000000000005571
-0.110675782277147694,1.000000000000000000,120.286000000000001364
0.001809098080465921,1.000000000000000000,120.371999999999999886
0.113300026295030776,1.000000000000000000,120.489000000000004320
0.211869576650014935,1.000000000000000000,120.579999999999998295
0.299531948461741138,1.000000000000000000,120.665000000000006253
0.379647646594797550,1.000000000000000000,120.784999999999996589
0.457749145411519898,1.000000000000000000,120.873999999999995225
0.532505916381805333,1.000000000000000000,121.001000000000004775
0.585006573757562487,1.000000000000000000,121.084999999999993747
0.628593215882198519,1.000000000000000000,121.174000000000006594
0.674556928740470685,1.000000000000000000,121.301000000000001933
0.712032605837494392,1.000000000000000000,121.391999999999995907
0.737270575861164845,1.000000000000000000,121.513999999999995794
0.749429397843807577,2.000000000000000000,121.596999999999994202
0.746678937680779642,2.000000000000000000,121.683999999999997499
0.719952668945570640,2.000000000000000000,121.805000000000006821
0.660457533526165097,2.000000000000000000,121.899000000000000909
0.631401431718058515,2.000000000000000000,122.006000000000000227
0.625402114432190848,2.000000000000000000,122.102999999999994429
0.619435894520559138,2.000000000000000000,122.194000000000002615
0.606648698195149993,-1.000000000000000000,122.317999999999997840
