0.000000000000000000,999.000000000000000000,0.000000000000000000
1.000000000000000000,999.000000000000000000,0.087999999999999995
1.000000000000000000,999.000000000000000000,0.213999999999999996
1.000000000000000000,999.000000000000000000,0.306999999999999995
0.847906162647938721,999.000000000000000000,0.431999999999999995
0.664385172026442428,999.000000000000000000,0.522000000000000020
0.478983254525978674,999.000000000000000000,0.604999999999999982
0.215340003657355394,999.000000000000000000,0.730999999999999983
-0.169257295122667850,999.000000000000000000,0.814999999999999947
-0.559863110321584978,999.000000000000000000,0.937000000000000055
-0.935943990177387719,999.000000000000000000,1.026999999999999913
-1.000000000000000000,999.000000000000000000,1.106000000000000094
-1.000000000000000000,999.000000000000000000,1.247000000000000108
-1.000000000000000000,1.000000000000000000,1.324000000000000066
-0.904456830781471099,1.000000000000000000,1.451999999999999957
-0.543634331325344777,1.000000000000000000,1.536000000000000032
-0.073765388106612595,1.000000000000000000,1.627000000000000002
0.433432607407297832,1.000000000000000000,1.752000000000000002
0.921230898492884309,1.000000000000000000,1.850000000000000089
1.000000000000000000,1.000000000000000000,1.967000000000000082
1.000000000000000000,1.000000000000000000,2.051000000000000156
1.000000000000000000,1.000000000000000000,2.138999999999999790
1.000000000000000000,-1.000000000000000000,2.262999999999999901
1.000000000000000000,-1.000000000000000000,2.350000000000000089
0.977595261781921687,-1.000000000000000000,2.471999999999999975
0.907299354510330058,-1.000000000000000000,2.556000000000000050
0.861897600814376830,-1.000000000000000000,2.645000000000000018
0.842546792217108598,-1.000000000000000000,2.769000000000000128
0.910769729079425217,-1.000000000000000000,2.859999999999999876
0.938551234296557180,-1.000000000000000000,2.996999999999999886
0.919857483284360233,-1.000000000000000000,3.069999999999999840
0.895305739999537220,-1.000000000000000000,3.166999999999999815
0.843731346736688703,-1.000000000000000000,3.289000000000000146
0.785641903616130177,-1.000000000000000000,3.373000000000000220
0.742470443976586347,-1.000000000000000000,3.496999999999999886
0.723147398375857842,-1.000000000000000000,3.572999999999999954
0.688776808643545957,-1.000000000000000000,3.669000000000000039
0.643041898988965910,-1.000000000000000000,3.782999999999999918
0.584184346297112134,-1.000000000000000000,3.876999999999999780
0.542086389190937323,-1.000000000000000000,3.986000000000000210
0.536876200171206852,-1.000000000000000000,4.089000000000000412
0.542900770423156098,-1.000000000000000000,4.187000000000000277
0.540115216435691270,-1.000000000000000000,4.296999999999999709
0.482738356893322340,-1.000000000000000000,4.391000000000000014
0.406010688753672078,-1.000000000000000000,4.517000000000000348
0.348809661522801795,-1.000000000000000000,4.594000000000000306
0.295171552182867059,-1.000000000000000000,4.692000000000000171
0.267464081623211225,-1.000000000000000000,4.810999999999999943
0.263725331420770592,-1.000000000000000000,4.908000000000000362
0.239469726765839219,-1.000000000000000000,5.024000000000000021
0.187312310575382890,-1.000000000000000000,5.113999999999999879
0.099868125766373383,-1.000000000000000000,5.200000000000000178
0.082451472595610031,-1.000000000000000000,5.320000000000000284
0.105309673090714595,1.000000000000000000,5.408000000000000362
0.144344446243896973,1.000000000000000000,5.522999999999999687
0.188681951738656872,1.000000000000000000,5.610999999999999766
0.207227633435901337,1.000000000000000000,5.716999999999999638
0.225190292205537990,1.000000000000000000,5.823000000000000398
0.197242209009089287,1.000000000000000000,5.919999999999999929
0.189394535316846468,1.000000000000000000,6.036999999999999922
0.317113573791730552,1.000000000000000000,6.129999999999999893
0.480656132151865201,1.000000000000000000,6.208000000000000185
0.631844157046014709,1.000000000000000000,6.341000000000000192
0.718020498345785629,1.000000000000000000,6.424999999999999822
0.765504476783195997,1.000000000000000000,6.549000000000000377
0.803271406427133572,-1.000000000000000000,6.637999999999999901
0.791777525854290287,-1.000000000000000000,6.725999999999999979
0.802281192883416150,-1.000000000000000000,6.844999999999999751
0.792453092103738710,-1.000000000000000000,6.937000000000000277
0.755084098743721954,-1.000000000000000000,7.059000000000000163
0.704111237072852170,-1.000000000000000000,7.141000000000000014
0.659653425259699278,-1.000000000000000000,7.227999999999999758
0.610059459084279165,-1.000000000000000000,7.360999999999999766
0.634046688105864842,1.000000000000000000,7.448999999999999844
0.746431298151448930,1.000000000000000000,7.570999999999999730
0.829128010549942784,1.000000000000000000,7.660999999999999588
0.889882701339566706,1.000000000000000000,7.740000000000000213
0.913638572056541642,1.000000000000000000,7.868999999999999773
0.932535918376790063,1.000000000000000000,7.947000000000000064
0.934812484094110108,1.000000000000000000,8.077999999999999403
0.950868750433794707,1.000000000000000000,8.166000000000000369
1.000000000000000000,1.000000000000000000,8.259999999999999787
0.995666070751401344,-1.000000000000000000,8.378000000000000114
0.937076764721822109,-1.000000000000000000,8.473000000000000753
0.843003412969282717,-1.000000000000000000,8.590999999999999304
0.749282192968198979,-1.000000000000000000,8.678000000000000824
0.692318110406846543,-1.000000000000000000,8.762999999999999901
0.641782689564256215,-1.000000000000000000,8.891000000000000014
0.659849757119384872,-1.000000000000000000,8.987000000000000099
0.654314968308147504,-1.000000000000000000,9.092000000000000526
0.574895714827460491,-1.000000000000000000,9.195999999999999730
0.501408527005795079,-1.000000000000000000,9.275999999999999801
0.425962042002997920,-1.000000000000000000,9.400000000000000355
0.367770012821209580,-1.000000000000000000,9.490000000000000213
0.317749246076891145,-1.000000000000000000,9.614000000000000767
0.288377846398326199,1.000000000000000000,9.702999999999999403
0.325387796377557548,1.000000000000000000,9.781000000000000583
0.381394802896511731,1.000000000000000000,9.913000000000000256
0.410874550806291650,1.000000000000000000,9.986000000000000654
0.476894739693372927,1.000000000000000000,10.119999999999999218
0.642875200895679733,1.000000000000000000,10.202999999999999403
0.851111472271885550,1.000000000000000000,10.291999999999999815
1.000000000000000000,-1.000000000000000000,10.413999999999999702
1.000000000000000000,-1.000000000000000000,10.509000000000000341
0.949143099106330990,-1.000000000000000000,10.632999999999999119
0.898526888190592565,-1.000000000000000000,10.717000000000000526
0.854168616701215910,-1.000000000000000000,10.810000000000000497
0.813688128189703042,-1.000000000000000000,10.926000000000000156
0.772512313075261581,-1.000000000000000000,11.016000000000000014
0.726469211740321308,-1.000000000000000000,11.138999999999999346
0.682449689108783675,-1.000000000000000000,11.231999999999999318
0.597958592409352008,-1.000000000000000000,11.319000000000000838
0.571678812596107422,1.000000000000000000,11.442000000000000171
0.586476789017408295,1.000000000000000000,11.528000000000000469
0.627287111943128917,1.000000000000000000,11.653999999999999915
0.675933230817234776,1.000000000000000000,11.739000000000000767
0.705021060373068442,1.000000000000000000,11.830999999999999517
0.717019901495399070,-1.000000000000000000,11.957000000000000739
0.635354683425825684,-1.000000000000000000,12.039999999999999147
0.565697220922201982,1.000000000000000000,12.157000000000000028
0.586227184595840223,1.000000000000000000,12.247999999999999332
0.648601546655972472,1.000000000000000000,12.343999999999999417
0.712241759711177425,1.000000000000000000,12.458000000000000185
0.749504134073235573,1.000000000000000000,12.541999999999999815
0.770470905484614832,1.000000000000000000,12.666000000000000369
0.769436830023847440,-1.000000000000000000,12.768000000000000682
0.764480399367077901,-1.000000000000000000,12.853999999999999204
0.732709322279426534,-1.000000000000000000,12.967999999999999972
0.688939404069444539,-1.000000000000000000,13.057999999999999829
0.641113414009051086,-1.000000000000000000,13.169999999999999929
0.582928840453746044,-1.000000000000000000,13.259999999999999787
0.523112923714653455,-1.000000000000000000,13.362999999999999545
0.483648681776651213,1.000000000000000000,13.474999999999999645
0.543366539635847801,1.000000000000000000,13.569000000000000838
0.654449421675474818,1.000000000000000000,13.689000000000000057
0.687816184172406420,1.000000000000000000,13.772000000000000242
0.702186267299597544,-1.000000000000000000,13.867000000000000881
0.705974905841196598,-1.000000000000000000,13.983000000000000540
0.663809587484120112,-1.000000000000000000,14.064999999999999503
0.639428584163493907,1.000000000000000000,14.185999999999999943
0.657346615854341065,1.000000000000000000,14.275000000000000355
0.763776158320524257,1.000000000000000000,14.365999999999999659
0.761877381827905875,-1.000000000000000000,14.500999999999999446
0.730026074747615272,-1.000000000000000000,14.586999999999999744
0.698353056539859907,-1.000000000000000000,14.708999999999999631
0.626386753136770835,-1.000000000000000000,14.791999999999999815
0.588036816652181438,1.000000000000000000,14.885999999999999233
0.611669006708121854,1.000000000000000000,15.000000000000000000
0.704441621537299056,1.000000000000000000,15.103999999999999204
0.729812128100554069,-1.000000000000000000,15.221000000000000085
0.692505181520357338,-1.000000000000000000,15.308999999999999275
0.659735686746451888,-1.000000000000000000,15.398999999999999133
0.614682088654146863,-1.000000000000000000,15.519999999999999574
0.565759622027597109,-1.000000000000000000,15.598000000000000753
0.542252234182434734,-1.000000000000000000,15.727999999999999758
0.540656548773154499,-1.000000000000000000,15.820000000000000284
0.529780927547862213,1.000000000000000000,15.912000000000000810
0.543295224086827400,1.000000000000000000,16.030000000000001137
0.549214414655350147,1.000000000000000000,16.118999999999999773
0.587234516725725575,1.000000000000000000,16.239000000000000767
0.664166165229215677,1.000000000000000000,16.335000000000000853
0.741793140335627932,1.000000000000000000,16.414999999999999147
0.781872478883913091,1.000000000000000000,16.544000000000000483
0.707147673943862909,-1.000000000000000000,16.620999999999998664
0.543977972341681770,-1.000000000000000000,16.750000000000000000
0.379821794233214494,-1.000000000000000000,16.836999999999999744
0.234178983977139321,-1.000000000000000000,16.925999999999998380
0.200432078072028341,1.000000000000000000,17.044000000000000483
0.320780720378432083,1.000000000000000000,17.135000000000001563
0.382016612656912224,-1.000000000000000000,17.260000000000001563
0.385201326032708513,-1.000000000000000000,17.356999999999999318
0.190393712519101754,-1.000000000000000000,17.434999999999998721
0.088799493425698373,1.000000000000000000,17.559000000000001052
0.116921816217825603,1.000000000000000000,17.646000000000000796
0.207993444332699395,1.000000000000000000,17.757000000000001450
0.274686184676131706,1.000000000000000000,17.858000000000000540
0.272432674041787726,-1.000000000000000000,17.949999999999999289
0.230211941743960091,-1.000000000000000000,18.071999999999999176
0.069355980184008237,-1.000000000000000000,18.158000000000001251
-0.050564308861319129,1.000000000000000000,18.282000000000000028
0.123663724066006564,1.000000000000000000,18.376000000000001222
0.392818564457854125,1.000000000000000000,18.463000000000000966
0.633255112303048318,1.000000000000000000,18.579999999999998295
0.758464632919890747,1.000000000000000000,18.661999999999999034
0.760345662457646121,-1.000000000000000000,18.794000000000000483
0.687171751033645917,-1.000000000000000000,18.882000000000001450
0.538458673222339534,1.000000000000000000,18.967999999999999972
0.578649383543786699,1.000000000000000000,19.088999999999998636
0.650109881923494504,1.000000000000000000,19.181999999999998607
0.711550638805087399,1.000000000000000000,19.289999999999999147
0.729578723879774405,-1.000000000000000000,19.388999999999999346
0.708608038142066743,-1.000000000000000000,19.481000000000001648
0.677990092002833000,1.000000000000000000,19.600999999999999091
0.686892390211194748,1.000000000000000000,19.687000000000001165
0.848269825306373404,1.000000000000000000,19.815000000000001279
0.973684210526328586,1.000000000000000000,19.899999999999998579
1.000000000000000000,2.000000000000000000,19.993999999999999773
1.000000000000000000,2.000000000000000000,20.106000000000001648
1.000000000000000000,2.000000000000000000,20.205999999999999517
0.985234093637454844,2.000000000000000000,20.312999999999998835
1.000000000000000000,2.000000000000000000,20.413000000000000256
1.000000000000000000,2.000000000000000000,20.498000000000001108
1.000000000000000000,2.000000000000000000,20.618999999999999773
1.000000000000000000,2.000000000000000000,20.705999999999999517
0.990873237470337731,-1.000000000000000000,20.821000000000001506
0.875125511870132433,-1.000000000000000000,20.907000000000000028
0.743353327919951790,-1.000000000000000000,21.009000000000000341
0.693166042381538672,-1.000000000000000000,21.123999999999998778
0.766368930682518545,-1.000000000000000000,21.221000000000000085
0.700625434329396057,-1.000000000000000000,21.333999999999999631
0.511862177539085028,-1.000000000000000000,21.435999999999999943
0.345562519305304683,-1.000000000000000000,21.509000000000000341
0.228863801675946998,-1.000000000000000000,21.634000000000000341
0.207102360478669256,-1.000000000000000000,21.722999999999998977
0.190900847938937579,-1.000000000000000000,21.850999999999999091
0.118263070316156016,-1.000000000000000000,21.931999999999998607
0.075158677175394262,-1.000000000000000000,22.032000000000000028
0.034186586423015086,-1.000000000000000000,22.143999999999998352
-0.060471697173211547,-1.000000000000000000,22.231999999999999318
-0.234204521676739441,-1.000000000000000000,22.353000000000001535
-0.350604318410544069,-1.000000000000000000,22.443999999999999062
-0.375394824682905526,-1.000000000000000000,22.532000000000000028
-0.427267564093623320,-1.000000000000000000,22.647999999999999687
-0.602295712477960210,-1.000000000000000000,22.743999999999999773
-0.831488327139037753,1.000000000000000000,22.856999999999999318
-0.836848975199530054,1.000000000000000000,22.957999999999998408
-0.790496308326930963,1.000000000000000000,23.045000000000001705
-0.741493209513656382,1.000000000000000000,23.170000000000001705
-0.680732555474741652,1.000000000000000000,23.250000000000000000
-0.609928159344761633,1.000000000000000000,23.385999999999999233
-0.563455924113949624,-1.000000000000000000,23.472000000000001307
-0.800978467731489729,-1.000000000000000000,23.560999999999999943
-0.875150705951520003,1.000000000000000000,23.682999999999999829
-0.860702862665776891,1.000000000000000000,23.765000000000000568
-0.805243072508241009,1.000000000000000000,23.890000000000000568
-0.763434003248274262,1.000000000000000000,23.981000000000001648
-0.743924432797605895,1.000000000000000000,24.068000000000001393
-0.715188170703760062,1.000000000000000000,24.193000000000001393
-0.823855880272222341,1.000000000000000000,24.278999999999999915
-0.743147238469117788,1.000000000000000000,24.397999999999999687
-0.601199669194205200,1.000000000000000000,24.490999999999999659
-0.526788294257721335,1.000000000000000000,24.580999999999999517
-0.474875698727589945,1.000000000000000000,24.702000000000001734
-0.379240940205862964,1.000000000000000000,24.786999999999999034
-0.303315032731844347,1.000000000000000000,24.908999999999998920
-0.375288275747451938,1.000000000000000000,25.001999999999998892
-0.262242815847648636,1.000000000000000000,25.085000000000000853
-0.082894065635095715,1.000000000000000000,25.210000000000000853
0.032073626934194799,1.000000000000000000,25.295999999999999375
0.080279714334281715,1.000000000000000000,25.423999999999999488
0.122513178030941638,1.000000000000000000,25.507999999999999119
0.128995919061368536,1.000000000000000000,25.599000000000000199
0.152695119877576113,1.000000000000000000,25.722999999999998977
0.346560959020572934,1.000000000000000000,25.800000000000000711
0.561256589015470819,1.000000000000000000,25.928999999999998494
0.661877231763302376,1.000000000000000000,26.006000000000000227
0.718755313722152511,1.000000000000000000,26.109000000000001762
0.745132630505002558,1.000000000000000000,26.231999999999999318
0.719605509267122967,1.000000000000000000,26.318000000000001393
0.801606869579994497,1.000000000000000000,26.443999999999999062
0.973665192994388917,1.000000000000000000,26.533999999999998920
1.000000000000000000,-1.000000000000000000,26.618999999999999773
0.893936989127847248,-1.000000000000000000,26.737999999999999545
0.746012221252272845,-1.000000000000000000,26.829000000000000625
0.583822712483141881,-1.000000000000000000,26.954000000000000625
0.410463455281328216,-1.000000000000000000,27.036999999999999034
0.359852392667254772,1.000000000000000000,27.123999999999998778
0.402468058090633685,1.000000000000000000,27.251999999999998892
0.576303467978728223,1.000000000000000000,27.338000000000000966
0.608999285770976062,-1.000000000000000000,27.464999999999999858
0.560649948416788613,-1.000000000000000000,27.553999999999998494
0.453674311562575650,-1.000000000000000000,27.637000000000000455
0.385366240774538404,1.000000000000000000,27.753000000000000114
0.458158082691846547,1.000000000000000000,27.853000000000001535
0.605547178795339258,1.000000000000000000,27.957000000000000739
0.742619633362436860,1.000000000000000000,28.064000000000000057
0.748194587731128458,-1.000000000000000000,28.155999999999998806
0.678120784064757398,-1.000000000000000000,28.274999999999998579
0.556801047535901539,-1.000000000000000000,28.353999999999999204
0.484981350686454649,-1.000000000000000000,28.484999999999999432
0.501626855011498840,1.000000000000000000,28.565999999999998948
0.593782239504802245,1.000000000000000000,28.666000000000000369
0.671613364018734060,1.000000000000000000,28.768999999999998352
0.663697325609084121,-1.000000000000000000,28.875000000000000000
0.570589635743191437,-1.000000000000000000,28.980000000000000426
0.408717562098238396,-1.000000000000000000,29.082000000000000739
0.336699468296159266,-1.000000000000000000,29.167000000000001592
0.317216887548604110,1.000000000000000000,29.286000000000001364
0.398797714467107101,1.000000000000000000,29.367000000000000881
0.480061106261404413,1.000000000000000000,29.492999999999998550
0.483652091103872639,-1.000000000000000000,29.588000000000000966
0.424470280136493905,-1.000000000000000000,29.681000000000000938
0.321859376239977957,-1.000000000000000000,29.795999999999999375
0.375148797714473181,1.000000000000000000,29.893000000000000682
0.492024442504559678,1.000000000000000000,30.010000000000001563
0.604634552813279047,1.000000000000000000,30.089999999999999858
0.616915324180612235,-1.000000000000000000,30.181000000000000938
0.521208634235383883,-1.000000000000000000,30.297999999999998266
0.364137766843907418,-1.000000000000000000,30.396000000000000796
0.261725259900009721,0.000000000000000000,30.507000000000001450
0.234743274343298669,0.000000000000000000,30.609000000000001762
0.250734068724701498,0.000000000000000000,30.704999999999998295
0.264145702722012432,0.000000000000000000,30.823000000000000398
0.210439647647023165,-1.000000000000000000,30.908999999999998920
0.091163399730177730,-1.000000000000000000,31.022999999999999687
-0.202702166494719838,-1.000000000000000000,31.115999999999999659
-0.483255297198636247,-1.000000000000000000,31.204000000000000625
-0.515713038647722888,0.000000000000000000,31.318000000000001393
-0.499722244266319948,0.000000000000000000,31.419000000000000483
-0.491905404332986018,0.000000000000000000,31.539999999999999147
-0.523728275533688947,0.000000000000000000,31.632999999999999119
-0.537854138560428185,0.000000000000000000,31.710999999999998522
-0.582295055947941620,-1.000000000000000000,31.839999999999999858
-0.676771684786917849,1.000000000000000000,31.925000000000000711
-0.528569161177680824,1.000000000000000000,32.051999999999999602
-0.349436552654543542,1.000000000000000000,32.140999999999998238
-0.221232441869685492,1.000000000000000000,32.228999999999999204
-0.191314181414175333,-1.000000000000000000,32.338999999999998636
-0.208495357511301216,-1.000000000000000000,32.426000000000001933
-0.266923260058722578,-1.000000000000000000,32.546999999999997044
-0.327394651218154253,-1.000000000000000000,32.646000000000000796
-0.221014205221809590,1.000000000000000000,32.725999999999999091
-0.201015792397430615,1.000000000000000000,32.862000000000001876
-0.193079914292509147,1.000000000000000000,32.941000000000002501
-0.156356638362027511,1.000000000000000000,33.070999999999997954
-0.168260455519395946,1.000000000000000000,33.155000000000001137
-0.235755098801674889,1.000000000000000000,33.246999999999999886
-0.252142687088328099,1.000000000000000000,33.375999999999997669
-0.053229902388701511,1.000000000000000000,33.465000000000003411
0.055372589477027834,-1.000000000000000000,33.588999999999998636
0.045571780017456431,-1.000000000000000000,33.670999999999999375
0.003987778747711390,-1.000000000000000000,33.762000000000000455
-0.035949527815245741,-1.000000000000000000,33.884999999999998010
-0.075430521387193639,-1.000000000000000000,33.970999999999996533
-0.056066978811198376,1.000000000000000000,34.087000000000003297
0.129870645186882738,1.000000000000000000,34.176000000000001933
0.276208237441470050,2.000000000000000000,34.271999999999998465
0.264026664550438772,2.000000000000000000,34.392000000000003013
0.275791603840962019,2.000000000000000000,34.484000000000001762
0.271208634235375223,2.000000000000000000,34.600000000000001421
0.285632092691048722,2.000000000000000000,34.691000000000002501
0.325787635901909400,1.000000000000000000,34.777000000000001023
0.441552257757317435,1.000000000000000000,34.893000000000000682
0.595865407507341516,-1.000000000000000000,34.996999999999999886
0.548329497658926135,-1.000000000000000000,35.109000000000001762
0.501031664153630540,-1.000000000000000000,35.198000000000000398
0.465221014205223105,0.000000000000000000,35.289000000000001478
0.470875327354973061,0.000000000000000000,35.420000000000001705
0.465221014205223105,0.000000000000000000,35.499000000000002331
0.456630426156660052,0.000000000000000000,35.610999999999997101
0.410443615586070676,-1.000000000000000000,35.710000000000000853
0.192226807396235655,-1.000000000000000000,35.801999999999999602
-0.033866359812706248,-1.000000000000000000,35.921999999999997044
-0.170303944131406149,-1.000000000000000000,36.018000000000000682
-0.224763907626380655,-1.000000000000000000,36.128999999999997783
-0.230378541385601432,-1.000000000000000000,36.219000000000001194
-0.205440044440914571,-1.000000000000000000,36.316000000000002501
-0.284163955241649169,-1.000000000000000000,36.420999999999999375
-0.564836124117139127,-1.000000000000000000,36.518999999999998352
-0.645722561701443820,1.000000000000000000,36.634999999999998010
-0.611737163717156918,1.000000000000000000,36.731000000000001648
-0.529521466550270326,1.000000000000000000,36.816000000000002501
-0.415086104277430423,1.000000000000000000,36.941000000000002501
-0.236151892706925159,1.000000000000000000,37.015000000000000568
-0.056404253630661816,-1.000000000000000000,37.140999999999998238
-0.228235854297275109,-1.000000000000000000,37.232999999999996987
-0.437921593524334019,-1.000000000000000000,37.337000000000003297
-0.399888897706528024,1.000000000000000000,37.442000000000000171
-0.337215300372983195,1.000000000000000000,37.551000000000001933
-0.266645504325045968,1.000000000000000000,37.664999999999999147
-0.216451075311480445,1.000000000000000000,37.746999999999999886
-0.202761685580506668,-1.000000000000000000,37.829999999999998295
-0.221847472422825431,-1.000000000000000000,37.960999999999998522
-0.370903102928335837,1.000000000000000000,38.033999999999998920
-0.305332910086493436,1.000000000000000000,38.161000000000001364
-0.176196333624317414,1.000000000000000000,38.252000000000002444
-0.048885009126248158,1.000000000000000000,38.360999999999997101
-0.033568764383772098,-1.000000000000000000,38.472999999999998977
-0.090707086739140519,-1.000000000000000000,38.554000000000002046
-0.103840965002774954,-1.000000000000000000,38.677999999999997272
-0.119673041822075055,-1.000000000000000000,38.765000000000000568
-0.025295611459400957,1.000000000000000000,38.856000000000001648
0.047050947713393132,1.000000000000000000,38.969000000000001194
0.133660443430993370,1.000000000000000000,39.069000000000002615
0.181892216544176755,1.000000000000000000,39.189999999999997726
0.164362644298314819,1.000000000000000000,39.279000000000003467
0.128000488629202991,1.000000000000000000,39.366999999999997328
0.154040352627406563,1.000000000000000000,39.493999999999999773
0.340737280217438432,1.000000000000000000,39.585000000000000853
0.421968504841436776,1.000000000000000000,39.694000000000002615
0.420370107435289464,-1.000000000000000000,39.790999999999996817
0.284798144729997427,-1.000000000000000000,39.878000000000000114
0.103696341521137603,-1.000000000000000000,39.999000000000002331
-0.034526006909928686,-1.000000000000000000,40.085999999999998522
-0.087013109943668288,1.000000000000000000,40.209000000000003183
0.143026172559047593,1.000000000000000000,40.295000000000001705
0.484902267026356304,1.000000000000000000,40.381999999999997897
0.536561124520800847,-1.000000000000000000,40.509999999999998010
0.426451796109612369,-1.000000000000000000,40.598999999999996646
0.240948459463296905,-1.000000000000000000,40.723999999999996646
0.079629892564710536,-1.000000000000000000,40.796999999999997044
-0.001798476028218698,1.000000000000000000,40.899000000000000909
0.010435893795257778,1.000000000000000000,41.031999999999996476
0.296724880495989662,1.000000000000000000,41.107999999999996987
0.337829523403857968,-1.000000000000000000,41.234000000000001762
0.180249893511287729,-1.000000000000000000,41.308999999999997499
-0.091438307539400854,-1.000000000000000000,41.414999999999999147
-0.323631028444307245,-1.000000000000000000,41.533000000000001251
-0.471129726915608060,-1.000000000000000000,41.622999999999997556
-0.515996970987736447,1.000000000000000000,41.737999999999999545
-0.374603625349051894,1.000000000000000000,41.832999999999998408
-0.315649867374005355,-1.000000000000000000,41.920000000000001705
-0.500612608598814957,-1.000000000000000000,42.033000000000001251
-0.757434840721776470,-1.000000000000000000,42.133000000000002672
-0.920500111383394271,-1.000000000000000000,42.253000000000000114
-0.945895522388053078,1.000000000000000000,42.338000000000000966
-0.712686567164184659,1.000000000000000000,42.426000000000001933
-0.341891289819556743,1.000000000000000000,42.548000000000001819
-0.023613276899083546,-1.000000000000000000,42.640000000000000568
-0.232902650924473043,-1.000000000000000000,42.762000000000000455
-0.496992648696799821,-1.000000000000000000,42.848999999999996646
-0.711990421029174980,-1.000000000000000000,42.935999999999999943
-0.837630875473372338,1.000000000000000000,43.060999999999999943
-0.626754288260190418,1.000000000000000000,43.149000000000000909
-0.191273112051679295,1.000000000000000000,43.262999999999998124
0.327383604366239256,1.000000000000000000,43.366999999999997328
0.469396122532640181,-1.000000000000000000,43.448000000000000398
0.294538284974400710,-1.000000000000000000,43.575000000000002842
0.059619798716971095,-1.000000000000000000,43.655000000000001137
-0.247101406627047271,-1.000000000000000000,43.774000000000000909
-0.374610087693486915,-1.000000000000000000,43.868000000000002103
-0.356482843858522358,-1.000000000000000000,43.960000000000000853
-0.375031451195140697,-1.000000000000000000,44.079000000000000625
-0.601883233395177575,-1.000000000000000000,44.176000000000001933
-0.735059119419678053,-1.000000000000000000,44.286000000000001364
-0.838882328584353298,-1.000000000000000000,44.381999999999997897
-0.980523563421097810,0.000000000000000000,44.465000000000003411
-0.992577484012445499,0.000000000000000000,44.594999999999998863
-0.878509975922836639,0.000000000000000000,44.676999999999999602
-0.794408575766411107,0.000000000000000000,44.790999999999996817
-1.000000000000000000,0.000000000000000000,44.887000000000000455
-1.000000000000000000,0.000000000000000000,44.990000000000001990
-1.000000000000000000,1.000000000000000000,45.091000000000001080
-0.964886466240845397,1.000000000000000000,45.194000000000002615
-0.749880168099070765,1.000000000000000000,45.301999999999999602
-0.458159159058723953,1.000000000000000000,45.399999999999998579
-0.216315942482718349,1.000000000000000000,45.484000000000001762
-0.174653934745169104,-1.000000000000000000,45.598999999999996646
-0.414786322874956648,-1.000000000000000000,45.701999999999998181
-0.470358029384779663,1.000000000000000000,45.811999999999997613
-0.397701098016412291,1.000000000000000000,45.906999999999996476
-0.227273743766341241,1.000000000000000000,46.003000000000000114
-0.041304201981338773,1.000000000000000000,46.113999999999997215
0.085157769975634512,-1.000000000000000000,46.207999999999998408
0.020864548158433971,-1.000000000000000000,46.335999999999998522
-0.347250486392198021,-1.000000000000000000,46.420999999999999375
-0.735693360466932678,-1.000000000000000000,46.500999999999997669
-0.816959992843875438,-1.000000000000000000,46.615999999999999659
-0.960127021043440831,-1.000000000000000000,46.719999999999998863
-1.000000000000000000,0.000000000000000000,46.841999999999998749
-1.000000000000000000,0.000000000000000000,46.929999999999999716
-1.000000000000000000,0.000000000000000000,47.034999999999996589
-1.000000000000000000,0.000000000000000000,47.145000000000003126
-1.000000000000000000,0.000000000000000000,47.225000000000001421
-0.973690916040252596,1.000000000000000000,47.351999999999996760
-0.790334225166678728,1.000000000000000000,47.435999999999999943
-0.583938505966781429,1.000000000000000000,47.529000000000003467
-0.427719030025053404,1.000000000000000000,47.652999999999998693
-0.352146770289203825,-1.000000000000000000,47.737000000000001876
-0.326389773644193526,-1.000000000000000000,47.856000000000001648
-0.438835095765912064,-1.000000000000000000,47.950000000000002842
-0.472745997366967652,1.000000000000000000,48.024999999999998579
-0.333057289675964707,1.000000000000000000,48.161000000000001364
-0.183101881343693651,1.000000000000000000,48.246999999999999886
-0.074648575190043975,1.000000000000000000,48.368000000000002103
-0.041119887883802941,1.000000000000000000,48.463000000000000966
-0.030290482864062662,1.000000000000000000,48.546999999999997044
0.000435299613537721,1.000000000000000000,48.673999999999999488
0.048424427740272558,1.000000000000000000,48.756000000000000227
0.267985305983782229,1.000000000000000000,48.889000000000002899
0.493937656601687092,1.000000000000000000,48.966000000000001080
0.627479084384421570,-1.000000000000000000,49.060000000000002274
0.632150592432158431,-1.000000000000000000,49.182000000000002160
0.547415806684507400,-1.000000000000000000,49.268999999999998352
0.446203338004843353,-1.000000000000000000,49.389000000000002899
0.352571452839002708,1.000000000000000000,49.463999999999998636
0.415732365057119413,1.000000000000000000,49.573999999999998067
0.558584957744085564,1.000000000000000000,49.683999999999997499
0.665849152758314355,-1.000000000000000000,49.781999999999996476
0.654255319148937531,-1.000000000000000000,49.905000000000001137
0.538996475134835951,-1.000000000000000000,49.987000000000001876
0.412664033634860150,-1.000000000000000000,50.082000000000000739
0.303191489361697375,1.000000000000000000,50.201000000000000512
0.307300293030961846,1.000000000000000000,50.289999999999999147
0.479944366585976390,1.000000000000000000,50.412999999999996703
0.660731728033301380,1.000000000000000000,50.503000000000000114
0.751199728203171491,-1.000000000000000000,50.591999999999998749
0.664182273750367980,-1.000000000000000000,50.712000000000003297
0.422081369176537713,-1.000000000000000000,50.798000000000001819
0.183038178961224540,-1.000000000000000000,50.908999999999998920
0.034080774620974363,1.000000000000000000,51.018000000000000682
0.064328789230049033,1.000000000000000000,51.093000000000003524
0.219974943729562611,1.000000000000000000,51.225999999999999091
0.387512209623306347,1.000000000000000000,51.304999999999999716
0.532137851955664987,-1.000000000000000000,51.430999999999997385
0.518877139338348892,-1.000000000000000000,51.524999999999998579
0.331188686456876047,-1.000000000000000000,51.613999999999997215
0.124304582324717972,-1.000000000000000000,51.723999999999996646
0.010118061748848772,1.000000000000000000,51.826999999999998181
0.115587972990193188,1.000000000000000000,51.932000000000002160
0.247504990019957960,1.000000000000000000,52.039999999999999147
0.343833609376993143,1.000000000000000000,52.119999999999997442
0.357221726759247460,-1.000000000000000000,52.240000000000001990
0.254204357242963752,-1.000000000000000000,52.316000000000002501
0.126788975241012958,-1.000000000000000000,52.436999999999997613
0.003524865163296642,1.000000000000000000,52.526000000000003354
0.031925510680767211,1.000000000000000000,52.618999999999999773
0.113517645559947145,1.000000000000000000,52.744999999999997442
0.203433558415080151,1.000000000000000000,52.845999999999996533
0.218403618295327062,-1.000000000000000000,52.954000000000000625
0.070231876672190996,-1.000000000000000000,53.048000000000001819
-0.181095256295916940,-1.000000000000000000,53.131999999999997897
-0.413683271754358373,-1.000000000000000000,53.256000000000000227
-0.448570943219935292,1.000000000000000000,53.341999999999998749
-0.178175563766080458,1.000000000000000000,53.459000000000003183
0.181827833694311547,1.000000000000000000,53.555999999999997385
0.536108633796234191,1.000000000000000000,53.651000000000003354
0.749840744043828167,1.000000000000000000,53.765000000000000568
0.774705907334271027,-1.000000000000000000,53.857999999999996987
0.632883169830553038,-1.000000000000000000,53.984000000000001762
0.341720813691770209,-1.000000000000000000,54.054000000000002046
0.163088716184652593,1.000000000000000000,54.149999999999998579
0.169448337367820612,1.000000000000000000,54.273000000000003240
0.275640208943817244,1.000000000000000000,54.365999999999999659
0.362445322121713875,1.000000000000000000,54.487999999999999545
0.374485072408381914,-1.000000000000000000,54.582000000000000739
0.301652015118703876,-1.000000000000000000,54.658000000000001251
0.214815050749572523,-1.000000000000000000,54.786999999999999034
0.117233617870647455,1.000000000000000000,54.877000000000002444
0.129899774918249333,1.000000000000000000,54.996999999999999886
0.224434110502399919,1.000000000000000000,55.085999999999998522
0.354854121544148082,1.000000000000000000,55.180999999999997385
0.440034823969090105,-1.000000000000000000,55.289999999999999147
0.413088716184651705,-1.000000000000000000,55.392000000000003013
0.348303393213572843,-1.000000000000000000,55.515999999999998238
0.291650741071054487,-1.000000000000000000,55.606999999999999318
0.325349301397210633,1.000000000000000000,55.686999999999997613
0.478562836443994000,1.000000000000000000,55.804999999999999716
0.635911055795712832,1.000000000000000000,55.898000000000003240
0.741157252553086066,-1.000000000000000000,56.021000000000000796
0.758970540843874497,-1.000000000000000000,56.109999999999999432
0.692417962195375880,-1.000000000000000000,56.197000000000002728
0.630477058307123084,-1.000000000000000000,56.317000000000000171
0.638189112002579995,1.000000000000000000,56.408999999999998920
0.863919639668703443,1.000000000000000000,56.536999999999999034
1.000000000000000000,2.000000000000000000,56.613999999999997215
1.000000000000000000,2.000000000000000000,56.710000000000000853
1.000000000000000000,2.000000000000000000,56.829000000000000625
1.000000000000000000,2.000000000000000000,56.918999999999996930
0.998382522732470079,2.000000000000000000,57.039999999999999147
0.972119799730777778,2.000000000000000000,57.125999999999997669
1.000000000000000000,2.000000000000000000,57.216000000000001080
1.000000000000000000,-1.000000000000000000,57.340000000000003411
0.972376361514865284,-1.000000000000000000,57.430999999999997385
0.898259267276658724,-1.000000000000000000,57.554999999999999716
0.830699619330206751,-1.000000000000000000,57.637000000000000455
0.809907974002529008,1.000000000000000000,57.725999999999999091
0.870023178091167804,1.000000000000000000,57.844999999999998863
1.000000000000000000,1.000000000000000000,57.933999999999997499
1.000000000000000000,-1.000000000000000000,58.051000000000001933
1.000000000000000000,-1.000000000000000000,58.140999999999998238
0.983026066409036003,-1.000000000000000000,58.237000000000001876
0.924345878356753525,-1.000000000000000000,58.363999999999997215
0.864208531272302682,-1.000000000000000000,58.450000000000002842
0.841789942648973444,1.000000000000000000,58.570000000000000284
0.935963767937578739,1.000000000000000000,58.659999999999996589
0.957269795948505031,-1.000000000000000000,58.756000000000000227
0.913072587195707719,-1.000000000000000000,58.872999999999997556
0.835104733305435776,-1.000000000000000000,58.960999999999998522
0.762069559652444495,-1.000000000000000000,59.076000000000000512
0.709769365200483726,-1.000000000000000000,59.155000000000001137
0.695355305584957284,1.000000000000000000,59.289000000000001478
0.766834863514412657,1.000000000000000000,59.378000000000000114
0.843818150491051133,-1.000000000000000000,59.475999999999999091
0.819863637482460827,-1.000000000000000000,59.579999999999998295
0.783099908927556987,-1.000000000000000000,59.679999999999999716
0.751416545646977685,0.000000000000000000,59.768999999999998352
0.736884338001815742,0.000000000000000000,59.895000000000003126
0.754261944027369902,0.000000000000000000,59.978999999999999204
0.752942624363104773,0.000000000000000000,60.106000000000001648
0.780047751495309694,-1.000000000000000000,60.182000000000002160
0.715972136756345634,-1.000000000000000000,60.284999999999996589
0.649691092130843639,-1.000000000000000000,60.392000000000003013
0.622034607527018002,1.000000000000000000,60.490999999999999659
0.654279173948358661,1.000000000000000000,60.603000000000001535
0.752342038545793512,1.000000000000000000,60.697000000000002728
0.845856204002263024,1.000000000000000000,60.787999999999996703
0.908326974672014176,1.000000000000000000,60.898000000000003240
0.868609545376230585,-1.000000000000000000,60.987000000000001876
0.846880153592439289,-1.000000000000000000,61.109999999999999432
0.824225268909839048,-1.000000000000000000,61.201000000000000512
0.836936027764785484,1.000000000000000000,61.304999999999999716
0.922268442168999059,1.000000000000000000,61.411999999999999034
1.000000000000000000,-1.000000000000000000,61.515000000000000568
1.000000000000000000,-1.000000000000000000,61.624000000000002331
0.961087320796874423,-1.000000000000000000,61.718000000000003524
0.878411841370326796,-1.000000000000000000,61.804000000000002046
0.796294917147645220,-1.000000000000000000,61.917000000000001592
0.732805808974122952,-1.000000000000000000,62.021999999999998465
0.725879724446102159,-1.000000000000000000,62.128000000000000114
0.739089555017690358,-1.000000000000000000,62.228999999999999204
0.729640662818846764,-1.000000000000000000,62.317999999999997840
0.664326940979336422,-1.000000000000000000,62.439999999999997726
0.550051327450298944,-1.000000000000000000,62.526000000000003354
0.448547352018531242,-1.000000000000000000,62.652999999999998693
0.377769680960078569,1.000000000000000000,62.734000000000001762
0.387077049746031188,1.000000000000000000,62.817999999999997840
0.454797522687512279,1.000000000000000000,62.941000000000002501
0.513788072333653645,1.000000000000000000,63.046999999999997044
0.522893346006451543,-1.000000000000000000,63.155999999999998806
0.431646880051344661,-1.000000000000000000,63.250999999999997669
0.405090176916180988,1.000000000000000000,63.332999999999998408
0.421787332261118086,1.000000000000000000,63.460999999999998522
0.491559342426727941,1.000000000000000000,63.539000000000001478
0.570232409669618967,1.000000000000000000,63.671999999999997044
0.611926188751521050,-1.000000000000000000,63.759000000000000341
0.602055223385841165,-1.000000000000000000,63.847000000000001307
0.485666228775584186,-1.000000000000000000,63.972000000000001307
0.388196584449541637,-1.000000000000000000,64.052999999999997272
0.415415403125801275,1.000000000000000000,64.180000000000006821
0.461246639083622068,1.000000000000000000,64.272000000000005571
0.514358325864631816,1.000000000000000000,64.358000000000004093
0.549901167573143779,-1.000000000000000000,64.477999999999994429
0.539109403199471204,-1.000000000000000000,64.564999999999997726
0.514800309388468103,-1.000000000000000000,64.685000000000002274
0.430491952216671470,1.000000000000000000,64.781999999999996476
0.467016979533702914,1.000000000000000000,64.867999999999994998
0.530944985328601238,1.000000000000000000,64.986000000000004206
0.574873236669901422,1.000000000000000000,65.084000000000003183
0.564216522817403865,-1.000000000000000000,65.203999999999993520
0.486451977262401636,-1.000000000000000000,65.286000000000001364
0.411511215331921365,-1.000000000000000000,65.373999999999995225
0.338755816380398533,-1.000000000000000000,65.500000000000000000
0.373807565284650645,1.000000000000000000,65.588999999999998636
0.469386502314276255,1.000000000000000000,65.709000000000003183
0.566954365201165489,1.000000000000000000,65.799999999999997158
0.603025131674256976,-1.000000000000000000,65.891000000000005343
0.536752157739010194,-1.000000000000000000,66.006000000000000227
0.437465470037198711,-1.000000000000000000,66.102999999999994429
0.365729088654532353,0.000000000000000000,66.209999999999993747
0.369866545530442625,0.000000000000000000,66.311999999999997613
0.379651569655379495,0.000000000000000000,66.406000000000005912
0.395796245595512630,0.000000000000000000,66.531999999999996476
0.382045647076160177,-1.000000000000000000,66.603999999999999204
0.312543737952874823,-1.000000000000000000,66.737999999999999545
0.227486464254588849,-1.000000000000000000,66.813999999999992951
0.176867073455206691,-1.000000000000000000,66.912999999999996703
0.240942407091375044,1.000000000000000000,67.033000000000001251
0.362549262746925782,1.000000000000000000,67.120000000000004547
0.389399761819988255,-1.000000000000000000,67.234999999999999432
0.355354753164471626,-1.000000000000000000,67.332999999999998408
0.237025941977383026,-1.000000000000000000,67.412999999999996703
0.088421259407499564,-1.000000000000000000,67.549000000000006594
-0.021485310186489692,-1.000000000000000000,67.620999999999995111
-0.056414285889679006,1.000000000000000000,67.754999999999995453
0.069772010165626952,1.000000000000000000,67.838999999999998636
0.135995874820441731,1.000000000000000000,67.933000000000006935
0.166640065806433313,-1.000000000000000000,68.052000000000006708
0.129648500325349358,-1.000000000000000000,68.144000000000005457
0.034302832377754333,-1.000000000000000000,68.260000000000005116
-0.050410676357567685,-1.000000000000000000,68.352999999999994429
-0.064112165596496684,1.000000000000000000,68.445999999999997954
0.064320880038302608,1.000000000000000000,68.555999999999997385
0.045068905802059467,-1.000000000000000000,68.640000000000000568
-0.174710336648121078,-1.000000000000000000,68.759000000000000341
-0.230818355989422241,-1.000000000000000000,68.850999999999999091
-0.322799014688442187,-1.000000000000000000,68.947999999999993292
-0.396259465377248321,1.000000000000000000,69.058999999999997499
-0.382884773287114677,1.000000000000000000,69.162999999999996703
-0.263643828117869350,1.000000000000000000,69.275000000000005684
-0.023118328619647355,1.000000000000000000,69.364999999999994884
0.052130280083929836,-1.000000000000000000,69.459000000000003183
0.022333728674391207,-1.000000000000000000,69.569000000000002615
-0.086524952102914887,-1.000000000000000000,69.659000000000006025
-0.198230088495571777,-1.000000000000000000,69.778000000000005798
-0.225380895903655176,1.000000000000000000,69.873000000000004661
-0.129842167685430665,1.000000000000000000,69.977999999999994429
0.116540461636712500,1.000000000000000000,70.087000000000003297
0.285001429665098005,-1.000000000000000000,70.171000000000006480
0.148432868067498003,-1.000000000000000000,70.298000000000001819
-0.118542207722522108,-1.000000000000000000,70.390000000000000568
-0.340151531411652774,-1.000000000000000000,70.475999999999999091
-0.482603936382565601,1.000000000000000000,70.593999999999994088
-0.417806014037052864,1.000000000000000000,70.694999999999993179
-0.210469833229599779,1.000000000000000000,70.796000000000006480
0.097124700026664845,1.000000000000000000,70.888000000000005230
0.094896911379563686,-1.000000000000000000,70.980999999999994543
-0.081836327345314763,-1.000000000000000000,71.099999999999994316
-0.340186678665779008,-1.000000000000000000,71.191999999999993065
-0.639495575323352439,-1.000000000000000000,71.319999999999993179
-0.832243028394068163,-1.000000000000000000,71.399000000000000909
-0.870224868182704392,1.000000000000000000,71.501000000000004775
-0.643810644606729543,1.000000000000000000,71.620000000000004547
-0.465231386937108415,-1.000000000000000000,71.712999999999993861
-0.594106584518812930,-1.000000000000000000,71.838999999999998636
-0.765324841646171317,-1.000000000000000000,71.918999999999996930
-0.925605436525786973,-1.000000000000000000,72.009000000000000341
-1.000000000000000000,-1.000000000000000000,72.128000000000000114
-0.996696361440847389,1.000000000000000000,72.219999999999998863
-0.928527488551193825,1.000000000000000000,72.343000000000003524
-0.743683215237762596,-1.000000000000000000,72.427999999999997272
-0.785331844797348300,-1.000000000000000000,72.516999999999995907
-0.867375999635465189,-1.000000000000000000,72.640000000000000568
-0.937800460231042465,-1.000000000000000000,72.724999999999994316
-0.929438837119232142,1.000000000000000000,72.853999999999999204
-0.792918821626295123,1.000000000000000000,72.941000000000002501
-0.598847144061422698,1.000000000000000000,73.028000000000005798
-0.375088286892536482,1.000000000000000000,73.150999999999996248
-0.324394522795107831,2.000000000000000000,73.236999999999994770
-0.347702262422821984,2.000000000000000000,73.358999999999994657
-0.372422592331009050,2.000000000000000000,73.444999999999993179
-0.396140438814342910,2.000000000000000000,73.542000000000001592
-0.343669545009229194,1.000000000000000000,73.661000000000001364
-0.256499054475867294,1.000000000000000000,73.751000000000004775
-0.226903009728652516,-1.000000000000000000,73.867999999999994998
-0.360438358661241520,-1.000000000000000000,73.956999999999993634
-0.566949944179908516,-1.000000000000000000,74.048000000000001819
-0.737303775261447081,-1.000000000000000000,74.171000000000006480
-0.905834909206893135,-1.000000000000000000,74.254000000000004889
-0.991159918889998659,-1.000000000000000000,74.376000000000004775
-1.000000000000000000,0.000000000000000000,74.471999999999994202
-1.000000000000000000,0.000000000000000000,74.561000000000007049
-1.000000000000000000,0.000000000000000000,74.680999999999997385
-1.000000000000000000,0.000000000000000000,74.766000000000005343
-1.000000000000000000,1.000000000000000000,74.894999999999996021
-0.976675521491098375,1.000000000000000000,74.980000000000003979
-0.917571745852026499,1.000000000000000000,75.066000000000002501
-0.867038278970521326,1.000000000000000000,75.188000000000002387
-0.841640900579196050,-1.000000000000000000,75.280000000000001137
-0.870104080477297148,-1.000000000000000000,75.409000000000006025
-1.000000000000000000,-1.000000000000000000,75.489999999999994884
-1.000000000000000000,-1.000000000000000000,75.572999999999993292
-0.990932444294120085,1.000000000000000000,75.686999999999997613
-0.850667182051711879,1.000000000000000000,75.798000000000001819
-0.644352104623161170,1.000000000000000000,75.909000000000006025
-0.479541629422040261,1.000000000000000000,76.007000000000005002
-0.414425949637209690,1.000000000000000000,76.081000000000003070
-0.568010694239763025,-1.000000000000000000,76.209999999999993747
-0.714589423332447460,1.000000000000000000,76.295000000000001705
-0.690720653250549654,1.000000000000000000,76.418000000000006366
-0.597355430467301773,1.000000000000000000,76.507999999999995566
-0.430966588553608920,1.000000000000000000,76.606999999999999318
-0.276818141553717312,2.000000000000000000,76.718000000000003524
-0.188590663477714138,2.000000000000000000,76.808999999999997499
-0.161893015775121496,2.000000000000000000,76.927999999999997272
-0.243146924890655813,2.000000000000000000,77.022999999999996135
-0.165645131333265527,1.000000000000000000,77.108000000000004093
-0.024648473250679093,1.000000000000000000,77.224000000000003752
0.124615192611705172,1.000000000000000000,77.316999999999993065
0.258236958149598239,1.000000000000000000,77.427999999999997272
0.333003983728731301,-1.000000000000000000,77.530000000000001137
0.307291779194130088,-1.000000000000000000,77.628000000000000114
0.064426920168513480,-1.000000000000000000,77.740999999999999659
-0.101220697850272656,0.000000000000000000,77.819999999999993179
-0.094631089985948824,0.000000000000000000,77.947999999999993292
-0.078405530949548941,0.000000000000000000,78.037999999999996703
-0.118764178459546343,0.000000000000000000,78.128000000000000114
-0.218710165280330382,-1.000000000000000000,78.243999999999999773
-0.395506103489242866,-1.000000000000000000,78.335999999999998522
-0.625753483850060355,-1.000000000000000000,78.459999999999993747
-0.868985632494318816,-1.000000000000000000,78.552000000000006708
-0.783147888084688160,1.000000000000000000,78.634000000000000341
-0.549983796046236373,1.000000000000000000,78.762000000000000455
-0.349854164416114166,1.000000000000000000,78.849000000000003752
-0.259263260235489290,1.000000000000000000,78.966999999999998749
-0.262736131525950545,-1.000000000000000000,79.061999999999997613
-0.304088409820888805,-1.000000000000000000,79.153000000000005798
-0.446066742882019418,1.000000000000000000,79.272000000000005571
-0.438292775872383578,1.000000000000000000,79.356999999999999318
-0.187478904676351865,1.000000000000000000,79.480000000000003979
0.086656867548587257,1.000000000000000000,79.566999999999993065
0.253132995808165173,2.000000000000000000,79.656999999999996476
0.294811911372431013,2.000000000000000000,79.778000000000005798
0.293222276661782244,2.000000000000000000,79.870999999999995111
0.267635690565636963,2.000000000000000000,79.986999999999994770
0.246796232783504044,2.000000000000000000,80.072999999999993292
0.338755512003919623,1.000000000000000000,80.171999999999997044
0.429538897054825730,-1.000000000000000000,80.292000000000001592
0.368283521149763260,-1.000000000000000000,80.385000000000005116
0.109717458762059961,-1.000000000000000000,80.503000000000000114
-0.175349774075893805,-1.000000000000000000,80.591999999999998749
-0.426185421089874672,-1.000000000000000000,80.680000000000006821
-0.521759486090691227,1.000000000000000000,80.805000000000006821
-0.374511405084648419,1.000000000000000000,80.891999999999995907
-0.186128803963188760,1.000000000000000000,81.010000000000005116
0.070891175349779179,1.000000000000000000,81.094999999999998863
0.326917070575030833,1.000000000000000000,81.197000000000002728
0.475719971903538319,1.000000000000000000,81.313000000000002387
0.587731210489338185,1.000000000000000000,81.396000000000000796
0.716764223835158143,1.000000000000000000,81.510000000000005116
1.000000000000000000,1.000000000000000000,81.612999999999999545
1.000000000000000000,-1.000000000000000000,81.700999999999993406
0.933429941922506279,-1.000000000000000000,81.822000000000002728
0.742549343398581474,-1.000000000000000000,81.912000000000006139
0.493096979296537619,-1.000000000000000000,82.030000000000001137
0.245329648726661409,-1.000000000000000000,82.114000000000004320
0.140048753636849765,1.000000000000000000,82.209999999999993747
0.411788494591031284,1.000000000000000000,82.332999999999998408
0.565935362113693774,1.000000000000000000,82.423000000000001819
0.614419393612597453,-1.000000000000000000,82.537999999999996703
0.485211022366010658,-1.000000000000000000,82.638999999999995794
0.246228333277161093,-1.000000000000000000,82.721000000000003638
-0.058695334703845137,-1.000000000000000000,82.837999999999993861
-0.382603713813909785,-1.000000000000000000,82.929000000000002046
-0.390175131151791810,1.000000000000000000,83.048000000000001819
-0.204798975499618674,1.000000000000000000,83.132999999999995566
-0.297161280176142406,-1.000000000000000000,83.230000000000003979
-0.518844291668069335,-1.000000000000000000,83.338999999999998636
-0.779328008627357738,-1.000000000000000000,83.444000000000002615
-0.933879284197756010,-1.000000000000000000,83.558999999999997499
-0.968209034026438764,1.000000000000000000,83.653999999999996362
-0.943607544456796621,1.000000000000000000,83.739999999999994884
-0.591210865096218674,1.000000000000000000,83.852999999999994429
-0.482155494894352499,-1.000000000000000000,83.945999999999997954
-0.504060930812527008,-1.000000000000000000,84.063999999999992951
-0.613812781541017150,-1.000000000000000000,84.147999999999996135
-0.736977499185574425,-1.000000000000000000,84.248999999999995225
-0.772453071816130876,1.000000000000000000,84.364000000000004320
-0.649760163560596182,1.000000000000000000,84.474000000000003752
-0.154674844696077507,1.000000000000000000,84.579999999999998295
0.318437636908964095,1.000000000000000000,84.674000000000006594
0.453083049686015871,-1.000000000000000000,84.754999999999995453
0.395117896179461692,-1.000000000000000000,84.867999999999994998
0.261236365270320459,-1.000000000000000000,84.962999999999993861
0.187319560992593059,1.000000000000000000,85.073999999999998067
0.211741313652132224,1.000000000000000000,85.168000000000006366
0.324885698558729397,1.000000000000000000,85.275999999999996248
0.560700524607104622,-1.000000000000000000,85.396000000000000796
0.540772194700001041,-1.000000000000000000,85.477000000000003865
0.417113200552679864,-1.000000000000000000,85.597999999999998977
0.251620440580096361,-1.000000000000000000,85.688999999999992951
0.161437445938503732,1.000000000000000000,85.768000000000000682
0.221289837001085399,1.000000000000000000,85.899000000000000909
0.430256462103584703,1.000000000000000000,85.987999999999999545
0.781057976387054653,1.000000000000000000,86.097999999999998977
0.958727912018772388,-1.000000000000000000,86.209000000000003183
0.904357496714169651,-1.000000000000000000,86.286000000000001364
0.776542086520846331,-1.000000000000000000,86.411000000000001364
0.726103416124644463,1.000000000000000000,86.496999999999999886
0.854255833024401223,1.000000000000000000,86.620000000000004547
1.000000000000000000,2.000000000000000000,86.697000000000002728
1.000000000000000000,2.000000000000000000,86.799999999999997158
1.000000000000000000,2.000000000000000000,86.921000000000006480
1.000000000000000000,2.000000000000000000,87.013000000000005230
0.992037075150990377,2.000000000000000000,87.129999999999995453
0.945891854680176669,2.000000000000000000,87.212000000000003297
0.954266410225474315,2.000000000000000000,87.308999999999997499
1.000000000000000000,2.000000000000000000,87.432000000000002160
1.000000000000000000,2.000000000000000000,87.507999999999995566
1.000000000000000000,2.000000000000000000,87.647000000000005571
1.000000000000000000,2.000000000000000000,87.727999999999994429
0.922088138017349790,-1.000000000000000000,87.819999999999993179
0.794630672506784208,-1.000000000000000000,87.941999999999993065
0.690748189863234163,-1.000000000000000000,88.022999999999996135
0.682071451982962040,1.000000000000000000,88.144000000000005457
0.736205714966782443,1.000000000000000000,88.242000000000004434
0.785310330443076632,1.000000000000000000,88.326999999999998181
0.782747832305354496,-1.000000000000000000,88.447000000000002728
0.537475045439652854,-1.000000000000000000,88.542000000000001592
0.228413932838714473,-1.000000000000000000,88.661000000000001364
-0.104031465093411990,-1.000000000000000000,88.756000000000000227
-0.376049581359310325,-1.000000000000000000,88.840000000000003411
-0.558082297905301283,-1.000000000000000000,88.962999999999993861
-0.657852864932510939,1.000000000000000000,89.052000000000006708
-0.589261345013551874,1.000000000000000000,89.176000000000001933
-0.571097404725717794,1.000000000000000000,89.257999999999995566
-0.539882601829498876,1.000000000000000000,89.347999999999998977
-0.482458806352606073,1.000000000000000000,89.469999999999998863
-0.362867614195047872,1.000000000000000000,89.543999999999996930
-0.191025297219987511,1.000000000000000000,89.683000000000006935
-0.038979768183302510,1.000000000000000000,89.769000000000005457
0.097273621167426549,1.000000000000000000,89.864999999999994884
0.135854116385089929,1.000000000000000000,89.974999999999994316
0.133136676499508333,1.000000000000000000,90.081999999999993634
0.116462560710351104,1.000000000000000000,90.179000000000002046
0.111945412830365854,1.000000000000000000,90.271000000000000796
0.154208754208759791,1.000000000000000000,90.359999999999999432
0.198033431661750248,1.000000000000000000,90.483999999999994657
0.222418879056047292,-1.000000000000000000,90.570999999999997954
0.172110485384821654,-1.000000000000000000,90.695999999999997954
0.063722773457289605,-1.000000000000000000,90.792000000000001592
0.013967783212352369,-1.000000000000000000,90.879999999999995453
-0.007716809904437238,1.000000000000000000,90.992999999999994998
0.026780455556221883,1.000000000000000000,91.096000000000003638
0.066854979265576819,1.000000000000000000,91.204999999999998295
0.079812488731295428,-1.000000000000000000,91.308999999999997499
0.063669691688201135,-1.000000000000000000,91.397000000000005571
-0.037634473225553022,-1.000000000000000000,91.518000000000000682
-0.043620409880400168,1.000000000000000000,91.588999999999998636
0.001418354468418981,1.000000000000000000,91.718999999999994088
0.082324658933834449,1.000000000000000000,91.799000000000006594
0.158218642947291377,1.000000000000000000,91.908000000000001251
0.176164432958713091,-1.000000000000000000,92.028999999999996362
0.140104573592156223,-1.000000000000000000,92.108000000000004093
0.004086784061543502,-1.000000000000000000,92.224000000000003752
-0.115391549972951091,-1.000000000000000000,92.322999999999993292
-0.122627561752507885,1.000000000000000000,92.400999999999996248
-0.105114490053493159,1.000000000000000000,92.525999999999996248
-0.075761764529114206,1.000000000000000000,92.617000000000004434
-0.065472684656528557,-1.000000000000000000,92.728999999999999204
-0.104212993569329448,-1.000000000000000000,92.828999999999993520
-0.181176753410663305,-1.000000000000000000,92.920000000000001705
-0.283298275136728783,1.000000000000000000,93.034999999999996589
-0.209447683154037390,1.000000000000000000,93.135000000000005116
-0.098900174289318965,1.000000000000000000,93.253000000000000114
-0.032826491976674310,1.000000000000000000,93.328999999999993520
-0.033715968507727068,-1.000000000000000000,93.415999999999996817
-0.107290101568605412,-1.000000000000000000,93.540000000000006253
-0.221167137448165629,-1.000000000000000000,93.644000000000005457
-0.377715006911472195,-1.000000000000000000,93.756000000000000227
-0.418835266542456841,-1.000000000000000000,93.855999999999994543
-0.346475148746921757,1.000000000000000000,93.938999999999992951
-0.301869102710492831,-1.000000000000000000,94.063000000000002387
-0.351415349480138972,-1.000000000000000000,94.144000000000005457
-0.494957629665240817,-1.000000000000000000,94.275000000000005684
-0.688082216479355302,-1.000000000000000000,94.346999999999994202
-0.872756776248569621,-1.000000000000000000,94.445999999999997954
-0.982859546847770105,1.000000000000000000,94.564999999999997726
-0.914285714285714146,1.000000000000000000,94.659999999999996589
-0.775467275677630186,1.000000000000000000,94.781000000000005912
-0.644786345333249855,1.000000000000000000,94.870000000000004547
-0.603521846264798989,-1.000000000000000000,94.953000000000002956
-0.648284151691813526,-1.000000000000000000,95.081000000000003070
-0.716341126269609996,-1.000000000000000000,95.164000000000001478
-0.772642586693919942,-1.000000000000000000,95.287999999999996703
-0.696207704789948090,1.000000000000000000,95.382000000000005002
-0.595756956547871752,-1.000000000000000000,95.465000000000003411
-0.588292565658996125,-1.000000000000000000,95.593999999999994088
-0.714237634473222416,-1.000000000000000000,95.674999999999997158
-0.928877937376046958,-1.000000000000000000,95.802999999999997272
-1.000000000000000000,0.000000000000000000,95.885999999999995680
-1.000000000000000000,0.000000000000000000,95.974000000000003752
-0.954035403540356541,0.000000000000000000,96.090999999999993975
-0.912129394757655088,0.000000000000000000,96.191999999999993065
-0.924621553064397306,0.000000000000000000,96.308999999999997499
-1.000000000000000000,0.000000000000000000,96.396000000000000796
-1.000000000000000000,0.000000000000000000,96.487999999999999545
-1.000000000000000000,0.000000000000000000,96.614000000000004320
-1.000000000000000000,0.000000000000000000,96.695999999999997954
-1.000000000000000000,0.000000000000000000,96.825000000000002842
-0.964689149550483127,0.000000000000000000,96.906999999999996476
-0.897713499256008407,1.000000000000000000,96.998000000000004661
-0.814675517919847270,1.000000000000000000,97.125000000000000000
-0.724463685664454293,1.000000000000000000,97.210999999999998522
-0.640170937363480963,1.000000000000000000,97.331999999999993634
-0.562092898741620717,1.000000000000000000,97.412000000000006139
-0.477557080400345169,1.000000000000000000,97.509000000000000341
-0.324495219075084607,1.000000000000000000,97.635000000000005116
-0.209306297813352304,1.000000000000000000,97.722999999999998977
-0.141200700304494720,1.000000000000000000,97.843999999999994088
-0.115822874204683290,1.000000000000000000,97.926000000000001933
-0.106789865950157714,1.000000000000000000,98.016000000000005343
-0.099110166568670888,1.000000000000000000,98.146000000000000796
-0.063937274790682230,1.000000000000000000,98.231999999999999318
0.038283531347823363,1.000000000000000000,98.355999999999994543
0.133389611712031453,1.000000000000000000,98.441999999999993065
0.143283219298449005,-1.000000000000000000,98.527000000000001023
0.120776247458441732,-1.000000000000000000,98.649000000000000909
0.094031973564492333,-1.000000000000000000,98.740999999999999659
0.065192041755489871,1.000000000000000000,98.858999999999994657
0.064797874122564991,1.000000000000000000,98.945999999999997954
0.088553043466837345,1.000000000000000000,99.040999999999996817
0.142048160715278593,-1.000000000000000000,99.162999999999996703
0.068555605556449795,-1.000000000000000000,99.248999999999995225
-0.051606397340682397,-1.000000000000000000,99.373000000000004661
-0.194590706184161966,-1.000000000000000000,99.447999999999993292
-0.357309674516076092,-1.000000000000000000,99.546999999999997044
-0.501798389825221847,-1.000000000000000000,99.665999999999996817
-0.592167889133784708,-1.000000000000000000,99.760999999999995680
-0.579160357247270108,-1.000000000000000000,99.867999999999994998
-0.587247363182771598,1.000000000000000000,99.975999999999999091
-0.606620702341026607,1.000000000000000000,100.058999999999997499
-0.604433071978293879,1.000000000000000000,100.177000000000006708
-0.574969041417163318,1.000000000000000000,100.265000000000000568
-0.492863923478922716,1.000000000000000000,100.384000000000000341
-0.336707846235206887,1.000000000000000000,100.474000000000003752
-0.138034220319997125,1.000000000000000000,100.575999999999993406
0.022056963792419726,1.000000000000000000,100.680000000000006821
0.078961631065665117,1.000000000000000000,100.787000000000006139
0.119416369124851096,1.000000000000000000,100.903000000000005798
0.151133724654200163,1.000000000000000000,100.987999999999999545
0.172320234923909466,1.000000000000000000,101.073999999999998067
0.155844027867651835,-1.000000000000000000,101.186000000000007049
0.107676743124238472,-1.000000000000000000,101.280000000000001137
0.051172812944465074,-1.000000000000000000,101.396000000000000796
-0.115454984413956518,-1.000000000000000000,101.493999999999999773
-0.331517972401698224,-1.000000000000000000,101.591999999999998749
-0.509070782652684795,-1.000000000000000000,101.713999999999998636
-0.596805928281203157,1.000000000000000000,101.799000000000006594
-0.583226853326938466,1.000000000000000000,101.920000000000001705
-0.494302635339098351,1.000000000000000000,101.998999999999995225
-0.343776585785660282,1.000000000000000000,102.081999999999993634
-0.229362860868683183,1.000000000000000000,102.206000000000003070
-0.154122829203881651,1.000000000000000000,102.311000000000007049
-0.095037101028450754,1.000000000000000000,102.430999999999997385
-0.031359319929440965,1.000000000000000000,102.516999999999995907
0.022648215241802383,1.000000000000000000,102.612999999999999545
0.026176015556484078,-1.000000000000000000,102.727999999999994429
0.009739225263519113,-1.000000000000000000,102.816000000000002501
-0.092153107847547711,-1.000000000000000000,102.944999999999993179
-0.250619331189456784,-1.000000000000000000,103.018000000000000682
-0.376897579454614551,-1.000000000000000000,103.112999999999999545
-0.463519373241262134,1.000000000000000000,103.236999999999994770
-0.431504123229039305,1.000000000000000000,103.325000000000002842
-0.326367019753796006,1.000000000000000000,103.451999999999998181
-0.202893592062177386,1.000000000000000000,103.537000000000006139
-0.121054047538354803,1.000000000000000000,103.623999999999995225
-0.090659257920734149,1.000000000000000000,103.748000000000004661
-0.088639596831051159,-1.000000000000000000,103.835999999999998522
-0.214475037416705150,-1.000000000000000000,103.960999999999998522
-0.348865793192251417,-1.000000000000000000,104.048000000000001819
-0.468022307878827371,-1.000000000000000000,104.134000000000000341
-0.516885592688901108,1.000000000000000000,104.257999999999995566
-0.484427127317117012,1.000000000000000000,104.355000000000003979
-0.376600138797143935,1.000000000000000000,104.469999999999998863
-0.199901336967704735,1.000000000000000000,104.561000000000007049
-0.042659219558694006,1.000000000000000000,104.641999999999995907
0.106765106731659953,1.000000000000000000,104.772999999999996135
0.228279500664723578,1.000000000000000000,104.852999999999994429
0.296766695373707812,1.000000000000000000,104.978999999999999204
0.288530840558870016,1.000000000000000000,105.061000000000007049
0.225185829312952723,1.000000000000000000,105.156999999999996476
0.232669169474663651,1.000000000000000000,105.277000000000001023
0.370864304885493157,1.000000000000000000,105.364999999999994884
0.548449401750853882,1.000000000000000000,105.492000000000004434
0.722113061145991830,1.000000000000000000,105.582999999999998408
0.845015426550392856,1.000000000000000000,105.670000000000001705
0.893259977090111290,2.000000000000000000,105.790999999999996817
0.893726155150489365,2.000000000000000000,105.882000000000005002
0.803586265366676544,2.000000000000000000,106.001000000000004775
0.764417125900807237,2.000000000000000000,106.097999999999998977
0.778677405680370915,2.000000000000000000,106.176000000000001933
0.806036456125476697,2.000000000000000000,106.307000000000002160
0.828520559559134950,2.000000000000000000,106.388000000000005230
0.823357354811360631,-1.000000000000000000,106.510999999999995680
0.770733361593895383,-1.000000000000000000,106.608000000000004093
0.696057651547265399,-1.000000000000000000,106.694000000000002615
0.624111911827043064,-1.000000000000000000,106.811000000000007049
0.571140313692243939,-1.000000000000000000,106.905000000000001137
0.514735057227638348,-1.000000000000000000,107.018000000000000682
0.459711742263672507,-1.000000000000000000,107.093999999999994088
0.379974565493854666,-1.000000000000000000,107.197999999999993292
0.272623443538004162,-1.000000000000000000,107.316000000000002501
0.182094403617860223,-1.000000000000000000,107.415000000000006253
0.134760104578857121,1.000000000000000000,107.525999999999996248
0.198081543244772229,1.000000000000000000,107.620999999999995111
0.260705200678348570,1.000000000000000000,107.709999999999993747
0.288148318258904634,-1.000000000000000000,107.835999999999998522
0.288793103448275135,-1.000000000000000000,107.915999999999996817
0.262648388920291076,-1.000000000000000000,108.037000000000006139
0.226407928208028464,-1.000000000000000000,108.114000000000004320
0.189107546636517077,1.000000000000000000,108.219999999999998863
0.239029819106839181,1.000000000000000000,108.334000000000003183
0.328681458451099529,1.000000000000000000,108.424000000000006594
0.408431670435273508,1.000000000000000000,108.548000000000001819
0.452603872244198957,-1.000000000000000000,108.638000000000005230
0.438056458451101749,-1.000000000000000000,108.727999999999994429
0.405817198982473260,-1.000000000000000000,108.849999999999994316
0.391066633691352417,1.000000000000000000,108.933000000000006935
0.455739471452795586,1.000000000000000000,109.055999999999997385
0.537689019219897757,1.000000000000000000,109.140000000000000568
0.594677430751838765,1.000000000000000000,109.240999999999999659
0.617863199547768804,-1.000000000000000000,109.358999999999994657
0.589430822498588469,-1.000000000000000000,109.442999999999997840
0.515713326738271860,-1.000000000000000000,109.569999999999993179
0.434390898812890169,-1.000000000000000000,109.653000000000005798
0.440255794234029940,1.000000000000000000,109.748000000000004661
0.531241167326174546,1.000000000000000000,109.871999999999999886
0.580324335782927747,1.000000000000000000,109.957999999999998408
0.603563100621813620,-1.000000000000000000,110.069999999999993179
0.592778405879027304,-1.000000000000000000,110.156000000000005912
0.567949759751265271,-1.000000000000000000,110.248000000000004661
0.542644149236856554,-1.000000000000000000,110.368999999999999773
0.535136376483890785,1.000000000000000000,110.463999999999998636
0.634636447145281446,1.000000000000000000,110.596999999999994202
0.719279960429620946,1.000000000000000000,110.679000000000002046
0.785507348784621806,1.000000000000000000,110.765000000000000568
0.814681670435271954,1.000000000000000000,110.893000000000000682
0.820679055963823290,1.000000000000000000,110.974000000000003752
0.826808931599773755,1.000000000000000000,111.108000000000004093
0.846523459581684401,1.000000000000000000,111.180999999999997385
0.912989330130014709,1.000000000000000000,111.283000000000001251
0.966824477105709512,-1.000000000000000000,111.403000000000005798
0.942393301300169517,-1.000000000000000000,111.480999999999994543
0.893628109101189061,-1.000000000000000000,111.609999999999999432
0.841921636517804384,0.000000000000000000,111.700999999999993406
0.796212549462971264,0.000000000000000000,111.787000000000006139
0.777116308648949872,0.000000000000000000,111.911000000000001364
0.783104861503676197,0.000000000000000000,111.998000000000004661
0.822489222236798323,0.000000000000000000,112.114999999999994884
0.793865181967348343,-1.000000000000000000,112.209999999999993747
0.719052375619252837,-1.000000000000000000,112.301000000000001933
0.609398883408310166,-1.000000000000000000,112.421999999999997044
0.512883099633571149,1.000000000000000000,112.510999999999995680
0.496620259469204850,1.000000000000000000,112.638000000000005230
0.531852572160424364,1.000000000000000000,112.721000000000003638
0.583793847686359557,1.000000000000000000,112.808999999999997499
0.579477266797897350,-1.000000000000000000,112.932000000000002160
0.544007779332592367,-1.000000000000000000,113.019000000000005457
0.529267367122829402,-1.000000000000000000,113.141999999999995907
0.543877333206839397,1.000000000000000000,113.230000000000003979
0.611851623461322491,1.000000000000000000,113.317999999999997840
0.695396437634892672,1.000000000000000000,113.438000000000002387
0.741799682185799503,-1.000000000000000000,113.525999999999996248
0.730593174109998467,-1.000000000000000000,113.650999999999996248
0.697068519792234387,-1.000000000000000000,113.743999999999999773
0.673742380760379067,-1.000000000000000000,113.829999999999998295
0.669508811042854202,1.000000000000000000,113.956000000000003070
0.719398524772907555,1.000000000000000000,114.037000000000006139
0.805386239119609826,1.000000000000000000,114.147999999999996135
0.871842610819915764,-1.000000000000000000,114.251000000000004775
0.836693309299625376,-1.000000000000000000,114.337999999999993861
0.713374285510989914,-1.000000000000000000,114.468000000000003524
0.649704717406258903,-1.000000000000000000,114.543999999999996930
0.621635082892585844,-1.000000000000000000,114.674000000000006594
0.622583781988944374,-1.000000000000000000,114.760000000000005116
0.630042928634110044,-1.000000000000000000,114.849000000000003752
0.609147831036684906,-1.000000000000000000,114.965000000000003411
0.557621611365411773,-1.000000000000000000,115.057000000000002160
0.387531722126039258,-1.000000000000000000,115.170000000000001705
0.302706164172377612,1.000000000000000000,115.272000000000005571
0.282830918103546658,1.000000000000000000,115.365999999999999659
0.329850817067095736,1.000000000000000000,115.477999999999994429
0.413371913763254106,1.000000000000000000,115.567999999999997840
0.478061333396579302,1.000000000000000000,115.686000000000007049
0.494663567582945607,-1.000000000000000000,115.801000000000001933
0.348160709626925913,-1.000000000000000000,115.861000000000004206
0.182707587221013767,-1.000000000000000000,115.983000000000004093
0.153060740459646238,1.000000000000000000,116.084000000000003183
0.176446173185018873,1.000000000000000000,116.189999999999997726
0.237993027061640605,1.000000000000000000,116.295000000000001705
0.296338021488025349,1.000000000000000000,116.382999999999995566
0.318573156559067483,-1.000000000000000000,116.495999999999995111
0.271256789127898967,-1.000000000000000000,116.593000000000003524
0.117958873894171479,1.000000000000000000,116.697999999999993292
0.123579916040128746,1.000000000000000000,116.802999999999997272
0.181782605602067049,1.000000000000000000,116.893000000000000682
0.265517159594898855,1.000000000000000000,117.007000000000005002
0.358216920048380016,1.000000000000000000,117.093000000000003524
0.429333776059574790,-1.000000000000000000,117.215999999999993975
0.443540545027632849,-1.000000000000000000,117.305000000000006821
0.328676801935345209,-1.000000000000000000,117.391999999999995907
0.269122216161088001,1.000000000000000000,117.516999999999995907
0.340191637217467369,1.000000000000000000,117.608000000000004093
0.434990394421645776,1.000000000000000000,117.733000000000004093
0.530465099731991963,1.000000000000000000,117.819999999999993179
0.587742807674975110,1.000000000000000000,117.897999999999996135
0.568614662144530936,-1.000000000000000000,118.022000000000005571
0.503901525033793929,-1.000000000000000000,118.102000000000003865
0.427851433721511354,-1.000000000000000000,118.242000000000004434
0.476057206555512868,1.000000000000000000,118.325999999999993406
0.523729336147809477,1.000000000000000000,118.418999999999996930
0.552889974622295721,1.000000000000000000,118.545000000000001705
0.554396034437770968,-1.000000000000000000,118.628000000000000114
0.494212935512178264,-1.000000000000000000,118.750000000000000000
0.403529160638465445,-1.000000000000000000,118.837000000000003297
0.305409956597015420,-1.000000000000000000,118.935000000000002274
0.317138249175819453,-1.000000000000000000,119.054000000000002046
0.321051632948321508,-1.000000000000000000,119.123000000000004661
0.299361999857694183,-1.000000000000000000,119.257999999999995566
0.260358608258419055,-1.000000000000000000,119.349000000000003752
0.184083200910752698,-1.000000000000000000,119.438999999999992951
0.077101414092372700,-1.000000000000000000,119.560000000000002274
-0.054071137916960721,-1.000000000000000000,119.649000000000000909
-0.097834650186242156,-1.000000000000000000,119.772000000000005571
-0.138553624871579073,-1.000000000000000000,119.859999999999999432
-0.205483926949024953,-1.000000000000000000,119.947999999999993292
-0.219489786543349719,999.000000000000000000,120.069999999999993179
-0.310446207086638282,999.000000000000000000,120.156999999999996476
-0.407690972753911973,999.000000000000000000,120.281999999999996476
-0.459181902632729400,999.000000000000000000,120.373999999999995225
-0.283128655866229706,999.000000000000000000,120.460999999999998522
-0.025102338733561269,999.000000000000000000,120.587999999999993861
0.078839106156647798,999.000000000000000000,120.668000000000006366
0.102563317306205715,999.000000000000000000,120.793000000000006366
0.045029042762793292,999.000000000000000000,120.876999999999995339
-0.009993977072045079,999.000000000000000000,120.968999999999994088
0.026050668127969745,999.000000000000000000,121.087000000000003297
0.149496300542450555,999.000000000000000000,121.176000000000001933
0.436429837690949007,999.000000000000000000,121.301000000000001933
0.520758362260215435,999.000000000000000000,121.387000000000000455
0.517297750602417450,999.000000000000000000,121.477999999999994429
0.456577815993106428,999.000000000000000000,121.602999999999994429
0.383607740730120383,999.000000000000000000,121.688000000000002387
0.385858199845020566,999.000000000000000000,121.810000000000002274
0.481439019988742833,999.000000000000000000,121.900000000000005684
0.704361856841072331,999.000000000000000000,121.989999999999994884
0.817500504230231240,999.000000000000000000,122.120000000000004547
0.829007568761074953,999.000000000000000000,122.204999999999998295
0.825164803668672953,999.000000000000000000,122.323999999999998067
0.804379902975494110,999.000000000000000000,122.412000000000006139
0.835037100729276061,999.000000000000000000,122.495000000000004547
0.952443128138179551,999.000000000000000000,122.618999999999999773
1.000000000000000000,999.000000000000000000,122.709999999999993747
0.994705290333868009,999.000000000000000000,122.820999999999997954
0.890670809084141757,999.000000000000000000,122.927999999999997272
0.845600140025369873,999.000000000000000000,123.006000000000000227
0.847766157616058003,999.000000000000000000,123.132000000000005002
0.903054303592526475,999.000000000000000000,123.224000000000003752
1.000000000000000000,999.000000000000000000,123.341999999999998749
1.000000000000000000,999.000000000000000000,123.427000000000006708
0.978304427448033254,999.000000000000000000,123.522999999999996135
