0.000000000000000000,999.000000000000000000,0.000000000000000000
1.000000000000000000,999.000000000000000000,0.116000000000000006
1.000000000000000000,999.000000000000000000,0.205999999999999989
1.000000000000000000,999.000000000000000000,0.303999999999999992
1.000000000000000000,999.000000000000000000,0.416999999999999982
1.000000000000000000,999.000000000000000000,0.513000000000000012
1.000000000000000000,999.000000000000000000,0.620999999999999996
1.000000000000000000,999.000000000000000000,0.720999999999999974
1.000000000000000000,999.000000000000000000,0.815999999999999948
1.000000000000000000,999.000000000000000000,0.934000000000000052
1.000000000000000000,999.000000000000000000,1.016999999999999904
1.000000000000000000,999.000000000000000000,1.139999999999999902
1.000000000000000000,999.000000000000000000,1.227999999999999980
1.000000000000000000,999.000000000000000000,1.324000000000000066
1.000000000000000000,999.000000000000000000,1.433999999999999941
1.000000000000000000,999.000000000000000000,1.534000000000000030
1.000000000000000000,999.000000000000000000,1.655999999999999917
1.000000000000000000,999.000000000000000000,1.750999999999999890
1.000000000000000000,999.000000000000000000,1.826000000000000068
1.000000000000000000,999.000000000000000000,1.951999999999999957
1.000000000000000000,999.000000000000000000,2.037999999999999812
1.000000000000000000,999.000000000000000000,2.157000000000000028
1.000000000000000000,999.000000000000000000,2.241000000000000103
1.000000000000000000,999.000000000000000000,2.350000000000000089
0.989829627190317085,999.000000000000000000,2.463999999999999968
0.957349602232350216,999.000000000000000000,2.556999999999999940
0.919205504618956004,999.000000000000000000,2.673999999999999932
0.877685148274607085,999.000000000000000000,2.761000000000000121
0.847797979097700161,999.000000000000000000,2.842000000000000082
0.847201760923443459,999.000000000000000000,2.959999999999999964
0.891821065220030462,999.000000000000000000,3.063000000000000167
0.949973135518308087,999.000000000000000000,3.182999999999999829
1.000000000000000000,999.000000000000000000,3.269000000000000128
1.000000000000000000,999.000000000000000000,3.354000000000000092
1.000000000000000000,999.000000000000000000,3.484999999999999876
1.000000000000000000,999.000000000000000000,3.571000000000000174
1.000000000000000000,999.000000000000000000,3.696000000000000174
0.999176165436281405,999.000000000000000000,3.775999999999999801
1.000000000000000000,999.000000000000000000,3.874000000000000110
1.000000000000000000,999.000000000000000000,3.982000000000000206
1.000000000000000000,999.000000000000000000,4.084999999999999964
1.000000000000000000,999.000000000000000000,4.209999999999999964
1.000000000000000000,999.000000000000000000,4.291999999999999815
1.000000000000000000,999.000000000000000000,4.386999999999999567
1.000000000000000000,-1.000000000000000000,4.501000000000000334
0.971468727288275824,-1.000000000000000000,4.589000000000000412
0.916196400324912563,-1.000000000000000000,4.708000000000000185
0.881086742764312314,-1.000000000000000000,4.799999999999999822
0.858337608481895886,-1.000000000000000000,4.892000000000000348
0.827855799239022305,-1.000000000000000000,5.006000000000000227
0.784981403103757858,-1.000000000000000000,5.094000000000000306
0.745484374332010535,-1.000000000000000000,5.229000000000000092
0.690003633876278499,-1.000000000000000000,5.317999999999999616
0.589591082040103354,-1.000000000000000000,5.392000000000000348
0.471661108973539411,-1.000000000000000000,5.527000000000000135
0.362794450857168549,-1.000000000000000000,5.605999999999999872
0.269329015433287466,-1.000000000000000000,5.735999999999999766
0.185696421700654035,-1.000000000000000000,5.823000000000000398
0.108497926552948876,-1.000000000000000000,5.915000000000000036
0.048832884442730595,-1.000000000000000000,6.027000000000000135
-0.018286947971443257,-1.000000000000000000,6.126999999999999780
-0.093096703860459096,-1.000000000000000000,6.245000000000000107
-0.174629130862298698,-1.000000000000000000,6.333000000000000185
-0.257898336967210873,-1.000000000000000000,6.423000000000000043
-0.343556282330808482,-1.000000000000000000,6.540000000000000036
-0.428006498225812049,-1.000000000000000000,6.636000000000000121
-0.501229105211407289,-1.000000000000000000,6.748000000000000220
-0.569845239622078115,-1.000000000000000000,6.836999999999999744
-0.641181437304948809,-1.000000000000000000,6.919999999999999929
-0.710134239664830913,-1.000000000000000000,7.056000000000000050
-0.775308879483563307,-1.000000000000000000,7.144000000000000128
-0.831265230216750028,-1.000000000000000000,7.267999999999999794
-0.876138258304476114,0.000000000000000000,7.347999999999999865
-0.912161728870078292,0.000000000000000000,7.439000000000000057
-0.931303706553802790,0.000000000000000000,7.564000000000000057
-0.940628874353385047,0.000000000000000000,7.645999999999999908
-0.940559403189263343,0.000000000000000000,7.767999999999999794
-0.938710401436449904,0.000000000000000000,7.868000000000000327
-0.941083108888033815,0.000000000000000000,7.948999999999999844
-0.945133812149969721,0.000000000000000000,8.067999999999999616
-0.946571330853745896,0.000000000000000000,8.163000000000000256
-0.948265358471206854,0.000000000000000000,8.272999999999999687
-0.947079004745414954,0.000000000000000000,8.378000000000000114
-0.943974178102687800,0.000000000000000000,8.464999999999999858
-0.935071181223547487,0.000000000000000000,8.583999999999999631
-0.922828224530804930,0.000000000000000000,8.673000000000000043
-0.914171048693940835,0.000000000000000000,8.795999999999999375
-0.903237356248128398,0.000000000000000000,8.882999999999999119
-0.880226369116326790,0.000000000000000000,8.980999999999999872
-0.839692616818435655,1.000000000000000000,9.083999999999999631
-0.761040571159849022,1.000000000000000000,9.179000000000000270
-0.662065538027446499,1.000000000000000000,9.291000000000000369
-0.543077465691932826,1.000000000000000000,9.396000000000000796
-0.412407549912358173,1.000000000000000000,9.476000000000000867
-0.284607327604635474,1.000000000000000000,9.595000000000000639
-0.162076225898851178,1.000000000000000000,9.682000000000000384
-0.065067761104699584,1.000000000000000000,9.801999999999999602
0.033426317814543971,1.000000000000000000,9.894999999999999574
0.121595912957976449,1.000000000000000000,9.993000000000000327
0.202273310247531146,1.000000000000000000,10.109999999999999432
0.275036338762769450,1.000000000000000000,10.208000000000000185
0.337084776195972768,1.000000000000000000,10.321999999999999176
0.388803385917660727,1.000000000000000000,10.407999999999999474
0.421893035782993531,1.000000000000000000,10.499000000000000554
0.447014877516993758,2.000000000000000000,10.619999999999999218
0.456820999529734983,2.000000000000000000,10.705999999999999517
0.453774956179728406,2.000000000000000000,10.830000000000000071
0.442023641571545944,2.000000000000000000,10.923000000000000043
0.421609807190802321,2.000000000000000000,11.002000000000000668
0.405610063699715973,2.000000000000000000,11.134999999999999787
0.395868068915396165,2.000000000000000000,11.215999999999999304
0.399742422299173672,2.000000000000000000,11.342999999999999972
0.424014578256593166,2.000000000000000000,11.429999999999999716
0.453994057543498419,2.000000000000000000,11.518000000000000682
0.483033004146895317,2.000000000000000000,11.628999999999999559
0.497434910863152391,2.000000000000000000,11.727999999999999758
0.508309820016244363,2.000000000000000000,11.858000000000000540
0.517816681629685416,2.000000000000000000,11.939999999999999503
0.518714462827581935,2.000000000000000000,12.034000000000000696
0.521637595656446518,2.000000000000000000,12.150000000000000355
0.532362874609890291,2.000000000000000000,12.239000000000000767
0.549062673677912727,2.000000000000000000,12.362000000000000099
0.556977042452228899,2.000000000000000000,12.448000000000000398
0.551723953657392130,2.000000000000000000,12.550000000000000711
0.529514556880851694,2.000000000000000000,12.660000000000000142
0.495863793766833316,2.000000000000000000,12.753999999999999559
0.451188491300075212,2.000000000000000000,12.875000000000000000
0.443968834166987403,2.000000000000000000,12.961999999999999744
0.466124791586507659,2.000000000000000000,13.038000000000000256
0.508031935359757547,1.000000000000000000,13.175000000000000711
0.557474028472489502,1.000000000000000000,13.266999999999999460
0.615252661279979574,1.000000000000000000,13.390000000000000568
0.682014450002136341,1.000000000000000000,13.470000000000000639
0.706719464751398796,1.000000000000000000,13.560999999999999943
0.714067376341328997,1.000000000000000000,13.682000000000000384
0.734059039801634450,1.000000000000000000,13.775000000000000355
0.775308879483563196,1.000000000000000000,13.894000000000000128
0.838436791928522052,1.000000000000000000,13.971999999999999531
0.913337394724469176,1.000000000000000000,14.060000000000000497
0.990803086657260135,1.000000000000000000,14.179999999999999716
1.000000000000000000,2.000000000000000000,14.284000000000000696
1.000000000000000000,2.000000000000000000,14.398999999999999133
1.000000000000000000,2.000000000000000000,14.487999999999999545
1.000000000000000000,2.000000000000000000,14.580000000000000071
1.000000000000000000,2.000000000000000000,14.707000000000000739
1.000000000000000000,2.000000000000000000,14.788999999999999702
1.000000000000000000,2.000000000000000000,14.913000000000000256
1.000000000000000000,2.000000000000000000,14.989000000000000767
1.000000000000000000,2.000000000000000000,15.089000000000000412
0.997313718381588776,-1.000000000000000000,15.208999999999999631
0.914524834899697936,-1.000000000000000000,15.308999999999999275
0.788295876180550970,-1.000000000000000000,15.426999999999999602
0.642481832927636720,-1.000000000000000000,15.512000000000000455
0.489947590478376549,-1.000000000000000000,15.601000000000000867
0.340037170822910628,-1.000000000000000000,15.733000000000000540
0.203201242299769547,-1.000000000000000000,15.816000000000000725
0.115664623684463841,-1.000000000000000000,15.932999999999999829
0.023000841140468298,-1.000000000000000000,16.027999999999998693
-0.072661596024999664,-1.000000000000000000,16.126000000000001222
-0.167922427660805895,-1.000000000000000000,16.231999999999999318
-0.255459046276111379,-1.000000000000000000,16.326000000000000512
-0.331170613184712304,-1.000000000000000000,16.449000000000001620
-0.393580112494170686,-1.000000000000000000,16.528999999999999915
-0.438693800326192429,-1.000000000000000000,16.620999999999998664
-0.479073005191868573,-1.000000000000000000,16.731000000000001648
-0.526739119279072909,-1.000000000000000000,16.838999999999998636
-0.574565875578148200,-1.000000000000000000,16.940999999999998948
-0.621816997284701856,-1.000000000000000000,17.045000000000001705
-0.670339869835184787,-1.000000000000000000,17.140000000000000568
-0.724244256483140614,-1.000000000000000000,17.257000000000001450
-0.783324892180070176,-1.000000000000000000,17.341999999999998749
-0.838768766691730061,-1.000000000000000000,17.455999999999999517
-0.904815027186464338,-1.000000000000000000,17.548999999999999488
-0.968286550007697477,-1.000000000000000000,17.647999999999999687
-1.000000000000000000,-1.000000000000000000,17.757999999999999119
-1.000000000000000000,0.000000000000000000,17.861000000000000654
-1.000000000000000000,0.000000000000000000,17.975999999999999091
-1.000000000000000000,0.000000000000000000,18.060999999999999943
-0.998565910782143407,0.000000000000000000,18.149000000000000909
-0.991253723316665836,0.000000000000000000,18.260000000000001563
-0.974394837278816706,0.000000000000000000,18.356999999999999318
-0.955935107462892897,0.000000000000000000,18.474000000000000199
-0.944416536215964886,0.000000000000000000,18.565999999999998948
-0.939376379633432790,0.000000000000000000,18.670000000000001705
-0.936479019149676795,0.000000000000000000,18.785000000000000142
-0.933273162729522987,0.000000000000000000,18.859999999999999432
-0.933514956841838384,0.000000000000000000,18.992000000000000881
-0.932147569448064206,0.000000000000000000,19.080999999999999517
-0.927061555361471834,0.000000000000000000,19.175000000000000711
-0.918477864374348307,0.000000000000000000,19.286000000000001364
-0.912082826990061379,0.000000000000000000,19.385999999999999233
-0.911174014636882523,0.000000000000000000,19.503000000000000114
-0.913421032335792749,0.000000000000000000,19.591000000000001080
-0.914788419729566815,0.000000000000000000,19.675999999999998380
-0.914296493776927344,0.000000000000000000,19.800000000000000711
-0.883530277417057253,0.000000000000000000,19.888999999999999346
-0.830360585892150338,1.000000000000000000,20.012000000000000455
-0.754991693538470288,1.000000000000000000,20.092999999999999972
-0.661154733640857639,1.000000000000000000,20.187999999999998835
-0.555803371360321430,1.000000000000000000,20.310999999999999943
-0.439833912458026943,1.000000000000000000,20.397999999999999687
-0.338155319366248652,1.000000000000000000,20.524999999999998579
-0.232795619357706429,1.000000000000000000,20.614999999999998437
-0.139475598596762729,1.000000000000000000,20.699000000000001620
-0.064073355331038528,1.000000000000000000,20.827000000000001734
-0.003524774516568630,1.000000000000000000,20.908999999999998920
0.041940856326353915,1.000000000000000000,21.033000000000001251
0.053722066005622349,1.000000000000000000,21.123000000000001108
0.013325773793268825,-1.000000000000000000,21.213000000000000966
-0.070485068171349141,-1.000000000000000000,21.333999999999999631
-0.183111098141314321,-1.000000000000000000,21.420999999999999375
-0.310015487329782347,-1.000000000000000000,21.547000000000000597
-0.457284777184645219,-1.000000000000000000,21.629000000000001336
-0.614713588620670937,-1.000000000000000000,21.721000000000000085
-0.763863036141966600,-1.000000000000000000,21.832000000000000739
-0.889654338640992082,-1.000000000000000000,21.931999999999998607
-0.996256360123149221,0.000000000000000000,22.054999999999999716
-1.000000000000000000,0.000000000000000000,22.129000000000001336
-1.000000000000000000,0.000000000000000000,22.233000000000000540
-1.000000000000000000,0.000000000000000000,22.353000000000001535
-1.000000000000000000,0.000000000000000000,22.439000000000000057
-1.000000000000000000,0.000000000000000000,22.559999999999998721
-0.992324766112805179,0.000000000000000000,22.657000000000000028
-0.950321875799505222,0.000000000000000000,22.740999999999999659
-0.894500107176688708,0.000000000000000000,22.862999999999999545
-0.855384072852490518,0.000000000000000000,22.957000000000000739
-0.828133535240385577,0.000000000000000000,23.077999999999999403
-0.816966415665774881,0.000000000000000000,23.164999999999999147
-0.825136045249305394,0.000000000000000000,23.256000000000000227
-0.855546566542893405,0.000000000000000000,23.373000000000001108
-0.890928703300348346,0.000000000000000000,23.460999999999998522
-0.905459787997593857,0.000000000000000000,23.571999999999999176
-0.922794753182455518,0.000000000000000000,23.675999999999998380
-0.949761791164491331,0.000000000000000000,23.765999999999998238
-0.980649421591607617,0.000000000000000000,23.879000000000001336
-0.999585122492584022,0.000000000000000000,23.975999999999999091
-1.000000000000000000,0.000000000000000000,24.102000000000000313
-0.987122718391737042,0.000000000000000000,24.181999999999998607
-0.942143548781708140,1.000000000000000000,24.271999999999998465
-0.870493209878669627,1.000000000000000000,24.385000000000001563
-0.748818922057469916,1.000000000000000000,24.486000000000000654
-0.620080564849880167,1.000000000000000000,24.594000000000001194
-0.497100285664075381,1.000000000000000000,24.698000000000000398
-0.398210206029615210,1.000000000000000000,24.785000000000000142
-0.333258672437380943,1.000000000000000000,24.910000000000000142
-0.297907312517876055,2.000000000000000000,25.001000000000001222
-0.308875572448064850,2.000000000000000000,25.105000000000000426
-0.331587416997185191,2.000000000000000000,25.205999999999999517
-0.357669339526742291,2.000000000000000000,25.292999999999999261
-0.370953235860662645,2.000000000000000000,25.405999999999998806
-0.359895382855331070,2.000000000000000000,25.510999999999999233
-0.333320698412480909,2.000000000000000000,25.609000000000001762
-0.305222931692173294,2.000000000000000000,25.721000000000000085
-0.274144472279557738,2.000000000000000000,25.800000000000000711
-0.240436800700205788,2.000000000000000000,25.908999999999998920
-0.232159778911858239,-1.000000000000000000,25.998000000000001108
-0.247307900386286250,-1.000000000000000000,26.135000000000001563
-0.273917043704193452,-1.000000000000000000,26.219000000000001194
-0.303823901364915772,-1.000000000000000000,26.327000000000001734
-0.340026395498292278,-1.000000000000000000,26.437000000000001165
-0.381890482803298847,-1.000000000000000000,26.515999999999998238
-0.406714656393327045,-1.000000000000000000,26.643000000000000682
-0.431332076733024206,-1.000000000000000000,26.722999999999998977
-0.459777878091391479,-1.000000000000000000,26.815000000000001279
-0.491955575618278740,-1.000000000000000000,26.929999999999999716
-0.524667385708525780,-1.000000000000000000,27.019999999999999574
-0.555639022608469868,-1.000000000000000000,27.141999999999999460
-0.583902191929044245,-1.000000000000000000,27.242000000000000881
-0.606042019152243094,-1.000000000000000000,27.327999999999999403
-0.624973725107769607,0.000000000000000000,27.452999999999999403
-0.637392703677796879,0.000000000000000000,27.535000000000000142
-0.640025361732040388,0.000000000000000000,27.664999999999999147
-0.637592565153118240,0.000000000000000000,27.748000000000001108
-0.635183889786734346,0.000000000000000000,27.836999999999999744
-0.632110158131778732,0.000000000000000000,27.952999999999999403
-0.625680132046410264,0.000000000000000000,28.056000000000000938
-0.620990279151347080,0.000000000000000000,28.167000000000001592
-0.626055733784517621,0.000000000000000000,28.263999999999999346
-0.633578106209145786,0.000000000000000000,28.342999999999999972
-0.637716617103318395,0.000000000000000000,28.472000000000001307
-0.640145967794735649,0.000000000000000000,28.557999999999999829
-0.640859266508385872,0.000000000000000000,28.682999999999999829
-0.640008132294514143,0.000000000000000000,28.775999999999999801
-0.632875145158012242,0.000000000000000000,28.859999999999999432
-0.623871041105993118,0.000000000000000000,28.981999999999999318
-0.620666365725825564,0.000000000000000000,29.074999999999999289
-0.622272149303414124,0.000000000000000000,29.192000000000000171
-0.626110867984603248,0.000000000000000000,29.291000000000000369
-0.629270746827199412,0.000000000000000000,29.368999999999999773
-0.631868946006388210,0.000000000000000000,29.495000000000000995
-0.633705604046850501,0.000000000000000000,29.583999999999999631
-0.631834487131333389,0.000000000000000000,29.702999999999999403
-0.623219768367442972,0.000000000000000000,29.789999999999999147
-0.612940685938366370,1.000000000000000000,29.882999999999999119
-0.596889741937485896,1.000000000000000000,30.013999999999999346
-0.563819559546657745,1.000000000000000000,30.091999999999998749
-0.510580597585812423,1.000000000000000000,30.216000000000001080
-0.439074985958009645,1.000000000000000000,30.303000000000000824
-0.351123774765559338,1.000000000000000000,30.390999999999998238
-0.222982196638925712,1.000000000000000000,30.510999999999999233
-0.043873919006903850,1.000000000000000000,30.597000000000001307
0.153261560479890591,1.000000000000000000,30.722000000000001307
0.359972881297750735,1.000000000000000000,30.804999999999999716
0.574847862678725674,1.000000000000000000,30.902999999999998693
0.781599098146272375,1.000000000000000000,31.010999999999999233
0.933279612371861633,1.000000000000000000,31.117000000000000881
1.000000000000000000,1.000000000000000000,31.234000000000001762
0.984806749195240805,2.000000000000000000,31.326000000000000512
0.959313630176943155,2.000000000000000000,31.408000000000001251
0.932454036770589800,2.000000000000000000,31.532000000000000028
0.910309590165710114,2.000000000000000000,31.620999999999998664
0.889153542031243527,2.000000000000000000,31.739999999999998437
0.873782055436733929,2.000000000000000000,31.832000000000000739
0.862834057078662342,2.000000000000000000,31.917999999999999261
0.849396158748682684,2.000000000000000000,32.036000000000001364
0.832339533778387430,2.000000000000000000,32.143999999999998352
0.830789422516044596,2.000000000000000000,32.252000000000002444
0.853301142869490326,2.000000000000000000,32.345999999999996533
0.901997321062074198,2.000000000000000000,32.432999999999999829
0.966605094302939838,2.000000000000000000,32.542999999999999261
1.000000000000000000,2.000000000000000000,32.627000000000002444
1.000000000000000000,2.000000000000000000,32.752000000000002444
1.000000000000000000,2.000000000000000000,32.845999999999996533
1.000000000000000000,2.000000000000000000,32.947000000000002728
1.000000000000000000,2.000000000000000000,33.060999999999999943
1.000000000000000000,2.000000000000000000,33.158000000000001251
1.000000000000000000,2.000000000000000000,33.273000000000003240
1.000000000000000000,2.000000000000000000,33.371999999999999886
0.985876191799339496,-1.000000000000000000,33.439000000000000057
0.954379016325502150,-1.000000000000000000,33.567999999999997840
0.935234874833110075,-1.000000000000000000,33.661999999999999034
0.908640295003454002,-1.000000000000000000,33.777000000000001023
0.865788500799439475,-1.000000000000000000,33.865999999999999659
0.809505195762389773,-1.000000000000000000,33.972000000000001307
0.744127834828213208,-1.000000000000000000,34.075000000000002842
0.673687755049181991,-1.000000000000000000,34.171999999999997044
0.582799000642850284,-1.000000000000000000,34.292000000000001592
0.486692113696892026,-1.000000000000000000,34.368000000000002103
0.406070082157331980,-1.000000000000000000,34.469999999999998863
0.347102358756031570,-1.000000000000000000,34.582999999999998408
0.305564516698734190,-1.000000000000000000,34.677999999999997272
0.274980985369922326,-1.000000000000000000,34.789999999999999147
0.251405198823566822,-1.000000000000000000,34.893000000000000682
0.234742966941625664,-1.000000000000000000,34.973999999999996646
0.197062210218217349,-1.000000000000000000,35.103999999999999204
0.148097477353164697,-1.000000000000000000,35.191000000000002501
0.092595950295873752,-1.000000000000000000,35.317000000000000171
0.032691035220038911,-1.000000000000000000,35.393000000000000682
-0.025890508697280046,-1.000000000000000000,35.490999999999999659
-0.080864571093523852,-1.000000000000000000,35.600999999999999091
-0.120848276203102234,-1.000000000000000000,35.701000000000000512
-0.152952977938318635,-1.000000000000000000,35.829000000000000625
-0.186352793796637939,-1.000000000000000000,35.908999999999998920
-0.216997548702177023,-1.000000000000000000,36.002000000000002444
-0.247868359891021184,-1.000000000000000000,36.127000000000002444
-0.280863158241751232,-1.000000000000000000,36.216000000000001080
-0.316410508791468259,-1.000000000000000000,36.335000000000000853
-0.356427180442364322,-1.000000000000000000,36.429999999999999716
-0.389068765850430154,-1.000000000000000000,36.509999999999998010
-0.422906565757652952,-1.000000000000000000,36.625999999999997669
-0.454323679631151944,-1.000000000000000000,36.725999999999999091
-0.482872704410215126,-1.000000000000000000,36.841000000000001080
-0.505826836177481920,-1.000000000000000000,36.935000000000002274
-0.521697871067858587,0.000000000000000000,37.006999999999997897
-0.535454337808151659,0.000000000000000000,37.139000000000002899
-0.544755611964969022,0.000000000000000000,37.231999999999999318
-0.554513708194304344,0.000000000000000000,37.353000000000001535
-0.558681620917740984,0.000000000000000000,37.441000000000002501
-0.560918636221279243,0.000000000000000000,37.524000000000000909
-0.561945308507957431,0.000000000000000000,37.655000000000001137
-0.561413134341009035,0.000000000000000000,37.744999999999997442
-0.557881004914367873,0.000000000000000000,37.863999999999997215
-0.549022424312351598,0.000000000000000000,37.951000000000000512
-0.542956580710334258,0.000000000000000000,38.036999999999999034
-0.544901606647939074,0.000000000000000000,38.165999999999996817
-0.550284571894140262,0.000000000000000000,38.246999999999999886
-0.553430521836799860,0.000000000000000000,38.380000000000002558
-0.556199711307286626,0.000000000000000000,38.463999999999998636
-0.557848038373056854,0.000000000000000000,38.551999999999999602
-0.558521497717067605,0.000000000000000000,38.670999999999999375
-0.551104025921121066,0.000000000000000000,38.764000000000002899
-0.540253324322476081,0.000000000000000000,38.883000000000002672
-0.535557946937998741,0.000000000000000000,38.978000000000001535
-0.537521810899207919,0.000000000000000000,39.051999999999999602
-0.542980128239846316,0.000000000000000000,39.185000000000002274
-0.546375681995322937,0.000000000000000000,39.276000000000003354
-0.562888420092362285,-1.000000000000000000,39.387999999999998124
-0.614816013415608431,-1.000000000000000000,39.481999999999999318
-0.700167919605261702,-1.000000000000000000,39.572000000000002728
-0.858400136448916662,-1.000000000000000000,39.680999999999997385
-0.947548378148576065,-1.000000000000000000,39.781999999999996476
-0.906861887848326997,1.000000000000000000,39.899000000000000909
-0.840088283713947503,1.000000000000000000,39.994999999999997442
-0.739382134608542185,1.000000000000000000,40.082000000000000739
-0.603036863274817314,1.000000000000000000,40.204000000000000625
-0.439868780490745737,1.000000000000000000,40.286000000000001364
-0.257638893076601927,1.000000000000000000,40.405999999999998806
-0.054447653908545779,1.000000000000000000,40.491999999999997328
0.132238631361223158,1.000000000000000000,40.594999999999998863
0.289008557007522926,1.000000000000000000,40.707999999999998408
0.417858155087471594,1.000000000000000000,40.807000000000002160
0.518081879526502309,1.000000000000000000,40.917000000000001592
0.589221426891557876,1.000000000000000000,41.029000000000003467
0.619149847131687414,2.000000000000000000,41.103000000000001535
0.634804527555496101,2.000000000000000000,41.216000000000001080
0.635847770896525333,2.000000000000000000,41.307000000000002160
0.615827147242040684,2.000000000000000000,41.423999999999999488
0.590367185474196976,2.000000000000000000,41.514000000000002899
0.569502318653553496,2.000000000000000000,41.616999999999997328
0.548914846016077540,2.000000000000000000,41.728000000000001535
0.527929373028843685,2.000000000000000000,41.831000000000003070
0.522731247248674036,2.000000000000000000,41.947000000000002728
0.557912066043936283,1.000000000000000000,42.020000000000003126
0.608126443505057290,1.000000000000000000,42.121999999999999886
0.674441744206379479,1.000000000000000000,42.232999999999996987
0.752733237250424514,1.000000000000000000,42.326999999999998181
0.839195798081158406,1.000000000000000000,42.451000000000000512
0.919585838423922608,1.000000000000000000,42.542000000000001592
0.970608277201216119,1.000000000000000000,42.627000000000002444
0.997388876493260801,2.000000000000000000,42.749000000000002331
1.000000000000000000,2.000000000000000000,42.832000000000000739
1.000000000000000000,2.000000000000000000,42.954999999999998295
1.000000000000000000,2.000000000000000000,43.045999999999999375
1.000000000000000000,2.000000000000000000,43.130000000000002558
1.000000000000000000,2.000000000000000000,43.250000000000000000
1.000000000000000000,2.000000000000000000,43.354999999999996874
1.000000000000000000,2.000000000000000000,43.473999999999996646
0.984185327656861730,2.000000000000000000,43.564999999999997726
0.962017411537928080,2.000000000000000000,43.639000000000002899
0.935127335772357959,2.000000000000000000,43.774999999999998579
0.910142092521255108,2.000000000000000000,43.859000000000001762
0.884004824815293633,2.000000000000000000,43.981999999999999318
0.854730856860959953,-1.000000000000000000,44.069000000000002615
0.818373649436679562,-1.000000000000000000,44.155999999999998806
0.740281219434998361,-1.000000000000000000,44.289000000000001478
0.645279123548921918,-1.000000000000000000,44.368999999999999773
0.544534014662651167,-1.000000000000000000,44.490000000000001990
0.445944674310710720,-1.000000000000000000,44.579999999999998295
0.351279060814915223,-1.000000000000000000,44.664999999999999147
0.263154893109813104,-1.000000000000000000,44.792999999999999261
0.204606957201153739,-1.000000000000000000,44.883000000000002672
0.157368251460707098,-1.000000000000000000,45.006000000000000227
0.103479741193715613,-1.000000000000000000,45.095999999999996533
0.048941078511607339,-1.000000000000000000,45.182000000000002160
-0.007080387924273013,-1.000000000000000000,45.301000000000001933
-0.067681436722774380,-1.000000000000000000,45.392000000000003013
-0.129810914005934475,-1.000000000000000000,45.509999999999998010
-0.193964988722135745,-1.000000000000000000,45.600000000000001421
-0.250568170476808572,-1.000000000000000000,45.695999999999997954
-0.319039485353037389,-1.000000000000000000,45.820999999999997954
-0.389027822531202272,-1.000000000000000000,45.899999999999998579
-0.458639755679566719,-1.000000000000000000,46.015999999999998238
-0.531456826172627572,-1.000000000000000000,46.118999999999999773
-0.605859356063952692,-1.000000000000000000,46.209000000000003183
-0.682640075052681872,-1.000000000000000000,46.326000000000000512
-0.743537684601936810,-1.000000000000000000,46.409999999999996589
-0.796359716784484029,-1.000000000000000000,46.536000000000001364
-0.847025980432693393,-1.000000000000000000,46.625000000000000000
-0.889052060669484390,-1.000000000000000000,46.713000000000000966
-0.922552019322072092,0.000000000000000000,46.838000000000000966
-0.946379535026961261,0.000000000000000000,46.926000000000001933
-0.965102783964046362,0.000000000000000000,47.031999999999996476
-0.981864169473062876,0.000000000000000000,47.137999999999998124
-0.993623943858767289,0.000000000000000000,47.223999999999996646
-1.000000000000000000,0.000000000000000000,47.341999999999998749
-1.000000000000000000,0.000000000000000000,47.435999999999999943
-1.000000000000000000,0.000000000000000000,47.537999999999996703
-1.000000000000000000,0.000000000000000000,47.643000000000000682
-0.995648703842036742,0.000000000000000000,47.728999999999999204
-0.985514614617742035,0.000000000000000000,47.853999999999999204
-0.979408030584046352,0.000000000000000000,47.945999999999997954
-0.979033114727093756,0.000000000000000000,48.066000000000002501
-0.981839303110948136,0.000000000000000000,48.148000000000003240
-0.983963826300347399,0.000000000000000000,48.246999999999999886
-0.985213545823525161,0.000000000000000000,48.365000000000001990
-0.985389642665425836,0.000000000000000000,48.457999999999998408
-0.981918830716969726,0.000000000000000000,48.566000000000002501
-0.972301670931809192,0.000000000000000000,48.665999999999996817
-0.962940135594566926,0.000000000000000000,48.753000000000000114
-0.964439799022377087,0.000000000000000000,48.869999999999997442
-0.966802905029837012,0.000000000000000000,48.954999999999998295
-0.969097844517850970,0.000000000000000000,49.073999999999998067
-0.969131927777569957,0.000000000000000000,49.164999999999999147
-0.959651101031305243,0.000000000000000000,49.265000000000000568
-0.924857773397449012,1.000000000000000000,49.369999999999997442
-0.845472180959389363,1.000000000000000000,49.479999999999996874
-0.736962443088056585,1.000000000000000000,49.593000000000003524
-0.581440528972190340,1.000000000000000000,49.679999999999999716
-0.404065564830620949,1.000000000000000000,49.761000000000002785
-0.213568545695707934,1.000000000000000000,49.887999999999998124
-0.026735476981017192,1.000000000000000000,49.969999999999998863
0.142334532874725639,1.000000000000000000,50.091999999999998749
0.294868481221546963,1.000000000000000000,50.183999999999997499
0.409643858338614608,1.000000000000000000,50.284999999999996589
0.506542565730989880,1.000000000000000000,50.392000000000003013
0.582832262077549901,1.000000000000000000,50.484999999999999432
0.638422058685697458,1.000000000000000000,50.612999999999999545
0.673669829782523877,2.000000000000000000,50.695000000000000284
0.694926422763075369,2.000000000000000000,50.787999999999996703
0.704787845909586430,2.000000000000000000,50.899999999999998579
0.704748082106577467,2.000000000000000000,51.003999999999997783
0.696744196614967892,2.000000000000000000,51.122999999999997556
0.687501952686755846,2.000000000000000000,51.212000000000003297
0.683536933472320918,2.000000000000000000,51.296999999999997044
0.681298799417181078,2.000000000000000000,51.426000000000001933
0.677816626382153453,2.000000000000000000,51.500000000000000000
0.672175846897999474,2.000000000000000000,51.618999999999999773
0.663990184021203245,2.000000000000000000,51.709000000000003183
0.646800860034255853,2.000000000000000000,51.804000000000002046
0.629123009324615179,2.000000000000000000,51.930999999999997385
0.612501739666382550,2.000000000000000000,52.027000000000001023
0.599987502804770312,2.000000000000000000,52.140999999999998238
0.589200151102453606,2.000000000000000000,52.229999999999996874
0.573908128573420218,2.000000000000000000,52.310999999999999943
0.550708789788656006,2.000000000000000000,52.441000000000002501
0.521783463370434797,2.000000000000000000,52.533999999999998920
0.502515060540390746,1.000000000000000000,52.649999999999998579
0.534712379892012146,1.000000000000000000,52.740999999999999659
0.588989971000829948,1.000000000000000000,52.829000000000000625
0.673260830665844523,1.000000000000000000,52.948999999999998067
0.785911684593516791,1.000000000000000000,53.030000000000001137
0.900136049011731387,1.000000000000000000,53.156999999999996476
1.000000000000000000,2.000000000000000000,53.255000000000002558
1.000000000000000000,2.000000000000000000,53.343000000000003524
1.000000000000000000,2.000000000000000000,53.463000000000000966
1.000000000000000000,2.000000000000000000,53.548999999999999488
0.979323801714177211,2.000000000000000000,53.668999999999996930
0.956368891523029285,2.000000000000000000,53.762000000000000455
0.927725320494604988,-1.000000000000000000,53.853999999999999204
0.873030822149513996,-1.000000000000000000,53.969999999999998863
0.795240685562113914,-1.000000000000000000,54.067999999999997840
0.706019101126635018,-1.000000000000000000,54.179999999999999716
0.610556768883944168,-1.000000000000000000,54.268000000000000682
0.515327179187405005,-1.000000000000000000,54.363999999999997215
0.418143634626675809,-1.000000000000000000,54.479999999999996874
0.332104669194358992,-1.000000000000000000,54.570000000000000284
0.257740719390974871,-1.000000000000000000,54.698999999999998067
0.194932707634766222,-1.000000000000000000,54.779000000000003467
0.144763157396207598,-1.000000000000000000,54.868000000000002103
0.072190783936432856,-1.000000000000000000,54.982999999999996987
-0.009139204399374101,-1.000000000000000000,55.084000000000003183
-0.098669308023934588,-1.000000000000000000,55.195999999999997954
-0.185715020283784837,-1.000000000000000000,55.290999999999996817
-0.264084306927879542,-1.000000000000000000,55.386000000000002785
-0.338361654853628013,-1.000000000000000000,55.500999999999997669
-0.392569017637014905,-1.000000000000000000,55.591999999999998749
-0.445298735883217334,-1.000000000000000000,55.715000000000003411
-0.489812100988613275,-1.000000000000000000,55.801000000000001933
-0.535505416676814061,-1.000000000000000000,55.892000000000003013
-0.583331303601827500,-1.000000000000000000,56.008000000000002672
-0.631189666230950963,-1.000000000000000000,56.103999999999999204
-0.679627178916772934,-1.000000000000000000,56.213000000000000966
-0.710982471238704505,-1.000000000000000000,56.314000000000000057
-0.735912986763443078,-1.000000000000000000,56.402000000000001023
-0.760751487793194681,-1.000000000000000000,56.524000000000000909
-0.783765936775215444,-1.000000000000000000,56.604999999999996874
-0.801946918461625913,-1.000000000000000000,56.720999999999996533
-0.815148292183909939,-1.000000000000000000,56.814999999999997726
-0.835759539061508794,-1.000000000000000000,56.917999999999999261
-0.865750851810654587,-1.000000000000000000,57.027000000000001023
-0.898372696593030540,-1.000000000000000000,57.122999999999997556
-0.932125778402032923,0.000000000000000000,57.238999999999997215
-0.964920826939680287,0.000000000000000000,57.338000000000000966
-0.997504783400583794,0.000000000000000000,57.414999999999999147
-1.000000000000000000,0.000000000000000000,57.530000000000001137
-1.000000000000000000,0.000000000000000000,57.621000000000002217
-1.000000000000000000,0.000000000000000000,57.741999999999997328
-1.000000000000000000,0.000000000000000000,57.840000000000003411
-1.000000000000000000,0.000000000000000000,57.944000000000002615
-1.000000000000000000,0.000000000000000000,58.039000000000001478
-0.999260696793271119,0.000000000000000000,58.139000000000002899
-0.998679815702273266,0.000000000000000000,58.262000000000000455
-0.997259297397916744,0.000000000000000000,58.348999999999996646
-0.991566662706115043,0.000000000000000000,58.432999999999999829
-0.979658600340607588,0.000000000000000000,58.549999999999997158
-0.968558490765309643,0.000000000000000000,58.640999999999998238
-0.958525090102578359,0.000000000000000000,58.765000000000000568
-0.942260419554568629,0.000000000000000000,58.862999999999999545
-0.911774723751435756,0.000000000000000000,58.945000000000000284
-0.854837815359024145,1.000000000000000000,59.072000000000002728
-0.762968830448730650,1.000000000000000000,59.158999999999998920
-0.642668356502566596,1.000000000000000000,59.289000000000001478
-0.502438380397901119,1.000000000000000000,59.374000000000002331
-0.361579996567519601,1.000000000000000000,59.463000000000000966
-0.243291483491092864,1.000000000000000000,59.582999999999998408
-0.154311061824230711,1.000000000000000000,59.671999999999997044
-0.102892523796324409,2.000000000000000000,59.792000000000001592
-0.081410484903695068,2.000000000000000000,59.877000000000002444
-0.081278466473919786,2.000000000000000000,59.972000000000001307
-0.092309926465733438,2.000000000000000000,60.082999999999998408
-0.102253554596221652,2.000000000000000000,60.170000000000001705
-0.117530727289528403,2.000000000000000000,60.304000000000002046
-0.111230807820772992,2.000000000000000000,60.390000000000000568
-0.078500798711501396,1.000000000000000000,60.485999999999997101
-0.018532747171507546,1.000000000000000000,60.603999999999999204
0.065346482368937364,1.000000000000000000,60.692000000000000171
0.171917039618729506,1.000000000000000000,60.813000000000002387
0.298216431013770711,1.000000000000000000,60.911999999999999034
0.413341782512840039,1.000000000000000000,60.979999999999996874
0.516527387223256307,1.000000000000000000,61.109999999999999432
0.604472784400704732,1.000000000000000000,61.204999999999998295
0.683821141431343760,1.000000000000000000,61.326000000000000512
0.755823993029426822,1.000000000000000000,61.411999999999999034
0.810780624975246500,1.000000000000000000,61.502000000000002444
0.843325808282834988,1.000000000000000000,61.622999999999997556
0.851569039037850972,-1.000000000000000000,61.713000000000000966
0.850914227626175412,-1.000000000000000000,61.832999999999998408
0.840801615905580446,-1.000000000000000000,61.918999999999996930
0.812253950651510959,-1.000000000000000000,62.012999999999998124
0.772769878675060529,-1.000000000000000000,62.136000000000002785
0.725512561553590452,-1.000000000000000000,62.222000000000001307
0.671031195954952864,-1.000000000000000000,62.340000000000003411
0.601325465034916462,-1.000000000000000000,62.432999999999999829
0.517066022416729387,-1.000000000000000000,62.527000000000001023
0.423132269264790528,-1.000000000000000000,62.643999999999998352
0.333945898847479050,-1.000000000000000000,62.728999999999999204
0.252136718285872696,-1.000000000000000000,62.847000000000001307
0.173633279205778424,-1.000000000000000000,62.942999999999997840
0.098150421798883114,-1.000000000000000000,63.045999999999999375
0.022403527532444789,-1.000000000000000000,63.158999999999998920
-0.048659352845657255,-1.000000000000000000,63.243000000000002103
-0.134666719474038521,-1.000000000000000000,63.363999999999997215
-0.211174039895968280,-1.000000000000000000,63.445999999999997954
-0.281212457259032100,-1.000000000000000000,63.539999999999999147
-0.352248933951178400,-1.000000000000000000,63.652000000000001023
-0.424896035486553969,-1.000000000000000000,63.755000000000002558
-0.495436122882755625,-1.000000000000000000,63.866999999999997328
-0.551760465761023999,-1.000000000000000000,63.963999999999998636
-0.615572893975999014,-1.000000000000000000,64.049999999999997158
-0.698274519122872084,-1.000000000000000000,64.177000000000006708
-0.780569527506039806,-1.000000000000000000,64.266000000000005343
-0.853723579811739297,-1.000000000000000000,64.385999999999995680
-0.918835069375686042,-1.000000000000000000,64.471000000000003638
-0.975080201196086960,0.000000000000000000,64.561999999999997613
-1.000000000000000000,0.000000000000000000,64.674999999999997158
-1.000000000000000000,0.000000000000000000,64.780000000000001137
-1.000000000000000000,0.000000000000000000,64.881000000000000227
-1.000000000000000000,0.000000000000000000,64.989999999999994884
-1.000000000000000000,0.000000000000000000,65.067999999999997840
-1.000000000000000000,0.000000000000000000,65.188999999999992951
-0.998421601078824383,0.000000000000000000,65.275999999999996248
-0.993349270565155207,0.000000000000000000,65.397000000000005571
-0.990381471946380820,0.000000000000000000,65.489000000000004320
-0.988772424502471159,0.000000000000000000,65.587999999999993861
-0.983955498344976198,0.000000000000000000,65.695999999999997954
-0.975864288341298458,0.000000000000000000,65.795000000000001705
-0.970480364513094829,0.000000000000000000,65.918000000000006366
-0.969361693433037352,0.000000000000000000,65.995999999999995111
-0.972646193453475583,0.000000000000000000,66.091999999999998749
-0.974822238568097466,0.000000000000000000,66.206000000000003070
-0.977463119610963327,0.000000000000000000,66.299000000000006594
-0.974745617261244535,0.000000000000000000,66.411000000000001364
-0.965459114870659718,1.000000000000000000,66.513000000000005230
-0.934979159004532545,1.000000000000000000,66.600999999999999091
-0.872691144620161730,1.000000000000000000,66.716999999999998749
-0.784643046871805416,1.000000000000000000,66.810000000000002274
-0.671498917085525671,1.000000000000000000,66.932000000000002160
-0.538039924808953574,1.000000000000000000,67.012000000000000455
-0.383908503943443224,1.000000000000000000,67.108999999999994657
-0.225338155367576953,1.000000000000000000,67.224000000000003752
-0.091005680192880578,1.000000000000000000,67.328000000000002956
0.011396142372607221,1.000000000000000000,67.442999999999997840
0.079568673123292744,1.000000000000000000,67.531999999999996476
0.113557884843284329,2.000000000000000000,67.620000000000004547
0.119227861550406988,2.000000000000000000,67.742999999999994998
0.105701646847291331,2.000000000000000000,67.831000000000003070
0.098882350537369934,2.000000000000000000,67.948999999999998067
0.100041886314413464,2.000000000000000000,68.042000000000001592
0.109486739405830091,2.000000000000000000,68.132000000000005002
0.124749703730949513,2.000000000000000000,68.240999999999999659
0.134271178129215629,2.000000000000000000,68.343000000000003524
0.132156430060072605,2.000000000000000000,68.469999999999998863
0.116592088594663412,2.000000000000000000,68.557000000000002160
0.100379020064566671,2.000000000000000000,68.647000000000005571
0.088237096971927498,2.000000000000000000,68.757999999999995566
0.088456499086960294,2.000000000000000000,68.852999999999994429
0.095064867331638769,2.000000000000000000,68.974999999999994316
0.108399901634924412,2.000000000000000000,69.052000000000006708
0.130885301485013539,2.000000000000000000,69.149000000000000909
0.127111835081503921,2.000000000000000000,69.278000000000005798
0.103365728562466064,2.000000000000000000,69.364999999999994884
0.082849973034551105,2.000000000000000000,69.478999999999999204
0.068063000099057858,2.000000000000000000,69.578000000000002956
0.058713142630729909,2.000000000000000000,69.662999999999996703
0.058355437665783549,2.000000000000000000,69.784000000000006025
0.061937990468539539,2.000000000000000000,69.867000000000004434
0.058377450279013532,2.000000000000000000,69.984999999999999432
0.043959188615077638,2.000000000000000000,70.087999999999993861
0.020752391120111735,2.000000000000000000,70.179000000000002046
0.001507864006074167,2.000000000000000000,70.301000000000001933
-0.013620304434440955,2.000000000000000000,70.373999999999995225
-0.024054283104218643,2.000000000000000000,70.489000000000004320
-0.027680861133426826,2.000000000000000000,70.581999999999993634
-0.025985889914921234,2.000000000000000000,70.671000000000006480
-0.024125824097206316,2.000000000000000000,70.804000000000002046
-0.034653356373197886,2.000000000000000000,70.885999999999995680
-0.058096789460360676,2.000000000000000000,71.019999999999996021
-0.080736762164718923,2.000000000000000000,71.100999999999999091
-0.101769814103479739,2.000000000000000000,71.191000000000002501
-0.117899556445841935,2.000000000000000000,71.308999999999997499
-0.129230549104634052,2.000000000000000000,71.402000000000001023
-0.131233696908328090,2.000000000000000000,71.519999999999996021
-0.109903474690993819,2.000000000000000000,71.615999999999999659
-0.064254818010719972,1.000000000000000000,71.700000000000002842
0.030151776968201371,1.000000000000000000,71.828000000000002956
0.141744719724403057,1.000000000000000000,71.914000000000001478
0.272015364804034654,1.000000000000000000,72.042000000000001592
0.414536029144698892,1.000000000000000000,72.118999999999999773
0.555598357859054426,1.000000000000000000,72.221999999999994202
0.680184245572712731,1.000000000000000000,72.328000000000002956
0.766066456079332880,1.000000000000000000,72.426000000000001933
0.842323651452281386,1.000000000000000000,72.540999999999996817
0.895665716455527949,1.000000000000000000,72.634000000000000341
0.930709796713516946,1.000000000000000000,72.712999999999993861
0.958143015948139665,1.000000000000000000,72.844999999999998863
0.975279835345650659,1.000000000000000000,72.930999999999997385
0.985587241489373378,-1.000000000000000000,73.042000000000001592
0.985493687883155722,-1.000000000000000000,73.135999999999995680
0.982356890498254254,-1.000000000000000000,73.236999999999994770
0.942860759215026434,-1.000000000000000000,73.349000000000003752
0.866515513389169767,-1.000000000000000000,73.450000000000002842
0.765108907403941885,-1.000000000000000000,73.563999999999992951
0.645833562631390024,-1.000000000000000000,73.650999999999996248
0.514044047239069268,-1.000000000000000000,73.733999999999994657
0.377230152877596536,-1.000000000000000000,73.849000000000003752
0.268427308847969170,-1.000000000000000000,73.947999999999993292
0.169216461032172250,-1.000000000000000000,74.055999999999997385
0.083048086553597633,-1.000000000000000000,74.165000000000006253
-0.002647016740591090,-1.000000000000000000,74.251000000000004775
-0.092585051234357008,-1.000000000000000000,74.375000000000000000
-0.186501865568971859,-1.000000000000000000,74.459000000000003183
-0.278619148772244474,-1.000000000000000000,74.581000000000003070
-0.359064243811703210,-1.000000000000000000,74.662999999999996703
-0.439201162265977274,-1.000000000000000000,74.754999999999995453
-0.527878974652473243,-1.000000000000000000,74.873000000000004661
-0.609611807565733521,-1.000000000000000000,74.972999999999998977
-0.683865855134988099,-1.000000000000000000,75.096000000000003638
-0.754531846748184742,-1.000000000000000000,75.180000000000006821
-0.824262302299212823,-1.000000000000000000,75.269000000000005457
-0.890955017224866253,-1.000000000000000000,75.391000000000005343
-0.937968455925242806,-1.000000000000000000,75.480000000000003979
-0.975494458324617453,-1.000000000000000000,75.600999999999999091
-1.000000000000000000,0.000000000000000000,75.685000000000002274
-1.000000000000000000,0.000000000000000000,75.781000000000005912
-1.000000000000000000,0.000000000000000000,75.894999999999996021
-1.000000000000000000,0.000000000000000000,75.989999999999994884
-1.000000000000000000,0.000000000000000000,76.117000000000004434
-1.000000000000000000,0.000000000000000000,76.197999999999993292
-1.000000000000000000,0.000000000000000000,76.283000000000001251
-0.998714422306915650,0.000000000000000000,76.415999999999996817
-0.995639748990956641,0.000000000000000000,76.500000000000000000
-0.994338101576708766,0.000000000000000000,76.623000000000004661
-0.991086661327950647,0.000000000000000000,76.709000000000003183
-0.981391262892607141,0.000000000000000000,76.802999999999997272
-0.967496310659848313,0.000000000000000000,76.927999999999997272
-0.960396410974977854,0.000000000000000000,77.015000000000000568
-0.956702052599545216,0.000000000000000000,77.128000000000000114
-0.950980973907226912,0.000000000000000000,77.222999999999998977
-0.938012806335199345,0.000000000000000000,77.308000000000006935
-0.903903936302777655,0.000000000000000000,77.430999999999997385
-0.834715201993776246,1.000000000000000000,77.519999999999996021
-0.726357638757774815,1.000000000000000000,77.640000000000000568
-0.583686217815586827,1.000000000000000000,77.731999999999999318
-0.400276193918341017,1.000000000000000000,77.820999999999997954
-0.210139337674035254,1.000000000000000000,77.947000000000002728
-0.033537062310859067,1.000000000000000000,78.033000000000001251
0.111766831915502518,1.000000000000000000,78.159999999999996589
0.219104851195130124,1.000000000000000000,78.242999999999994998
0.292058885406493829,1.000000000000000000,78.331999999999993634
0.312066761248698921,2.000000000000000000,78.459999999999993747
0.305895553385800989,2.000000000000000000,78.549999999999997158
0.288433840228289551,2.000000000000000000,78.670000000000001705
0.268614768822454053,2.000000000000000000,78.753000000000000114
0.254529957869636503,2.000000000000000000,78.846000000000003638
0.243584694972946325,2.000000000000000000,78.965000000000003411
0.235778980132379301,2.000000000000000000,79.052999999999997272
0.229062936610259671,2.000000000000000000,79.174000000000006594
0.215129169206536464,2.000000000000000000,79.271000000000000796
0.200699115855795807,2.000000000000000000,79.358000000000004093
0.183307530060365265,2.000000000000000000,79.477000000000003865
0.167890299228060202,2.000000000000000000,79.558000000000006935
0.155256585229019084,2.000000000000000000,79.680000000000006821
0.145659925449219019,2.000000000000000000,79.766000000000005343
0.136192731568640424,2.000000000000000000,79.868999999999999773
0.117706080042292660,2.000000000000000000,79.969999999999998863
0.097385328276970107,2.000000000000000000,80.066000000000002501
0.077479946271651112,2.000000000000000000,80.183999999999997499
0.061798389228436612,2.000000000000000000,80.286000000000001364
0.051403356403437961,2.000000000000000000,80.376000000000004775
0.046602329307302792,2.000000000000000000,80.484999999999999432
0.041952345760262189,2.000000000000000000,80.578000000000002956
0.029620718859405981,2.000000000000000000,80.701999999999998181
0.010686331098249013,2.000000000000000000,80.787000000000006139
-0.007298640068618800,2.000000000000000000,80.885000000000005116
-0.020795460062469129,2.000000000000000000,80.986999999999994770
-0.030678023703047730,2.000000000000000000,81.096999999999994202
-0.033601795260469802,2.000000000000000000,81.213999999999998636
-0.031201281712404105,2.000000000000000000,81.295000000000001705
-0.032506729529556355,2.000000000000000000,81.388000000000005230
-0.044892300555086861,2.000000000000000000,81.510000000000005116
-0.068190768002502344,2.000000000000000000,81.590000000000003411
-0.092309186144992839,2.000000000000000000,81.710999999999998522
-0.115267805606955376,2.000000000000000000,81.805000000000006821
-0.137762505596705997,2.000000000000000000,81.906999999999996476
-0.155920097962533477,2.000000000000000000,82.022999999999996135
-0.162959806232703452,2.000000000000000000,82.106999999999999318
-0.147709802186895334,2.000000000000000000,82.239999999999994884
-0.109382501604839533,2.000000000000000000,82.319000000000002615
-0.019516984307656027,1.000000000000000000,82.403000000000005798
0.099419021777243710,1.000000000000000000,82.522000000000005571
0.239452575022791825,1.000000000000000000,82.623999999999995225
0.389045027160864754,1.000000000000000000,82.730999999999994543
0.529688149015245191,1.000000000000000000,82.831000000000003070
0.643812339179073545,1.000000000000000000,82.926000000000001933
0.703544668432432907,1.000000000000000000,83.046000000000006480
0.737189618992646345,1.000000000000000000,83.135000000000005116
0.753033008409887961,1.000000000000000000,83.254999999999995453
0.767619499722189236,1.000000000000000000,83.341999999999998749
0.786494548946201633,1.000000000000000000,83.432000000000002160
0.818920362288738879,1.000000000000000000,83.560000000000002274
0.854636767236494066,1.000000000000000000,83.644999999999996021
0.881587251924456750,1.000000000000000000,83.763999999999995794
0.896567535346885158,1.000000000000000000,83.855000000000003979
0.848195838750223974,-1.000000000000000000,83.935000000000002274
0.762516385527869156,-1.000000000000000000,84.066999999999993065
0.652885740949524784,-1.000000000000000000,84.155000000000001137
0.526872265707179599,-1.000000000000000000,84.269999999999996021
0.390188642603989999,-1.000000000000000000,84.364000000000004320
0.247803125522584100,-1.000000000000000000,84.453000000000002956
0.142714576241927960,-1.000000000000000000,84.575000000000002842
0.051230735204474520,-1.000000000000000000,84.665000000000006253
-0.056355427048663587,-1.000000000000000000,84.787000000000006139
-0.165554518629605241,-1.000000000000000000,84.873999999999995225
-0.271220270044288614,-1.000000000000000000,84.960999999999998522
-0.371178733068289524,-1.000000000000000000,85.072999999999993292
-0.467722533000317298,-1.000000000000000000,85.180999999999997385
-0.560188157106868978,-1.000000000000000000,85.295000000000001705
-0.632818526570178896,-1.000000000000000000,85.381000000000000227
-0.703339680758671593,-1.000000000000000000,85.478999999999999204
-0.764657967277491579,-1.000000000000000000,85.599999999999994316
-0.819411253823289942,-1.000000000000000000,85.683999999999997499
-0.869212469723858794,-1.000000000000000000,85.811000000000007049
-0.913268636346473595,-1.000000000000000000,85.890000000000000568
-0.945511039665114961,-1.000000000000000000,85.983999999999994657
-0.962929597522888314,0.000000000000000000,86.102000000000003865
-0.974419696078800301,0.000000000000000000,86.195999999999997954
-0.979220723174935470,0.000000000000000000,86.310000000000002274
-0.976291557205047011,0.000000000000000000,86.400000000000005684
-0.968674646800842476,0.000000000000000000,86.493999999999999773
-0.963798097930163911,0.000000000000000000,86.611999999999994770
-0.962622116012233242,0.000000000000000000,86.700000000000002842
-0.963032091359770859,0.000000000000000000,86.819999999999993179
-0.960108319802348786,0.000000000000000000,86.914000000000001478
-0.929009531926832777,1.000000000000000000,87.001000000000004775
-0.868721578189311616,1.000000000000000000,87.129000000000004889
-0.775565469286914055,1.000000000000000000,87.216999999999998749
-0.648009192078842444,1.000000000000000000,87.340000000000003411
-0.495174698047763706,1.000000000000000000,87.424999999999997158
-0.328854172847763415,1.000000000000000000,87.516999999999995907
-0.175911790567332083,1.000000000000000000,87.629999999999995453
-0.036795287441267699,1.000000000000000000,87.725999999999999091
0.088452181230680660,1.000000000000000000,87.835999999999998522
0.185098474999594753,1.000000000000000000,87.938999999999992951
0.255382275039513384,1.000000000000000000,88.021000000000000796
0.299557118736413219,1.000000000000000000,88.147999999999996135
0.316171909136514273,2.000000000000000000,88.233000000000004093
0.308782236464124171,2.000000000000000000,88.340999999999993975
0.285138869753381652,2.000000000000000000,88.430999999999997385
0.282112454888563402,2.000000000000000000,88.542000000000001592
0.294214687979974299,2.000000000000000000,88.641999999999995907
0.267500995506001038,2.000000000000000000,88.746999999999999886
0.246123215199952616,2.000000000000000000,88.858000000000004093
0.223539450480686686,2.000000000000000000,88.941999999999993065
0.192724273280621139,2.000000000000000000,89.028999999999996362
0.160970476136299778,2.000000000000000000,89.150000000000005684
0.129717276295582051,2.000000000000000000,89.245000000000004547
0.104499687126685892,2.000000000000000000,89.367000000000004434
0.082956937254681007,2.000000000000000000,89.451999999999998181
0.065077649468116006,2.000000000000000000,89.557000000000002160
0.046549860629159223,2.000000000000000000,89.668999999999996930
0.018925991239549189,2.000000000000000000,89.762000000000000455
-0.011599067068660762,2.000000000000000000,89.888000000000005230
-0.045417828090335788,2.000000000000000000,89.971000000000003638
-0.077154559417488833,2.000000000000000000,90.052999999999997272
-0.104983218613117324,2.000000000000000000,90.177999999999997272
-0.122589453324990827,2.000000000000000000,90.262000000000000455
-0.122435860970476873,1.000000000000000000,90.391000000000005343
-0.092149724102621899,1.000000000000000000,90.478999999999999204
-0.027766084532679036,1.000000000000000000,90.569000000000002615
0.067114170316854738,1.000000000000000000,90.694999999999993179
0.187968598896411265,1.000000000000000000,90.777000000000001023
0.335144206155072233,1.000000000000000000,90.900999999999996248
0.483457534558282109,1.000000000000000000,90.986999999999994770
0.617117014619719129,1.000000000000000000,91.072000000000002728
0.727504408669436220,1.000000000000000000,91.200999999999993406
0.809522725979863633,1.000000000000000000,91.290000000000006253
0.867006086808127296,1.000000000000000000,91.415999999999996817
0.907685306331419417,1.000000000000000000,91.506000000000000227
0.957619400011383570,1.000000000000000000,91.587999999999993861
1.000000000000000000,1.000000000000000000,91.709000000000003183
1.000000000000000000,1.000000000000000000,91.789000000000001478
1.000000000000000000,-1.000000000000000000,91.923000000000001819
1.000000000000000000,-1.000000000000000000,92.010999999999995680
0.969182400417716305,-1.000000000000000000,92.102999999999994429
0.897520927416445735,-1.000000000000000000,92.225999999999999091
0.807301127053162926,-1.000000000000000000,92.311999999999997613
0.700900420492480469,-1.000000000000000000,92.438000000000002387
0.589828192437801047,-1.000000000000000000,92.516999999999995907
0.480466818866057688,-1.000000000000000000,92.615999999999999659
0.380326284390670954,-1.000000000000000000,92.731999999999999318
0.291817338510335755,-1.000000000000000000,92.819999999999993179
0.199870019497075502,-1.000000000000000000,92.942999999999997840
0.107472767973691541,-1.000000000000000000,93.028999999999996362
-0.002116349214284496,-1.000000000000000000,93.120000000000004547
-0.104173262899452723,-1.000000000000000000,93.248999999999995225
-0.203513917356842211,-1.000000000000000000,93.334999999999993747
-0.304332127958581444,-1.000000000000000000,93.456000000000003070
-0.404172707427219224,-1.000000000000000000,93.549000000000006594
-0.500247185144449213,-1.000000000000000000,93.628000000000000114
-0.576102473517859925,-1.000000000000000000,93.750000000000000000
-0.650569081304470997,-1.000000000000000000,93.840999999999993975
-0.734606475695312344,-1.000000000000000000,93.968000000000003524
-0.811022791025791889,-1.000000000000000000,94.052000000000006708
-0.875129841634867178,-1.000000000000000000,94.143000000000000682
-0.927949696434426263,-1.000000000000000000,94.263999999999995794
-0.970559971559824208,-1.000000000000000000,94.352999999999994429
-1.000000000000000000,0.000000000000000000,94.472999999999998977
-1.000000000000000000,0.000000000000000000,94.561999999999997613
-1.000000000000000000,0.000000000000000000,94.646000000000000796
-1.000000000000000000,0.000000000000000000,94.775000000000005684
-1.000000000000000000,0.000000000000000000,94.864999999999994884
-1.000000000000000000,0.000000000000000000,94.983999999999994657
-0.998299356808019733,0.000000000000000000,95.082999999999998408
-0.993911479341543336,0.000000000000000000,95.161000000000001364
-0.987076201896868732,0.000000000000000000,95.281999999999996476
-0.975504197100185322,0.000000000000000000,95.381000000000000227
-0.949580289981464820,0.000000000000000000,95.496999999999999886
-0.921699553036081642,0.000000000000000000,95.587999999999993861
-0.895704785784367186,0.000000000000000000,95.673000000000001819
-0.870135179330643105,0.000000000000000000,95.801000000000001933
-0.840793633489589132,0.000000000000000000,95.885999999999995680
-0.810307423961624140,0.000000000000000000,96.007000000000005002
-0.788433445982775649,0.000000000000000000,96.088999999999998636
-0.769551945928266590,0.000000000000000000,96.188000000000002387
-0.752594571023655234,0.000000000000000000,96.292000000000001592
-0.741153384934043258,0.000000000000000000,96.396000000000000796
-0.741932846397033607,0.000000000000000000,96.507999999999995566
-0.746364330099203110,0.000000000000000000,96.602000000000003865
-0.737027144881716945,0.000000000000000000,96.688999999999992951
-0.705194592826775768,1.000000000000000000,96.802999999999997272
-0.646996620516735454,1.000000000000000000,96.902000000000001023
-0.531718085686253450,1.000000000000000000,97.016000000000005343
-0.386285838874958265,1.000000000000000000,97.096000000000003638
-0.222506268396378659,1.000000000000000000,97.203000000000002956
-0.061773683636759391,1.000000000000000000,97.308999999999997499
0.086313092772267064,1.000000000000000000,97.417000000000001592
0.223983429630437714,1.000000000000000000,97.539000000000001478
0.321917584214539199,1.000000000000000000,97.620000000000004547
0.416335986046004969,1.000000000000000000,97.706000000000003070
0.498184890439331785,1.000000000000000000,97.825999999999993406
0.564188378938189627,1.000000000000000000,97.909999999999996589
0.610280170064318117,1.000000000000000000,98.034000000000006025
0.632017878556635049,2.000000000000000000,98.126000000000004775
0.638199062465934164,2.000000000000000000,98.221000000000003638
0.622718848795378088,2.000000000000000000,98.343000000000003524
0.603232312220646438,2.000000000000000000,98.420000000000001705
0.579107162324212554,2.000000000000000000,98.549999999999997158
0.553919110432789630,2.000000000000000000,98.641000000000005343
0.526768777935243682,2.000000000000000000,98.728999999999999204
0.494085904284314203,2.000000000000000000,98.846000000000003638
0.461593807914533416,2.000000000000000000,98.942999999999997840
0.427155783277006540,2.000000000000000000,99.061999999999997613
0.403046985718956918,2.000000000000000000,99.150999999999996248
0.387812057124166554,2.000000000000000000,99.239999999999994884
0.378393110214758632,2.000000000000000000,99.367000000000004434
0.367791344162214262,2.000000000000000000,99.444000000000002615
0.351340891747519146,2.000000000000000000,99.575000000000002842
0.335457320396817193,2.000000000000000000,99.659999999999996589
0.317687779352450406,2.000000000000000000,99.751000000000004775
0.304082633816634917,2.000000000000000000,99.870999999999995111
0.295176060176606914,2.000000000000000000,99.965000000000003411
0.290886296740433092,2.000000000000000000,100.090999999999993975
0.287081652676334453,2.000000000000000000,100.174000000000006594
0.272893273738145092,2.000000000000000000,100.260000000000005116
0.245524910062138169,2.000000000000000000,100.388999999999995794
0.203782840946253208,2.000000000000000000,100.469999999999998863
0.164515425705875185,2.000000000000000000,100.591999999999998749
0.141349612994656315,1.000000000000000000,100.679000000000002046
0.170195137904722182,1.000000000000000000,100.774000000000000909
0.235686253134199886,1.000000000000000000,100.897999999999996135
0.334285402812605215,1.000000000000000000,100.978999999999999204
0.453194156764413769,1.000000000000000000,101.093999999999994088
0.572201024746540332,1.000000000000000000,101.200000000000002842
0.678894581925214347,1.000000000000000000,101.280000000000001137
0.737877466477709021,1.000000000000000000,101.400000000000005684
0.779624986373050222,1.000000000000000000,101.484999999999999432
0.804082633816635806,1.000000000000000000,101.612999999999999545
0.822359097350922497,1.000000000000000000,101.697000000000002728
0.839779788509757097,1.000000000000000000,101.790000000000006253
0.857244085904284470,1.000000000000000000,101.914000000000001478
0.871792216286926491,1.000000000000000000,102.004999999999995453
0.862896544205818961,-1.000000000000000000,102.126000000000004775
0.832056034012861323,-1.000000000000000000,102.209000000000003183
0.794816308732147592,-1.000000000000000000,102.298000000000001819
0.755875940259457257,-1.000000000000000000,102.427999999999997272
0.713659653330425137,-1.000000000000000000,102.513999999999995794
0.672124713834077125,-1.000000000000000000,102.634000000000000341
0.637256077619099859,-1.000000000000000000,102.716999999999998749
0.609696936661944244,-1.000000000000000000,102.814999999999997726
0.567954867546059283,-1.000000000000000000,102.927999999999997272
0.474375885751661563,-1.000000000000000000,103.022999999999996135
0.359151858715796690,-1.000000000000000000,103.138000000000005230
0.230279079908427331,-1.000000000000000000,103.236999999999994770
0.096811294015044735,-1.000000000000000000,103.325999999999993406
-0.038493404556849686,-1.000000000000000000,103.444999999999993179
-0.170434972201023993,-1.000000000000000000,103.528999999999996362
-0.261582906355608102,-1.000000000000000000,103.661000000000001364
-0.336956284748716972,-1.000000000000000000,103.736000000000004206
-0.420958247029323052,-1.000000000000000000,103.837000000000003297
-0.509140957156872465,-1.000000000000000000,103.944999999999993179
-0.598877139430938898,-1.000000000000000000,104.043000000000006366
-0.683336967186307875,-1.000000000000000000,104.156999999999996476
-0.765649187833857825,-1.000000000000000000,104.259000000000000341
-0.847857843671645073,-1.000000000000000000,104.337000000000003297
-0.913392565136812107,-1.000000000000000000,104.471999999999994202
-0.971797667066389259,-1.000000000000000000,104.549999999999997158
-1.000000000000000000,-1.000000000000000000,104.659000000000006025
-1.000000000000000000,0.000000000000000000,104.757000000000005002
-1.000000000000000000,0.000000000000000000,104.861000000000004206
-1.000000000000000000,0.000000000000000000,104.962000000000003297
-1.000000000000000000,0.000000000000000000,105.070999999999997954
-1.000000000000000000,0.000000000000000000,105.180000000000006821
-0.995076622603797589,0.000000000000000000,105.266000000000005343
-0.982274824146930570,0.000000000000000000,105.358000000000004093
-0.968913550985948224,0.000000000000000000,105.471999999999994202
-0.959727993571128146,0.000000000000000000,105.566999999999993065
-0.947846785309215067,0.000000000000000000,105.689999999999997726
-0.936748841633056939,0.000000000000000000,105.781999999999996476
-0.923153606323086073,0.000000000000000000,105.862999999999999545
-0.909655007552908401,0.000000000000000000,105.998999999999995225
-0.893872734763216159,0.000000000000000000,106.093000000000003524
-0.880516547735909927,0.000000000000000000,106.203000000000002956
-0.872210891446648873,0.000000000000000000,106.283000000000001251
-0.862796458016513057,0.000000000000000000,106.376999999999995339
-0.857272916846800515,0.000000000000000000,106.495999999999995111
-0.852563157064896271,0.000000000000000000,106.591999999999998749
-0.849887850752493401,0.000000000000000000,106.703000000000002956
-0.844908525885878392,0.000000000000000000,106.793000000000006366
-0.844074399963379740,0.000000000000000000,106.879999999999995453
-0.843433547120485350,0.000000000000000000,106.998999999999995225
-0.839822392212114410,0.000000000000000000,107.084000000000003183
-0.832645857598429240,0.000000000000000000,107.222999999999998977
-0.815852331058250613,0.000000000000000000,107.311000000000007049
-0.782964269418883752,1.000000000000000000,107.400999999999996248
-0.723682395423377534,1.000000000000000000,107.519000000000005457
-0.595564030781299047,1.000000000000000000,107.608999999999994657
-0.427684234727689683,1.000000000000000000,107.740999999999999659
-0.230683923668870916,1.000000000000000000,107.820999999999997954
-0.020143087055895292,1.000000000000000000,107.915000000000006253
0.183803302633182675,1.000000000000000000,108.036000000000001364
0.364125451373391140,1.000000000000000000,108.115999999999999659
0.464762445733763574,1.000000000000000000,108.242000000000004434
0.525210640916406790,2.000000000000000000,108.334000000000003183
0.557430924656147742,2.000000000000000000,108.426000000000001933
0.565166822196075724,2.000000000000000000,108.543000000000006366
0.562137379802818637,2.000000000000000000,108.638999999999995794
0.550436158558853972,2.000000000000000000,108.757000000000005002
0.531507553319539028,2.000000000000000000,108.840000000000003411
0.509219512854845346,2.000000000000000000,108.933000000000006935
0.482636155853993332,2.000000000000000000,109.052000000000006708
0.463707550614678166,2.000000000000000000,109.140000000000000568
0.449003935570254642,2.000000000000000000,109.260999999999995680
0.437053867272555241,2.000000000000000000,109.352999999999994429
0.424476271621972767,2.000000000000000000,109.444999999999993179
0.403470334455847457,2.000000000000000000,109.564999999999997726
0.383427327193304190,2.000000000000000000,109.656000000000005912
0.362410570590066428,2.000000000000000000,109.777000000000001023
0.348047767814880782,1.000000000000000000,109.859999999999999432
0.371174314656281368,1.000000000000000000,109.956999999999993634
0.429972545678312557,1.000000000000000000,110.075000000000002842
0.510220310788330300,1.000000000000000000,110.159999999999996589
0.594525364817895863,1.000000000000000000,110.284999999999996589
0.683385401874470721,1.000000000000000000,110.367000000000004434
0.784649923587730003,1.000000000000000000,110.460999999999998522
0.868002867150837520,1.000000000000000000,110.584000000000003183
0.943197955126388266,1.000000000000000000,110.668999999999996930
1.000000000000000000,1.000000000000000000,110.781000000000005912
1.000000000000000000,1.000000000000000000,110.881000000000000227
1.000000000000000000,-1.000000000000000000,110.971000000000003638
1.000000000000000000,-1.000000000000000000,111.096000000000003638
0.976384928716904188,-1.000000000000000000,111.192999999999997840
0.919714867617107856,-1.000000000000000000,111.304000000000002046
0.853406313645621140,-1.000000000000000000,111.381000000000000227
0.785071283095725159,-1.000000000000000000,111.487999999999999545
0.717535641547861314,-1.000000000000000000,111.597999999999998977
0.658141547861508025,-1.000000000000000000,111.691999999999993065
0.617240325865580308,-1.000000000000000000,111.813000000000002387
0.580779022403258516,-1.000000000000000000,111.914000000000001478
0.539526476578410019,-1.000000000000000000,111.989999999999994884
0.496221995926682258,-1.000000000000000000,112.105999999999994543
0.434862525458246996,-1.000000000000000000,112.200999999999993406
0.364546843177188995,-1.000000000000000000,112.308000000000006935
0.292337067209773149,-1.000000000000000000,112.400000000000005684
0.225213849287167367,-1.000000000000000000,112.509000000000000341
0.161491853360485882,-1.000000000000000000,112.617999999999994998
0.091267820773929031,-1.000000000000000000,112.715999999999993975
0.028839103869652050,-1.000000000000000000,112.834999999999993747
-0.034149694501017791,-1.000000000000000000,112.921000000000006480
-0.102469450101833615,-1.000000000000000000,113.001999999999995339
-0.171181262729127259,-1.000000000000000000,113.123999999999995225
-0.240804480651730657,-1.000000000000000000,113.215000000000003411
-0.308721995926682258,-1.000000000000000000,113.332999999999998408
-0.373492871690428552,-1.000000000000000000,113.424000000000006594
-0.440040733197558098,-1.000000000000000000,113.531999999999996476
-0.505743380855398050,-1.000000000000000000,113.644999999999996021
-0.583676171079430706,-1.000000000000000000,113.721000000000003638
-0.656960285132385025,-1.000000000000000000,113.855000000000003979
-0.725987780040735386,-1.000000000000000000,113.936999999999997613
-0.789862525458248310,-1.000000000000000000,114.027000000000001023
-0.844541751527495999,-1.000000000000000000,114.143000000000000682
-0.886476578411408811,-1.000000000000000000,114.246999999999999886
-0.909266802443995381,-1.000000000000000000,114.367000000000004434
-0.930814663951121335,-1.000000000000000000,114.454999999999998295
-0.953752545824849585,-1.000000000000000000,114.530000000000001137
-0.969867617107945335,0.000000000000000000,114.667000000000001592
-0.980595723014257792,0.000000000000000000,114.748999999999995225
-0.986558044806517320,0.000000000000000000,114.873000000000004661
-0.989073319755601976,0.000000000000000000,114.953000000000002956
-0.985941955193483821,0.000000000000000000,115.043999999999996930
-0.976619144602850153,0.000000000000000000,115.170000000000001705
-0.976339103869657277,0.000000000000000000,115.257999999999995566
-0.977260692464360758,0.000000000000000000,115.384000000000000341
-0.977209775967413430,0.000000000000000000,115.474000000000003752
-0.975224032586557987,0.000000000000000000,115.555000000000006821
-0.972138492871690407,0.000000000000000000,115.683000000000006935
-0.967230142566192663,0.000000000000000000,115.771000000000000796
-0.953772912423626384,0.000000000000000000,115.894999999999996021
-0.941863543788187374,0.000000000000000000,115.980000000000003979
-0.938874745417514034,0.000000000000000000,116.072000000000002728
-0.936400203665990083,0.000000000000000000,116.194000000000002615
-0.934770875763748621,0.000000000000000000,116.281999999999996476
-0.931822810590632544,0.000000000000000000,116.411000000000001364
-0.928110997963341289,0.000000000000000000,116.484999999999999432
-0.920610997963341227,0.000000000000000000,116.584000000000003183
-0.902942973523425119,0.000000000000000000,116.700000000000002842
-0.879012219959269148,0.000000000000000000,116.799999999999997158
-0.845982688391042181,0.000000000000000000,116.909000000000006025
-0.806843177189414007,0.000000000000000000,117.007999999999995566
-0.767199592668026620,0.000000000000000000,117.097999999999998977
-0.730554989816702749,0.000000000000000000,117.215999999999993975
-0.700493890020368770,0.000000000000000000,117.301000000000001933
-0.681649694501019310,0.000000000000000000,117.426000000000001933
-0.680885947046844242,0.000000000000000000,117.509000000000000341
-0.696731160896130186,0.000000000000000000,117.597999999999998977
-0.714434826883910246,0.000000000000000000,117.718999999999994088
-0.730519348268839019,0.000000000000000000,117.808999999999997499
-0.743910386965377812,0.000000000000000000,117.942999999999997840
-0.755478615071286441,0.000000000000000000,118.028000000000005798
-0.760580448065176551,0.000000000000000000,118.105000000000003979
-0.762275967413441835,0.000000000000000000,118.233000000000004093
-0.769251527494909437,0.000000000000000000,118.319999999999993179
-0.774821792260691145,0.000000000000000000,118.436000000000007049
-0.778238289205702483,0.000000000000000000,118.543000000000006366
-0.777632382892059271,0.000000000000000000,118.626000000000004775
-0.775397148676170933,0.000000000000000000,118.748000000000004661
-0.768890020366598703,0.000000000000000000,118.828999999999993520
-0.761690427698575423,0.000000000000000000,118.954999999999998295
-0.762657841140529369,0.000000000000000000,119.040999999999996817
-0.763024439918533526,0.000000000000000000,119.138000000000005230
-0.763615071283096802,0.000000000000000000,119.248999999999995225
-0.761853360488800591,0.000000000000000000,119.347999999999998977
-0.759964358452139499,0.000000000000000000,119.451999999999998181
-0.754572301425662895,0.000000000000000000,119.551000000000001933
-0.746507128309573331,0.000000000000000000,119.652000000000001023
-0.748355397148677159,0.000000000000000000,119.771000000000000796
-0.757158859470471901,0.000000000000000000,119.850999999999999091
-0.767668024439918328,0.000000000000000000,119.962000000000003297
-0.775656822810590452,0.000000000000000000,120.061000000000007049
-0.781568228105906204,0.000000000000000000,120.156000000000005912
-0.784093686354381036,0.000000000000000000,120.268000000000000682
-0.779526476578413674,0.000000000000000000,120.367000000000004434
-0.778052838971801997,0.000000000000000000,120.474000000000003752
-0.788713285925651708,0.000000000000000000,120.581999999999993634
-0.794437020995561349,0.000000000000000000,120.658000000000001251
-0.796049701270177712,0.000000000000000000,120.772000000000005571
-0.776441556978808678,1.000000000000000000,120.867000000000004434
-0.720704254916113785,1.000000000000000000,120.989999999999994884
-0.627424779984333991,1.000000000000000000,121.075999999999993406
-0.494580882315298065,1.000000000000000000,121.177000000000006708
-0.338821565886950893,1.000000000000000000,121.289000000000001478
-0.158969318117821778,1.000000000000000000,121.371999999999999886
0.012143738448855190,1.000000000000000000,121.503000000000000114
0.160592237632278145,1.000000000000000000,121.587999999999993861
0.288111730585122627,1.000000000000000000,121.677000000000006708
0.398035089874928971,1.000000000000000000,121.799000000000006594
0.487567003025695334,1.000000000000000000,121.885000000000005116
0.549570719869756807,1.000000000000000000,122.004999999999995453
0.586303992791572748,1.000000000000000000,122.102999999999994429
0.601739646848615584,2.000000000000000000,122.189999999999997726
0.599958019116662022,2.000000000000000000,122.299000000000006594
0.581624660185227960,2.000000000000000000,122.393000000000000682
0.556400292842257116,2.000000000000000000,122.519999999999996021
0.522636399473701774,2.000000000000000000,122.602000000000003865
0.494826624071430077,2.000000000000000000,122.701999999999998181
0.468097088472150702,2.000000000000000000,122.825000000000002842
0.433954343229557393,2.000000000000000000,122.912000000000006139
0.407045620933100816,2.000000000000000000,123.028999999999996362
0.385348671714613067,2.000000000000000000,123.111000000000004206
0.371233879596776450,2.000000000000000000,123.203999999999993520
0.359827366416317185,2.000000000000000000,123.337000000000003297
0.344156209842982452,2.000000000000000000,123.417000000000001592
0.324722132628872506,2.000000000000000000,123.548000000000001819
0.259487935615659859,-1.000000000000000000,123.632000000000005002
0.168502050407777659,-1.000000000000000000,123.724999999999994316
0.054779933137764969,-1.000000000000000000,123.843999999999994088
-0.067814485452598827,-1.000000000000000000,123.933000000000006935
-0.190219478105945417,-1.000000000000000000,124.055999999999997385
-0.310668775950072251,-1.000000000000000000,124.141999999999995907
-0.400886718170041845,-1.000000000000000000,124.230999999999994543
-0.480164032622218073,-1.000000000000000000,124.358000000000004093
-0.559676849590686309,-1.000000000000000000,124.438000000000002387
-0.636435311042509388,-1.000000000000000000,124.567999999999997840
-0.712610135823518842,-1.000000000000000000,124.644000000000005457
-0.786332662663126292,-1.000000000000000000,124.745000000000004547
-0.853148822231438730,-1.000000000000000000,124.865999999999999659
-0.908425358501386060,-1.000000000000000000,124.953000000000002956
-0.944334372616178142,-1.000000000000000000,125.069999999999993179
-0.970618501282464741,0.000000000000000000,125.161000000000001364
