0.000000000000000000,999.000000000000000000,0.000000000000000000
1.000000000000000000,999.000000000000000000,0.101999999999999993
1.000000000000000000,999.000000000000000000,0.182999999999999996
1.000000000000000000,999.000000000000000000,0.301999999999999991
1.000000000000000000,999.000000000000000000,0.390000000000000013
1.000000000000000000,999.000000000000000000,0.513000000000000012
1.000000000000000000,999.000000000000000000,0.610999999999999988
1.000000000000000000,999.000000000000000000,0.706999999999999962
1.000000000000000000,999.000000000000000000,0.815999999999999948
0.845403384386194112,-1.000000000000000000,0.900000000000000022
0.663516459013640425,-1.000000000000000000,1.020000000000000018
0.505791717899956916,-1.000000000000000000,1.112999999999999989
0.225604741307577017,-1.000000000000000000,1.213999999999999968
-0.112478409309403782,-1.000000000000000000,1.330000000000000071
-0.190025545281070074,-1.000000000000000000,1.419999999999999929
-0.154275077920377868,1.000000000000000000,1.548000000000000043
-0.179077106031497513,1.000000000000000000,1.618999999999999995
-0.070423217929846627,1.000000000000000000,1.715000000000000080
0.151932215330078613,1.000000000000000000,1.836000000000000076
0.376624048111086296,1.000000000000000000,1.919999999999999929
0.665471537451062245,1.000000000000000000,2.045999999999999819
1.000000000000000000,1.000000000000000000,2.138999999999999790
1.000000000000000000,2.000000000000000000,2.226999999999999869
1.000000000000000000,2.000000000000000000,2.346000000000000085
1.000000000000000000,2.000000000000000000,2.438000000000000167
1.000000000000000000,2.000000000000000000,2.551000000000000156
1.000000000000000000,2.000000000000000000,2.649000000000000021
1.000000000000000000,2.000000000000000000,2.737000000000000099
1.000000000000000000,2.000000000000000000,2.869000000000000217
1.000000000000000000,2.000000000000000000,2.939999999999999947
0.926130280664455130,-1.000000000000000000,3.067000000000000171
0.784107030041197195,-1.000000000000000000,3.153000000000000025
0.612678134351225534,-1.000000000000000000,3.246999999999999886
0.421671956631119338,-1.000000000000000000,3.371999999999999886
0.170995736503024576,-1.000000000000000000,3.468999999999999861
0.035184253434063395,0.000000000000000000,3.589999999999999858
0.029874743225503764,0.000000000000000000,3.657999999999999918
0.003843578462342512,0.000000000000000000,3.748000000000000220
-0.071694465776640404,0.000000000000000000,3.866999999999999993
-0.069929673106677637,0.000000000000000000,3.971999999999999975
-0.062304936501511254,0.000000000000000000,4.091000000000000192
-0.041360082016515753,0.000000000000000000,4.187000000000000277
0.047878276593894098,1.000000000000000000,4.264999999999999680
0.198717924467631146,1.000000000000000000,4.378999999999999559
0.380809345645900077,1.000000000000000000,4.469999999999999751
0.554097610247525685,1.000000000000000000,4.594999999999999751
0.656047015741270334,1.000000000000000000,4.693999999999999950
0.692299980706446938,2.000000000000000000,4.775999999999999801
0.657738038942713210,2.000000000000000000,4.910000000000000142
0.692956339823784795,2.000000000000000000,4.995000000000000107
0.715113661727264649,2.000000000000000000,5.097000000000000419
0.702673102895168489,2.000000000000000000,5.192000000000000171
0.688369392101749300,2.000000000000000000,5.282000000000000028
0.701770845549431588,-1.000000000000000000,5.403999999999999915
0.583588373931760662,-1.000000000000000000,5.506000000000000227
0.401451556157481626,-1.000000000000000000,5.620000000000000107
0.205901935786515500,-1.000000000000000000,5.700000000000000178
-0.005216825491702215,-1.000000000000000000,5.788000000000000256
-0.216543654501639038,-1.000000000000000000,5.913000000000000256
-0.432427166836272692,-1.000000000000000000,5.998999999999999666
-0.621138924932944980,0.000000000000000000,6.134999999999999787
-0.714351377219231476,0.000000000000000000,6.214000000000000412
-0.746520540068170702,0.000000000000000000,6.307999999999999829
-0.773503141822749152,0.000000000000000000,6.418000000000000149
-0.745393191267207600,0.000000000000000000,6.509000000000000341
-0.706927142246450479,0.000000000000000000,6.629999999999999893
-0.747649780393967234,0.000000000000000000,6.732999999999999652
-0.796965615861570220,0.000000000000000000,6.815999999999999837
-0.789666221527821510,0.000000000000000000,6.947000000000000064
-0.744377442431440994,1.000000000000000000,7.022000000000000242
-0.642515047080052248,1.000000000000000000,7.147000000000000242
-0.489517169370917271,1.000000000000000000,7.238000000000000433
-0.256002754060157711,1.000000000000000000,7.331000000000000405
-0.021873593178404760,1.000000000000000000,7.447000000000000064
0.189672652712258083,1.000000000000000000,7.540000000000000036
0.368996773058633432,1.000000000000000000,7.660000000000000142
0.467840294775229593,-1.000000000000000000,7.740000000000000213
0.434836969474571955,-1.000000000000000000,7.828000000000000291
0.382360396009639114,-1.000000000000000000,7.948999999999999844
0.307389809220805166,-1.000000000000000000,8.048999999999999488
0.210242985280154393,-1.000000000000000000,8.170999999999999375
0.159298546930622287,-1.000000000000000000,8.268000000000000682
0.167373466446241181,-1.000000000000000000,8.346000000000000085
0.156202120777644282,-1.000000000000000000,8.467000000000000526
0.134424995365765021,-1.000000000000000000,8.557000000000000384
0.089240250135243837,-1.000000000000000000,8.664999999999999147
0.008544017674408710,-1.000000000000000000,8.762000000000000455
-0.106848454813362470,-1.000000000000000000,8.868000000000000327
-0.179214411906014059,-1.000000000000000000,8.990999999999999659
-0.228696701558993798,-1.000000000000000000,9.063000000000000611
-0.226407956510061181,-1.000000000000000000,9.180999999999999162
-0.208911351797137823,-1.000000000000000000,9.269000000000000128
-0.202491516511119962,-1.000000000000000000,9.368000000000000327
-0.270217563186387899,-1.000000000000000000,9.487999999999999545
-0.459568656676893283,-1.000000000000000000,9.589000000000000412
-0.703429712828699261,-1.000000000000000000,9.701999999999999957
-0.941370296250619853,0.000000000000000000,9.782999999999999474
-1.000000000000000000,0.000000000000000000,9.868999999999999773
-1.000000000000000000,0.000000000000000000,10.000999999999999446
-1.000000000000000000,0.000000000000000000,10.089000000000000412
-0.946522604270683687,0.000000000000000000,10.198999999999999844
-0.840074815378752393,0.000000000000000000,10.298999999999999488
-0.862556804193820748,0.000000000000000000,10.384999999999999787
-0.889109438616533021,0.000000000000000000,10.500000000000000000
-0.886580925815936394,0.000000000000000000,10.593999999999999417
-0.999076995327288553,0.000000000000000000,10.711999999999999744
-1.000000000000000000,0.000000000000000000,10.808999999999999275
-1.000000000000000000,0.000000000000000000,10.907000000000000028
-0.998171232714231249,0.000000000000000000,11.016000000000000014
-1.000000000000000000,0.000000000000000000,11.101000000000000867
-0.972264591914061782,0.000000000000000000,11.237000000000000099
-0.872949110652086580,1.000000000000000000,11.307999999999999829
-0.816590262682853174,1.000000000000000000,11.410999999999999588
-0.795736061987667109,1.000000000000000000,11.532000000000000028
-0.726126006309043115,1.000000000000000000,11.612999999999999545
-0.679215484171283079,1.000000000000000000,11.740999999999999659
-0.618408164905149493,1.000000000000000000,11.826000000000000512
-0.482723556117098163,1.000000000000000000,11.913999999999999702
-0.315974459041784561,1.000000000000000000,12.032000000000000028
-0.134250735293098833,1.000000000000000000,12.132999999999999119
0.045918586463957300,1.000000000000000000,12.240999999999999659
0.212663527384213236,1.000000000000000000,12.349000000000000199
0.293493816333966651,1.000000000000000000,12.423000000000000043
0.319490566220711480,1.000000000000000000,12.545999999999999375
0.319133136885737967,-1.000000000000000000,12.634000000000000341
0.277905464097054633,-1.000000000000000000,12.749000000000000554
0.163641678477074226,-1.000000000000000000,12.849000000000000199
-0.007522640654677337,-1.000000000000000000,12.935999999999999943
-0.190375453194074451,-1.000000000000000000,13.058999999999999275
-0.379066278204706952,-1.000000000000000000,13.137999999999999901
-0.535249043737990204,-1.000000000000000000,13.256999999999999673
-0.614551253011480614,-1.000000000000000000,13.353999999999999204
-0.722720729931658923,-1.000000000000000000,13.454000000000000625
-0.833364504496267422,-1.000000000000000000,13.566000000000000725
-0.870768514631743651,-1.000000000000000000,13.667999999999999261
-0.899808955405841160,-1.000000000000000000,13.787000000000000810
-1.000000000000000000,0.000000000000000000,13.868999999999999773
-1.000000000000000000,0.000000000000000000,13.957000000000000739
-0.986004763798847494,0.000000000000000000,14.073000000000000398
-1.000000000000000000,0.000000000000000000,14.166999999999999815
-1.000000000000000000,0.000000000000000000,14.294000000000000483
-0.940398342167067747,1.000000000000000000,14.385999999999999233
-0.801148459153792736,1.000000000000000000,14.465999999999999304
-0.658489699800380635,1.000000000000000000,14.586000000000000298
-0.495809633391074089,1.000000000000000000,14.667999999999999261
-0.273935862856825141,1.000000000000000000,14.794999999999999929
-0.084928257614556690,1.000000000000000000,14.893000000000000682
0.114329973925064055,1.000000000000000000,14.990999999999999659
0.297556761453805940,1.000000000000000000,15.105999999999999872
0.463208701160015890,1.000000000000000000,15.178000000000000824
0.609602194614127013,1.000000000000000000,15.307000000000000384
0.727808991779669956,1.000000000000000000,15.394999999999999574
0.788743129990091330,-1.000000000000000000,15.489000000000000767
0.819724877534949714,-1.000000000000000000,15.609999999999999432
0.790883939696107152,-1.000000000000000000,15.692999999999999616
0.606791987182928150,-1.000000000000000000,15.816000000000000725
0.386373209440023624,-1.000000000000000000,15.906000000000000583
0.106847875577908535,-1.000000000000000000,15.994999999999999218
-0.218235657048599929,-1.000000000000000000,16.117000000000000881
-0.495896781396805486,-1.000000000000000000,16.214999999999999858
-0.636429887219113199,-1.000000000000000000,16.323000000000000398
-0.749973634570729741,-1.000000000000000000,16.432999999999999829
-0.808255442171930349,-1.000000000000000000,16.501000000000001222
-0.865630405307692197,0.000000000000000000,16.625000000000000000
-0.928711668297007797,0.000000000000000000,16.708999999999999631
-0.932748262881327617,0.000000000000000000,16.827000000000001734
-0.923787174465886429,0.000000000000000000,16.937000000000001165
-0.906303263692814665,0.000000000000000000,17.013000000000001677
-0.819114841494828494,1.000000000000000000,17.141999999999999460
-0.715600692889796219,1.000000000000000000,17.219000000000001194
-0.599510708153327410,1.000000000000000000,17.338000000000000966
-0.452043652309769617,1.000000000000000000,17.440000000000001279
-0.272523812561058509,1.000000000000000000,17.530000000000001137
-0.086808886317952472,1.000000000000000000,17.650999999999999801
0.100958438610860624,1.000000000000000000,17.745000000000000995
0.244597297275109815,1.000000000000000000,17.861000000000000654
0.363366135926892042,1.000000000000000000,17.937999999999998835
0.473248404023207003,1.000000000000000000,18.032000000000000028
0.579864516426452425,1.000000000000000000,18.152000000000001023
0.725160897660024117,1.000000000000000000,18.242000000000000881
0.884168517792587538,1.000000000000000000,18.367000000000000881
0.895341339650286505,-1.000000000000000000,18.461999999999999744
0.748973298472562332,-1.000000000000000000,18.544000000000000483
0.544059151334104651,-1.000000000000000000,18.672999999999998266
0.300646386434005430,-1.000000000000000000,18.754000000000001336
-0.024620708658301682,-1.000000000000000000,18.876000000000001222
-0.247747225632800161,-1.000000000000000000,18.969999999999998863
-0.377831020579838861,-1.000000000000000000,19.056000000000000938
-0.511636413356940434,-1.000000000000000000,19.176999999999999602
-0.639582475868957001,0.000000000000000000,19.260999999999999233
-0.648831638995293725,0.000000000000000000,19.385000000000001563
-0.641664682786187157,0.000000000000000000,19.471000000000000085
-0.611936320559919200,0.000000000000000000,19.571000000000001506
-0.539235371975854805,1.000000000000000000,19.690000000000001279
-0.436413218127138069,1.000000000000000000,19.777000000000001023
-0.333123261791016811,1.000000000000000000,19.907000000000000028
-0.248009583704371095,1.000000000000000000,19.975999999999999091
-0.172171443365012777,1.000000000000000000,20.071999999999999176
-0.071603625538684268,1.000000000000000000,20.189000000000000057
0.042517971180868308,1.000000000000000000,20.292999999999999261
0.190618408513727688,1.000000000000000000,20.403999999999999915
0.341958759809797730,1.000000000000000000,20.507000000000001450
0.494022330975118829,1.000000000000000000,20.586999999999999744
0.640422299325573485,1.000000000000000000,20.707999999999998408
0.776779089645254661,1.000000000000000000,20.786000000000001364
0.873850187988580274,1.000000000000000000,20.910000000000000142
0.956852508261156087,-1.000000000000000000,21.001999999999998892
0.930973452555873715,-1.000000000000000000,21.105000000000000426
0.781021239204624740,-1.000000000000000000,21.217999999999999972
0.558215382095380352,-1.000000000000000000,21.306000000000000938
0.339883493582291640,-1.000000000000000000,21.417999999999999261
0.121666820518622210,-1.000000000000000000,21.512000000000000455
-0.069685218898942636,-1.000000000000000000,21.608000000000000540
-0.181338706352605183,-1.000000000000000000,21.734000000000001762
-0.189811900367787167,-1.000000000000000000,21.818000000000001393
-0.262508684538017345,-1.000000000000000000,21.940999999999998948
-0.434358773968804290,-1.000000000000000000,22.018999999999998352
-0.546038636043417958,0.000000000000000000,22.109000000000001762
-0.554919942614377382,0.000000000000000000,22.225999999999999091
-0.570791911875450642,0.000000000000000000,22.330999999999999517
-0.546269066942258519,0.000000000000000000,22.448000000000000398
-0.433779920445814149,1.000000000000000000,22.553000000000000824
-0.320177487317624632,1.000000000000000000,22.629000000000001336
-0.285336613040584774,1.000000000000000000,22.750000000000000000
-0.291728988276481416,1.000000000000000000,22.835000000000000853
-0.273569367682344300,1.000000000000000000,22.949000000000001620
-0.225571721964298644,1.000000000000000000,23.045000000000001705
-0.148399581059968422,1.000000000000000000,23.138999999999999346
-0.040996571993345721,1.000000000000000000,23.265000000000000568
0.098190631595824085,1.000000000000000000,23.349000000000000199
0.266128948298107737,1.000000000000000000,23.463000000000000966
0.408611591368280624,1.000000000000000000,23.550999999999998380
0.527879015449280953,1.000000000000000000,23.647999999999999687
0.633576002981719677,1.000000000000000000,23.762000000000000455
0.714489175647340602,1.000000000000000000,23.870000000000000995
0.728373331371431565,-1.000000000000000000,23.986999999999998323
0.695446699320298123,-1.000000000000000000,24.056999999999998607
0.640423687463518077,-1.000000000000000000,24.150999999999999801
0.533128953156590812,-1.000000000000000000,24.277000000000001023
0.378432084309945793,-1.000000000000000000,24.373000000000001108
0.179488318472159403,-1.000000000000000000,24.487999999999999545
-0.005428313433218923,-1.000000000000000000,24.574999999999999289
-0.192296667289014844,-1.000000000000000000,24.664999999999999147
-0.393530860735754495,-1.000000000000000000,24.780999999999998806
-0.635913627280797145,-1.000000000000000000,24.871999999999999886
-0.781584823210221380,-1.000000000000000000,24.990999999999999659
-0.973558748427065912,0.000000000000000000,25.085999999999998522
-1.000000000000000000,0.000000000000000000,25.185999999999999943
-1.000000000000000000,0.000000000000000000,25.300999999999998380
-1.000000000000000000,0.000000000000000000,25.378000000000000114
-1.000000000000000000,0.000000000000000000,25.507000000000001450
-0.984468316900892204,0.000000000000000000,25.596000000000000085
-0.987052952639448367,0.000000000000000000,25.693000000000001393
-0.991566404054491368,0.000000000000000000,25.814000000000000057
-1.000000000000000000,0.000000000000000000,25.896000000000000796
-1.000000000000000000,0.000000000000000000,26.032000000000000028
-1.000000000000000000,0.000000000000000000,26.097999999999998977
-0.968924280478927091,0.000000000000000000,26.187999999999998835
-0.978331926472692737,0.000000000000000000,26.307999999999999829
-1.000000000000000000,0.000000000000000000,26.408999999999998920
-0.904709115872219471,1.000000000000000000,26.518000000000000682
-0.771702510832214861,1.000000000000000000,26.626999999999998892
-0.643368595874970417,1.000000000000000000,26.707999999999998408
-0.468024525000063973,1.000000000000000000,26.829000000000000625
-0.236345296106006519,1.000000000000000000,26.922000000000000597
-0.076294962287845713,1.000000000000000000,27.030999999999998806
0.079043963125892791,1.000000000000000000,27.135999999999999233
0.231494297962957285,1.000000000000000000,27.213999999999998636
0.355596707923755639,-1.000000000000000000,27.342999999999999972
0.350266825275931559,-1.000000000000000000,27.420999999999999375
0.223462284024362301,-1.000000000000000000,27.547999999999998266
0.054114458491157480,-1.000000000000000000,27.626000000000001222
-0.116909462808759690,-1.000000000000000000,27.734999999999999432
-0.306119787354901973,-1.000000000000000000,27.856000000000001648
-0.433992139161799129,-1.000000000000000000,27.934999999999998721
-0.439232358327877992,1.000000000000000000,28.062999999999998835
-0.363473848575700864,1.000000000000000000,28.138000000000001677
-0.261113814034882319,1.000000000000000000,28.227000000000000313
-0.164629794257971196,1.000000000000000000,28.353000000000001535
-0.131466532850713191,-1.000000000000000000,28.449999999999999289
-0.175568739030870447,-1.000000000000000000,28.571999999999999176
-0.279210553799362882,-1.000000000000000000,28.661000000000001364
-0.425290705819720505,-1.000000000000000000,28.739999999999998437
-0.534654680968671414,-1.000000000000000000,28.859999999999999432
-0.521710534694927897,1.000000000000000000,28.954999999999998295
-0.429031099472972577,1.000000000000000000,29.068000000000001393
-0.302648384146885441,1.000000000000000000,29.161000000000001364
-0.142622504005563422,1.000000000000000000,29.263999999999999346
0.034898963011266382,1.000000000000000000,29.379999999999999005
0.192368415019651628,1.000000000000000000,29.458999999999999631
0.158319726730161259,-1.000000000000000000,29.586999999999999744
0.050256890969715862,-1.000000000000000000,29.678000000000000824
-0.103411033193319013,-1.000000000000000000,29.766999999999999460
-0.302898015431289358,-1.000000000000000000,29.884000000000000341
-0.523407008525672790,-1.000000000000000000,29.981000000000001648
-0.587773161580217085,1.000000000000000000,30.114999999999998437
-0.581831937011404010,1.000000000000000000,30.182999999999999829
-0.517578882212242575,1.000000000000000000,30.268999999999998352
-0.359599978603032833,1.000000000000000000,30.393000000000000682
-0.158976919295224617,1.000000000000000000,30.484000000000001762
0.027114542550671361,1.000000000000000000,30.609000000000001762
0.105086110056829218,1.000000000000000000,30.690999999999998948
0.069763792765277666,-1.000000000000000000,30.785000000000000142
-0.074679133635042860,-1.000000000000000000,30.903999999999999915
-0.299498087805646129,-1.000000000000000000,30.990999999999999659
-0.542318817773158601,-1.000000000000000000,31.106999999999999318
-0.678610548024342064,-1.000000000000000000,31.210999999999998522
-0.704836702536271620,1.000000000000000000,31.306000000000000938
-0.658073352893552843,1.000000000000000000,31.425000000000000711
-0.548168248256041379,1.000000000000000000,31.495999999999998664
-0.379079330700917372,1.000000000000000000,31.625000000000000000
-0.201997916981569658,1.000000000000000000,31.710000000000000853
-0.039607373802419854,1.000000000000000000,31.809999999999998721
-0.006916822133830935,-1.000000000000000000,31.926999999999999602
-0.047249939435100252,-1.000000000000000000,32.039999999999999147
-0.138329195594602550,-1.000000000000000000,32.148000000000003240
-0.320391425252560924,-1.000000000000000000,32.219000000000001194
-0.587573739059494393,-1.000000000000000000,32.316000000000002501
-0.735507388917762128,-1.000000000000000000,32.432000000000002160
-0.752948009433630272,1.000000000000000000,32.531999999999996476
-0.699405532215350401,1.000000000000000000,32.648000000000003240
-0.581459272434377894,1.000000000000000000,32.737000000000001876
-0.368988286644870378,1.000000000000000000,32.832999999999998408
-0.153450749865929215,1.000000000000000000,32.945000000000000284
-0.070837120796433672,1.000000000000000000,33.027999999999998693
-0.118651297331210381,-1.000000000000000000,33.164000000000001478
-0.185114286483363921,-1.000000000000000000,33.241999999999997328
-0.313384532242268143,-1.000000000000000000,33.347999999999998977
-0.473920857723215461,-1.000000000000000000,33.466000000000001080
-0.508004919733390459,1.000000000000000000,33.548999999999999488
-0.393376788217487228,1.000000000000000000,33.662999999999996703
-0.245807563054790124,1.000000000000000000,33.753999999999997783
-0.074658403612774094,1.000000000000000000,33.843000000000003524
0.055911237739490138,1.000000000000000000,33.975000000000001421
0.054872834416599625,-1.000000000000000000,34.069000000000002615
-0.011542531053746363,-1.000000000000000000,34.182000000000002160
-0.182736208285278590,-1.000000000000000000,34.262999999999998124
-0.383246402859077628,-1.000000000000000000,34.356000000000001648
-0.518992531364336096,-1.000000000000000000,34.468000000000003524
-0.602691152141098696,-1.000000000000000000,34.570000000000000284
-0.702380977030891418,-1.000000000000000000,34.683999999999997499
-0.686305913825983160,1.000000000000000000,34.780000000000001137
-0.571888982985922389,1.000000000000000000,34.865999999999999659
-0.394844839974076267,1.000000000000000000,34.981999999999999318
-0.190548562696577162,1.000000000000000000,35.073000000000000398
0.039438620321232021,1.000000000000000000,35.192000000000000171
0.257114046294359966,1.000000000000000000,35.289999999999999147
0.417457806453215508,1.000000000000000000,35.378000000000000114
0.452707613370245232,-1.000000000000000000,35.509999999999998010
0.358800959927777274,-1.000000000000000000,35.578000000000002956
0.196297569328692134,-1.000000000000000000,35.701999999999998181
0.032747493027271757,-1.000000000000000000,35.796999999999997044
-0.155904404776448180,-1.000000000000000000,35.893999999999998352
-0.306408698154892689,-1.000000000000000000,36.012000000000000455
-0.337555621354458713,1.000000000000000000,36.097000000000001307
-0.294879625967744308,1.000000000000000000,36.225000000000001421
-0.236497141653455145,1.000000000000000000,36.301000000000001933
-0.089581169379745140,1.000000000000000000,36.393000000000000682
0.089143501254514090,1.000000000000000000,36.524999999999998579
0.260537183301664088,1.000000000000000000,36.606999999999999318
0.417776414681154229,1.000000000000000000,36.731999999999999318
0.514321379705276804,1.000000000000000000,36.817999999999997840
0.503263321220132731,-1.000000000000000000,36.902999999999998693
0.358999285883235375,-1.000000000000000000,37.042999999999999261
0.184940397845653415,-1.000000000000000000,37.110999999999997101
0.008098604699590117,-1.000000000000000000,37.231000000000001648
-0.196224800788583842,-1.000000000000000000,37.332999999999998408
-0.328489184695945902,-1.000000000000000000,37.426000000000001933
-0.372205353272771378,-1.000000000000000000,37.548999999999999488
-0.404858936475296360,-1.000000000000000000,37.618999999999999773
-0.414117556521040653,1.000000000000000000,37.746999999999999886
-0.336465563388331224,1.000000000000000000,37.834000000000003183
-0.229145470451297295,1.000000000000000000,37.926999999999999602
-0.047278830342380007,1.000000000000000000,38.039999999999999147
0.173617516344898748,1.000000000000000000,38.137999999999998124
0.402975750586515247,1.000000000000000000,38.265000000000000568
0.623491838584713021,1.000000000000000000,38.345999999999996533
0.785186660615725174,1.000000000000000000,38.436999999999997613
0.747627061290683681,-1.000000000000000000,38.548000000000001819
0.573957485720494098,-1.000000000000000000,38.652999999999998693
0.384124652419792101,-1.000000000000000000,38.768999999999998352
0.135902871066274855,-1.000000000000000000,38.853999999999999204
-0.096448768629563753,-1.000000000000000000,38.945999999999997954
-0.198579914871849561,1.000000000000000000,39.067000000000000171
-0.181210241181336995,1.000000000000000000,39.152999999999998693
-0.124281186442427583,1.000000000000000000,39.265999999999998238
-0.000659678612092374,1.000000000000000000,39.371000000000002217
0.194729263983140388,1.000000000000000000,39.457000000000000739
0.413521050686347813,1.000000000000000000,39.581000000000003070
0.550308829617213835,1.000000000000000000,39.661000000000001364
0.605100015405028335,-1.000000000000000000,39.784999999999996589
0.537671634524254038,-1.000000000000000000,39.874000000000002331
0.427187783495318385,-1.000000000000000000,39.972000000000001307
0.246623097272929526,-1.000000000000000000,40.082999999999998408
-0.032618721737636469,-1.000000000000000000,40.182000000000002160
-0.284341961205953675,-1.000000000000000000,40.307000000000002160
-0.419487804986284685,-1.000000000000000000,40.377000000000002444
-0.494800010396809653,1.000000000000000000,40.468000000000003524
-0.491900314883856882,1.000000000000000000,40.588000000000000966
-0.353845900265435387,1.000000000000000000,40.689000000000000057
-0.196121229333963809,1.000000000000000000,40.801999999999999602
-0.017346822982274412,1.000000000000000000,40.899000000000000909
0.170436038384513378,1.000000000000000000,40.975000000000001421
0.361903427587172866,1.000000000000000000,41.097000000000001307
0.506070405418512559,1.000000000000000000,41.189999999999997726
0.518982735590751254,-1.000000000000000000,41.308999999999997499
0.382487842389440225,-1.000000000000000000,41.411000000000001364
0.192288356777926994,-1.000000000000000000,41.496000000000002217
-0.031353353953672114,-1.000000000000000000,41.615999999999999659
-0.389023670313852210,-1.000000000000000000,41.703000000000002956
-0.706974939871207964,1.000000000000000000,41.817999999999997840
-0.648770744664163956,1.000000000000000000,41.914000000000001478
-0.546138344071982140,1.000000000000000000,42.012000000000000455
-0.440694424318296529,1.000000000000000000,42.131999999999997897
-0.230017224663088604,1.000000000000000000,42.216999999999998749
-0.009973274135069765,1.000000000000000000,42.345999999999996533
0.104783616103640620,1.000000000000000000,42.424999999999997158
0.227840612857396874,1.000000000000000000,42.506999999999997897
0.349518740224293856,1.000000000000000000,42.630000000000002558
0.489891527945633509,1.000000000000000000,42.728999999999999204
0.615056417120687593,1.000000000000000000,42.843000000000003524
0.716559429569353368,1.000000000000000000,42.947000000000002728
0.758590296524143559,-1.000000000000000000,43.039999999999999147
0.660817551528333214,-1.000000000000000000,43.143000000000000682
0.443029389488025727,-1.000000000000000000,43.231999999999999318
0.248928500468337699,-1.000000000000000000,43.347999999999998977
0.052801883508692526,-1.000000000000000000,43.454999999999998295
-0.129358265522738214,-1.000000000000000000,43.534999999999996589
-0.193355433088981288,-1.000000000000000000,43.671999999999997044
-0.169687580763950296,1.000000000000000000,43.737999999999999545
-0.156765348698589269,1.000000000000000000,43.856999999999999318
-0.111700371532845510,1.000000000000000000,43.953000000000002956
-0.005097185642429558,1.000000000000000000,44.039999999999999147
0.141771077803787504,1.000000000000000000,44.164000000000001478
0.331904169324562792,1.000000000000000000,44.259000000000000341
0.486406260037138161,1.000000000000000000,44.384999999999998010
0.568566259678602304,-1.000000000000000000,44.465000000000003411
0.525181919631185323,-1.000000000000000000,44.554999999999999716
0.407501467756416602,-1.000000000000000000,44.667000000000001592
0.211524240762844373,-1.000000000000000000,44.771999999999998465
-0.091365409350915638,-1.000000000000000000,44.878999999999997783
-0.320268184867095296,-1.000000000000000000,44.984000000000001762
-0.417383614012181603,-1.000000000000000000,45.060999999999999943
-0.441519056931022558,1.000000000000000000,45.176999999999999602
-0.405088819804329314,1.000000000000000000,45.271000000000000796
-0.228472532413888207,1.000000000000000000,45.393000000000000682
-0.067921641974995395,1.000000000000000000,45.487000000000001876
0.080707929171229154,1.000000000000000000,45.578000000000002956
0.231971245419330341,1.000000000000000000,45.706000000000003070
0.422896103760294739,1.000000000000000000,45.786000000000001364
0.617847021686941167,1.000000000000000000,45.904000000000003467
0.771808320722330077,1.000000000000000000,45.993000000000002103
0.839087585843209416,-1.000000000000000000,46.091999999999998749
0.781886167833651502,-1.000000000000000000,46.213000000000000966
0.592880970556731057,-1.000000000000000000,46.304999999999999716
0.400684803604480333,-1.000000000000000000,46.423999999999999488
0.151684595952428447,-1.000000000000000000,46.500000000000000000
-0.050823960357878950,-1.000000000000000000,46.591999999999998749
-0.151742858039197182,-1.000000000000000000,46.710999999999998522
-0.180043293212168165,-1.000000000000000000,46.810000000000002274
-0.208933818751129818,1.000000000000000000,46.926000000000001933
-0.149776886085668859,1.000000000000000000,47.024999999999998579
-0.074978823972309261,1.000000000000000000,47.104999999999996874
0.016280518502694630,1.000000000000000000,47.218000000000003524
0.182623257926257887,1.000000000000000000,47.311999999999997613
0.344529115357437465,1.000000000000000000,47.432999999999999829
0.482788035058836718,1.000000000000000000,47.521000000000000796
0.538337200043621733,-1.000000000000000000,47.634000000000000341
0.450633338761168734,-1.000000000000000000,47.744999999999997442
0.213734025357866564,-1.000000000000000000,47.820999999999997954
0.032002387717210201,-1.000000000000000000,47.941000000000002501
-0.139601607832952612,-1.000000000000000000,48.033999999999998920
-0.242414540267532730,-1.000000000000000000,48.128000000000000114
-0.227116094997034446,1.000000000000000000,48.250999999999997669
-0.175666990972413228,1.000000000000000000,48.332999999999998408
-0.162858593650067496,1.000000000000000000,48.460999999999998522
-0.139164376499591125,1.000000000000000000,48.542000000000001592
-0.101982658040909113,1.000000000000000000,48.628000000000000114
-0.026766464976917703,1.000000000000000000,48.747999999999997556
0.161601165950222558,1.000000000000000000,48.847999999999998977
0.322893013989076882,1.000000000000000000,48.969999999999998863
0.439125227240131810,1.000000000000000000,49.057000000000002160
0.499112745991076689,-1.000000000000000000,49.146000000000000796
0.439564009039215442,-1.000000000000000000,49.261000000000002785
0.244799156546647412,-1.000000000000000000,49.359999999999999432
-0.054646939574474751,-1.000000000000000000,49.472999999999998977
-0.370445797656471010,-1.000000000000000000,49.567999999999997840
-0.552884447665967782,-1.000000000000000000,49.658999999999998920
-0.634914937574374116,-1.000000000000000000,49.789999999999999147
-0.673735498300302105,1.000000000000000000,49.859999999999999432
-0.565858029767547288,1.000000000000000000,49.984999999999999432
-0.461286869547073319,1.000000000000000000,50.073000000000000398
-0.290180957017830976,1.000000000000000000,50.161999999999999034
-0.104896374243609536,1.000000000000000000,50.292999999999999261
0.115906133742282869,1.000000000000000000,50.383000000000002672
0.319892039892990310,1.000000000000000000,50.500999999999997669
0.515129513110773596,1.000000000000000000,50.576999999999998181
0.649514739336733316,1.000000000000000000,50.667999999999999261
0.615696625992192326,-1.000000000000000000,50.789999999999999147
0.413369817651917604,-1.000000000000000000,50.889000000000002899
0.193892212927730734,-1.000000000000000000,51.006999999999997897
-0.055630669220343099,-1.000000000000000000,51.094000000000001194
-0.355881569594742819,-1.000000000000000000,51.183999999999997499
-0.511222660086823044,-1.000000000000000000,51.308999999999997499
-0.524714280625028673,1.000000000000000000,51.393999999999998352
-0.515881026740653503,1.000000000000000000,51.514000000000002899
-0.474559652030529300,1.000000000000000000,51.603999999999999204
-0.328601455188243907,1.000000000000000000,51.692999999999997840
-0.133732104899767723,1.000000000000000000,51.826999999999998181
0.159780619091160148,1.000000000000000000,51.896999999999998465
0.423424493237225752,1.000000000000000000,52.017000000000003013
0.613118069068004701,1.000000000000000000,52.115000000000001990
0.626355226751848626,-1.000000000000000000,52.206000000000003070
0.392505560013367560,-1.000000000000000000,52.323999999999998067
-0.030272597573781534,-1.000000000000000000,52.427999999999997272
-0.518413780351056674,-1.000000000000000000,52.548000000000001819
-1.000000000000000000,-1.000000000000000000,52.627000000000002444
-1.000000000000000000,1.000000000000000000,52.707999999999998408
-0.977018714788089770,1.000000000000000000,52.828000000000002956
-0.858537861549506287,1.000000000000000000,52.927999999999997272
-0.643740645648020804,1.000000000000000000,53.043999999999996930
-0.346180990739952010,1.000000000000000000,53.146000000000000796
-0.177845244034509076,1.000000000000000000,53.222000000000001307
-0.031862595977172115,1.000000000000000000,53.344000000000001194
0.137810138596512699,1.000000000000000000,53.433999999999997499
0.272987369343279163,1.000000000000000000,53.548000000000001819
0.355873012010075485,1.000000000000000000,53.649000000000000909
0.407993084228232883,1.000000000000000000,53.747999999999997556
0.420217150175241860,-1.000000000000000000,53.871000000000002217
0.122833903393271715,-1.000000000000000000,53.938000000000002387
-0.211521368342662663,-1.000000000000000000,54.060999999999999943
-0.481278314886806835,-1.000000000000000000,54.149999999999998579
-0.695718047719360300,-1.000000000000000000,54.246999999999999886
-0.805663267292531571,-1.000000000000000000,54.374000000000002331
-0.760477077626176667,1.000000000000000000,54.462000000000003297
-0.628270113147716969,1.000000000000000000,54.585999999999998522
-0.470583995964157453,1.000000000000000000,54.661000000000001364
-0.288142725667939525,1.000000000000000000,54.762999999999998124
-0.110229352136337333,1.000000000000000000,54.872999999999997556
0.160177040266471060,1.000000000000000000,54.966999999999998749
0.404587374076672335,1.000000000000000000,55.094999999999998863
0.565126414139363709,-1.000000000000000000,55.179000000000002046
0.529206425206450781,-1.000000000000000000,55.256999999999997897
0.320280355173986786,-1.000000000000000000,55.384999999999998010
0.048782164758780500,-1.000000000000000000,55.466999999999998749
-0.355285818305924095,-1.000000000000000000,55.588999999999998636
-0.839507348927213126,-1.000000000000000000,55.692999999999997840
-1.000000000000000000,-1.000000000000000000,55.779000000000003467
-0.963872035984198794,1.000000000000000000,55.917000000000001592
-0.890304046322054732,1.000000000000000000,55.981000000000001648
-0.642783784967310035,1.000000000000000000,56.107999999999996987
-0.243647696579964101,1.000000000000000000,56.197000000000002728
0.056872253284078855,1.000000000000000000,56.280999999999998806
0.336319898472208223,1.000000000000000000,56.406999999999996476
0.478662060680371981,1.000000000000000000,56.512000000000000455
0.404286012910751946,-1.000000000000000000,56.624000000000002331
0.223447896363655474,-1.000000000000000000,56.698000000000000398
0.007524524728808712,-1.000000000000000000,56.792000000000001592
-0.338413578681146854,-1.000000000000000000,56.911000000000001364
-0.657770040543365742,-1.000000000000000000,57.003999999999997783
-0.769685262193373743,-1.000000000000000000,57.131000000000000227
-0.889132444689744394,-1.000000000000000000,57.222000000000001307
-0.946264962088193773,1.000000000000000000,57.308999999999997499
-0.909031495262779599,1.000000000000000000,57.433999999999997499
-0.914064920611182385,1.000000000000000000,57.514000000000002899
-0.979734100960993448,1.000000000000000000,57.631999999999997897
-0.963012751289133329,1.000000000000000000,57.725999999999999091
-1.000000000000000000,1.000000000000000000,57.831000000000003070
-1.000000000000000000,1.000000000000000000,57.948999999999998067
-0.983479648599248968,1.000000000000000000,58.021000000000000796
-0.978164086696753476,999.000000000000000000,58.151000000000003354
-0.878279124976732994,999.000000000000000000,58.228999999999999204
-0.740610038539349702,999.000000000000000000,58.329000000000000625
-0.737541842504356060,999.000000000000000000,58.450000000000002842
-0.734244790474708475,999.000000000000000000,58.537999999999996703
-0.690307490914416899,999.000000000000000000,58.670999999999999375
-0.852888315223195526,999.000000000000000000,58.740999999999999659
-0.866232145418150412,999.000000000000000000,58.832000000000000739
-0.758207538821604965,999.000000000000000000,58.950000000000002842
-0.672183621844457235,1.000000000000000000,59.046999999999997044
-0.613590384386528687,1.000000000000000000,59.162999999999996703
-0.492644568331823240,-1.000000000000000000,59.259000000000000341
-0.594656365095494022,-1.000000000000000000,59.344000000000001194
-0.794656670236819851,-1.000000000000000000,59.468000000000003524
-0.958804395255662634,-1.000000000000000000,59.548999999999999488
-1.000000000000000000,-1.000000000000000000,59.671999999999997044
-1.000000000000000000,-1.000000000000000000,59.771999999999998465
-0.991017677846435574,1.000000000000000000,59.859000000000001762
-0.933533757580254919,1.000000000000000000,59.979999999999996874
-0.916709619494767924,1.000000000000000000,60.060000000000002274
-0.828948133707975487,1.000000000000000000,60.182999999999999829
-0.752336333011772052,1.000000000000000000,60.267000000000003013
-0.757155072077185354,1.000000000000000000,60.371000000000002217
-0.733614916698254849,1.000000000000000000,60.487000000000001876
-0.736958886288321069,1.000000000000000000,60.590000000000003411
-0.786199874718132241,1.000000000000000000,60.698999999999998067
-0.773583442470285765,1.000000000000000000,60.790999999999996817
-0.755215008152680944,1.000000000000000000,60.874000000000002331
-0.715021857474159916,1.000000000000000000,60.993000000000002103
-0.527153875414737016,1.000000000000000000,61.084000000000003183
-0.340465174114386371,1.000000000000000000,61.213999999999998636
-0.300809518747823357,1.000000000000000000,61.298000000000001819
-0.261806732865100145,1.000000000000000000,61.383000000000002672
-0.180661690541520259,-1.000000000000000000,61.509999999999998010
-0.314727865322487532,-1.000000000000000000,61.590000000000003411
-0.518619665740115643,-1.000000000000000000,61.709000000000003183
-0.552052812689476813,-1.000000000000000000,61.811999999999997613
-0.606093904020009289,-1.000000000000000000,61.899999999999998579
-0.708429227660230643,-1.000000000000000000,62.018000000000000682
-0.744901881759879148,-1.000000000000000000,62.100000000000001421
-0.728421539410868180,1.000000000000000000,62.218000000000003524
-0.693820122167284392,1.000000000000000000,62.316000000000002501
-0.551891030160987839,1.000000000000000000,62.414000000000001478
-0.463738164283715171,1.000000000000000000,62.527999999999998693
-0.388357527934330649,1.000000000000000000,62.628000000000000114
-0.144873390854418860,1.000000000000000000,62.749000000000002331
0.019532018981529120,1.000000000000000000,62.817000000000000171
0.045737925189182294,1.000000000000000000,62.911000000000001364
0.030412967800266033,1.000000000000000000,63.033000000000001251
0.090538800246539264,1.000000000000000000,63.122999999999997556
0.057877341641033198,-1.000000000000000000,63.252000000000002444
-0.045813805490154125,-1.000000000000000000,63.345999999999996533
-0.131651606335861926,-1.000000000000000000,63.417999999999999261
-0.134042551668400178,-1.000000000000000000,63.542999999999999261
-0.230071220105129814,-1.000000000000000000,63.634000000000000341
-0.343976142088010861,-1.000000000000000000,63.753000000000000114
-0.377669859127505059,1.000000000000000000,63.841999999999998749
-0.382078075102885828,1.000000000000000000,63.933999999999997499
-0.366128894860684451,1.000000000000000000,64.066999999999993065
-0.254788154369166464,1.000000000000000000,64.138000000000005230
-0.167724815077558653,1.000000000000000000,64.269000000000005457
-0.130464723892344092,1.000000000000000000,64.349000000000003752
-0.072151428446665888,1.000000000000000000,64.448999999999998067
-0.047597708414910622,1.000000000000000000,64.572000000000002728
-0.028819481479837594,1.000000000000000000,64.658000000000001251
-0.072022575105391340,1.000000000000000000,64.778999999999996362
-0.125916200945354273,1.000000000000000000,64.864999999999994884
-0.042851610344632585,1.000000000000000000,64.956999999999993634
0.119134220082939057,1.000000000000000000,65.069000000000002615
0.206784557929241108,1.000000000000000000,65.168999999999996930
0.209242793340000732,-1.000000000000000000,65.292000000000001592
0.178816224353711695,-1.000000000000000000,65.379999999999995453
0.088603136719838327,-1.000000000000000000,65.459999999999993747
-0.018097451782005503,-1.000000000000000000,65.581999999999993634
-0.173835326861554451,-1.000000000000000000,65.673000000000001819
-0.174651398022959703,1.000000000000000000,65.798000000000001819
0.014556848304540848,1.000000000000000000,65.891999999999995907
0.204349067618025737,1.000000000000000000,65.986999999999994770
0.255320487101357019,1.000000000000000000,66.097999999999998977
0.266548831224223681,-1.000000000000000000,66.188000000000002387
0.238538695930340161,-1.000000000000000000,66.298000000000001819
0.150188139103655915,-1.000000000000000000,66.394000000000005457
-0.099138644603244619,-1.000000000000000000,66.492999999999994998
-0.237587337388896369,-1.000000000000000000,66.611000000000004206
-0.297650158860971681,-1.000000000000000000,66.695999999999997954
-0.294386912313803428,-1.000000000000000000,66.822999999999993292
-0.345651836028005643,1.000000000000000000,66.903999999999996362
-0.331724120481317608,1.000000000000000000,66.995999999999995111
-0.324052527136490243,1.000000000000000000,67.108000000000004093
-0.217321087122320677,1.000000000000000000,67.209999999999993747
-0.197837032860184059,1.000000000000000000,67.328999999999993520
-0.212079940142486878,1.000000000000000000,67.421999999999997044
-0.107650654068133456,1.000000000000000000,67.507999999999995566
-0.109929857192779701,-1.000000000000000000,67.629999999999995453
-0.167370581209900782,-1.000000000000000000,67.709999999999993747
-0.261344591641727964,-1.000000000000000000,67.826999999999998181
-0.394911869466757381,-1.000000000000000000,67.927999999999997272
-0.448405590992272063,-1.000000000000000000,68.018000000000000682
-0.588585800682860372,-1.000000000000000000,68.147000000000005571
-0.708683973045572957,-1.000000000000000000,68.218000000000003524
-0.726114675503368279,1.000000000000000000,68.346000000000003638
-0.650137309957262488,1.000000000000000000,68.435000000000002274
-0.591266324560685286,1.000000000000000000,68.521000000000000796
-0.409747993458418946,1.000000000000000000,68.668000000000006366
-0.271880201825771994,1.000000000000000000,68.736999999999994770
-0.146766384965715257,1.000000000000000000,68.870999999999995111
-0.078053839124783697,1.000000000000000000,68.938999999999992951
-0.090522410266098086,-1.000000000000000000,69.030000000000001137
-0.084149476908656817,-1.000000000000000000,69.152000000000001023
-0.100412619056692520,-1.000000000000000000,69.251000000000004775
-0.300775697880796944,-1.000000000000000000,69.375000000000000000
-0.439489970738019764,-1.000000000000000000,69.460999999999998522
-0.472429765977130711,-1.000000000000000000,69.542000000000001592
-0.485825898920087762,1.000000000000000000,69.670000000000001705
-0.465751969649917941,1.000000000000000000,69.753000000000000114
-0.292508722243077557,1.000000000000000000,69.879000000000004889
-0.083358130476486214,1.000000000000000000,69.962000000000003297
0.096102375579827815,1.000000000000000000,70.078000000000002956
0.210268692924341360,1.000000000000000000,70.182000000000002160
0.292411425550598070,1.000000000000000000,70.257999999999995566
0.251665192351506972,-1.000000000000000000,70.382999999999995566
0.255206906227820163,-1.000000000000000000,70.468000000000003524
0.242909440270024257,-1.000000000000000000,70.561999999999997613
0.062894749550340023,-1.000000000000000000,70.683999999999997499
-0.136697400827052284,-1.000000000000000000,70.780000000000001137
-0.139340713711423536,-1.000000000000000000,70.897999999999996135
-0.195400974467461741,-1.000000000000000000,70.978999999999999204
-0.235972438379886684,1.000000000000000000,71.087999999999993861
-0.118700845605958616,1.000000000000000000,71.197000000000002728
0.012104170249682689,1.000000000000000000,71.283000000000001251
0.093892676413600329,1.000000000000000000,71.408000000000001251
0.185691882911405592,-1.000000000000000000,71.513000000000005230
0.203297024493852119,-1.000000000000000000,71.578000000000002956
0.105055590056060355,-1.000000000000000000,71.703000000000002956
0.118217818991516399,-1.000000000000000000,71.796000000000006480
0.106534502136187648,-1.000000000000000000,71.909000000000006025
0.018431100079756790,-1.000000000000000000,72.007000000000005002
-0.073124512699215161,1.000000000000000000,72.094999999999998863
-0.044097082302605339,1.000000000000000000,72.227000000000003865
-0.051051428140899802,1.000000000000000000,72.299999999999997158
0.067167884894846264,1.000000000000000000,72.423000000000001819
0.286624756420954974,1.000000000000000000,72.521000000000000796
0.421802992925790932,1.000000000000000000,72.602000000000003865
0.427234505975463863,-1.000000000000000000,72.727999999999994429
0.370519829360536068,-1.000000000000000000,72.828999999999993520
0.373092891658552750,-1.000000000000000000,72.933999999999997499
0.430159166848363972,-1.000000000000000000,73.028999999999996362
0.347243547081675041,-1.000000000000000000,73.109999999999999432
0.239124702197148764,-1.000000000000000000,73.230999999999994543
0.241759408401151177,-1.000000000000000000,73.326999999999998181
0.244063063998931407,-1.000000000000000000,73.444999999999993179
0.196809585399070341,1.000000000000000000,73.534000000000006025
0.324428452543895629,1.000000000000000000,73.618999999999999773
0.557880773836500810,1.000000000000000000,73.745999999999995111
0.701291896451937458,1.000000000000000000,73.828999999999993520
0.695757643558954086,-1.000000000000000000,73.950999999999993406
0.525072517206070843,-1.000000000000000000,74.055999999999997385
0.344453589558892936,-1.000000000000000000,74.138000000000005230
0.153830084280919044,-1.000000000000000000,74.269000000000005457
-0.233058485226580570,-1.000000000000000000,74.341999999999998749
-0.470389806381057651,-1.000000000000000000,74.457999999999998408
-0.496330475263100035,-1.000000000000000000,74.554000000000002046
-0.545990349304051548,1.000000000000000000,74.643000000000000682
-0.505905828659621970,1.000000000000000000,74.768000000000000682
-0.238163513885289890,1.000000000000000000,74.853999999999999204
-0.020204360963882340,1.000000000000000000,74.983000000000004093
0.160823715231323439,1.000000000000000000,75.069000000000002615
0.345133900044536590,1.000000000000000000,75.156000000000005912
0.524874493827616195,1.000000000000000000,75.281000000000005912
0.633685218035282993,1.000000000000000000,75.367000000000004434
0.618595298109888114,-1.000000000000000000,75.493999999999999773
0.601594760471725332,-1.000000000000000000,75.578999999999993520
0.602340471585474546,-1.000000000000000000,75.665999999999996817
0.331907079367960822,-1.000000000000000000,75.784999999999996589
0.248373470000488705,-1.000000000000000000,75.879000000000004889
0.196291341277496256,-1.000000000000000000,75.989999999999994884
-0.024129474955522423,-1.000000000000000000,76.079999999999998295
-0.231324476525309963,1.000000000000000000,76.188999999999992951
-0.139877980828790771,1.000000000000000000,76.301000000000001933
-0.135799361336836788,1.000000000000000000,76.379000000000004889
0.030329429134693608,1.000000000000000000,76.498999999999995225
0.196593985026205287,1.000000000000000000,76.587999999999993861
0.308512774677486057,1.000000000000000000,76.694000000000002615
0.497563293555950414,1.000000000000000000,76.805000000000006821
0.768887656943411324,1.000000000000000000,76.905000000000001137
0.750907224134565787,-1.000000000000000000,77.028000000000005798
0.711385344688602039,-1.000000000000000000,77.102000000000003865
0.719641579291248501,-1.000000000000000000,77.191000000000002501
0.507522252800869378,-1.000000000000000000,77.308999999999997499
0.239620309375450091,-1.000000000000000000,77.411000000000001364
0.083357139422600701,-1.000000000000000000,77.528000000000005798
-0.045082604772719637,-1.000000000000000000,77.629000000000004889
-0.151361472602255742,-1.000000000000000000,77.698999999999998067
-0.119368917072784519,1.000000000000000000,77.822000000000002728
-0.162864763499466658,1.000000000000000000,77.918000000000006366
-0.029022686967367983,1.000000000000000000,78.037999999999996703
0.101634559087656395,1.000000000000000000,78.121999999999999886
0.136373535925510492,1.000000000000000000,78.221999999999994202
0.338604614327211895,1.000000000000000000,78.347999999999998977
0.712276305257232956,1.000000000000000000,78.418999999999996930
0.809255241818012339,1.000000000000000000,78.539000000000001478
0.876651459053997106,1.000000000000000000,78.635000000000005116
1.000000000000000000,-1.000000000000000000,78.728999999999999204
0.711617964328879360,-1.000000000000000000,78.850999999999999091
0.318072200698060970,-1.000000000000000000,78.936999999999997613
0.154550383481492304,-1.000000000000000000,79.063000000000002387
0.091174277936542314,-1.000000000000000000,79.150000000000005684
0.017363974201128007,1.000000000000000000,79.230000000000003979
0.199757711987891939,1.000000000000000000,79.349999999999994316
0.268911454744665379,1.000000000000000000,79.453999999999993520
0.187722379731393829,1.000000000000000000,79.569000000000002615
0.189566366583455936,1.000000000000000000,79.659000000000006025
0.330022816866408331,1.000000000000000000,79.737999999999999545
0.292250737029967400,-1.000000000000000000,79.873000000000004661
0.054915792208379388,-1.000000000000000000,79.950000000000002842
-0.065177734352937833,-1.000000000000000000,80.081999999999993634
-0.043744564051009682,-1.000000000000000000,80.164000000000001478
-0.237097739774767668,-1.000000000000000000,80.260999999999995680
-0.216960725621533124,1.000000000000000000,80.382000000000005002
0.041519354802273201,1.000000000000000000,80.468999999999994088
0.313407168110605427,1.000000000000000000,80.587000000000003297
0.394271498119303176,1.000000000000000000,80.680999999999997385
0.386799539144480509,1.000000000000000000,80.760999999999995680
0.316137850018637145,-1.000000000000000000,80.882999999999995566
0.410892794614315493,-1.000000000000000000,80.980000000000003979
0.289734669211914042,-1.000000000000000000,81.096999999999994202
0.253216387480091676,-1.000000000000000000,81.180000000000006821
0.337181326315076024,-1.000000000000000000,81.268000000000000682
0.268117947385661859,-1.000000000000000000,81.388999999999995794
0.056740011973207549,-1.000000000000000000,81.490999999999999659
0.078195773231976240,1.000000000000000000,81.612999999999999545
0.072200698060566948,1.000000000000000000,81.698999999999998067
0.164030113745468054,1.000000000000000000,81.781000000000005912
0.201985745106233683,1.000000000000000000,81.911000000000001364
0.327760897312806332,-1.000000000000000000,81.990999999999999659
0.274132789644305763,-1.000000000000000000,82.109999999999999432
0.001282036800669406,-1.000000000000000000,82.213999999999998636
-0.221653996905038619,-1.000000000000000000,82.298000000000001819
-0.229860161977160415,-1.000000000000000000,82.421000000000006480
-0.462451005862353326,-1.000000000000000000,82.498999999999995225
-0.533923145564830559,1.000000000000000000,82.638999999999995794
-0.207348273486123835,1.000000000000000000,82.709000000000003183
0.104548124385807961,1.000000000000000000,82.808999999999997499
0.417814099016163620,1.000000000000000000,82.932000000000002160
0.779181868498040719,1.000000000000000000,83.013999999999995794
1.000000000000000000,1.000000000000000000,83.149000000000000909
1.000000000000000000,-1.000000000000000000,83.222999999999998977
0.843025386729908677,-1.000000000000000000,83.314999999999997726
0.629208214304963986,-1.000000000000000000,83.435000000000002274
0.523360103487306327,-1.000000000000000000,83.522999999999996135
0.370027283156477038,-1.000000000000000000,83.641999999999995907
0.225711601730507860,1.000000000000000000,83.739999999999994884
0.321628114990852643,1.000000000000000000,83.819000000000002615
0.520220848937247959,1.000000000000000000,83.938999999999992951
0.658560353627901662,1.000000000000000000,84.028999999999996362
0.879386824046809235,1.000000000000000000,84.153999999999996362
1.000000000000000000,1.000000000000000000,84.239999999999994884
0.989675029392749872,-1.000000000000000000,84.338999999999998636
0.764156939553230607,-1.000000000000000000,84.468999999999994088
0.501640811048947199,-1.000000000000000000,84.539000000000001478
0.458701481503709374,-1.000000000000000000,84.667000000000001592
0.361294863156632395,-1.000000000000000000,84.760000000000005116
0.239037390851285503,-1.000000000000000000,84.853999999999999204
0.306767561315595350,-1.000000000000000000,84.971999999999994202
0.262076942171981742,-1.000000000000000000,85.055000000000006821
0.147263814592444087,-1.000000000000000000,85.186000000000007049
0.101656632668371660,-1.000000000000000000,85.259000000000000341
0.046687416629613177,-1.000000000000000000,85.355999999999994543
0.035718669783707302,1.000000000000000000,85.468999999999994088
0.161544190055840309,1.000000000000000000,85.563000000000002387
0.159721975956594653,1.000000000000000000,85.688999999999992951
0.283528875819383241,1.000000000000000000,85.772999999999996135
0.467408827918067038,1.000000000000000000,85.868999999999999773
0.528559386994084779,1.000000000000000000,85.990999999999999659
0.581954624686637834,1.000000000000000000,86.075000000000002842
0.694449066660847603,-1.000000000000000000,86.191000000000002501
0.532874870085410457,-1.000000000000000000,86.296000000000006480
0.420672309710928838,-1.000000000000000000,86.382999999999995566
0.379121463663468994,-1.000000000000000000,86.507000000000005002
0.260931238696407553,-1.000000000000000000,86.579999999999998295
0.126011015120558012,-1.000000000000000000,86.700999999999993406
0.111321459844456960,-1.000000000000000000,86.792000000000001592
0.069304148810515276,-1.000000000000000000,86.888000000000005230
0.075799196370848199,1.000000000000000000,87.003000000000000114
0.270912498260986512,1.000000000000000000,87.096000000000003638
0.424903228974296221,1.000000000000000000,87.222999999999998977
0.534732546435089384,1.000000000000000000,87.299000000000006594
0.692760517967085487,1.000000000000000000,87.394000000000005457
0.706312553363866780,-1.000000000000000000,87.510999999999995680
0.633794979090912758,-1.000000000000000000,87.608999999999994657
0.484253396874412934,-1.000000000000000000,87.721999999999994202
0.318909290291254921,-1.000000000000000000,87.828999999999993520
0.257177695881196655,-1.000000000000000000,87.903999999999996362
0.261643211570514955,1.000000000000000000,88.027000000000001023
0.118741253781503353,1.000000000000000000,88.111999999999994770
0.155572892655768236,999.000000000000000000,88.227999999999994429
0.295845188181796503,999.000000000000000000,88.334000000000003183
0.296404400592493067,999.000000000000000000,88.412999999999996703
0.287705237774389833,999.000000000000000000,88.548000000000001819
0.336086658828600893,999.000000000000000000,88.628000000000000114
0.328855087605398611,999.000000000000000000,88.743999999999999773
0.364835632469238114,999.000000000000000000,88.835999999999998522
0.300316159601951238,999.000000000000000000,88.927000000000006708
0.294595825820338275,999.000000000000000000,89.055999999999997385
0.368960164981301686,999.000000000000000000,89.134000000000000341
0.312667934214798438,999.000000000000000000,89.268000000000000682
0.246890915389798682,999.000000000000000000,89.337999999999993861
0.329419755746930720,999.000000000000000000,89.435000000000002274
0.196237182442367653,999.000000000000000000,89.549999999999997158
0.046013633871359927,999.000000000000000000,89.652000000000001023
0.143548461893084678,999.000000000000000000,89.769000000000005457
0.236047650353123473,999.000000000000000000,89.867000000000004434
0.097942055596779376,999.000000000000000000,89.953000000000002956
-0.088941849699002429,999.000000000000000000,90.070999999999997954
0.023592003798798444,999.000000000000000000,90.153000000000005798
-0.039402491957650110,999.000000000000000000,90.268000000000000682
-0.175543903531944490,999.000000000000000000,90.367000000000004434
-0.055410276817302262,999.000000000000000000,90.468000000000003524
0.060205589850256924,999.000000000000000000,90.590999999999993975
-0.083948074183558430,999.000000000000000000,90.665999999999996817
-0.239651955243744386,999.000000000000000000,90.787999999999996703
-0.111760220972304203,999.000000000000000000,90.876000000000004775
-0.110810521598972200,999.000000000000000000,90.971999999999994202
-0.290521063930818890,1.000000000000000000,91.078000000000002956
-0.060359414396638944,1.000000000000000000,91.188000000000002387
0.073695333765826154,1.000000000000000000,91.296999999999997044
-0.066422107931326080,1.000000000000000000,91.382999999999995566
-0.006413814781869753,1.000000000000000000,91.472999999999998977
0.284130657232094963,1.000000000000000000,91.597999999999998977
0.349014519699575088,1.000000000000000000,91.691000000000002501
0.424335043238074583,1.000000000000000000,91.813999999999992951
0.265029661385358439,1.000000000000000000,91.897000000000005571
0.207231760087213113,1.000000000000000000,91.980000000000003979
0.422408892396386682,1.000000000000000000,92.100999999999999091
0.549220510831255782,1.000000000000000000,92.198999999999998067
0.496866660870380450,1.000000000000000000,92.310000000000002274
0.772965001571686905,1.000000000000000000,92.411000000000001364
1.000000000000000000,1.000000000000000000,92.503000000000000114
0.820152237991629729,1.000000000000000000,92.620999999999995111
0.746817840056955840,1.000000000000000000,92.697000000000002728
0.937637649626390512,1.000000000000000000,92.826999999999998181
1.000000000000000000,-1.000000000000000000,92.908000000000001251
0.812446026566466140,-1.000000000000000000,92.998999999999995225
0.575506773459903753,-1.000000000000000000,93.121999999999999886
0.214436863443092651,-1.000000000000000000,93.218999999999994088
-0.028319984178780122,1.000000000000000000,93.340999999999993975
0.073789511849434053,1.000000000000000000,93.421999999999997044
0.036227298197040403,1.000000000000000000,93.516000000000005343
-0.051313490886317537,1.000000000000000000,93.629999999999995453
0.011068261973037563,1.000000000000000000,93.734999999999999432
0.090385312633904036,-1.000000000000000000,93.853999999999999204
-0.248828240878077200,-1.000000000000000000,93.938000000000002387
-0.345301427205905842,1.000000000000000000,94.028000000000005798
-0.068964039684893619,1.000000000000000000,94.137000000000000455
0.144826790599559052,1.000000000000000000,94.230999999999994543
0.109687201292066883,-1.000000000000000000,94.353999999999999204
0.043000758100135261,-1.000000000000000000,94.447999999999993292
-0.029358251755167042,-1.000000000000000000,94.537999999999996703
-0.048933715679488676,1.000000000000000000,94.664000000000001478
0.145650812485579317,1.000000000000000000,94.742999999999994998
0.501315138930089832,1.000000000000000000,94.867999999999994998
0.570635156069745131,1.000000000000000000,94.950999999999993406
0.695441510926530171,1.000000000000000000,95.051000000000001933
0.776274761857675744,-1.000000000000000000,95.165000000000006253
0.478529285737829380,-1.000000000000000000,95.257000000000005002
-0.034968192755199357,-1.000000000000000000,95.384000000000000341
-0.049724776690069028,-1.000000000000000000,95.469999999999998863
-0.064352813210718729,-1.000000000000000000,95.555999999999997385
-0.161828010151950030,1.000000000000000000,95.671000000000006480
-0.060301921619038246,1.000000000000000000,95.771000000000000796
-0.033158640693496833,1.000000000000000000,95.888999999999995794
-0.069174989287714927,1.000000000000000000,95.974999999999994316
0.053380137776459335,1.000000000000000000,96.067999999999997840
0.183476713141500936,1.000000000000000000,96.177000000000006708
0.095154751310194685,1.000000000000000000,96.271000000000000796
0.112617423118757554,1.000000000000000000,96.388999999999995794
0.186726655459968249,-1.000000000000000000,96.492999999999994998
-0.002940110089324377,-1.000000000000000000,96.576999999999998181
-0.234137578694090132,-1.000000000000000000,96.707999999999998408
-0.241342826065460536,1.000000000000000000,96.783000000000001251
-0.162760802926925741,1.000000000000000000,96.900000000000005684
-0.077227331157915580,1.000000000000000000,96.992999999999994998
0.262853093378160541,1.000000000000000000,97.096999999999994202
0.633534394673522128,1.000000000000000000,97.203000000000002956
0.693213355746729487,1.000000000000000000,97.305999999999997385
0.893533076238505641,1.000000000000000000,97.427999999999997272
1.000000000000000000,1.000000000000000000,97.501000000000004775
1.000000000000000000,-1.000000000000000000,97.587000000000003297
0.781238479262672980,-1.000000000000000000,97.709000000000003183
0.638502304147466004,-1.000000000000000000,97.808000000000006935
0.400879824173394628,-1.000000000000000000,97.918999999999996930
-0.213124607933904642,-1.000000000000000000,98.016999999999995907
-0.759235614830234717,-1.000000000000000000,98.105000000000003979
-0.838982110692235050,1.000000000000000000,98.221999999999994202
-0.659677552741084861,1.000000000000000000,98.313000000000002387
-0.515619106401948413,1.000000000000000000,98.433999999999997499
-0.179157312549544812,1.000000000000000000,98.525999999999996248
0.189492729506163249,1.000000000000000000,98.614000000000004320
0.251852165616785362,-1.000000000000000000,98.742999999999994998
-0.003834431622664058,-1.000000000000000000,98.817999999999997840
-0.138388489847127483,-1.000000000000000000,98.947000000000002728
-0.352991602977988927,-1.000000000000000000,99.028999999999996362
-0.761611711858902973,-1.000000000000000000,99.118999999999999773
-1.000000000000000000,1.000000000000000000,99.243999999999999773
-0.816495115330571508,1.000000000000000000,99.346000000000003638
-0.808748434150278195,1.000000000000000000,99.465999999999993975
-1.000000000000000000,1.000000000000000000,99.540000000000006253
-0.964127339003646111,1.000000000000000000,99.629000000000004889
-0.748312029161603665,1.000000000000000000,99.748999999999995225
-0.540269258809235264,1.000000000000000000,99.852999999999994429
-0.206038396111786870,1.000000000000000000,99.972999999999998977
0.187165006075333817,1.000000000000000000,100.060000000000002274
0.449020656136087437,1.000000000000000000,100.138999999999995794
0.739233049817740850,1.000000000000000000,100.260999999999995680
0.884263426488456572,-1.000000000000000000,100.347999999999998977
0.488676549210205202,-1.000000000000000000,100.474999999999994316
0.033207290400971701,-1.000000000000000000,100.575000000000002842
-0.173435722964762618,-1.000000000000000000,100.656999999999996476
-0.476941919805589531,-1.000000000000000000,100.790999999999996817
-0.931831834750910803,-1.000000000000000000,100.858000000000004093
-1.000000000000000000,1.000000000000000000,100.986000000000004206
-0.852258397451566618,1.000000000000000000,101.076999999999998181
-0.744962693082213967,1.000000000000000000,101.171999999999997044
-0.704951363264227693,-1.000000000000000000,101.293000000000006366
-0.792656570712418795,-1.000000000000000000,101.390000000000000568
-0.846826292937873482,1.000000000000000000,101.506000000000000227
-0.532769170478838427,1.000000000000000000,101.584999999999993747
-0.080170102472772009,1.000000000000000000,101.668000000000006366
0.116825167716227751,1.000000000000000000,101.792000000000001592
0.370256123727819242,1.000000000000000000,101.888999999999995794
0.629860278511758631,-1.000000000000000000,102.007000000000005002
0.228831282713879647,-1.000000000000000000,102.112999999999999545
-0.436865365289627272,-1.000000000000000000,102.180999999999997385
-0.737144342657152896,-1.000000000000000000,102.310000000000002274
-0.885514517299311521,-1.000000000000000000,102.391000000000005343
-1.000000000000000000,1.000000000000000000,102.509000000000000341
-0.685913045477448247,1.000000000000000000,102.608000000000004093
-0.355100382986142882,1.000000000000000000,102.700999999999993406
-0.301091481767445046,1.000000000000000000,102.823999999999998067
-0.156514691992159394,1.000000000000000000,102.897999999999996135
0.137620198064569266,1.000000000000000000,103.022999999999996135
0.385382919086275644,1.000000000000000000,103.111999999999994770
0.506513063486802917,1.000000000000000000,103.219999999999998863
0.416788165938948518,-1.000000000000000000,103.331999999999993634
0.357027766974294503,-1.000000000000000000,103.424999999999997158
0.177378719458340273,-1.000000000000000000,103.551000000000001933
-0.280376893616450906,-1.000000000000000000,103.617000000000004434
-0.570668511028811998,1.000000000000000000,103.710999999999998522
-0.379075813630014968,1.000000000000000000,103.829999999999998295
-0.305444380794365422,1.000000000000000000,103.930999999999997385
-0.373010110144438078,-1.000000000000000000,104.051000000000001933
-0.420397700167256749,-1.000000000000000000,104.138000000000005230
-0.682146408379329161,-1.000000000000000000,104.221000000000003638
-0.795478885949063130,-1.000000000000000000,104.344999999999998863
-0.795482717726375688,-1.000000000000000000,104.444000000000002615
-0.854840780073224615,-1.000000000000000000,104.552000000000006708
-1.000000000000000000,1.000000000000000000,104.647999999999996135
-0.884628204351251446,1.000000000000000000,104.745999999999995111
-0.714748348584933968,1.000000000000000000,104.873999999999995225
-0.779316405066359796,1.000000000000000000,104.944000000000002615
-0.713384794860917215,1.000000000000000000,105.069999999999993179
-0.349899248530392559,1.000000000000000000,105.149000000000000909
0.026964274892429918,1.000000000000000000,105.250000000000000000
0.228205866311131045,1.000000000000000000,105.367000000000004434
0.523525089388521270,1.000000000000000000,105.462000000000003297
0.674428822495607205,1.000000000000000000,105.590000000000003411
0.764196109326706008,1.000000000000000000,105.659999999999996589
0.760794800315131470,-1.000000000000000000,105.750000000000000000
0.337805284528210237,-1.000000000000000000,105.873999999999995225
-0.079904248227379848,-1.000000000000000000,105.971000000000003638
-0.179405793588268248,-1.000000000000000000,106.094999999999998863
-0.396453245257863851,-1.000000000000000000,106.179000000000002046
-0.718941276286285791,1.000000000000000000,106.260000000000005116
-0.677500606023878404,1.000000000000000000,106.391000000000005343
-0.523491000545422192,1.000000000000000000,106.468999999999994088
-0.558587358341919638,1.000000000000000000,106.593999999999994088
-0.558920671474456565,1.000000000000000000,106.694000000000002615
-0.428383128295255489,1.000000000000000000,106.780000000000001137
-0.164016574753045430,1.000000000000000000,106.908000000000001251
-0.105497394097327613,-1.000000000000000000,106.980999999999994543
-0.325593903399793994,-1.000000000000000000,107.123000000000004661
-0.494428367977699512,-1.000000000000000000,107.191000000000002501
-0.566696715350585967,-1.000000000000000000,107.290999999999996817
-0.846513090115752043,-1.000000000000000000,107.415000000000006253
-0.941139930913279077,1.000000000000000000,107.496999999999999886
-0.698616750499970740,1.000000000000000000,107.631000000000000227
-0.430954942124720186,1.000000000000000000,107.697999999999993292
-0.200953730076964598,1.000000000000000000,107.796000000000006480
0.195435125143930799,1.000000000000000000,107.912000000000006139
0.515112720441185612,1.000000000000000000,108.004000000000004889
0.673356917762561125,1.000000000000000000,108.125000000000000000
0.730183019210956630,-1.000000000000000000,108.218999999999994088
0.386491727774074922,-1.000000000000000000,108.299999999999997158
-0.102637718926125832,-1.000000000000000000,108.424999999999997158
-0.383128295254833051,-1.000000000000000000,108.516999999999995907
-0.579722441064178917,-1.000000000000000000,108.628000000000000114
-0.706820798739470457,1.000000000000000000,108.733999999999994657
-0.450302254408823766,1.000000000000000000,108.822999999999993292
-0.154305042118659808,1.000000000000000000,108.941000000000002501
0.027176383249500669,1.000000000000000000,109.027000000000001023
0.132298800072722100,-1.000000000000000000,109.141999999999995907
0.010332707108659189,-1.000000000000000000,109.233999999999994657
-0.177038512817405791,-1.000000000000000000,109.334000000000003183
-0.207911641718684814,-1.000000000000000000,109.453000000000002956
-0.482224562147749336,-1.000000000000000000,109.539000000000001478
-0.687458335858432523,-1.000000000000000000,109.665000000000006253
-0.543254954245197541,1.000000000000000000,109.740999999999999659
-0.492242894370037765,1.000000000000000000,109.838999999999998636
-0.613572662262892310,1.000000000000000000,109.954999999999998295
-0.387722713774922290,1.000000000000000000,110.049999999999997158
-0.059928186170535080,1.000000000000000000,110.162999999999996703
0.036876552936184304,-1.000000000000000000,110.259000000000000341
-0.101501424156112963,-1.000000000000000000,110.349000000000003752
-0.192594388218897072,-1.000000000000000000,110.462000000000003297
-0.194200351493849954,-1.000000000000000000,110.549000000000006594
-0.420826768074661683,-1.000000000000000000,110.668999999999996930
-0.827567268650385879,-1.000000000000000000,110.766999999999995907
-0.929098994000363776,-1.000000000000000000,110.859999999999999432
-0.932159414580935319,-1.000000000000000000,110.977000000000003865
-1.000000000000000000,1.000000000000000000,111.061000000000007049
-0.816196988964278836,1.000000000000000000,111.180000000000006821
-0.376511075738308887,1.000000000000000000,111.272999999999996135
-0.070633953740674937,-1.000000000000000000,111.359999999999999432
-0.055858002898990122,-1.000000000000000000,111.481999999999999318
-0.170238232861729344,-1.000000000000000000,111.578000000000002956
-0.420671747307764576,-1.000000000000000000,111.703999999999993520
-0.511287382284154601,-1.000000000000000000,111.780000000000001137
-0.753625070029256827,-1.000000000000000000,111.876000000000004775
-0.718438814438031703,1.000000000000000000,111.989999999999994884
-0.632600286341848839,1.000000000000000000,112.084000000000003183
-0.707010039749940145,1.000000000000000000,112.200999999999993406
-0.792809440388428266,1.000000000000000000,112.307000000000002160
-0.486203124861051994,1.000000000000000000,112.387000000000000455
-0.406493379456305370,-1.000000000000000000,112.504999999999995453
-0.417868798520271478,-1.000000000000000000,112.588999999999998636
-0.469349861720007921,-1.000000000000000000,112.724999999999994316
-0.613474073612976012,-1.000000000000000000,112.807000000000002160
-0.549148449105068881,1.000000000000000000,112.905000000000001137
-0.082191703646391501,1.000000000000000000,113.028000000000005798
0.466864726506529326,1.000000000000000000,113.099999999999994316
1.000000000000000000,1.000000000000000000,113.219999999999998863
1.000000000000000000,-1.000000000000000000,113.319000000000002615
0.990152865188393516,-1.000000000000000000,113.411000000000001364
0.790879219207027084,-1.000000000000000000,113.525000000000005684
0.614325566007233537,-1.000000000000000000,113.617999999999994998
0.481398269081832142,-1.000000000000000000,113.739000000000004320
0.353641169084086604,-1.000000000000000000,113.820999999999997954
0.378914679719984493,-1.000000000000000000,113.920000000000001705
0.293743279721488504,-1.000000000000000000,114.028000000000005798
0.132384411209612196,-1.000000000000000000,114.118999999999999773
-0.049953005045379362,-1.000000000000000000,114.245000000000004547
-0.000991029603062188,1.000000000000000000,114.343999999999994088
0.194901987322640968,1.000000000000000000,114.421000000000006480
0.248222086876753290,1.000000000000000000,114.537000000000006139
0.288744520388291903,1.000000000000000000,114.635999999999995680
0.544550465062071165,1.000000000000000000,114.748999999999995225
0.550556796222358091,-1.000000000000000000,114.844999999999998863
0.312041987172257285,-1.000000000000000000,114.938999999999992951
0.406455978886107072,-1.000000000000000000,115.067999999999997840
0.539804350604918604,-1.000000000000000000,115.140000000000000568
0.403475370884181173,-1.000000000000000000,115.271000000000000796
0.104825065980915344,-1.000000000000000000,115.361000000000004206
-0.106422142518778462,-1.000000000000000000,115.451999999999998181
-0.318430293323709646,1.000000000000000000,115.569999999999993179
-0.225231403156556764,1.000000000000000000,115.659000000000006025
-0.172711345709924746,1.000000000000000000,115.787000000000006139
-0.058569999924808269,1.000000000000000000,115.858999999999994657
0.220683795387726533,1.000000000000000000,115.954999999999998295
0.369392374034723359,-1.000000000000000000,116.070999999999997954
0.127737550096621355,-1.000000000000000000,116.165999999999996817
0.024986277473250551,-1.000000000000000000,116.289000000000001478
0.085810531381351529,-1.000000000000000000,116.388000000000005230
-0.037197446482144847,-1.000000000000000000,116.457999999999998408
-0.346143030084289149,-1.000000000000000000,116.584999999999993747
-0.644116607641003647,-1.000000000000000000,116.679000000000002046
-0.957369184844315324,-1.000000000000000000,116.787999999999996703
-1.000000000000000000,1.000000000000000000,116.894000000000005457
-0.736555593160059141,1.000000000000000000,116.977000000000003865
-0.159216194666406574,1.000000000000000000,117.105000000000003979
0.411233931244945339,1.000000000000000000,117.177999999999997272
1.000000000000000000,-1.000000000000000000,117.313999999999992951
1.000000000000000000,-1.000000000000000000,117.391999999999995907
0.891741588424276532,-1.000000000000000000,117.490999999999999659
0.689106666998728912,-1.000000000000000000,117.609999999999999432
0.564677608148829391,-1.000000000000000000,117.700999999999993406
0.394107538664607571,-1.000000000000000000,117.829999999999998295
0.356232411027818552,-1.000000000000000000,117.903000000000005798
0.383122058127661980,-1.000000000000000000,117.998999999999995225
0.295472318382187904,-1.000000000000000000,118.120999999999995111
0.231890518765720755,-1.000000000000000000,118.210999999999998522
0.331589171419320428,-1.000000000000000000,118.329999999999998295
0.368440714267925351,-1.000000000000000000,118.430000000000006821
0.180335217791946167,-1.000000000000000000,118.500000000000000000
0.075620750628844213,-1.000000000000000000,118.618999999999999773
0.107189998256667751,-1.000000000000000000,118.712000000000003297
-0.047916718551541448,-1.000000000000000000,118.831000000000003070
-0.120805419271287962,-1.000000000000000000,118.924999999999997158
-0.004475381665130840,-1.000000000000000000,119.028000000000005798
0.041523671954773134,-1.000000000000000000,119.140000000000000568
-0.109844843473713483,-1.000000000000000000,119.218000000000003524
-0.285445670311059718,-1.000000000000000000,119.346000000000003638
-0.451821781685054824,1.000000000000000000,119.430999999999997385
-0.394017881602868547,1.000000000000000000,119.530000000000001137
-0.333940178816028443,1.000000000000000000,119.650000000000005684
-0.331235524120239710,1.000000000000000000,119.737999999999999545
-0.150287649739745066,1.000000000000000000,119.867000000000004434
0.037870146688915307,1.000000000000000000,119.936999999999997613
-0.073214952805518263,1.000000000000000000,120.040000000000006253
-0.118760740168854628,1.000000000000000000,120.149000000000000909
0.030393743929469919,-1.000000000000000000,120.254000000000004889
-0.058468856623416054,-1.000000000000000000,120.376000000000004775
-0.264978955495230539,-1.000000000000000000,120.456999999999993634
-0.481548078599357110,-1.000000000000000000,120.542000000000001592
-0.745847134709735293,-1.000000000000000000,120.662000000000006139
-0.907720469205290037,1.000000000000000000,120.751000000000004775
-0.715117176798744980,1.000000000000000000,120.868999999999999773
-0.434104550095882891,1.000000000000000000,120.965000000000003411
-0.236834109531044223,1.000000000000000000,121.058999999999997499
0.088815281548078495,1.000000000000000000,121.188000000000002387
0.189609742734042408,-1.000000000000000000,121.263999999999995794
0.067235324882324976,-1.000000000000000000,121.379000000000004889
-0.039337035837920253,-1.000000000000000000,121.471000000000003638
0.005638432993798181,-1.000000000000000000,121.567999999999997840
-0.076935720867681745,-1.000000000000000000,121.688000000000002387
-0.155545040221153785,-1.000000000000000000,121.784999999999996589
-0.434470649764649441,-1.000000000000000000,121.912000000000006139
-0.698652653599979523,-1.000000000000000000,121.983000000000004093
-0.756287201454435731,-1.000000000000000000,122.069000000000002615
-0.753831594152366669,-1.000000000000000000,122.194999999999993179
-0.853831594152367090,1.000000000000000000,122.283000000000001251
-0.734141907204941213,1.000000000000000000,122.406999999999996476
-0.584282618982392088,1.000000000000000000,122.501000000000004775
-0.631768485542798741,1.000000000000000000,122.581999999999993634
-0.696084974970736958,1.000000000000000000,122.700000000000002842
-0.610240828829725634,1.000000000000000000,122.796000000000006480
-0.515152043433865447,-1.000000000000000000,122.921999999999997044
-0.554401912683983755,-1.000000000000000000,123.004000000000004889
-0.730951610091400417,-1.000000000000000000,123.106999999999999318
-0.950840534953801830,-1.000000000000000000,123.216999999999998749
-0.975324384230318642,1.000000000000000000,123.310000000000002274
-0.939384354842726754,1.000000000000000000,123.427999999999997272
-1.000000000000000000,1.000000000000000000,123.507999999999995566
-0.887049516372239166,1.000000000000000000,123.609999999999999432
-0.657461516755113773,1.000000000000000000,123.731999999999999318
-0.633643735214888926,1.000000000000000000,123.817999999999997840
-0.655380568618457060,1.000000000000000000,123.944999999999993179
-0.485975975863985665,1.000000000000000000,124.037000000000006139
-0.400122569585588339,1.000000000000000000,124.115999999999999659
-0.425715496848122044,-1.000000000000000000,124.236000000000004206
-0.502703119308936630,-1.000000000000000000,124.332999999999998408
-0.653147962373871849,-1.000000000000000000,124.453000000000002956
-0.698138210260293324,1.000000000000000000,124.536000000000001364
-0.476443890850913876,1.000000000000000000,124.623000000000004661
-0.257191018359333778,1.000000000000000000,124.739999999999994884
-0.182637384220844856,1.000000000000000000,124.829999999999998295
-0.129584394629314259,1.000000000000000000,124.950000000000002842
-0.096893370676034318,-1.000000000000000000,125.051000000000001933
-0.304505861834491021,-1.000000000000000000,125.153999999999996362
-0.414393348921798244,1.000000000000000000,125.269000000000005457
-0.308603116947048672,1.000000000000000000,125.338999999999998636
-0.174621880287056719,1.000000000000000000,125.466999999999998749
-0.210989991807976618,-1.000000000000000000,125.558999999999997499
-0.278671773318367455,-1.000000000000000000,125.649000000000000909
-0.314716679035504932,1.000000000000000000,125.766000000000005343
-0.167921575354811781,1.000000000000000000,125.864000000000004320
0.108178225624998792,1.000000000000000000,125.989000000000004320
0.268644934805659208,1.000000000000000000,126.061999999999997613
0.321454276945107864,1.000000000000000000,126.150999999999996248
0.326481370293159046,-1.000000000000000000,126.272000000000005571
0.215723713734132350,-1.000000000000000000,126.376000000000004775
-0.076807373070244322,-1.000000000000000000,126.490999999999999659
-0.257631075492174677,-1.000000000000000000,126.578999999999993520
-0.286737001221966770,-1.000000000000000000,126.658000000000001251
-0.346462947562344414,-1.000000000000000000,126.792000000000001592
-0.433358071008315804,-1.000000000000000000,126.882000000000005002
-0.459654592443697219,-1.000000000000000000,126.987999999999999545
-0.532766231457621475,-1.000000000000000000,127.096000000000003638
-0.511081608222355932,1.000000000000000000,127.180999999999997385
-0.186911159426235707,1.000000000000000000,127.308999999999997499
-0.101485379288227651,1.000000000000000000,127.379999999999995453
-0.092756336387628702,1.000000000000000000,127.504999999999995453
0.109152815433325445,1.000000000000000000,127.587999999999993861
0.221121250657288604,-1.000000000000000000,127.686999999999997613
-0.035854711532604888,-1.000000000000000000,127.811000000000007049
-0.089211017339991039,-1.000000000000000000,127.899000000000000909
-0.056743751250868391,-1.000000000000000000,128.031000000000005912
-0.115276322315744917,-1.000000000000000000,128.098000000000013188
-0.119162250556597571,-1.000000000000000000,128.197000000000002728
-0.102494775875420885,1.000000000000000000,128.313999999999992951
-0.142022845677930332,1.000000000000000000,128.397999999999996135
-0.078470639860475644,1.000000000000000000,128.526999999999986812
0.113284877324750344,1.000000000000000000,128.629999999999995453
0.257041846449893807,-1.000000000000000000,128.703000000000002956
0.052285997357170322,-1.000000000000000000,128.825999999999993406
0.004265073510673956,-1.000000000000000000,128.907999999999987040
-0.107668554934421179,-1.000000000000000000,129.030000000000001137
-0.397126700404381250,-1.000000000000000000,129.147999999999996135
-0.601569288487285414,1.000000000000000000,129.217000000000012960
-0.408135587320885729,1.000000000000000000,129.349999999999994316
-0.314264190910210184,1.000000000000000000,129.425999999999987722
-0.159016012361379522,1.000000000000000000,129.555000000000006821
0.166760520659687161,1.000000000000000000,129.633999999999986130
0.446428016473550127,1.000000000000000000,129.722000000000008413
0.754080162497932749,1.000000000000000000,129.848999999999989541
1.000000000000000000,-1.000000000000000000,129.937999999999988177
1.000000000000000000,-1.000000000000000000,130.070999999999997954
1.000000000000000000,-1.000000000000000000,130.150000000000005684
1.000000000000000000,-1.000000000000000000,130.229999999999989768
0.973762117870672128,-1.000000000000000000,130.348999999999989541
0.933447336214551671,-1.000000000000000000,130.454000000000007731
0.766308274223775232,-1.000000000000000000,130.568000000000012051
0.495437732320120228,-1.000000000000000000,130.669000000000011141
0.324041414800571026,-1.000000000000000000,130.742999999999994998
0.336478921495265482,2.000000000000000000,130.865000000000009095
0.286080126654110645,2.000000000000000000,130.954000000000007731
0.261589512140090852,2.000000000000000000,131.069999999999993179
0.276944196070775028,2.000000000000000000,131.162000000000006139
0.264152677763587418,2.000000000000000000,131.259999999999990905
0.248752412938591849,2.000000000000000000,131.385999999999995680
0.280975066491129466,2.000000000000000000,131.461000000000012733
0.247754191353151354,-1.000000000000000000,131.587999999999993861
0.137867771344962531,-1.000000000000000000,131.674000000000006594
0.069511623507889642,-1.000000000000000000,131.774000000000000909
-0.018371379452589265,-1.000000000000000000,131.893000000000000682
-0.096677836518045956,1.000000000000000000,131.979000000000013415
-0.092207870149148996,1.000000000000000000,132.104999999999989768
-0.054960682680248452,1.000000000000000000,132.181000000000011596
-0.103363034350522076,-1.000000000000000000,132.270000000000010232
-0.196383004100002090,-1.000000000000000000,132.389999999999986358
-0.354405887228310013,-1.000000000000000000,132.487999999999999545
-0.487819645517385436,1.000000000000000000,132.606999999999999318
-0.367758050535538450,1.000000000000000000,132.709000000000003183
-0.210365703111884073,1.000000000000000000,132.777999999999991587
-0.111999094459567572,1.000000000000000000,132.908999999999991815
-0.020926948260367895,1.000000000000000000,132.991999999999990223
0.092812576680357806,1.000000000000000000,133.115000000000009095
-0.056682121122111462,-1.000000000000000000,133.201999999999998181
-0.207208466499182897,-1.000000000000000000,133.302999999999997272
-0.210511561973683703,1.000000000000000000,133.429000000000002046
-0.185019687147935374,1.000000000000000000,133.501000000000004775
-0.192956840210857905,1.000000000000000000,133.617999999999994998
-0.141018930505090290,1.000000000000000000,133.712999999999993861
-0.081376330297393329,1.000000000000000000,133.811000000000007049
-0.072977290838773023,1.000000000000000000,133.932999999999992724
-0.046718137625433642,1.000000000000000000,134.020999999999986585
0.019308826512278054,1.000000000000000000,134.161000000000001364
0.016350626471407503,-1.000000000000000000,134.223000000000013188
-0.077321150066738897,-1.000000000000000000,134.312000000000011823
-0.121817219094444873,-1.000000000000000000,134.431999999999987949
-0.190914816145665522,-1.000000000000000000,134.530000000000001137
-0.378812936769424291,-1.000000000000000000,134.650000000000005684
-0.495386073973233865,-1.000000000000000000,134.739000000000004320
-0.503449334177086594,-1.000000000000000000,134.831999999999993634
-0.579800370876543791,-1.000000000000000000,134.953000000000002956
-0.553907384180846951,1.000000000000000000,135.038999999999987267
-0.407820617909797623,1.000000000000000000,135.155000000000001137
-0.341936473907597405,1.000000000000000000,135.252000000000009550
-0.339020816034751427,1.000000000000000000,135.353000000000008640
-0.226999690809601029,1.000000000000000000,135.465000000000003411
-0.156344746536042467,1.000000000000000000,135.539999999999992042
-0.200951729073242102,1.000000000000000000,135.669000000000011141
-0.155689901021088373,1.000000000000000000,135.756000000000000227
-0.089453264769539631,-1.000000000000000000,135.841000000000008185
-0.156864368731202908,-1.000000000000000000,135.960000000000007958
-0.321399242293600507,-1.000000000000000000,136.068999999999988404
-0.472931406071831151,-1.000000000000000000,136.176999999999992497
-0.605403159211784780,1.000000000000000000,136.264000000000010004
-0.605901510322933268,1.000000000000000000,136.350999999999999091
-0.514630327551903965,1.000000000000000000,136.468999999999994088
-0.499851482252698931,1.000000000000000000,136.574999999999988631
-0.417903111731686927,1.000000000000000000,136.694999999999993179
-0.354961974138920722,-1.000000000000000000,136.776000000000010459
-0.426229221759407695,-1.000000000000000000,136.861999999999994770
-0.575780135998195330,-1.000000000000000000,136.979000000000013415
-0.594257111189274267,-1.000000000000000000,137.073000000000007503
-0.591248772164659320,-1.000000000000000000,137.193000000000012051
-0.581495980144962399,-1.000000000000000000,137.286000000000001364
-0.629314896368039056,-1.000000000000000000,137.375000000000000000
-0.742680657975403613,-1.000000000000000000,137.498999999999995225
-0.830537831762438561,-1.000000000000000000,137.581999999999993634
-0.865644236561802893,-1.000000000000000000,137.700999999999993406
-0.902479676618748505,-1.000000000000000000,137.790999999999996817
-0.919378033503476466,1.000000000000000000,137.894000000000005457
-0.858012475490773641,1.000000000000000000,138.007000000000005002
-0.746684179859170793,1.000000000000000000,138.104000000000013415
-0.774535625647153947,1.000000000000000000,138.228000000000008640
-0.848600020815275413,1.000000000000000000,138.301999999999992497
-0.782226641880789608,1.000000000000000000,138.397999999999996135
-0.655467694161315340,1.000000000000000000,138.509999999999990905
-0.651453536735541849,1.000000000000000000,138.615000000000009095
-0.650165116789646946,1.000000000000000000,138.729000000000013415
-0.556782148224500784,1.000000000000000000,138.820999999999997954
-0.451721632134811979,1.000000000000000000,138.907999999999987040
-0.434346200915397107,1.000000000000000000,139.027999999999991587
-0.441248877919191984,1.000000000000000000,139.120000000000004547
-0.390588611532853847,1.000000000000000000,139.231999999999999318
-0.428518505032146724,1.000000000000000000,139.324999999999988631
-0.530135092988242795,1.000000000000000000,139.425999999999987722
-0.603944658262077549,1.000000000000000000,139.544999999999987494
-0.486140026185844287,1.000000000000000000,139.621000000000009322
-0.367885770194684381,-1.000000000000000000,139.748999999999995225
-0.398751502044681128,-1.000000000000000000,139.830999999999988859
-0.446720357672658830,-1.000000000000000000,139.931999999999987949
-0.407178784083947476,-1.000000000000000000,140.043000000000006366
-0.452521139448324838,-1.000000000000000000,140.139999999999986358
-0.581143659590368289,-1.000000000000000000,140.258999999999986130
-0.647135468202565400,-1.000000000000000000,140.348000000000013188
-0.659458963110258312,-1.000000000000000000,140.435000000000002274
-0.762772723026919230,-1.000000000000000000,140.551999999999992497
-0.911067872629777620,1.000000000000000000,140.650000000000005684
-0.904994783412677806,1.000000000000000000,140.770999999999986585
-0.746763578563072294,1.000000000000000000,140.860000000000013642
-0.591567335139218109,1.000000000000000000,140.943999999999988404
-0.470596337464913139,1.000000000000000000,141.062999999999988177
-0.350105044178716795,1.000000000000000000,141.153999999999996362
-0.274956106256897370,-1.000000000000000000,141.270000000000010232
-0.365700977932015392,-1.000000000000000000,141.372999999999990450
-0.495659704356444686,-1.000000000000000000,141.459000000000003183
-0.488736445976262535,-1.000000000000000000,141.579000000000007731
-0.455364535755392819,-1.000000000000000000,141.662000000000006139
-0.524308980287792048,-1.000000000000000000,141.783999999999991815
-0.560839340192737623,-1.000000000000000000,141.871000000000009322
-0.502008267380577133,-1.000000000000000000,141.973999999999989541
-0.492238446327728840,-1.000000000000000000,142.088999999999998636
-0.556415927452232006,-1.000000000000000000,142.179000000000002046
-0.578265433261721418,-1.000000000000000000,142.314999999999997726
-0.558619717908489188,-1.000000000000000000,142.377999999999985903
-0.597882651324570746,-1.000000000000000000,142.474999999999994316
-0.700970016100969762,-1.000000000000000000,142.588999999999998636
-0.714727874624588422,-1.000000000000000000,142.683999999999997499
-0.683805148193826318,-1.000000000000000000,142.807999999999992724
-0.710622681626689068,-1.000000000000000000,142.914999999999992042
-0.765600287505996735,-1.000000000000000000,142.979000000000013415
-0.744703857741527031,-1.000000000000000000,143.100999999999999091
-0.737665027017014863,-1.000000000000000000,143.189999999999997726
-0.780094326031167018,-1.000000000000000000,143.310000000000002274
-0.843434303454980938,-1.000000000000000000,143.403999999999996362
-0.826245687805851614,1.000000000000000000,143.508999999999986130
-0.737652361554622882,1.000000000000000000,143.623999999999995225
-0.671399327780584310,-1.000000000000000000,143.699999999999988631
-0.694668948560808408,-1.000000000000000000,143.822000000000002728
-0.716364885638791082,-1.000000000000000000,143.908999999999991815
-0.770576231043365700,-1.000000000000000000,144.009999999999990905
-0.872618695172401315,-1.000000000000000000,144.132000000000005002
-1.000000000000000000,-1.000000000000000000,144.233000000000004093
-1.000000000000000000,1.000000000000000000,144.343999999999994088
-0.902758022816021355,1.000000000000000000,144.424000000000006594
-0.779932027587899590,1.000000000000000000,144.510999999999995680
-0.736162704166570370,1.000000000000000000,144.634999999999990905
-0.697562659669957341,1.000000000000000000,144.721000000000003638
-0.675308215762541075,1.000000000000000000,144.843999999999994088
-0.662737155438943515,-1.000000000000000000,144.939999999999997726
-0.754538270922997523,-1.000000000000000000,145.040999999999996817
-0.868471081037537784,1.000000000000000000,145.161000000000001364
-0.844582537380990317,1.000000000000000000,145.229000000000013415
-0.794404167337951606,-1.000000000000000000,145.350999999999999091
-0.859956884316477876,-1.000000000000000000,145.448000000000007503
-0.914994623701893550,-1.000000000000000000,145.551999999999992497
-0.879160127239976608,1.000000000000000000,145.664999999999992042
-0.796715727505760030,1.000000000000000000,145.748999999999995225
-0.776755179733616408,1.000000000000000000,145.858000000000004093
-0.776547141077114311,1.000000000000000000,145.953000000000002956
-0.731307397664866299,1.000000000000000000,146.054000000000002046
-0.582376926758869429,1.000000000000000000,146.163999999999987267
-0.451298376712930271,1.000000000000000000,146.258999999999986130
-0.343296849423471273,1.000000000000000000,146.385999999999995680
-0.317744863164258873,1.000000000000000000,146.465000000000003411
-0.287194256042609841,-1.000000000000000000,146.550999999999987722
-0.346426106532052747,-1.000000000000000000,146.671999999999997044
-0.548911134093056918,-1.000000000000000000,146.762000000000000455
-0.658176186076842695,1.000000000000000000,146.881000000000000227
-0.513254792705404084,1.000000000000000000,146.990000000000009095
-0.338350420308442756,1.000000000000000000,147.057999999999992724
-0.237685911102427316,1.000000000000000000,147.181000000000011596
-0.171931493546020664,1.000000000000000000,147.270999999999986585
0.062659792238238143,1.000000000000000000,147.394000000000005457
0.262159782328642121,1.000000000000000000,147.489000000000004320
0.245406902175298036,-1.000000000000000000,147.582999999999998408
0.176110511816486515,-1.000000000000000000,147.709000000000003183
0.252734340714568129,-1.000000000000000000,147.778999999999996362
0.148983700129958097,-1.000000000000000000,147.912000000000006139
-0.115735589323683663,-1.000000000000000000,147.997000000000014097
-0.305048514551532479,1.000000000000000000,148.094999999999998863
-0.290889117281485365,1.000000000000000000,148.204000000000007731
-0.238011512119435831,1.000000000000000000,148.310000000000002274
-0.049777510303826045,1.000000000000000000,148.426999999999992497
0.135071306123938806,1.000000000000000000,148.501000000000004775
0.310424797266903862,1.000000000000000000,148.591000000000008185
0.367858749437697474,1.000000000000000000,148.711000000000012733
0.504419399156241788,-1.000000000000000000,148.814999999999997726
0.416654508759773279,-1.000000000000000000,148.929000000000002046
0.169152958626643590,-1.000000000000000000,149.025000000000005684
0.080500541026857331,-1.000000000000000000,149.100999999999999091
0.025704854652222942,-1.000000000000000000,149.233000000000004093
-0.366211353053457755,-1.000000000000000000,149.308999999999997499
-0.585428793968852501,1.000000000000000000,149.427999999999997272
-0.431031495148962329,1.000000000000000000,149.533999999999991815
-0.048831562146159468,1.000000000000000000,149.620000000000004547
0.220325225434157446,1.000000000000000000,149.747000000000014097
0.484935814359576778,1.000000000000000000,149.820999999999997954
0.667179378743026463,1.000000000000000000,149.937000000000011823
