0.000000000000000000,999.000000000000000000,0.000000000000000000
1.000000000000000000,999.000000000000000000,0.097000000000000003
1.000000000000000000,999.000000000000000000,0.213999999999999996
1.000000000000000000,999.000000000000000000,0.315000000000000002
1.000000000000000000,999.000000000000000000,0.388000000000000012
1.000000000000000000,999.000000000000000000,0.511000000000000010
1.000000000000000000,999.000000000000000000,0.597999999999999976
1.000000000000000000,999.000000000000000000,0.719999999999999973
1.000000000000000000,999.000000000000000000,0.812000000000000055
1.000000000000000000,999.000000000000000000,0.918000000000000038
1.000000000000000000,999.000000000000000000,1.030999999999999917
0.985699139395270096,999.000000000000000000,1.112000000000000099
0.983543195123593117,999.000000000000000000,1.239000000000000101
0.977273936123058240,999.000000000000000000,1.322000000000000064
0.946849590973400934,999.000000000000000000,1.419000000000000039
0.919577605128877984,999.000000000000000000,1.538999999999999924
0.890979429880394802,999.000000000000000000,1.639000000000000012
0.862590466329328454,999.000000000000000000,1.752999999999999892
0.834474541773193135,999.000000000000000000,1.828000000000000069
0.821673622660108904,999.000000000000000000,1.923999999999999932
0.793788185567228854,999.000000000000000000,2.044000000000000039
0.763431213676062148,999.000000000000000000,2.134999999999999787
0.745846793210193093,999.000000000000000000,2.253000000000000114
0.750421082865561084,999.000000000000000000,2.357000000000000206
0.799557464070550061,999.000000000000000000,2.428999999999999826
0.900755644283379509,999.000000000000000000,2.557999999999999829
1.000000000000000000,999.000000000000000000,2.641000000000000014
1.000000000000000000,999.000000000000000000,2.757000000000000117
1.000000000000000000,999.000000000000000000,2.858999999999999986
1.000000000000000000,999.000000000000000000,2.946000000000000174
1.000000000000000000,999.000000000000000000,3.077999999999999847
1.000000000000000000,999.000000000000000000,3.160000000000000142
1.000000000000000000,999.000000000000000000,3.273000000000000131
1.000000000000000000,999.000000000000000000,3.363999999999999879
1.000000000000000000,999.000000000000000000,3.459999999999999964
1.000000000000000000,999.000000000000000000,3.568999999999999950
1.000000000000000000,999.000000000000000000,3.677000000000000046
1.000000000000000000,999.000000000000000000,3.793000000000000149
0.992495691260071311,999.000000000000000000,3.867999999999999883
0.965741199230760294,999.000000000000000000,3.958000000000000185
0.916040028097974801,-1.000000000000000000,4.078999999999999737
0.849476233796643054,-1.000000000000000000,4.177999999999999936
0.777100918558099263,-1.000000000000000000,4.301999999999999602
0.686734454949198048,-1.000000000000000000,4.391000000000000014
0.552754714663534319,-1.000000000000000000,4.469000000000000306
0.404585881151710014,-1.000000000000000000,4.596000000000000085
0.247003074655396171,-1.000000000000000000,4.684000000000000163
0.092688768871128868,-1.000000000000000000,4.796999999999999709
-0.049766425991393803,-1.000000000000000000,4.903999999999999915
-0.159482874438136912,-1.000000000000000000,4.998000000000000220
-0.266149617875224620,-1.000000000000000000,5.116999999999999993
-0.363010859176177147,-1.000000000000000000,5.187999999999999723
-0.464416909453125970,-1.000000000000000000,5.312999999999999723
-0.562510316025441881,-1.000000000000000000,5.402999999999999581
-0.655381414648564808,-1.000000000000000000,5.493000000000000327
-0.738729142436002073,-1.000000000000000000,5.618999999999999773
-0.815668459256018608,-1.000000000000000000,5.709999999999999964
-0.880391682692492794,-1.000000000000000000,5.825999999999999623
-0.942696637839373519,-1.000000000000000000,5.913000000000000256
-0.999786962079250552,0.000000000000000000,5.998999999999999666
-1.000000000000000000,0.000000000000000000,6.116999999999999993
-1.000000000000000000,0.000000000000000000,6.213000000000000078
-1.000000000000000000,0.000000000000000000,6.339999999999999858
-1.000000000000000000,0.000000000000000000,6.426999999999999602
-1.000000000000000000,0.000000000000000000,6.506000000000000227
-1.000000000000000000,0.000000000000000000,6.636999999999999567
-1.000000000000000000,0.000000000000000000,6.727000000000000313
-1.000000000000000000,0.000000000000000000,6.839000000000000412
-1.000000000000000000,0.000000000000000000,6.940000000000000391
-1.000000000000000000,0.000000000000000000,7.027999999999999581
-1.000000000000000000,0.000000000000000000,7.155999999999999694
-1.000000000000000000,0.000000000000000000,7.227000000000000313
-1.000000000000000000,0.000000000000000000,7.357999999999999652
-0.999752503427827066,0.000000000000000000,7.442999999999999616
-0.991656065563491729,0.000000000000000000,7.536999999999999922
-0.951322374185117337,1.000000000000000000,7.661999999999999922
-0.880049961308035589,1.000000000000000000,7.759999999999999787
-0.777408182896666800,1.000000000000000000,7.878999999999999559
-0.653315051586535467,1.000000000000000000,7.947000000000000064
-0.511197569913656835,1.000000000000000000,8.044999999999999929
-0.374237916804852189,1.000000000000000000,8.160999999999999588
-0.239180687347480769,1.000000000000000000,8.253999999999999559
-0.085049722061348643,1.000000000000000000,8.380000000000000782
0.064174211187175034,1.000000000000000000,8.468999999999999417
0.205973247270525128,1.000000000000000000,8.547000000000000597
0.331333561030179968,1.000000000000000000,8.679999999999999716
0.426378844653001021,2.000000000000000000,8.759000000000000341
0.455015848030504877,2.000000000000000000,8.880000000000000782
0.444337195929837225,2.000000000000000000,8.977000000000000313
0.403124066731676889,2.000000000000000000,9.076000000000000512
0.339144552847943537,2.000000000000000000,9.195999999999999730
0.272033382337654839,2.000000000000000000,9.273999999999999133
0.218841419046346575,2.000000000000000000,9.387999999999999901
0.185663678558052547,2.000000000000000000,9.483000000000000540
0.167078335965046954,2.000000000000000000,9.579000000000000625
0.160120382332704647,2.000000000000000000,9.698000000000000398
0.158016661469238651,2.000000000000000000,9.795999999999999375
0.149618277786852660,2.000000000000000000,9.916000000000000369
0.138211985763997180,2.000000000000000000,10.003999999999999559
0.129293859280048995,2.000000000000000000,10.086000000000000298
0.125295964650889990,2.000000000000000000,10.201999999999999957
0.124020532315627818,2.000000000000000000,10.301999999999999602
0.134001244082769366,2.000000000000000000,10.419000000000000483
0.160943720929465517,1.000000000000000000,10.516999999999999460
0.208802958079030487,1.000000000000000000,10.598000000000000753
0.302478760669165014,1.000000000000000000,10.714000000000000412
0.414071665107439424,1.000000000000000000,10.804000000000000270
0.538737338487862649,1.000000000000000000,10.917999999999999261
0.661673835817374378,1.000000000000000000,11.009000000000000341
0.767189874420238782,1.000000000000000000,11.118999999999999773
0.824297233483317404,1.000000000000000000,11.226000000000000867
0.869945501254808295,1.000000000000000000,11.320000000000000284
0.926615616373713591,1.000000000000000000,11.436999999999999389
0.976687472878501106,1.000000000000000000,11.519000000000000128
1.000000000000000000,1.000000000000000000,11.618000000000000327
1.000000000000000000,-1.000000000000000000,11.730999999999999872
0.975931928819266270,-1.000000000000000000,11.836000000000000298
0.901680755810448709,-1.000000000000000000,11.958000000000000185
0.794050779588424849,-1.000000000000000000,12.029999999999999361
0.668291522230534341,-1.000000000000000000,12.125000000000000000
0.516754591398533192,-1.000000000000000000,12.244999999999999218
0.368759096013155263,-1.000000000000000000,12.337999999999999190
0.221128663462588193,-1.000000000000000000,12.458000000000000185
0.078776974313592429,-1.000000000000000000,12.553000000000000824
-0.059932235211287654,-1.000000000000000000,12.637000000000000455
-0.168574282953032006,-1.000000000000000000,12.752000000000000668
-0.268823144983726836,-1.000000000000000000,12.849000000000000199
-0.375240591075843510,-1.000000000000000000,12.958999999999999631
-0.474879928551987907,-1.000000000000000000,13.061999999999999389
-0.566354244588839539,-1.000000000000000000,13.154999999999999361
-0.647293890249725945,-1.000000000000000000,13.273999999999999133
-0.717294688824676729,-1.000000000000000000,13.362999999999999545
-0.767378376220067659,-1.000000000000000000,13.477999999999999758
-0.809024874794856186,-1.000000000000000000,13.563000000000000611
-0.840583253068401759,0.000000000000000000,13.660999999999999588
-0.864017353522612108,0.000000000000000000,13.778000000000000469
-0.887523162747945293,0.000000000000000000,13.865000000000000213
-0.905212412788281906,0.000000000000000000,13.994999999999999218
-0.919655211190479771,0.000000000000000000,14.070999999999999730
-0.938231042401070803,0.000000000000000000,14.160999999999999588
-0.964574237320177885,0.000000000000000000,14.285000000000000142
-0.988819950683922366,0.000000000000000000,14.377000000000000668
-1.000000000000000000,0.000000000000000000,14.497999999999999332
-1.000000000000000000,0.000000000000000000,14.595000000000000639
-1.000000000000000000,0.000000000000000000,14.673999999999999488
-1.000000000000000000,0.000000000000000000,14.798999999999999488
-1.000000000000000000,0.000000000000000000,14.884000000000000341
-0.991148978213661103,0.000000000000000000,15.006999999999999673
-0.952456237714061626,1.000000000000000000,15.099000000000000199
-0.878669750010094175,1.000000000000000000,15.186999999999999389
-0.742207261162935783,1.000000000000000000,15.314000000000000057
-0.577939263623488464,1.000000000000000000,15.393000000000000682
-0.395133204711150432,1.000000000000000000,15.513999999999999346
-0.217731177526321873,1.000000000000000000,15.602999999999999758
-0.055643476409018566,1.000000000000000000,15.701999999999999957
0.061334097571827950,1.000000000000000000,15.810999999999999943
0.166599505514471335,1.000000000000000000,15.917999999999999261
0.264142832374473224,1.000000000000000000,16.024000000000000909
0.333782481785342089,2.000000000000000000,16.114999999999998437
0.369150151488642164,2.000000000000000000,16.198000000000000398
0.369150151488642164,2.000000000000000000,16.315999999999998948
0.340823715038266029,2.000000000000000000,16.417999999999999261
0.289326285238822978,2.000000000000000000,16.538000000000000256
0.239432806256833164,2.000000000000000000,16.626000000000001222
0.201129574050514570,2.000000000000000000,16.708999999999999631
0.171868951043083085,2.000000000000000000,16.827999999999999403
0.148561788128072525,2.000000000000000000,16.920000000000001705
0.125381294576730751,2.000000000000000000,17.045000000000001705
0.103229989605195804,2.000000000000000000,17.132999999999999119
0.082434046824913620,2.000000000000000000,17.237999999999999545
0.069217682093148714,2.000000000000000000,17.353999999999999204
0.066182367466241177,2.000000000000000000,17.428999999999998494
0.075266144208321117,1.000000000000000000,17.562000000000001165
0.132349692945545661,1.000000000000000000,17.644999999999999574
0.216937910636348041,1.000000000000000000,17.733000000000000540
0.318753161786070383,1.000000000000000000,17.862999999999999545
0.431503145754479345,1.000000000000000000,17.949000000000001620
0.551744039216836013,1.000000000000000000,18.067000000000000171
0.640227339840444998,1.000000000000000000,18.149999999999998579
0.718090997687492960,1.000000000000000000,18.236999999999998323
0.797169098058713166,1.000000000000000000,18.365999999999999659
0.855387920967817017,1.000000000000000000,18.452999999999999403
0.876234531493566671,-1.000000000000000000,18.576000000000000512
0.854087976623169931,-1.000000000000000000,18.678999999999998494
0.783941649757626147,-1.000000000000000000,18.748000000000001108
0.665991888410625066,-1.000000000000000000,18.879000000000001336
0.524440457878083022,-1.000000000000000000,18.957999999999998408
0.378349514025069444,-1.000000000000000000,19.077999999999999403
0.214456774475490386,-1.000000000000000000,19.182999999999999829
0.063720231709934128,-1.000000000000000000,19.274999999999998579
-0.075532149872024057,-1.000000000000000000,19.396000000000000796
-0.202746191804333842,-1.000000000000000000,19.469000000000001194
-0.317939311124499580,-1.000000000000000000,19.597000000000001307
-0.404501987521484585,-1.000000000000000000,19.679999999999999716
-0.487700008946024055,-1.000000000000000000,19.780000000000001137
-0.573695839940592478,-1.000000000000000000,19.896000000000000796
-0.651361576906908435,-1.000000000000000000,19.995000000000000995
-0.721161146389408536,-1.000000000000000000,20.109999999999999432
-0.778718121873344993,0.000000000000000000,20.190999999999998948
-0.823934334601874041,0.000000000000000000,20.283000000000001251
-0.851676508612329020,0.000000000000000000,20.407000000000000028
-0.872934794570001005,0.000000000000000000,20.501999999999998892
-0.874305990431712976,0.000000000000000000,20.615999999999999659
-0.866902166125287033,0.000000000000000000,20.717999999999999972
-0.858274399092414098,0.000000000000000000,20.792000000000001592
-0.851788927672584961,0.000000000000000000,20.922999999999998266
-0.850721738283677698,0.000000000000000000,21.010000000000001563
-0.867522846007263038,0.000000000000000000,21.118999999999999773
-0.890662172015412534,0.000000000000000000,21.221000000000000085
-0.914844936906781481,0.000000000000000000,21.312999999999998835
-0.944813324983710734,0.000000000000000000,21.448000000000000398
-0.968340575918095081,0.000000000000000000,21.507000000000001450
-0.988552256258455664,0.000000000000000000,21.641999999999999460
-1.000000000000000000,0.000000000000000000,21.727000000000000313
-1.000000000000000000,0.000000000000000000,21.812000000000001165
-1.000000000000000000,0.000000000000000000,21.937999999999998835
-1.000000000000000000,0.000000000000000000,22.025999999999999801
-1.000000000000000000,0.000000000000000000,22.150999999999999801
-1.000000000000000000,0.000000000000000000,22.227000000000000313
-1.000000000000000000,0.000000000000000000,22.321000000000001506
-1.000000000000000000,0.000000000000000000,22.437000000000001165
-0.990375188544293961,0.000000000000000000,22.542000000000001592
-0.965755606102255637,0.000000000000000000,22.655999999999998806
-0.927840390100773016,0.000000000000000000,22.753000000000000114
-0.872432312890472961,1.000000000000000000,22.829999999999998295
-0.768116799734617217,1.000000000000000000,22.955999999999999517
-0.642967774791871394,1.000000000000000000,23.038000000000000256
-0.504664840859660124,1.000000000000000000,23.158999999999998920
-0.357853760490149497,1.000000000000000000,23.260999999999999233
-0.211151699020620920,1.000000000000000000,23.342999999999999972
-0.111523998564065252,1.000000000000000000,23.471000000000000085
-0.051364254727332082,2.000000000000000000,23.553999999999998494
-0.029985648440523427,2.000000000000000000,23.672999999999998266
-0.043060129374285938,2.000000000000000000,23.763000000000001677
-0.074077563832512183,2.000000000000000000,23.862999999999999545
-0.111799660639737675,2.000000000000000000,23.972999999999998977
-0.145586175157552233,2.000000000000000000,24.065000000000001279
-0.169104666709755214,2.000000000000000000,24.192000000000000171
-0.175714326874482185,2.000000000000000000,24.277999999999998693
-0.176536640862931637,2.000000000000000000,24.358000000000000540
-0.176746891598614564,2.000000000000000000,24.478999999999999204
-0.171493738032255094,2.000000000000000000,24.582999999999998408
-0.155315333274671397,2.000000000000000000,24.692000000000000171
-0.115260232007793562,1.000000000000000000,24.797999999999998266
-0.050398658756047654,1.000000000000000000,24.870000000000000995
0.039974894504746450,1.000000000000000000,24.989999999999998437
0.149227406417008046,1.000000000000000000,25.085999999999998522
0.263010432330022192,1.000000000000000000,25.204000000000000625
0.369188611262742494,1.000000000000000000,25.295999999999999375
0.454958452118509937,1.000000000000000000,25.387000000000000455
0.525350398425145082,1.000000000000000000,25.510999999999999233
0.585974251293238213,1.000000000000000000,25.588000000000000966
0.642235790749124957,1.000000000000000000,25.711999999999999744
0.685491375436952710,1.000000000000000000,25.797000000000000597
0.717958761264962941,1.000000000000000000,25.899999999999998579
0.701507809257418291,-1.000000000000000000,26.010000000000001563
0.648512164562472737,-1.000000000000000000,26.114999999999998437
0.558400256661639283,-1.000000000000000000,26.236999999999998323
0.433952067504503214,-1.000000000000000000,26.306000000000000938
0.286222113549414514,-1.000000000000000000,26.400999999999999801
0.158319582675651382,-1.000000000000000000,26.524000000000000909
0.041116478128861544,-1.000000000000000000,26.621999999999999886
-0.063965282152593450,-1.000000000000000000,26.740999999999999659
-0.168721543146954756,-1.000000000000000000,26.844000000000001194
-0.261734911200212750,-1.000000000000000000,26.905999999999998806
-0.338519457418508196,-1.000000000000000000,27.027000000000001023
-0.394564543290738756,-1.000000000000000000,27.117999999999998550
-0.466068000812593919,-1.000000000000000000,27.237999999999999545
-0.532461868218886192,-1.000000000000000000,27.342999999999999972
-0.595127755459094909,-1.000000000000000000,27.435999999999999943
-0.654239789720691967,-1.000000000000000000,27.550999999999998380
-0.717320265502502163,-1.000000000000000000,27.638000000000001677
-0.769875167390123849,-1.000000000000000000,27.754999999999999005
-0.813640792195785667,-1.000000000000000000,27.846000000000000085
-0.856889010501527992,-1.000000000000000000,27.937999999999998835
-0.896075919453738434,0.000000000000000000,28.051999999999999602
-0.922269623512145698,0.000000000000000000,28.152999999999998693
-0.946332342466719156,0.000000000000000000,28.277000000000001023
-0.970151283358831051,0.000000000000000000,28.356000000000001648
-0.986336820022968741,0.000000000000000000,28.445000000000000284
-0.998452755562742378,0.000000000000000000,28.562999999999998835
-1.000000000000000000,0.000000000000000000,28.661000000000001364
-1.000000000000000000,0.000000000000000000,28.774000000000000909
-1.000000000000000000,0.000000000000000000,28.870999999999998664
-1.000000000000000000,0.000000000000000000,28.949999999999999289
-1.000000000000000000,0.000000000000000000,29.074000000000001620
-0.998296292322423118,0.000000000000000000,29.158000000000001251
-0.991465204859468541,0.000000000000000000,29.277000000000001023
-0.987789553085612893,0.000000000000000000,29.388999999999999346
-0.991040903615339586,0.000000000000000000,29.466999999999998749
-0.994497089228437825,0.000000000000000000,29.597999999999998977
-0.997140437209105390,0.000000000000000000,29.676999999999999602
-1.000000000000000000,0.000000000000000000,29.797000000000000597
-1.000000000000000000,0.000000000000000000,29.884000000000000341
-0.989240468308333010,0.000000000000000000,29.981000000000001648
-0.965006762252828887,0.000000000000000000,30.097999999999998977
-0.917198527728483870,1.000000000000000000,30.190999999999998948
-0.830948550052847623,1.000000000000000000,30.318000000000001393
-0.710606427143829600,1.000000000000000000,30.387000000000000455
-0.563025332876563644,1.000000000000000000,30.483000000000000540
-0.399615858578806771,1.000000000000000000,30.597999999999998977
-0.215374099516332795,1.000000000000000000,30.692000000000000171
-0.055945668180394148,1.000000000000000000,30.815999999999998948
0.064803975847472328,1.000000000000000000,30.916000000000000369
0.145394118382449644,2.000000000000000000,30.989000000000000767
0.188703384698312826,2.000000000000000000,31.117999999999998550
0.176731031190789478,2.000000000000000000,31.196000000000001506
0.145296702975553638,2.000000000000000000,31.320000000000000284
0.107436205085408742,2.000000000000000000,31.420999999999999375
0.067297810264012492,2.000000000000000000,31.516999999999999460
0.029278200542603994,2.000000000000000000,31.634000000000000341
-0.002167492803436311,2.000000000000000000,31.707999999999998408
-0.030003945323979764,2.000000000000000000,31.832000000000000739
-0.049946502705712215,2.000000000000000000,31.919000000000000483
-0.057523797772110141,2.000000000000000000,32.021999999999998465
-0.047613403710552893,2.000000000000000000,32.130000000000002558
0.017995872833928672,2.000000000000000000,32.232999999999996987
0.117672940760067180,1.000000000000000000,32.356000000000001648
0.244832518561693746,1.000000000000000000,32.432000000000002160
0.393126368889416433,1.000000000000000000,32.518000000000000682
0.551067591680075131,1.000000000000000000,32.637999999999998124
0.673530123279197035,1.000000000000000000,32.734999999999999432
0.775947811319345648,1.000000000000000000,32.854999999999996874
0.871682802446425820,1.000000000000000000,32.948999999999998067
0.947944453734987702,1.000000000000000000,33.030999999999998806
0.992546097782338599,1.000000000000000000,33.158999999999998920
0.988008163411097318,-1.000000000000000000,33.243000000000002103
0.933861433078050363,-1.000000000000000000,33.356999999999999318
0.821599918171057153,-1.000000000000000000,33.457999999999998408
0.671477905373921047,-1.000000000000000000,33.548000000000001819
0.504498156413424992,-1.000000000000000000,33.671999999999997044
0.324909606620351399,-1.000000000000000000,33.750000000000000000
0.169394588049512240,-1.000000000000000000,33.881999999999997897
0.029422764936479551,-1.000000000000000000,33.963000000000000966
-0.095303553400415963,-1.000000000000000000,34.048000000000001819
-0.209893362949756912,-1.000000000000000000,34.167999999999999261
-0.296216654023191084,-1.000000000000000000,34.268999999999998352
-0.379233357262229842,-1.000000000000000000,34.393000000000000682
-0.470787869108664325,-1.000000000000000000,34.466000000000001080
-0.556232771398096681,-1.000000000000000000,34.558999999999997499
-0.635062868354944188,-1.000000000000000000,34.679999999999999716
-0.709571096934846990,-1.000000000000000000,34.781999999999996476
-0.780658661214898242,-1.000000000000000000,34.905999999999998806
-0.831347723807839944,-1.000000000000000000,34.993999999999999773
-0.874041655836193088,-1.000000000000000000,35.070000000000000284
-0.909094094342866921,0.000000000000000000,35.203000000000002956
-0.937680026922045773,0.000000000000000000,35.289999999999999147
-0.955167949076266343,0.000000000000000000,35.398000000000003240
-0.968156369500190239,0.000000000000000000,35.505000000000002558
-0.980171880640164805,0.000000000000000000,35.593000000000003524
-0.986631867912490468,0.000000000000000000,35.722999999999998977
-0.986811130929633795,0.000000000000000000,35.789000000000001478
-0.987705816351557742,0.000000000000000000,35.917000000000001592
-0.988074120368597542,0.000000000000000000,36.040999999999996817
-0.983986923577731654,0.000000000000000000,36.094000000000001194
-0.981315904622297341,0.000000000000000000,36.209000000000003183
-0.985189615456383505,0.000000000000000000,36.317999999999997840
-0.990940698979097201,0.000000000000000000,36.442000000000000171
-0.993251562236452723,0.000000000000000000,36.509999999999998010
-0.994988783838950064,0.000000000000000000,36.601999999999996760
-0.996475037217447013,0.000000000000000000,36.719000000000001194
-0.987107729739815976,0.000000000000000000,36.819000000000002615
-0.967828807077955711,0.000000000000000000,36.942999999999997840
-0.941231064325274147,0.000000000000000000,37.033999999999998920
-0.895268026729745481,1.000000000000000000,37.109000000000001762
-0.819571773245320601,1.000000000000000000,37.240000000000001990
-0.719971611256740474,1.000000000000000000,37.323000000000000398
-0.599565531632996862,1.000000000000000000,37.442999999999997840
-0.463700461276336795,1.000000000000000000,37.536999999999999034
-0.308756916904258327,1.000000000000000000,37.628000000000000114
-0.171589745177621045,1.000000000000000000,37.759000000000000341
-0.060757940333120097,1.000000000000000000,37.834000000000003183
0.012467742842313223,2.000000000000000000,37.960999999999998522
0.045641178996566945,2.000000000000000000,38.040999999999996817
0.031935706504069516,2.000000000000000000,38.140999999999998238
0.003299254347331582,2.000000000000000000,38.264000000000002899
-0.036493876130884950,2.000000000000000000,38.350000000000001421
-0.071714170008156719,2.000000000000000000,38.476999999999996760
-0.092911206953449899,2.000000000000000000,38.548000000000001819
-0.106439046092595913,2.000000000000000000,38.640999999999998238
-0.118943456370233402,2.000000000000000000,38.762999999999998124
-0.124802097703233250,2.000000000000000000,38.859999999999999432
-0.123708593298659797,2.000000000000000000,38.984999999999999432
-0.108352271384652421,2.000000000000000000,39.069000000000002615
-0.031702664581783502,1.000000000000000000,39.149000000000000909
0.070946598362024549,1.000000000000000000,39.274000000000000909
0.198893132352330415,1.000000000000000000,39.365000000000001990
0.346330445297482692,1.000000000000000000,39.484000000000001762
0.496994492551213751,1.000000000000000000,39.576999999999998181
0.599311304081411311,1.000000000000000000,39.673999999999999488
0.688416431248151328,1.000000000000000000,39.798999999999999488
0.779759086801597334,1.000000000000000000,39.866999999999997328
0.860272626455798051,1.000000000000000000,39.990000000000001990
0.929988013822807824,1.000000000000000000,40.079999999999998295
0.987361957291400083,1.000000000000000000,40.189000000000000057
1.000000000000000000,-1.000000000000000000,40.302999999999997272
0.982869434238404782,-1.000000000000000000,40.389000000000002899
0.920054673390161781,-1.000000000000000000,40.517000000000003013
0.815267769859199243,-1.000000000000000000,40.591999999999998749
0.649021657399967866,-1.000000000000000000,40.676999999999999602
0.469358643416506016,-1.000000000000000000,40.799999999999997158
0.293612384683391792,-1.000000000000000000,40.899999999999998579
0.133931269810440901,-1.000000000000000000,41.015999999999998238
-0.009428419685967193,-1.000000000000000000,41.110999999999997101
-0.107917889981085202,-1.000000000000000000,41.198999999999998067
-0.192842170075828601,-1.000000000000000000,41.322000000000002728
-0.269844288830880519,-1.000000000000000000,41.405000000000001137
-0.333024935869176697,-1.000000000000000000,41.520000000000003126
-0.384126503135418962,-1.000000000000000000,41.619999999999997442
-0.429253003853087955,-1.000000000000000000,41.719000000000001194
-0.470167783801557992,-1.000000000000000000,41.834000000000003183
-0.503614939439388287,-1.000000000000000000,41.911999999999999034
-0.532215311934094881,-1.000000000000000000,42.046999999999997044
-0.548920353668493011,-1.000000000000000000,42.119999999999997442
-0.571810000298189736,-1.000000000000000000,42.220999999999996533
-0.596176086355588497,-1.000000000000000000,42.344999999999998863
-0.620455133407423975,-1.000000000000000000,42.432999999999999829
-0.651355592215811741,-1.000000000000000000,42.548999999999999488
-0.695329632026485456,-1.000000000000000000,42.628000000000000114
-0.733816990819802895,-1.000000000000000000,42.725000000000001421
-0.769999427799130109,-1.000000000000000000,42.844999999999998863
-0.809179874970080149,0.000000000000000000,42.939000000000000057
-0.846347142179021183,0.000000000000000000,43.049999999999997158
-0.879568641135762164,0.000000000000000000,43.159999999999996589
-0.905117812935446797,0.000000000000000000,43.234999999999999432
-0.926527796470568488,0.000000000000000000,43.359999999999999432
-0.944818882306340702,0.000000000000000000,43.445000000000000284
-0.961254747856866598,0.000000000000000000,43.563000000000002387
-0.971855776367782087,0.000000000000000000,43.659999999999996589
-0.979919779049872708,0.000000000000000000,43.755000000000002558
-0.985496722739665709,0.000000000000000000,43.871999999999999886
-0.980872372610759879,0.000000000000000000,43.951999999999998181
-0.964020654033654223,0.000000000000000000,44.067000000000000171
-0.935997317909162074,0.000000000000000000,44.161000000000001364
-0.890567792505458256,0.000000000000000000,44.258000000000002672
-0.820910798719882484,1.000000000000000000,44.378999999999997783
-0.701599664093912168,1.000000000000000000,44.466999999999998749
-0.565606053401653708,1.000000000000000000,44.600999999999999091
-0.419427267225059075,1.000000000000000000,44.682000000000002160
-0.270603462379404913,1.000000000000000000,44.762000000000000455
-0.129635733702550215,1.000000000000000000,44.883000000000002672
-0.030590180871888251,1.000000000000000000,44.976999999999996760
0.037301855300876374,2.000000000000000000,45.091999999999998749
0.058262961587522311,2.000000000000000000,45.194000000000002615
0.039820451132675849,2.000000000000000000,45.268000000000000682
0.002291185636090987,2.000000000000000000,45.396999999999998465
-0.047159026690133055,2.000000000000000000,45.490000000000001990
-0.093885327692828979,2.000000000000000000,45.597999999999998977
-0.123435002341239941,2.000000000000000000,45.692999999999997840
-0.132738604621122303,2.000000000000000000,45.801999999999999602
-0.137517962959973206,2.000000000000000000,45.914999999999999147
-0.133675100511843836,2.000000000000000000,45.990000000000001990
-0.109277767910483381,2.000000000000000000,46.115000000000001990
-0.052166050409313103,1.000000000000000000,46.195999999999997954
0.029822550175189422,1.000000000000000000,46.301000000000001933
0.127746112734729689,1.000000000000000000,46.417999999999999261
0.234831188542456992,1.000000000000000000,46.514000000000002899
0.340973309867114382,1.000000000000000000,46.628999999999997783
0.433767135452828079,1.000000000000000000,46.713999999999998636
0.523754702662554861,1.000000000000000000,46.801000000000001933
0.604490336331197087,1.000000000000000000,46.917000000000001592
0.674404598517753362,1.000000000000000000,47.014000000000002899
0.733450664427688803,1.000000000000000000,47.137000000000000455
0.778102142638012140,1.000000000000000000,47.234000000000001762
0.786583889041383433,-1.000000000000000000,47.310999999999999943
0.759100963944908669,-1.000000000000000000,47.439000000000000057
0.692101141556198174,-1.000000000000000000,47.518999999999998352
0.561493872410508965,-1.000000000000000000,47.646000000000000796
0.407309511891882581,-1.000000000000000000,47.737999999999999545
0.247046001324011222,-1.000000000000000000,47.826999999999998181
0.098246492177030298,-1.000000000000000000,47.963999999999998636
-0.031632570681219607,-1.000000000000000000,48.039000000000001478
-0.117031308026415259,-1.000000000000000000,48.155999999999998806
-0.191537629373678020,-1.000000000000000000,48.243000000000002103
-0.269547737070704896,-1.000000000000000000,48.335000000000000853
-0.346135339802690178,-1.000000000000000000,48.460000000000000853
-0.423523807986049050,-1.000000000000000000,48.554999999999999716
-0.497928406503802656,-1.000000000000000000,48.667999999999999261
-0.566994978444448239,-1.000000000000000000,48.756999999999997897
-0.619861786123714786,-1.000000000000000000,48.850000000000001421
-0.666915860688163109,-1.000000000000000000,48.959000000000003183
-0.706337493743238731,-1.000000000000000000,49.051000000000001933
-0.743086884213585264,-1.000000000000000000,49.180999999999997385
-0.779884714126555689,-1.000000000000000000,49.267000000000003013
-0.814349377553161946,-1.000000000000000000,49.351999999999996760
-0.844433500718518637,0.000000000000000000,49.476999999999996760
-0.871961635961442383,0.000000000000000000,49.567999999999997840
-0.895788997787932528,0.000000000000000000,49.679999999999999716
-0.914941953401256280,0.000000000000000000,49.781999999999996476
-0.932092745386142951,0.000000000000000000,49.877000000000002444
-0.950092842265028437,0.000000000000000000,49.993999999999999773
-0.968302843395281942,0.000000000000000000,50.069000000000002615
-0.982410023735326932,0.000000000000000000,50.197000000000002728
-0.992020409151825211,0.000000000000000000,50.283000000000001251
-0.997476305039316835,0.000000000000000000,50.386000000000002785
-0.999036055091793052,0.000000000000000000,50.497999999999997556
-0.996289538695041554,0.000000000000000000,50.582000000000000739
-0.990717388145253786,0.000000000000000000,50.713999999999998636
-0.989023622301519523,0.000000000000000000,50.787999999999996703
-0.980877722700337129,0.000000000000000000,50.878999999999997783
-0.956037976523016586,0.000000000000000000,50.997999999999997556
-0.910968304458043887,0.000000000000000000,51.094000000000001194
-0.845274732372079840,1.000000000000000000,51.207999999999998408
-0.750864644050829422,1.000000000000000000,51.320000000000000284
-0.608589927825230692,1.000000000000000000,51.392000000000003013
-0.457001921431224090,1.000000000000000000,51.515999999999998238
-0.299003762130043982,1.000000000000000000,51.603000000000001535
-0.139111620622284993,1.000000000000000000,51.725000000000001421
0.016265964832965052,1.000000000000000000,51.817999999999997840
0.133599212051733529,1.000000000000000000,51.908000000000001251
0.233061645489769820,1.000000000000000000,52.036999999999999034
0.303429631610022899,2.000000000000000000,52.109000000000001762
0.321839034039463456,2.000000000000000000,52.234000000000001762
0.311558458656788773,2.000000000000000000,52.320000000000000284
0.279343619831947887,2.000000000000000000,52.418999999999996930
0.231942154801492162,2.000000000000000000,52.527999999999998693
0.179387478666271472,2.000000000000000000,52.643000000000000682
0.146360080222088129,2.000000000000000000,52.756999999999997897
0.116330913693407201,2.000000000000000000,52.841000000000001080
0.135157096205928307,2.000000000000000000,52.920000000000001705
0.196842163928653280,1.000000000000000000,53.049999999999997158
0.288604860980418154,1.000000000000000000,53.137999999999998124
0.402796142038005511,1.000000000000000000,53.255000000000002558
0.533721628059314668,1.000000000000000000,53.365000000000001990
0.631884645611733964,1.000000000000000000,53.429000000000002046
0.707767698412762991,1.000000000000000000,53.552999999999997272
0.775985551623786352,1.000000000000000000,53.646000000000000796
0.848699137281382354,1.000000000000000000,53.759000000000000341
0.909623339038482248,1.000000000000000000,53.856000000000001648
0.957197654723547453,1.000000000000000000,53.953000000000002956
0.982937863420520364,-1.000000000000000000,54.073000000000000398
0.966478280992163041,-1.000000000000000000,54.158999999999998920
0.899186067267983002,-1.000000000000000000,54.274999999999998579
0.803224876278510136,-1.000000000000000000,54.360999999999997101
0.647271584725495508,-1.000000000000000000,54.457999999999998408
0.473052663717436817,-1.000000000000000000,54.576000000000000512
0.303526557210740400,-1.000000000000000000,54.668999999999996930
0.143473312747412596,-1.000000000000000000,54.786999999999999034
-0.004709776481487626,-1.000000000000000000,54.875999999999997669
-0.105244240398106204,-1.000000000000000000,54.963999999999998636
-0.195084579702325178,-1.000000000000000000,55.079000000000000625
-0.275867221619578329,-1.000000000000000000,55.171999999999997044
-0.360686814806677525,-1.000000000000000000,55.298999999999999488
-0.442387019077380983,-1.000000000000000000,55.384000000000000341
-0.521930628732140023,-1.000000000000000000,55.472999999999998977
-0.590498093280575564,-1.000000000000000000,55.597000000000001307
-0.655832459606957352,-1.000000000000000000,55.680999999999997385
-0.701988022820347557,-1.000000000000000000,55.802999999999997272
-0.742550107902151924,-1.000000000000000000,55.892000000000003013
-0.784420542223590145,-1.000000000000000000,55.987999999999999545
-0.826115009274940859,-1.000000000000000000,56.106000000000001648
-0.868910901090915067,-1.000000000000000000,56.195999999999997954
-0.907682356266919066,-1.000000000000000000,56.314999999999997726
-0.940878255903661032,0.000000000000000000,56.398000000000003240
-0.962056242724038224,0.000000000000000000,56.497999999999997556
-0.976920589066729850,0.000000000000000000,56.621999999999999886
-0.985215490659478221,0.000000000000000000,56.716000000000001080
-0.992663142433284906,0.000000000000000000,56.832999999999998408
-0.998375561404837741,0.000000000000000000,56.917000000000001592
-0.997573932729993285,0.000000000000000000,57.000999999999997669
-0.992001635843880791,0.000000000000000000,57.125000000000000000
-0.983868037582046662,0.000000000000000000,57.219000000000001194
-0.972752771688169426,0.000000000000000000,57.345999999999996533
-0.957694535483066378,0.000000000000000000,57.432000000000002160
-0.945679881319851923,0.000000000000000000,57.514000000000002899
-0.948105948589858083,0.000000000000000000,57.637000000000000455
-0.948055439466036542,0.000000000000000000,57.723999999999996646
-0.933665227156637467,0.000000000000000000,57.838000000000000966
-0.890668928171952423,0.000000000000000000,57.941000000000002501
-0.810716243815687077,1.000000000000000000,58.037999999999996703
-0.682693537520539517,1.000000000000000000,58.148000000000003240
-0.526483481479852022,1.000000000000000000,58.237000000000001876
-0.327425395172793898,1.000000000000000000,58.359000000000001762
-0.138376262015264540,1.000000000000000000,58.442999999999997840
0.024807311765937534,1.000000000000000000,58.543999999999996930
0.151081750646231416,1.000000000000000000,58.658000000000001251
0.233390441229782919,2.000000000000000000,58.746000000000002217
0.237996547456987839,2.000000000000000000,58.875000000000000000
0.206632010890419826,2.000000000000000000,58.948999999999998067
0.156096817843733415,2.000000000000000000,59.051000000000001933
0.101709896774015318,2.000000000000000000,59.156999999999996476
0.058117264262921520,2.000000000000000000,59.258000000000002672
0.029749059267568656,2.000000000000000000,59.372999999999997556
0.012768217704100193,2.000000000000000000,59.476999999999996760
0.004162114735548395,2.000000000000000000,59.557000000000002160
0.001015885119442617,2.000000000000000000,59.679999999999999716
-0.002470873750815783,2.000000000000000000,59.762000000000000455
-0.010951518573101060,2.000000000000000000,59.875999999999997669
-0.022182466653793975,2.000000000000000000,59.981000000000001648
-0.034299768391226615,2.000000000000000000,60.064999999999997726
-0.044440696993321760,2.000000000000000000,60.185000000000002274
-0.051705864190741968,2.000000000000000000,60.271000000000000796
-0.050711974980061081,2.000000000000000000,60.387000000000000455
-0.047042731533415094,2.000000000000000000,60.476999999999996760
-0.051117677297208286,2.000000000000000000,60.585000000000000853
-0.060450459918159116,2.000000000000000000,60.703000000000002956
-0.068763284103230293,2.000000000000000000,60.795000000000001705
-0.076193013284713618,2.000000000000000000,60.917000000000001592
-0.080895249779837197,2.000000000000000000,60.990999999999999659
-0.078389345507660746,2.000000000000000000,61.087000000000003297
-0.078322543118090726,2.000000000000000000,61.198000000000000398
-0.083863882799280920,2.000000000000000000,61.296999999999997044
-0.084030074109919584,2.000000000000000000,61.417000000000001592
-0.083474473747882638,2.000000000000000000,61.509999999999998010
-0.084336387505998145,2.000000000000000000,61.600000000000001421
-0.082971011836243225,2.000000000000000000,61.713000000000000966
-0.081398711691477610,2.000000000000000000,61.805999999999997385
-0.090001556006879313,2.000000000000000000,61.918999999999996930
-0.099003585333128363,2.000000000000000000,62.018999999999998352
-0.103028021973097572,2.000000000000000000,62.118000000000002103
-0.103554294456786766,2.000000000000000000,62.237999999999999545
-0.102803174905763406,2.000000000000000000,62.305999999999997385
-0.098009696122447476,2.000000000000000000,62.439999999999997726
-0.097885867302755503,2.000000000000000000,62.518999999999998352
-0.107679749344399056,2.000000000000000000,62.616999999999997328
-0.117758763536647826,2.000000000000000000,62.732999999999996987
-0.122519655788467019,2.000000000000000000,62.829000000000000625
-0.125631669546501512,2.000000000000000000,62.951999999999998181
-0.124639409662395173,2.000000000000000000,63.029000000000003467
-0.116875668533059973,2.000000000000000000,63.125999999999997669
-0.113297667374609223,2.000000000000000000,63.246999999999999886
-0.118596237396140003,2.000000000000000000,63.329000000000000625
-0.119151837758176948,2.000000000000000000,63.447000000000002728
-0.105390545506683253,2.000000000000000000,63.557000000000002160
-0.068109924146701029,1.000000000000000000,63.636000000000002785
0.042909130012928731,1.000000000000000000,63.756000000000000227
0.184544859841255127,1.000000000000000000,63.838999999999998636
0.342372837170805244,1.000000000000000000,63.960000000000000853
0.501070874891344387,1.000000000000000000,64.049000000000006594
0.645398252221383029,1.000000000000000000,64.156999999999996476
0.732115900516578488,1.000000000000000000,64.275000000000005684
0.805311767566788239,1.000000000000000000,64.349000000000003752
0.873631060178363006,1.000000000000000000,64.469999999999998863
0.923248942363387393,1.000000000000000000,64.564999999999997726
0.938092107460605229,1.000000000000000000,64.659000000000006025
0.906292540698541371,-1.000000000000000000,64.775999999999996248
0.830796064524591538,-1.000000000000000000,64.882999999999995566
0.707082927020018959,-1.000000000000000000,64.995000000000004547
0.558499748676376306,-1.000000000000000000,65.066999999999993065
0.408940603714375905,-1.000000000000000000,65.165999999999996817
0.250055193437723977,-1.000000000000000000,65.280000000000001137
0.103368551227249750,-1.000000000000000000,65.376999999999995339
-0.028821972446458233,-1.000000000000000000,65.495000000000004547
-0.146268719944016135,-1.000000000000000000,65.596000000000003638
-0.250439714509397282,-1.000000000000000000,65.668000000000006366
-0.324899062701793362,-1.000000000000000000,65.796999999999997044
-0.390090859874896112,-1.000000000000000000,65.888000000000005230
-0.459186435592546460,-1.000000000000000000,65.998999999999995225
-0.524273871100298550,-1.000000000000000000,66.091999999999998749
-0.584544363491680041,-1.000000000000000000,66.195999999999997954
-0.640141410056550564,-1.000000000000000000,66.323999999999998067
-0.692514659552679657,-1.000000000000000000,66.388000000000005230
-0.732340049441338681,-1.000000000000000000,66.518000000000000682
-0.768783469112207962,-1.000000000000000000,66.605999999999994543
-0.803537534325203917,-1.000000000000000000,66.703000000000002956
-0.843780370875268471,-1.000000000000000000,66.814999999999997726
-0.878624121894425181,-1.000000000000000000,66.912999999999996703
-0.909414074475093703,0.000000000000000000,67.025999999999996248
-0.937622706489338542,0.000000000000000000,67.109999999999999432
-0.962873337551284125,0.000000000000000000,67.201999999999998181
-0.976991514092086177,0.000000000000000000,67.320999999999997954
-0.992662070404988439,0.000000000000000000,67.424000000000006594
-1.000000000000000000,0.000000000000000000,67.542000000000001592
-1.000000000000000000,0.000000000000000000,67.631000000000000227
-1.000000000000000000,0.000000000000000000,67.716999999999998749
-1.000000000000000000,0.000000000000000000,67.829999999999998295
-0.997252714130357099,0.000000000000000000,67.921999999999997044
-0.984225209924630695,0.000000000000000000,68.045000000000001705
-0.957498249790818989,1.000000000000000000,68.132000000000005002
-0.894651473270226760,1.000000000000000000,68.227999999999994429
-0.750069325162743383,1.000000000000000000,68.367000000000004434
-0.572085710818020621,1.000000000000000000,68.427000000000006708
-0.372210616676458939,1.000000000000000000,68.558999999999997499
-0.164088842305951776,1.000000000000000000,68.640000000000000568
0.024411298755684596,1.000000000000000000,68.759000000000000341
0.140626795923599612,1.000000000000000000,68.864999999999994884
0.222323586550355889,2.000000000000000000,68.950000000000002842
0.263682375815525116,2.000000000000000000,69.072999999999993292
0.248221056041255883,2.000000000000000000,69.159000000000006025
0.207714262979076469,2.000000000000000000,69.245000000000004547
0.160303351518864101,2.000000000000000000,69.358999999999994657
0.121615134548946013,2.000000000000000000,69.456000000000003070
0.069826827875016262,2.000000000000000000,69.579999999999998295
0.057221336477244256,2.000000000000000000,69.671000000000006480
0.054147069040849649,2.000000000000000000,69.750000000000000000
0.054286356238615330,2.000000000000000000,69.879000000000004889
0.053843621931432217,2.000000000000000000,69.965999999999993975
0.044935873998148246,2.000000000000000000,70.081999999999993634
0.030920928813463089,2.000000000000000000,70.173000000000001819
0.018217604741070481,2.000000000000000000,70.266000000000005343
0.009588431203317205,2.000000000000000000,70.390000000000000568
0.006313523874903693,2.000000000000000000,70.475999999999999091
0.009356285873708181,2.000000000000000000,70.593999999999994088
-0.000723795974101660,2.000000000000000000,70.689999999999997726
-0.015103540962458251,2.000000000000000000,70.783000000000001251
-0.026122153214259702,2.000000000000000000,70.893000000000000682
-0.033363429317135762,2.000000000000000000,70.989000000000004320
-0.037475718013067705,2.000000000000000000,71.105999999999994543
-0.017756630443704680,2.000000000000000000,71.203999999999993520
0.031968899158555608,1.000000000000000000,71.286000000000001364
0.145090001915199496,1.000000000000000000,71.399000000000000909
0.282591338823570570,1.000000000000000000,71.504999999999995453
0.440945959054538150,1.000000000000000000,71.617000000000004434
0.605983048416395720,1.000000000000000000,71.706000000000003070
0.753823143396999962,1.000000000000000000,71.799000000000006594
0.843290295247403510,1.000000000000000000,71.920000000000001705
0.915638387220068406,1.000000000000000000,72.000000000000000000
0.974556871874846742,1.000000000000000000,72.120999999999995111
1.000000000000000000,1.000000000000000000,72.218999999999994088
1.000000000000000000,-1.000000000000000000,72.310000000000002274
0.966470870157635220,-1.000000000000000000,72.436000000000007049
0.889362704445415986,-1.000000000000000000,72.513999999999995794
0.768837439825698299,-1.000000000000000000,72.635000000000005116
0.614725794922378110,-1.000000000000000000,72.721999999999994202
0.457610955444435641,-1.000000000000000000,72.817999999999997840
0.287107691351421446,-1.000000000000000000,72.936999999999997613
0.131029902723321934,-1.000000000000000000,73.042000000000001592
-0.007820410273018608,-1.000000000000000000,73.158000000000001251
-0.131250725853808370,-1.000000000000000000,73.228999999999999204
-0.239575103582405635,-1.000000000000000000,73.317999999999997840
-0.311962561482884260,-1.000000000000000000,73.441000000000002501
-0.375989819235820644,-1.000000000000000000,73.542000000000001592
-0.435787087244765003,-1.000000000000000000,73.656999999999996476
-0.500144761829985574,-1.000000000000000000,73.757000000000005002
-0.560287168213245979,-1.000000000000000000,73.828000000000002956
-0.618198443115143714,-1.000000000000000000,73.959000000000003183
-0.672776106610135538,-1.000000000000000000,74.049999999999997158
-0.720050249530137632,0.000000000000000000,74.162999999999996703
-0.753880353120721436,0.000000000000000000,74.260999999999995680
-0.787290074899934300,0.000000000000000000,74.349000000000003752
-0.820097849182708671,0.000000000000000000,74.478999999999999204
-0.847851227367673599,0.000000000000000000,74.555999999999997385
-0.870978769900662031,0.000000000000000000,74.674999999999997158
-0.889529548588449348,0.000000000000000000,74.760000000000005116
-0.899561461620122182,0.000000000000000000,74.859999999999999432
-0.901753335656065635,0.000000000000000000,74.977999999999994429
-0.906578729988926302,0.000000000000000000,75.081999999999993634
-0.911469553397486698,0.000000000000000000,75.197999999999993292
-0.912560583234780620,0.000000000000000000,75.272000000000005571
-0.913766113954549763,0.000000000000000000,75.358999999999994657
-0.913906786467303944,0.000000000000000000,75.480000000000003979
-0.905798488261205903,0.000000000000000000,75.578000000000002956
-0.896267107658637152,0.000000000000000000,75.697000000000002728
-0.878172696773855899,0.000000000000000000,75.799000000000006594
-0.825021387129119543,1.000000000000000000,75.873999999999995225
-0.701278647711863545,1.000000000000000000,76.000000000000000000
-0.552901861293630503,1.000000000000000000,76.082999999999998408
-0.381749213624296480,1.000000000000000000,76.203999999999993520
-0.198793160698717108,1.000000000000000000,76.304000000000002046
-0.030970852982501795,1.000000000000000000,76.391000000000005343
0.082596029436541318,1.000000000000000000,76.513999999999995794
0.184750445326646862,1.000000000000000000,76.600999999999999091
0.277380023521752728,1.000000000000000000,76.715000000000003411
0.346895144999011196,2.000000000000000000,76.798000000000001819
0.380661455240787650,2.000000000000000000,76.899000000000000909
0.380090586555306587,2.000000000000000000,77.010000000000005116
0.347073439230292546,2.000000000000000000,77.109999999999999432
0.290724283510727766,2.000000000000000000,77.233999999999994657
0.232081838687885345,2.000000000000000000,77.322999999999993292
0.187734011178558369,2.000000000000000000,77.403000000000005798
0.159269091795358086,2.000000000000000000,77.519999999999996021
0.140721584561355639,2.000000000000000000,77.618999999999999773
0.125671261423507374,2.000000000000000000,77.742000000000004434
0.111553302614382455,2.000000000000000000,77.829999999999998295
0.100222622430069519,2.000000000000000000,77.915000000000006253
0.091249024697840575,2.000000000000000000,78.037999999999996703
0.088602418585783660,2.000000000000000000,78.118999999999999773
0.090072937062137148,2.000000000000000000,78.242999999999994998
0.082504428730562074,2.000000000000000000,78.337999999999993861
0.071667738067781928,2.000000000000000000,78.438000000000002387
0.060916105203411730,2.000000000000000000,78.555000000000006821
0.050843298999425857,2.000000000000000000,78.638999999999995794
0.042913295024609832,2.000000000000000000,78.751000000000004775
0.046109505372545545,2.000000000000000000,78.837000000000003297
0.049320437262513339,2.000000000000000000,78.941000000000002501
0.045047918619316007,2.000000000000000000,79.090999999999993975
0.037342009228771733,2.000000000000000000,79.146000000000000796
0.030460506192044656,2.000000000000000000,79.272000000000005571
0.025077328988843517,2.000000000000000000,79.361000000000004206
0.022576302570218143,2.000000000000000000,79.438999999999992951
0.025862477897241165,2.000000000000000000,79.560000000000002274
0.028707006963289539,2.000000000000000000,79.658000000000001251
0.023057206276612119,2.000000000000000000,79.769999999999996021
0.013386788888180678,2.000000000000000000,79.867000000000004434
0.003968273441193881,2.000000000000000000,79.948999999999998067
-0.003305804049732020,2.000000000000000000,80.084000000000003183
0.000711541198235688,2.000000000000000000,80.165000000000006253
0.032722716484364200,2.000000000000000000,80.284999999999996589
0.099017091710300376,1.000000000000000000,80.376999999999995339
0.195824316388838904,1.000000000000000000,80.471000000000003638
0.311409685793221591,1.000000000000000000,80.600999999999999091
0.448058310392263959,1.000000000000000000,80.668999999999996930
0.575576307477398519,1.000000000000000000,80.792000000000001592
0.680411679744304054,1.000000000000000000,80.882999999999995566
0.758792440978885097,1.000000000000000000,80.981999999999999318
0.820721061128750318,1.000000000000000000,81.091999999999998749
0.855069690144255823,1.000000000000000000,81.198999999999998067
0.866730787160852945,-1.000000000000000000,81.317999999999997840
0.815136689517771629,-1.000000000000000000,81.393000000000000682
0.725286211313014517,-1.000000000000000000,81.489999999999994884
0.602822610325689956,-1.000000000000000000,81.602999999999994429
0.454573410605071837,-1.000000000000000000,81.703999999999993520
0.296637436227098483,-1.000000000000000000,81.825999999999993406
0.174883740711116120,-1.000000000000000000,81.912000000000006139
0.068581121421642521,-1.000000000000000000,81.989000000000004320
-0.024491738761329040,-1.000000000000000000,82.111000000000004206
-0.116342710955608331,-1.000000000000000000,82.200999999999993406
-0.198474193954680578,-1.000000000000000000,82.331999999999993634
-0.273279256202266674,-1.000000000000000000,82.418000000000006366
-0.340407852143374434,-1.000000000000000000,82.509000000000000341
-0.400937925800156414,-1.000000000000000000,82.637000000000000455
-0.446728464428665206,-1.000000000000000000,82.716999999999998749
-0.491969398821295090,-1.000000000000000000,82.838999999999998636
-0.541477944676445166,-1.000000000000000000,82.924000000000006594
-0.587906416793026576,-1.000000000000000000,83.013999999999995794
-0.635169522411749954,-1.000000000000000000,83.141000000000005343
-0.690828066964304099,-1.000000000000000000,83.239000000000004320
-0.754875825385639576,-1.000000000000000000,83.353999999999999204
-0.823939695657933902,0.000000000000000000,83.433000000000006935
-0.852064628888138942,0.000000000000000000,83.525000000000005684
-0.878519569425630698,0.000000000000000000,83.647000000000005571
-0.900779871203736815,0.000000000000000000,83.740999999999999659
-0.920407840590053206,0.000000000000000000,83.861000000000004206
-0.938070107216266158,0.000000000000000000,83.950000000000002842
-0.952083003935678907,0.000000000000000000,84.030000000000001137
-0.961961087631883816,0.000000000000000000,84.159000000000006025
-0.973047651198865160,0.000000000000000000,84.239000000000004320
-0.986151196728386692,0.000000000000000000,84.376000000000004775
-0.986551174507399375,0.000000000000000000,84.462999999999993861
-0.965630969219658963,0.000000000000000000,84.549999999999997158
-0.912032237525266298,0.000000000000000000,84.668999999999996930
-0.822112446744411529,1.000000000000000000,84.757000000000005002
-0.698208219201496894,1.000000000000000000,84.873999999999995225
-0.560333827607868318,1.000000000000000000,84.962999999999993861
-0.421847504198484602,1.000000000000000000,85.064999999999997726
-0.293854614914555889,1.000000000000000000,85.177000000000006708
-0.155664001572562438,1.000000000000000000,85.272999999999996135
-0.030440189220257152,1.000000000000000000,85.397000000000005571
0.077326473315585176,1.000000000000000000,85.469999999999998863
0.161202155435809402,1.000000000000000000,85.560000000000002274
0.208180742095525284,2.000000000000000000,85.677999999999997272
0.197813796669416453,2.000000000000000000,85.781999999999996476
0.163097776619247181,2.000000000000000000,85.897000000000005571
0.110463093930678768,2.000000000000000000,85.986000000000004206
0.057248956254567496,2.000000000000000000,86.093000000000003524
0.017145201334968885,2.000000000000000000,86.191999999999993065
-0.013400110250284980,2.000000000000000000,86.281999999999996476
-0.041178054210663784,2.000000000000000000,86.406000000000005912
-0.059881288646357778,2.000000000000000000,86.492000000000004434
-0.074916350801023990,2.000000000000000000,86.599000000000003752
-0.088611316465324941,2.000000000000000000,86.718000000000003524
-0.100614068449189298,2.000000000000000000,86.795000000000001705
-0.112784332494349160,2.000000000000000000,86.918000000000006366
-0.126441693410195732,2.000000000000000000,87.004999999999995453
-0.137441082333032316,2.000000000000000000,87.093000000000003524
-0.144866310845978563,2.000000000000000000,87.207999999999998408
-0.146011546367082135,2.000000000000000000,87.319000000000002615
-0.133272083174866496,2.000000000000000000,87.435000000000002274
-0.103242982227483404,2.000000000000000000,87.513999999999995794
-0.013586854876662446,1.000000000000000000,87.608000000000004093
0.135064725374105965,1.000000000000000000,87.718999999999994088
0.280267795710234191,1.000000000000000000,87.820999999999997954
0.423138717847198809,1.000000000000000000,87.938000000000002387
0.570053399302401065,1.000000000000000000,88.031000000000005912
0.687599842365038905,1.000000000000000000,88.106999999999999318
0.787841347209375042,1.000000000000000000,88.237999999999999545
0.892091703863067575,1.000000000000000000,88.319000000000002615
0.982283520624366968,1.000000000000000000,88.441000000000002501
1.000000000000000000,1.000000000000000000,88.540999999999996817
1.000000000000000000,-1.000000000000000000,88.644000000000005457
0.971380922864891083,-1.000000000000000000,88.757000000000005002
0.878675288739385829,-1.000000000000000000,88.828999999999993520
0.749409911357939995,-1.000000000000000000,88.951999999999998181
0.598897790786270257,-1.000000000000000000,89.040000000000006253
0.427249041383461758,-1.000000000000000000,89.135000000000005116
0.269522654253344207,-1.000000000000000000,89.263000000000005230
0.127940452996264664,-1.000000000000000000,89.352999999999994429
-0.002681817455257640,-1.000000000000000000,89.478999999999999204
-0.124965589262784005,-1.000000000000000000,89.549999999999997158
-0.214849098927095472,-1.000000000000000000,89.638999999999995794
-0.295404856753651357,-1.000000000000000000,89.763000000000005230
-0.381496525181556190,-1.000000000000000000,89.862999999999999545
-0.460476937257904506,-1.000000000000000000,89.977999999999994429
-0.533393955432102440,-1.000000000000000000,90.069000000000002615
-0.607445861920147046,-1.000000000000000000,90.156000000000005912
-0.682550958971745114,-1.000000000000000000,90.272999999999996135
-0.741218823872082488,-1.000000000000000000,90.373000000000004661
-0.795952764492026565,-1.000000000000000000,90.480999999999994543
-0.845280445288260407,-1.000000000000000000,90.581000000000003070
-0.890461077238119181,-1.000000000000000000,90.671999999999997044
-0.936270509166968190,0.000000000000000000,90.805000000000006821
-0.979088455546872072,0.000000000000000000,90.867000000000004434
-1.000000000000000000,0.000000000000000000,90.993999999999999773
-1.000000000000000000,0.000000000000000000,91.088999999999998636
-1.000000000000000000,0.000000000000000000,91.180000000000006821
-1.000000000000000000,0.000000000000000000,91.296000000000006480
-0.996865274068553187,0.000000000000000000,91.397000000000005571
-0.993401030991863832,0.000000000000000000,91.513999999999995794
-0.993765052550221295,0.000000000000000000,91.588999999999998636
-0.989517559295833848,0.000000000000000000,91.680000000000006821
-0.981959367603116196,0.000000000000000000,91.799999999999997158
-0.976518021654969592,0.000000000000000000,91.891999999999995907
-0.968393957587175391,0.000000000000000000,92.013000000000005230
-0.961839844316088155,0.000000000000000000,92.106999999999999318
-0.970108826918962830,0.000000000000000000,92.191000000000002501
-0.973103809977296619,0.000000000000000000,92.317999999999997840
-0.947786196854577767,0.000000000000000000,92.405000000000001137
-0.878591046794884756,1.000000000000000000,92.516999999999995907
-0.763206564119550568,1.000000000000000000,92.626000000000004775
-0.600166311271211450,1.000000000000000000,92.707999999999998408
-0.414946621672911853,1.000000000000000000,92.834999999999993747
-0.205629049955489474,1.000000000000000000,92.912999999999996703
-0.015357914277236540,1.000000000000000000,93.037000000000006139
0.154823026865135382,1.000000000000000000,93.117999999999994998
0.296285944972361381,1.000000000000000000,93.225999999999999091
0.388202251067910842,2.000000000000000000,93.337000000000003297
0.394927161183915354,2.000000000000000000,93.432000000000002160
0.359867227018335401,2.000000000000000000,93.552999999999997272
0.298180237252344771,2.000000000000000000,93.626999999999995339
0.228239791869379260,2.000000000000000000,93.725999999999999091
0.171235050963017166,2.000000000000000000,93.850999999999999091
0.134927782263351670,2.000000000000000000,93.933000000000006935
0.112606877419622275,2.000000000000000000,94.055000000000006821
0.097492219254842416,2.000000000000000000,94.149000000000000909
0.081947981146788473,2.000000000000000000,94.239999999999994884
0.068981222698382139,2.000000000000000000,94.349000000000003752
0.062304618760738562,2.000000000000000000,94.442999999999997840
0.052448433154599794,2.000000000000000000,94.558000000000006935
0.043202975660586951,2.000000000000000000,94.664000000000001478
0.036077814352455606,2.000000000000000000,94.757999999999995566
0.029877371315790935,2.000000000000000000,94.875000000000000000
0.042124712750760684,2.000000000000000000,94.947999999999993292
0.101570640884969254,1.000000000000000000,95.081000000000003070
0.197744791558839950,1.000000000000000000,95.159000000000006025
0.340679322885396596,1.000000000000000000,95.260000000000005116
0.501614806533755564,1.000000000000000000,95.382000000000005002
0.659413839030011495,1.000000000000000000,95.469999999999998863
0.789768061335043958,1.000000000000000000,95.593999999999994088
0.894235347700971017,1.000000000000000000,95.674000000000006594
0.962190064109198939,1.000000000000000000,95.762000000000000455
1.000000000000000000,1.000000000000000000,95.881000000000000227
1.000000000000000000,-1.000000000000000000,95.974999999999994316
0.988110351987647295,-1.000000000000000000,96.093000000000003524
0.928653819522473389,-1.000000000000000000,96.197000000000002728
0.820628680272289079,-1.000000000000000000,96.271000000000000796
0.665184261350019401,-1.000000000000000000,96.399000000000000909
0.478550454713940754,-1.000000000000000000,96.478999999999999204
0.322810826230198522,-1.000000000000000000,96.599000000000003752
0.182256246874799910,-1.000000000000000000,96.700000000000002842
0.039774512966416431,-1.000000000000000000,96.790000000000006253
-0.087217011368055708,-1.000000000000000000,96.920000000000001705
-0.209063928625625617,-1.000000000000000000,96.992000000000004434
-0.327043268931763720,-1.000000000000000000,97.114000000000004320
-0.438269275899041078,-1.000000000000000000,97.200000000000002842
-0.521229796595637174,-1.000000000000000000,97.302999999999997272
-0.597266160443079452,-1.000000000000000000,97.421000000000006480
-0.662744636266162868,-1.000000000000000000,97.510000000000005116
-0.719597354059919092,-1.000000000000000000,97.632000000000005002
-0.771696866217826294,0.000000000000000000,97.707999999999998408
-0.819316822052485461,0.000000000000000000,97.801000000000001933
-0.859574782137830784,0.000000000000000000,97.920000000000001705
-0.893175600763895683,0.000000000000000000,98.019000000000005457
-0.916440767777046861,0.000000000000000000,98.141999999999995907
-0.921091147610585526,0.000000000000000000,98.230999999999994543
-0.883123549347678338,0.000000000000000000,98.307000000000002160
-0.842301705830305836,0.000000000000000000,98.427999999999997272
-0.803130050591953193,0.000000000000000000,98.518000000000000682
-0.766396361956775185,0.000000000000000000,98.641000000000005343
-0.735686275160188474,0.000000000000000000,98.740999999999999659
-0.732807152695487019,0.000000000000000000,98.828999999999993520
-0.718540901865210024,0.000000000000000000,98.951999999999998181
-0.695026962749693999,0.000000000000000000,99.037000000000006139
-0.677513406743216029,0.000000000000000000,99.158000000000001251
-0.670129850745030176,0.000000000000000000,99.245000000000004547
-0.672627522652772702,0.000000000000000000,99.343000000000003524
-0.683080926394139643,0.000000000000000000,99.459999999999993747
-0.695857861571592906,0.000000000000000000,99.561999999999997613
-0.698073591763321621,0.000000000000000000,99.688999999999992951
-0.688580448337082984,0.000000000000000000,99.751000000000004775
-0.682011206353970723,0.000000000000000000,99.840000000000003411
-0.680584912967080014,0.000000000000000000,99.963999999999998636
-0.671816525599063796,0.000000000000000000,100.057000000000002160
-0.645141522302833614,0.000000000000000000,100.183999999999997499
-0.598393927307133033,1.000000000000000000,100.271000000000000796
-0.520700741257941191,1.000000000000000000,100.358000000000004093
-0.415815105939598806,1.000000000000000000,100.477000000000003865
-0.302487803947681377,1.000000000000000000,100.569000000000002615
-0.198068201701103841,1.000000000000000000,100.683999999999997499
-0.115258602746609484,1.000000000000000000,100.784000000000006025
-0.059590040160109714,1.000000000000000000,100.875000000000000000
-0.024561269666470653,1.000000000000000000,100.986999999999994770
0.018287237244832610,1.000000000000000000,101.076999999999998181
0.094688466842410612,1.000000000000000000,101.194999999999993179
0.190203686305013386,1.000000000000000000,101.278000000000005798
0.285695687038061585,1.000000000000000000,101.385000000000005116
0.379676811869414932,1.000000000000000000,101.498000000000004661
0.454529020509600645,2.000000000000000000,101.593999999999994088
0.482408080781277393,2.000000000000000000,101.718999999999994088
0.482484370892668712,2.000000000000000000,101.787999999999996703
0.480062989096319503,2.000000000000000000,101.882999999999995566
0.477019677044056678,2.000000000000000000,102.001000000000004775
0.473147124650578732,2.000000000000000000,102.096000000000003638
0.495077214714372049,1.000000000000000000,102.212000000000003297
0.531472573290334038,1.000000000000000000,102.323999999999998067
0.584407959712187619,1.000000000000000000,102.394999999999996021
0.651340923093763235,1.000000000000000000,102.509000000000000341
0.728493444440482696,1.000000000000000000,102.602999999999994429
0.797302149473888111,1.000000000000000000,102.724000000000003752
0.869031438989056104,1.000000000000000000,102.814999999999997726
0.903312234694918059,1.000000000000000000,102.912999999999996703
0.887254824727615743,-1.000000000000000000,103.043000000000006366
0.816754469398129013,-1.000000000000000000,103.109999999999999432
0.688691566542805722,-1.000000000000000000,103.239999999999994884
0.514889424946699981,-1.000000000000000000,103.319999999999993179
0.337305947394650918,-1.000000000000000000,103.418000000000006366
0.171185888319568713,-1.000000000000000000,103.539000000000001478
0.022982396056796084,-1.000000000000000000,103.629999999999995453
-0.124484730782976505,-1.000000000000000000,103.754999999999995453
-0.259946115962627955,-1.000000000000000000,103.828000000000002956
-0.386828180572059921,-1.000000000000000000,103.924999999999997158
-0.503022995663902073,-1.000000000000000000,104.045000000000001705
-0.608069503608439477,-1.000000000000000000,104.131000000000000227
-0.681711021350451030,-1.000000000000000000,104.259000000000000341
-0.742544092782043252,-1.000000000000000000,104.352999999999994429
-0.791781067282073314,-1.000000000000000000,104.436000000000007049
-0.840901948134333166,-1.000000000000000000,104.558999999999997499
-0.888463857145107783,-1.000000000000000000,104.647000000000005571
-0.931682205248594020,-1.000000000000000000,104.763999999999995794
-0.966841995716144154,-1.000000000000000000,104.862999999999999545
-0.995503858869927760,0.000000000000000000,104.950000000000002842
-1.000000000000000000,0.000000000000000000,105.075000000000002842
-1.000000000000000000,0.000000000000000000,105.150999999999996248
-1.000000000000000000,0.000000000000000000,105.269999999999996021
-1.000000000000000000,0.000000000000000000,105.361000000000004206
-1.000000000000000000,0.000000000000000000,105.463999999999998636
-1.000000000000000000,0.000000000000000000,105.572999999999993292
-1.000000000000000000,0.000000000000000000,105.682000000000002160
-1.000000000000000000,0.000000000000000000,105.793999999999996930
-1.000000000000000000,0.000000000000000000,105.873000000000004661
-0.984280398864128103,0.000000000000000000,105.957999999999998408
-0.904611327754002992,1.000000000000000000,106.082999999999998408
-0.800092261671979554,1.000000000000000000,106.174999999999997158
-0.670606676361059417,1.000000000000000000,106.296000000000006480
-0.517905628121613226,1.000000000000000000,106.393000000000000682
-0.354987158388389457,1.000000000000000000,106.474999999999994316
-0.234263239470118068,1.000000000000000000,106.591999999999998749
-0.122637789933900843,1.000000000000000000,106.685000000000002274
-0.040374856938540593,2.000000000000000000,106.804000000000002046
-0.011363509391376203,2.000000000000000000,106.897000000000005571
-0.019349411552502804,2.000000000000000000,106.989999999999994884
-0.049621775031565063,2.000000000000000000,107.109999999999999432
-0.098154926182681068,2.000000000000000000,107.186999999999997613
-0.144900307911358328,2.000000000000000000,107.319000000000002615
-0.165968851310259513,2.000000000000000000,107.406000000000005912
-0.174545355869869412,2.000000000000000000,107.490999999999999659
-0.192488495224900302,2.000000000000000000,107.623000000000004661
-0.208498608891918624,2.000000000000000000,107.704999999999998295
-0.219493390839916702,2.000000000000000000,107.837999999999993861
-0.228995704564718183,2.000000000000000000,107.911000000000001364
-0.239026368002758782,2.000000000000000000,108.004000000000004889
-0.239782977561897481,2.000000000000000000,108.121999999999999886
-0.244881312861245481,2.000000000000000000,108.218000000000003524
-0.255789898783518432,2.000000000000000000,108.340000000000003411
-0.260615280001405214,2.000000000000000000,108.438000000000002387
-0.260367865483121186,2.000000000000000000,108.507999999999995566
-0.259620833260172823,2.000000000000000000,108.632999999999995566
-0.255274318851869797,2.000000000000000000,108.719999999999998863
-0.248713843560599113,2.000000000000000000,108.840000000000003411
-0.254937515862463382,2.000000000000000000,108.938999999999992951
-0.267579599635422993,2.000000000000000000,109.037000000000006139
-0.273062624605134752,2.000000000000000000,109.155000000000001137
-0.276575910764766175,2.000000000000000000,109.228999999999999204
-0.276676472794779138,2.000000000000000000,109.350999999999999091
-0.253968608684409292,2.000000000000000000,109.445999999999997954
-0.196471070857922259,1.000000000000000000,109.533000000000001251
-0.111251933424743377,1.000000000000000000,109.650000000000005684
0.003005687341474550,1.000000000000000000,109.760000000000005116
0.161470695745586923,1.000000000000000000,109.876000000000004775
0.320973248903794417,1.000000000000000000,109.953000000000002956
0.463045050193223062,1.000000000000000000,110.043000000000006366
0.583594980837346178,1.000000000000000000,110.162999999999996703
0.680369174385734299,1.000000000000000000,110.259000000000000341
0.729401943241512862,1.000000000000000000,110.381000000000000227
0.745528581165530335,-1.000000000000000000,110.469999999999998863
0.715637714911433465,-1.000000000000000000,110.561000000000007049
0.607393065050863656,-1.000000000000000000,110.676000000000001933
0.467844891847930544,-1.000000000000000000,110.766999999999995907
0.307968822578250867,-1.000000000000000000,110.881000000000000227
0.143219485409726399,-1.000000000000000000,110.975999999999999091
-0.006847795377020294,-1.000000000000000000,111.076999999999998181
-0.105583746621993768,-1.000000000000000000,111.201999999999998181
-0.188878694546187109,-1.000000000000000000,111.272000000000005571
-0.264505070090309879,-1.000000000000000000,111.393000000000000682
-0.348855196336360418,-1.000000000000000000,111.486000000000004206
-0.438524298565532322,-1.000000000000000000,111.581000000000003070
-0.529398765672882354,-1.000000000000000000,111.703999999999993520
-0.618242527784078844,-1.000000000000000000,111.787000000000006139
-0.683541495941520028,-1.000000000000000000,111.914000000000001478
-0.741683610134774796,-1.000000000000000000,111.990999999999999659
-0.793179476319184396,-1.000000000000000000,112.087000000000003297
-0.838022398023202109,-1.000000000000000000,112.200999999999993406
-0.873947293746584197,-1.000000000000000000,112.304000000000002046
-0.908532895160878873,-1.000000000000000000,112.421999999999997044
-0.939919257294341115,-1.000000000000000000,112.509000000000000341
-0.964274324305095076,0.000000000000000000,112.596000000000003638
-0.979291161745737160,0.000000000000000000,112.716999999999998749
-0.991264452868977908,0.000000000000000000,112.805000000000006821
-0.997241053723280202,0.000000000000000000,112.918000000000006366
-0.996633348930532015,0.000000000000000000,113.025000000000005684
-0.999206468121865865,0.000000000000000000,113.120000000000004547
-1.000000000000000000,0.000000000000000000,113.237999999999999545
-1.000000000000000000,0.000000000000000000,113.316999999999993065
-1.000000000000000000,0.000000000000000000,113.438999999999992951
-0.999853291032247293,0.000000000000000000,113.525000000000005684
-0.990562278790383499,0.000000000000000000,113.626999999999995339
-0.922899436004047224,1.000000000000000000,113.742000000000004434
-0.825986492772082359,1.000000000000000000,113.834000000000003183
-0.703457830341081336,1.000000000000000000,113.965999999999993975
-0.554301490263025665,1.000000000000000000,114.027000000000001023
-0.383880685597680738,1.000000000000000000,114.128000000000000114
-0.243982014814270620,1.000000000000000000,114.242000000000004434
-0.115711696872598413,1.000000000000000000,114.340000000000003411
-0.000688531860019492,1.000000000000000000,114.456999999999993634
0.093558642741990106,1.000000000000000000,114.552999999999997272
0.152273905642794416,1.000000000000000000,114.629000000000004889
0.184074741550481091,2.000000000000000000,114.756000000000000227
0.193540804265230459,2.000000000000000000,114.837999999999993861
0.182377585537163212,2.000000000000000000,114.959000000000003183
0.156780204959097169,2.000000000000000000,115.061999999999997613
0.132965004909749496,2.000000000000000000,115.149000000000000909
0.097823205690974468,2.000000000000000000,115.280000000000001137
0.064767007820588640,2.000000000000000000,115.353999999999999204
0.036320472402876725,2.000000000000000000,115.475999999999999091
0.011831744819756462,2.000000000000000000,115.561000000000007049
-0.009362699578378986,2.000000000000000000,115.659000000000006025
-0.021822958953163885,2.000000000000000000,115.772999999999996135
-0.041185208401755213,2.000000000000000000,115.870999999999995111
-0.062059560506612765,2.000000000000000000,115.996999999999999886
-0.082107007520501707,2.000000000000000000,116.066999999999993065
-0.100690699151587904,2.000000000000000000,116.159000000000006025
-0.116086805028783435,2.000000000000000000,116.287000000000006139
-0.127656807712890674,2.000000000000000000,116.382999999999995566
-0.141980937837075771,2.000000000000000000,116.492999999999994998
-0.156641831728148051,2.000000000000000000,116.608000000000004093
-0.169010397998089590,2.000000000000000000,116.671999999999997044
-0.182592647546708675,2.000000000000000000,116.799999999999997158
-0.196133218411308152,2.000000000000000000,116.885000000000005116
-0.209108626320589464,2.000000000000000000,116.998999999999995225
-0.228375848369612777,2.000000000000000000,117.103999999999999204
-0.253653136654401812,2.000000000000000000,117.191000000000002501
-0.277399983661955063,2.000000000000000000,117.328000000000002956
-0.298107621030730296,2.000000000000000000,117.391999999999995907
-0.315254231636788340,2.000000000000000000,117.516999999999995907
-0.329034871721345712,2.000000000000000000,117.608000000000004093
-0.336653735160303946,2.000000000000000000,117.691000000000002501
-0.326669189616338396,2.000000000000000000,117.819000000000002615
-0.276713118949296955,1.000000000000000000,117.909999999999996589
-0.180802131281185052,1.000000000000000000,118.036000000000001364
-0.041413607590188084,1.000000000000000000,118.126000000000004775
0.134685522012283121,1.000000000000000000,118.200000000000002842
0.376148947722060978,1.000000000000000000,118.320999999999997954
0.618479935040580964,1.000000000000000000,118.414000000000001478
0.762151671503423556,1.000000000000000000,118.531000000000005912
0.872875801524215955,1.000000000000000000,118.640000000000000568
0.954626720022720976,1.000000000000000000,118.713999999999998636
0.976206428215108390,-1.000000000000000000,118.832999999999998408
0.947031128815545076,-1.000000000000000000,118.927999999999997272
0.868613749986344885,-1.000000000000000000,119.043000000000006366
0.717852552315271453,-1.000000000000000000,119.132999999999995566
0.537397180965141663,-1.000000000000000000,119.236999999999994770
0.350562386894510025,-1.000000000000000000,119.355000000000003979
0.179255588367019936,-1.000000000000000000,119.432000000000002160
0.027219962641051421,-1.000000000000000000,119.555000000000006821
-0.079802864186022560,-1.000000000000000000,119.638999999999995794
-0.176211525927328583,-1.000000000000000000,119.742999999999994998
-0.279285446395735382,-1.000000000000000000,119.855000000000003979
-0.379315304424449828,-1.000000000000000000,119.963999999999998636
-0.476058958683042488,-1.000000000000000000,120.079999999999998295
-0.564662658893868907,-1.000000000000000000,120.152000000000001023
-0.644143274843154034,-1.000000000000000000,120.240999999999999659
-0.701284987601634935,-1.000000000000000000,120.358000000000004093
-0.749208944300211011,-1.000000000000000000,120.459000000000003183
-0.787574690587073634,-1.000000000000000000,120.575999999999993406
-0.822976481340551902,0.000000000000000000,120.683999999999997499
-0.856794340082946859,0.000000000000000000,120.748999999999995225
-0.887311430163163162,0.000000000000000000,120.879999999999995453
-0.910509661985266727,0.000000000000000000,120.963999999999998636
-0.928531895292989962,0.000000000000000000,121.087000000000003297
-0.940200194441308312,0.000000000000000000,121.176000000000001933
-0.946077128385881427,0.000000000000000000,121.284999999999996589
-0.944797238496465575,0.000000000000000000,121.402000000000001023
-0.944877345402773683,0.000000000000000000,121.474999999999994316
-0.949980519456875339,0.000000000000000000,121.596999999999994202
-0.954805139950406168,0.000000000000000000,121.680999999999997385
-0.956314426889703251,0.000000000000000000,121.784999999999996589
-0.958672118791258576,0.000000000000000000,121.902000000000001023
-0.958484595806039064,0.000000000000000000,121.989000000000004320
-0.951588119417548839,0.000000000000000000,122.120999999999995111
-0.941449133935105098,0.000000000000000000,122.189999999999997726
-0.940005389010059922,0.000000000000000000,122.284999999999996589
-0.943346211125391965,0.000000000000000000,122.402000000000001023
-0.944999326373742399,0.000000000000000000,122.500000000000000000
-0.944746261374269425,0.000000000000000000,122.621999999999999886
-0.945155898963343399,0.000000000000000000,122.710999999999998522
-0.937980869014284013,0.000000000000000000,122.790000000000006253
-0.925597069543717677,0.000000000000000000,122.921999999999997044
-0.916468523447655059,0.000000000000000000,123.007000000000005002
-0.916790771684392491,0.000000000000000000,123.132999999999995566
-0.918857165744830007,0.000000000000000000,123.219999999999998863
-0.919326883513634008,0.000000000000000000,123.310000000000002274
-0.916914573266868316,0.000000000000000000,123.436999999999997613
-0.898031190716337524,0.000000000000000000,123.510000000000005116
-0.838670152530831881,1.000000000000000000,123.632999999999995566
-0.705266664967428625,1.000000000000000000,123.718000000000003524
-0.543825760196334329,1.000000000000000000,123.819000000000002615
-0.356133458105908574,1.000000000000000000,123.944999999999993179
-0.153060630004405396,1.000000000000000000,124.031999999999996476
0.046117910083639524,1.000000000000000000,124.149000000000000909
0.198009707500555132,1.000000000000000000,124.230999999999994543
0.343522082196968004,1.000000000000000000,124.323999999999998067
0.478183612311702921,1.000000000000000000,124.439999999999997726
0.576620435271798515,2.000000000000000000,124.537000000000006139
0.622663700283650590,2.000000000000000000,124.659000000000006025
0.623588570929202834,2.000000000000000000,124.750000000000000000
0.589377460101298434,2.000000000000000000,124.828000000000002956
0.528849409939810666,2.000000000000000000,124.950000000000002842
0.469258974704423126,2.000000000000000000,125.037999999999996703
0.426048581197452814,2.000000000000000000,125.164000000000001478
0.395282067340779308,2.000000000000000000,125.251000000000004775
0.374690951196687605,2.000000000000000000,125.358999999999994657
0.358329115583341684,2.000000000000000000,125.475999999999999091
0.344299483310454235,2.000000000000000000,125.551000000000001933
0.334053081749098091,2.000000000000000000,125.680000000000006821
0.340541317391748866,2.000000000000000000,125.763999999999995794
0.336519070663855002,2.000000000000000000,125.858000000000004093
0.365603433742099027,2.000000000000000000,125.974000000000003752
0.482025642513839392,1.000000000000000000,126.075999999999993406
0.626380632043653351,1.000000000000000000,126.194999999999993179
0.794972283716718131,1.000000000000000000,126.272999999999996135
0.970071757397534817,1.000000000000000000,126.359999999999999432
1.000000000000000000,2.000000000000000000,126.483999999999994657
1.000000000000000000,2.000000000000000000,126.576999999999998181
1.000000000000000000,2.000000000000000000,126.701999999999998181
1.000000000000000000,2.000000000000000000,126.792000000000001592
1.000000000000000000,2.000000000000000000,126.879000000000004889
0.969517336677637731,-1.000000000000000000,127.003000000000000114
0.896873916730324572,-1.000000000000000000,127.081000000000003070
0.792310480854732768,-1.000000000000000000,127.201999999999998181
0.665333228625528239,-1.000000000000000000,127.302999999999997272
0.533550522706125685,-1.000000000000000000,127.391999999999995907
0.409549510530670791,-1.000000000000000000,127.512000000000000455
0.276456370557751852,-1.000000000000000000,127.597999999999998977
0.149006346720861327,-1.000000000000000000,127.721999999999994202
0.030145535917554422,-1.000000000000000000,127.805999999999997385
-0.077528990973711243,-1.000000000000000000,127.897000000000005571
-0.173273173939496372,-1.000000000000000000,128.015999999999991132
-0.239148662080147290,-1.000000000000000000,128.106999999999999318
-0.297707295675011863,-1.000000000000000000,128.225999999999999091
-0.363336879120390255,-1.000000000000000000,128.307999999999992724
-0.425350870304310624,-1.000000000000000000,128.401000000000010459
-0.481555164752179410,-1.000000000000000000,128.520000000000010232
-0.533291926155612606,-1.000000000000000000,128.620000000000004547
-0.580517594122625491,-1.000000000000000000,128.735000000000013642
-0.620693391979219022,-1.000000000000000000,128.831999999999993634
-0.674474999414354626,-1.000000000000000000,128.914999999999992042
-0.706351866915572835,-1.000000000000000000,129.039999999999992042
-0.746967367852200859,-1.000000000000000000,129.131000000000000227
-0.784451888645027240,0.000000000000000000,129.240000000000009095
-0.819249711822196414,0.000000000000000000,129.342000000000012960
-0.851000564642704238,0.000000000000000000,129.432999999999992724
-0.879867619962341085,0.000000000000000000,129.560000000000002274
-0.895188097105620861,0.000000000000000000,129.634999999999990905
-0.909406753579100169,0.000000000000000000,129.754999999999995453
-0.926779008215996347,0.000000000000000000,129.842999999999989313
-0.939335240247797021,0.000000000000000000,129.943000000000012051
-0.948636093027914851,0.000000000000000000,130.063999999999992951
-0.956507163853820064,0.000000000000000000,130.149000000000000909
-0.962024345066969877,0.000000000000000000,130.281000000000005912
-0.958663953581361805,0.000000000000000000,130.348000000000013188
-0.955185625279191708,0.000000000000000000,130.442000000000007276
-0.953620135207290720,0.000000000000000000,130.558999999999997499
-0.905855724499597170,0.000000000000000000,130.662000000000006139
-0.823495437218436654,1.000000000000000000,130.783999999999991815
-0.711196969831600967,1.000000000000000000,130.867999999999994998
-0.571648635527577387,1.000000000000000000,130.961000000000012733
-0.404362531311821760,1.000000000000000000,131.075999999999993406
-0.262634789260641432,1.000000000000000000,131.158999999999991815
-0.142533105106745106,1.000000000000000000,131.282000000000010687
-0.038356122334406217,1.000000000000000000,131.376000000000004775
0.041514567216311749,1.000000000000000000,131.485000000000013642
0.095348685044884363,2.000000000000000000,131.599999999999994316
0.121370716611562068,2.000000000000000000,131.670999999999992269
0.125561512531594754,2.000000000000000000,131.799000000000006594
0.104505751843167127,2.000000000000000000,131.879999999999995453
0.070693428092065025,2.000000000000000000,131.985999999999989996
0.034346270571290916,2.000000000000000000,132.104999999999989768
0.003603535196465613,2.000000000000000000,132.188999999999992951
-0.020310173827558953,2.000000000000000000,132.318999999999988404
-0.036709853621023747,2.000000000000000000,132.391999999999995907
-0.048955895669537841,2.000000000000000000,132.479999999999989768
-0.067111703128798994,2.000000000000000000,132.599999999999994316
-0.089081878038791751,2.000000000000000000,132.693999999999988404
-0.113184609083880949,2.000000000000000000,132.823000000000007503
-0.141836793217178680,2.000000000000000000,132.914999999999992042
-0.180342356038324603,2.000000000000000000,133.000000000000000000
-0.213997969224952511,2.000000000000000000,133.118999999999999773
-0.246941114793720384,2.000000000000000000,133.199999999999988631
-0.279745321099139632,2.000000000000000000,133.320999999999997954
-0.296823541481044506,2.000000000000000000,133.419999999999987494
-0.269481586912567628,1.000000000000000000,133.512000000000000455
-0.196948829153981486,1.000000000000000000,133.628999999999990678
-0.055400415686889470,1.000000000000000000,133.719999999999998863
0.112758097856862083,1.000000000000000000,133.830999999999988859
0.291051099760814225,1.000000000000000000,133.923000000000001819
0.458169184402290375,1.000000000000000000,134.018000000000000682
0.604120033830094938,1.000000000000000000,134.135999999999995680
0.701299970677353279,1.000000000000000000,134.230999999999994543
0.786082001630112881,1.000000000000000000,134.362999999999999545
0.855774582354228652,1.000000000000000000,134.435000000000002274
0.876974129024492788,1.000000000000000000,134.520000000000010232
0.846115072405935642,-1.000000000000000000,134.639999999999986358
0.768032821977607361,-1.000000000000000000,134.739000000000004320
0.649919907976972855,-1.000000000000000000,134.859000000000008868
0.500598973626581900,-1.000000000000000000,134.949000000000012278
0.356350937961195546,-1.000000000000000000,135.038999999999987267
0.221907813798768894,-1.000000000000000000,135.152999999999991587
0.082668053905203154,-1.000000000000000000,135.248999999999995225
-0.044370899979078504,-1.000000000000000000,135.365000000000009095
-0.157866506832661235,-1.000000000000000000,135.462999999999993861
-0.259290553503328636,-1.000000000000000000,135.560000000000002274
-0.351442827704812499,-1.000000000000000000,135.670999999999992269
-0.420946386407862527,-1.000000000000000000,135.762000000000000455
-0.486100823053578379,-1.000000000000000000,135.878999999999990678
-0.548069350079284701,-1.000000000000000000,135.961000000000012733
-0.621573067108472710,-1.000000000000000000,136.063999999999992951
-0.690727662080325322,-1.000000000000000000,136.173000000000001819
-0.752413463860847398,-1.000000000000000000,136.280000000000001137
-0.806208807941510508,-1.000000000000000000,136.397999999999996135
-0.855257599048751427,-1.000000000000000000,136.469999999999998863
-0.885622290381445576,0.000000000000000000,136.562000000000011823
-0.910308243218027946,0.000000000000000000,136.680000000000006821
-0.937196221821381181,0.000000000000000000,136.783999999999991815
-0.959717307066273784,0.000000000000000000,136.894000000000005457
-0.976234923676301047,0.000000000000000000,136.997999999999990450
-0.988274172402623607,0.000000000000000000,137.068000000000012051
-0.998405296934680053,0.000000000000000000,137.193999999999988404
-1.000000000000000000,0.000000000000000000,137.282999999999987040
-0.997315972309242071,0.000000000000000000,137.401000000000010459
-0.995160665735880579,0.000000000000000000,137.498999999999995225
-0.995005444857378740,0.000000000000000000,137.588999999999998636
-0.985038970950251058,0.000000000000000000,137.707999999999998408
-0.955288302570764691,0.000000000000000000,137.790999999999996817
-0.887519837147427770,0.000000000000000000,137.914999999999992042
-0.781001126159811210,1.000000000000000000,138.002999999999985903
-0.639439684966292332,1.000000000000000000,138.100999999999999091
-0.480672979521353794,1.000000000000000000,138.222000000000008413
-0.303813340426065448,1.000000000000000000,138.308999999999997499
-0.153606419676833306,1.000000000000000000,138.431999999999987949
-0.037672592277599337,1.000000000000000000,138.512000000000000455
0.038083280851968659,1.000000000000000000,138.603000000000008640
0.068482319776029810,2.000000000000000000,138.725999999999999091
0.043176465927805552,2.000000000000000000,138.823000000000007503
-0.003216791018531673,2.000000000000000000,138.938999999999992951
-0.054839051309393150,2.000000000000000000,139.036000000000001364
-0.095206181024733105,2.000000000000000000,139.116999999999990223
-0.118492546568284340,2.000000000000000000,139.235000000000013642
-0.128303799596910295,2.000000000000000000,139.324000000000012278
-0.133141516976879037,2.000000000000000000,139.443999999999988404
-0.144081355142944068,2.000000000000000000,139.536000000000001364
-0.162392568153687411,2.000000000000000000,139.629999999999995453
-0.176026135315417220,2.000000000000000000,139.758999999999986130
-0.176402869322614730,2.000000000000000000,139.831999999999993634
-0.166201947213582057,2.000000000000000000,139.962999999999993861
-0.133995231808638038,2.000000000000000000,140.039999999999992042
-0.077627416534418403,1.000000000000000000,140.145000000000010232
0.000899796030064293,1.000000000000000000,140.264000000000010004
0.095806045044775745,1.000000000000000000,140.350999999999999091
0.206978148619140878,1.000000000000000000,140.473999999999989541
0.325023626719657344,1.000000000000000000,140.550000000000011369
0.452966052708806854,1.000000000000000000,140.649000000000000909
0.562157473198124702,1.000000000000000000,140.760999999999995680
0.654120993057908606,1.000000000000000000,140.853000000000008640
0.732345848286143131,1.000000000000000000,140.974999999999994316
0.797638864074207588,1.000000000000000000,141.075999999999993406
0.837477272672151107,1.000000000000000000,141.164999999999992042
0.868893331727228713,1.000000000000000000,141.272999999999996135
0.839034332109621639,-1.000000000000000000,141.364000000000004320
0.763153958900421925,-1.000000000000000000,141.479999999999989768
0.645944409906002104,-1.000000000000000000,141.575999999999993406
0.495558015016003717,-1.000000000000000000,141.674000000000006594
0.322748670719117170,-1.000000000000000000,141.795999999999992269
0.180584131737252962,-1.000000000000000000,141.877999999999985903
0.055529460841895473,-1.000000000000000000,142.001000000000004775
-0.056722721345376814,-1.000000000000000000,142.086000000000012733
-0.158043676241015008,-1.000000000000000000,142.171999999999997044
-0.233939505641907908,-1.000000000000000000,142.300999999999987722
-0.327365594501019985,-1.000000000000000000,142.394000000000005457
-0.422196990515999349,-1.000000000000000000,142.512000000000000455
-0.507865716400024869,-1.000000000000000000,142.592000000000012960
-0.573222535895596241,-1.000000000000000000,142.680000000000006821
-0.636778868312030122,-1.000000000000000000,142.802999999999997272
-0.694904449270630220,-1.000000000000000000,142.901999999999986812
-0.751305353132373566,-1.000000000000000000,143.016999999999995907
-0.802027400139731284,-1.000000000000000000,143.111999999999994770
-0.844587813373052554,-1.000000000000000000,143.193999999999988404
-0.877430765241467348,-1.000000000000000000,143.316000000000002501
-0.907856412447654471,-1.000000000000000000,143.406000000000005912
-0.930506367607773055,0.000000000000000000,143.525000000000005684
-0.947048450331970382,0.000000000000000000,143.610000000000013642
-0.959145311367965103,0.000000000000000000,143.723999999999989541
-0.968544026216470066,0.000000000000000000,143.836999999999989086
-0.970516808709877554,0.000000000000000000,143.915999999999996817
-0.966643607797056714,0.000000000000000000,144.038999999999987267
-0.968364838985627863,0.000000000000000000,144.120000000000004547
-0.974029912206871851,0.000000000000000000,144.224999999999994316
-0.977244944637176260,0.000000000000000000,144.342999999999989313
-0.979243571442724114,0.000000000000000000,144.436000000000007049
-0.977825580183270593,0.000000000000000000,144.562000000000011823
-0.965011970223906279,0.000000000000000000,144.628999999999990678
-0.943697304524391156,0.000000000000000000,144.725999999999999091
-0.928464666948656481,0.000000000000000000,144.848999999999989541
-0.918824738520171547,0.000000000000000000,144.938999999999992951
-0.908261306671191759,0.000000000000000000,145.062000000000011823
-0.886057596634036604,1.000000000000000000,145.163999999999987267
-0.807465043414136829,1.000000000000000000,145.230999999999994543
-0.695278330319599402,1.000000000000000000,145.349999999999994316
-0.553634270247080229,1.000000000000000000,145.441000000000002501
-0.394624555370146179,1.000000000000000000,145.562999999999988177
-0.230377059899362524,1.000000000000000000,145.657999999999987040
-0.104727183133657364,1.000000000000000000,145.750000000000000000
0.013894763683917954,1.000000000000000000,145.875000000000000000
0.126643159828979668,1.000000000000000000,145.948000000000007503
0.216751938538780387,2.000000000000000000,146.092999999999989313
0.256431572445483980,2.000000000000000000,146.167000000000001592
0.258156249542340399,2.000000000000000000,146.253999999999990678
0.230716481865477441,2.000000000000000000,146.372999999999990450
0.177785607647159560,2.000000000000000000,146.478000000000008640
0.119799585974119438,2.000000000000000000,146.593999999999994088
0.084113759770227503,2.000000000000000000,146.677999999999997272
0.051804923686053161,2.000000000000000000,146.758999999999986130
0.022445785094206361,2.000000000000000000,146.883999999999986130
-0.005507422917185201,2.000000000000000000,146.973999999999989541
-0.032919623327765213,2.000000000000000000,147.088999999999998636
-0.058469310310070743,2.000000000000000000,147.191000000000002501
-0.075326693642385090,2.000000000000000000,147.269000000000005457
-0.091401855793906805,2.000000000000000000,147.390999999999991132
-0.101749918375046766,2.000000000000000000,147.483000000000004093
-0.098624479560164180,2.000000000000000000,147.602000000000003865
-0.093867403172130159,2.000000000000000000,147.701999999999998181
-0.081839460301844080,2.000000000000000000,147.790999999999996817
-0.047357979043708642,2.000000000000000000,147.913000000000010914
0.022950610658021287,1.000000000000000000,147.993999999999999773
0.126217590155729198,1.000000000000000000,148.115000000000009095
0.265766537990708374,1.000000000000000000,148.199000000000012278
0.449734966578997364,1.000000000000000000,148.300000000000011369
0.631472169552471430,1.000000000000000000,148.425000000000011369
0.789384362640495496,1.000000000000000000,148.509999999999990905
0.911462555468354640,1.000000000000000000,148.639999999999986358
0.994393507219609285,1.000000000000000000,148.711000000000012733
1.000000000000000000,-1.000000000000000000,148.804000000000002046
0.970777867457063071,-1.000000000000000000,148.923000000000001819
0.890181202556402207,-1.000000000000000000,149.020000000000010232
0.729622950440831808,-1.000000000000000000,149.139000000000010004
0.542631087480667684,-1.000000000000000000,149.235999999999989996
0.346544432756656917,-1.000000000000000000,149.308999999999997499
0.160482077029275194,-1.000000000000000000,149.433999999999997499
-0.005550510501462158,-1.000000000000000000,149.520000000000010232
-0.115526793516729454,-1.000000000000000000,149.639000000000010004
-0.210882595362220759,-1.000000000000000000,149.745000000000004547
-0.306873474893461173,-1.000000000000000000,149.835000000000007958
-0.394657986701027697,-1.000000000000000000,149.955000000000012506
-0.474578490723328805,-1.000000000000000000,150.040999999999996817
-0.548280026464422532,-1.000000000000000000,150.175999999999987722
-0.616899228919828069,-1.000000000000000000,150.247000000000014097
-0.672135581382808156,-1.000000000000000000,150.341000000000008185
-0.726372242825632730,-1.000000000000000000,150.465000000000003411
-0.777991562539317005,-1.000000000000000000,150.548000000000001819
-0.830595167075928620,-1.000000000000000000,150.676999999999992497
-0.873961900474253706,-1.000000000000000000,150.770999999999986585
