-0.963042950085036265,0.000000000000000000
-0.955416677914855739,0.000000000000000000
-0.949167184083362536,0.000000000000000000
-0.938746861755257456,0.000000000000000000
-0.934535539778095670,0.000000000000000000
-0.981561968523067763,0.000000000000000000
-0.963866317522878768,0.000000000000000000
-0.956321032313797503,0.000000000000000000
-0.947925384013173833,0.000000000000000000
-0.939988661825446048,0.000000000000000000
-0.929190400345544343,0.000000000000000000
-0.946238155656939250,0.000000000000000000
-0.973152822395594308,0.000000000000000000
-0.958332208514429129,0.000000000000000000
-0.950948897227546386,0.000000000000000000
-0.944145992495208253,0.000000000000000000
-0.936074292038981737,0.000000000000000000
-0.933185757093108026,0.000000000000000000
-0.960545852117809074,0.000000000000000000
-0.945320303431147591,0.000000000000000000
-0.825716059714385997,1.000000000000000000
-0.762127797424614672,1.000000000000000000
-0.698957967767189547,1.000000000000000000
-0.636962449045703649,1.000000000000000000
-0.594592770563939221,1.000000000000000000
-0.542882595902059784,1.000000000000000000
-0.468536565612936329,1.000000000000000000
-0.345773830413303451,1.000000000000000000
-0.300470659939728435,1.000000000000000000
-0.264781769545931689,1.000000000000000000
-0.265323536383029190,-1.000000000000000000
-0.285450174381200683,-1.000000000000000000
-0.327816341042223902,-1.000000000000000000
-0.396810347746588521,-1.000000000000000000
-0.469691531507127613,-1.000000000000000000
-0.619259811058815557,-1.000000000000000000
-0.712078014424541994,-1.000000000000000000
-0.772512105102766355,-1.000000000000000000
-0.814783462567297612,-1.000000000000000000
-0.855578505400738099,-1.000000000000000000
-0.887258321200013578,-1.000000000000000000
-0.905759658686892677,0.000000000000000000
-0.970378898181695093,0.000000000000000000
-0.968536890935563610,0.000000000000000000
-0.965408187451325617,0.000000000000000000
-0.964676802221244079,0.000000000000000000
-0.961588731249788387,0.000000000000000000
-0.955561575187078849,0.000000000000000000
-0.974685944536620053,0.000000000000000000
-0.997792300138827803,0.000000000000000000
-0.977137439474486169,0.000000000000000000
-0.972667863068431893,0.000000000000000000
-0.969633968780685973,0.000000000000000000
-0.958744455355026615,0.000000000000000000
-0.939376290928791491,0.000000000000000000
-0.940608810483188340,0.000000000000000000
-0.899339721667287484,1.000000000000000000
-0.787099177191616151,1.000000000000000000
-0.719053262452172159,1.000000000000000000
-0.622862560525513809,1.000000000000000000
-0.507615210103951497,1.000000000000000000
-0.407483154437409012,1.000000000000000000
-0.306497816002437973,1.000000000000000000
-0.186889242542240930,1.000000000000000000
-0.077723224867097818,1.000000000000000000
0.109917719161615857,1.000000000000000000
0.198225713608505716,1.000000000000000000
0.276565198252801903,1.000000000000000000
0.353645075000846409,1.000000000000000000
0.461009717942640451,1.000000000000000000
0.576473775099041852,1.000000000000000000
0.673111434666305408,1.000000000000000000
0.840883079944468870,1.000000000000000000
0.913005790133071482,1.000000000000000000
0.972247993769681296,1.000000000000000000
1.000000000000000000,0.000000000000000000
1.000000000000000000,0.000000000000000000
1.000000000000000000,0.000000000000000000
1.000000000000000000,0.000000000000000000
0.951772100772454221,0.000000000000000000
0.692028070884030955,0.000000000000000000
0.552961074367647853,0.000000000000000000
0.448326349270459890,0.000000000000000000
0.366436108446508868,0.000000000000000000
0.316428535366284569,0.000000000000000000
0.325289039228555454,0.000000000000000000
0.355808552531933220,0.000000000000000000
0.376318978139041693,0.000000000000000000
0.399858635835815601,0.000000000000000000
0.413414449437067733,0.000000000000000000
0.422489523905689834,0.000000000000000000
0.446874842227495295,0.000000000000000000
0.462866663300853132,0.000000000000000000
0.451241985156762837,0.000000000000000000
0.428762558691371698,0.000000000000000000
0.430479123542182096,0.000000000000000000
0.438519210380168722,0.000000000000000000
0.442305750492250294,0.000000000000000000
0.449071035492502713,0.000000000000000000
0.448629272479426522,0.000000000000000000
0.438632806583530988,0.000000000000000000
0.409022062907053119,0.000000000000000000
0.379020043418993202,0.000000000000000000
0.393156459837431305,0.000000000000000000
0.395352653102438500,0.000000000000000000
0.395024486292724797,0.000000000000000000
0.389849548139546531,0.000000000000000000
0.364202049780380621,0.000000000000000000
0.317084868985712198,0.000000000000000000
0.280607865905992737,0.000000000000000000
0.299931842277982641,0.000000000000000000
0.315822688948351527,0.000000000000000000
0.327093956681981046,0.000000000000000000
0.337771999798051281,0.000000000000000000
0.345648003231180834,0.000000000000000000
0.336749633967789119,0.000000000000000000
0.304892209824809468,0.000000000000000000
0.316049881355076501,0.000000000000000000
0.324733680012116999,0.000000000000000000
0.329719291159691119,0.000000000000000000
0.332344625637400970,0.000000000000000000
0.335626293734538228,0.000000000000000000
0.330577573585096207,0.000000000000000000
0.303983440197909793,0.000000000000000000
0.298190033826424949,0.000000000000000000
0.317349926793557779,0.000000000000000000
0.321729691523198857,0.000000000000000000
0.314118745897914886,0.000000000000000000
0.260690664916443771,-1.000000000000000000
0.177096481042055887,-1.000000000000000000
0.089475942848487922,-1.000000000000000000
0.015146160448326285,-1.000000000000000000
-0.101100620992578327,-1.000000000000000000
-0.182132579391124372,-1.000000000000000000
-0.288812036148836215,-1.000000000000000000
-0.406758353180494359,-1.000000000000000000
-0.508278951059111916,-1.000000000000000000
-0.615586286190798138,-1.000000000000000000
-0.703221241621549975,-1.000000000000000000
-0.752332699487658907,-1.000000000000000000
-0.835633919377357204,-1.000000000000000000
-0.868774993208796364,-1.000000000000000000
-0.898744732868793972,-1.000000000000000000
-0.921120959233825864,-1.000000000000000000
-0.953377597240560259,-1.000000000000000000
-1.000000000000000000,0.000000000000000000
-1.000000000000000000,0.000000000000000000
-0.997197951001669969,0.000000000000000000
-0.995521725261597545,0.000000000000000000
-0.994095682467804553,0.000000000000000000
-0.983850690817660412,0.000000000000000000
-0.984476148183359046,0.000000000000000000
-1.000000000000000000,0.000000000000000000
-1.000000000000000000,0.000000000000000000
-0.985838577155552231,0.000000000000000000
-0.974693127800325132,0.000000000000000000
-0.968350895483486629,0.000000000000000000
-0.949919946382693503,0.000000000000000000
-0.891760062553524246,1.000000000000000000
-0.786747092626379207,1.000000000000000000
-0.632857976194908911,1.000000000000000000
-0.476399697161509761,1.000000000000000000
-0.228543768849834295,1.000000000000000000
-0.124151369599483696,1.000000000000000000
-0.031450521899939132,1.000000000000000000
0.055019796204589744,1.000000000000000000
0.141390823000831611,1.000000000000000000
0.243449876506435237,1.000000000000000000
0.345930918072259175,1.000000000000000000
0.435603380869047152,1.000000000000000000
0.606520956671755318,1.000000000000000000
0.680381278623822361,1.000000000000000000
0.738466693971776555,1.000000000000000000
0.797234737064204335,1.000000000000000000
0.862928348909657306,1.000000000000000000
0.915230045549887627,1.000000000000000000
0.939717764456193816,-1.000000000000000000
0.891822119621203724,-1.000000000000000000
0.820394434722170551,-1.000000000000000000
0.731255662707425813,-1.000000000000000000
0.630884561442702774,-1.000000000000000000
0.531593253155601797,-1.000000000000000000
0.442553772449144178,-1.000000000000000000
0.355537352149036145,-1.000000000000000000
0.276141539759963361,0.000000000000000000
0.296173561206885871,0.000000000000000000
0.327872311377542802,0.000000000000000000
0.342219905425028781,0.000000000000000000
0.350659666629432376,0.000000000000000000
0.353861811321691366,0.000000000000000000
0.341897208673095809,0.000000000000000000
0.352422087351528468,0.000000000000000000
0.386975462635439582,0.000000000000000000
0.393541100395924159,0.000000000000000000
0.390549949733775215,0.000000000000000000
0.381899194499261574,0.000000000000000000
0.362512566556205007,0.000000000000000000
0.368606570602325823,0.000000000000000000
0.384989636469697638,0.000000000000000000
0.384244951657544354,0.000000000000000000
0.380248476498988408,0.000000000000000000
0.381402737957825977,0.000000000000000000
0.366856561293765759,0.000000000000000000
0.336609946506807756,0.000000000000000000
0.341673803229449735,0.000000000000000000
0.359087016420300165,0.000000000000000000
0.362090578495984916,0.000000000000000000
0.369276786933263823,0.000000000000000000
0.373521490362537456,0.000000000000000000
0.363480656812004366,0.000000000000000000
0.336001787243549233,0.000000000000000000
0.337242928597137892,0.000000000000000000
0.349542639411202449,0.000000000000000000
0.355363592359533742,0.000000000000000000
0.359719998510630301,0.000000000000000000
0.365578185699569236,0.000000000000000000
0.361532064886870064,0.000000000000000000
0.342828064688287304,0.000000000000000000
0.344987650643531873,0.000000000000000000
0.358218217472787925,0.000000000000000000
0.360762557247644944,0.000000000000000000
0.358851199563118284,0.000000000000000000
0.357212892976381147,0.000000000000000000
0.351081654689652689,0.000000000000000000
0.330317359844112701,0.000000000000000000
0.333085105062615572,0.000000000000000000
0.343622395154584259,0.000000000000000000
0.342679127725856736,0.000000000000000000
0.372836429974383599,0.000000000000000000
0.378622388584956893,0.000000000000000000
0.359145151486067071,0.000000000000000000
0.328828742361710891,0.000000000000000000
0.329954890104616538,0.000000000000000000
0.322468567040982812,0.000000000000000000
0.257881434558658862,-1.000000000000000000
0.163464184022778847,-1.000000000000000000
0.076430879482995762,-1.000000000000000000
-0.098787471606360144,-1.000000000000000000
-0.200319928336052722,-1.000000000000000000
-0.277269091723453931,-1.000000000000000000
-0.364967847202226747,-1.000000000000000000
-0.465156604920497818,-1.000000000000000000
-0.552266692260933612,-1.000000000000000000
-0.619349265764468804,-1.000000000000000000
-0.672214224013820916,-1.000000000000000000
-0.814479956489746248,-1.000000000000000000
-0.839715903637585193,-1.000000000000000000
-0.862149278561602173,-1.000000000000000000
-0.884493073551524400,-1.000000000000000000
-0.900617461688581811,-1.000000000000000000
-0.906427360271299221,-1.000000000000000000
-0.910100137569184509,-1.000000000000000000
-0.954749336148702721,-1.000000000000000000
-0.941069200499088154,1.000000000000000000
-0.937268451866781871,1.000000000000000000
-0.922769299676872379,1.000000000000000000
-0.870096298429151815,1.000000000000000000
-0.756022650926192474,1.000000000000000000
-0.627411459832997398,1.000000000000000000
-0.522116645871324891,1.000000000000000000
-0.313293022362990725,1.000000000000000000
-0.219656396967079393,1.000000000000000000
-0.128502415458937147,1.000000000000000000
-0.043081549732859825,1.000000000000000000
0.029171065681287356,1.000000000000000000
0.097047061458233275,1.000000000000000000
0.188712928304059835,1.000000000000000000
0.420328246472789990,1.000000000000000000
0.516575487090891627,1.000000000000000000
0.598272386985315263,1.000000000000000000
0.675311130306811336,1.000000000000000000
0.742035384073967519,1.000000000000000000
0.795885721598361906,1.000000000000000000
0.855085260901558009,1.000000000000000000
0.915500527881754511,1.000000000000000000
1.000000000000000000,-1.000000000000000000
1.000000000000000000,-1.000000000000000000
1.000000000000000000,-1.000000000000000000
0.989498657676219029,-1.000000000000000000
0.975738278079540500,-1.000000000000000000
0.941025160766685298,-1.000000000000000000
0.926840232253230978,-1.000000000000000000
0.881001435974277269,-1.000000000000000000
0.781482175188861872,-1.000000000000000000
0.674433414497096928,-1.000000000000000000
0.588125117063120539,-1.000000000000000000
0.506786539301991690,-1.000000000000000000
0.443466317038146984,-1.000000000000000000
0.387937816070425212,-1.000000000000000000
0.332546669164013320,-1.000000000000000000
0.208765686458138200,-1.000000000000000000
0.152038459137166848,-1.000000000000000000
0.112692763938315510,-1.000000000000000000
0.079740275956796003,-1.000000000000000000
0.066404445276893265,0.000000000000000000
0.076543672348130087,0.000000000000000000
0.091964787413373328,0.000000000000000000
0.088081413498158234,0.000000000000000000
0.076181557095585939,0.000000000000000000
0.092039707810451343,0.000000000000000000
0.106349503652369393,0.000000000000000000
0.114890428919273369,0.000000000000000000
0.122032840107385798,0.000000000000000000
0.122889535870815969,0.000000000000000000
0.122512347357570661,0.000000000000000000
0.073899251364040186,0.000000000000000000
0.074262292988750866,0.000000000000000000
0.085434835348647153,0.000000000000000000
0.092687411417699872,0.000000000000000000
0.097922545552051377,0.000000000000000000
0.101510527727058042,0.000000000000000000
0.108048061085077363,0.000000000000000000
0.060919085256074590,0.000000000000000000
0.052938697856148798,0.000000000000000000
0.063498346463730648,0.000000000000000000
0.072091627615971099,0.000000000000000000
0.084962396414571595,0.000000000000000000
0.091704227690029061,0.000000000000000000
0.097743784874293027,0.000000000000000000
0.096071095675268392,0.000000000000000000
0.047256662027401530,0.000000000000000000
0.058722882643615026,0.000000000000000000
0.066920336580819084,0.000000000000000000
0.075181633617222410,0.000000000000000000
0.082549127264833988,0.000000000000000000
0.090823192921077212,0.000000000000000000
0.096773369766461892,0.000000000000000000
0.046439470357648949,0.000000000000000000
0.050512660086571293,0.000000000000000000
0.058327055428578634,0.000000000000000000
0.062489625496380041,0.000000000000000000
0.065528557018271982,0.000000000000000000
0.067137403118096906,0.000000000000000000
0.075015641559303958,0.000000000000000000
0.063345123025652095,0.000000000000000000
0.030402083838757976,0.000000000000000000
0.031525722384667443,-1.000000000000000000
-0.002285582951338738,-1.000000000000000000
-0.081527637677643372,-1.000000000000000000
-0.169171444258590098,-1.000000000000000000
-0.243446505867180862,-1.000000000000000000
-0.323531289502917652,-1.000000000000000000
-0.534175211001442829,-1.000000000000000000
-0.604198322203353122,-1.000000000000000000
-0.667505139369485523,-1.000000000000000000
-0.725398061723508292,-1.000000000000000000
-0.773484684040502080,-1.000000000000000000
-0.810488144336478644,-1.000000000000000000
-0.838387578686619728,-1.000000000000000000
-0.892590369906916759,-1.000000000000000000
-0.957582644891913581,0.000000000000000000
-0.982430379100323048,0.000000000000000000
-0.996348174725793845,0.000000000000000000
-0.997842103247060019,0.000000000000000000
-0.992287753616711621,0.000000000000000000
-0.973543419691765499,0.000000000000000000
-0.980080953049784820,0.000000000000000000
-0.987563364275955369,0.000000000000000000
-0.975292720609829300,0.000000000000000000
-0.968129524879655756,0.000000000000000000
-0.959025498933820275,0.000000000000000000
-0.953062553468595586,0.000000000000000000
-0.937752978280577687,0.000000000000000000
-0.925252499457333677,0.000000000000000000
-0.891645492038765530,1.000000000000000000
-0.626122042468429507,1.000000000000000000
-0.499853160871841395,1.000000000000000000
-0.390911296397972396,1.000000000000000000
-0.289515686249473325,1.000000000000000000
-0.195819553864422846,1.000000000000000000
-0.114419602385178232,1.000000000000000000
-0.036224574485743788,1.000000000000000000
0.159760971436597510,1.000000000000000000
0.255627769194427756,1.000000000000000000
0.343692940230090560,1.000000000000000000
0.424556609676060015,1.000000000000000000
0.501679073508944473,1.000000000000000000
0.575877523398495850,1.000000000000000000
0.664389596128554416,1.000000000000000000
0.754650969776676783,1.000000000000000000
0.859787785538261184,1.000000000000000000
0.885363331077543725,-1.000000000000000000
0.871062476856876433,-1.000000000000000000
0.829960289592297951,-1.000000000000000000
0.815557286412911697,-1.000000000000000000
0.788232439955565134,-1.000000000000000000
0.724121199739520049,-1.000000000000000000
0.535337155406871990,-1.000000000000000000
0.428744716983541219,-1.000000000000000000
0.330707253852930982,-1.000000000000000000
0.257325995633131965,-1.000000000000000000
0.192742316483011322,-1.000000000000000000
0.127047767406820888,-1.000000000000000000
0.066294674208664750,-1.000000000000000000
0.011862047831249889,0.000000000000000000
-0.106949959778847470,0.000000000000000000
-0.119041842767215300,0.000000000000000000
-0.098778043081323319,0.000000000000000000
-0.076305272163131876,0.000000000000000000
-0.063549420943090240,0.000000000000000000
-0.054943371171010114,0.000000000000000000
-0.049491170499380677,0.000000000000000000
-0.085622982775700684,0.000000000000000000
-0.069657750934713825,0.000000000000000000
-0.059713034864027126,0.000000000000000000
-0.057616719394113725,0.000000000000000000
-0.054906848176908607,0.000000000000000000
-0.052810532706995206,0.000000000000000000
-0.049614929856517387,0.000000000000000000
-0.058549835426453201,0.000000000000000000
-0.093995462243952277,0.000000000000000000
-0.082900329147093554,0.000000000000000000
-0.077199373661841264,0.000000000000000000
-0.072022497044067380,0.000000000000000000
-0.072329274917713238,0.000000000000000000
-0.069325408238264163,0.000000000000000000
-0.069210366535646939,0.000000000000000000
-0.123101013006103654,0.000000000000000000
-0.115955645032435384,0.000000000000000000
-0.105116160163614913,0.000000000000000000
-0.095580481257789285,0.000000000000000000
-0.090058479532163727,0.000000000000000000
-0.084830473268782125,0.000000000000000000
-0.077033202313616433,0.000000000000000000
-0.109347138337647420,0.000000000000000000
-0.115942862621033482,0.000000000000000000
-0.101933339724538996,0.000000000000000000
-0.091117051354546841,0.000000000000000000
-0.080998175017149676,0.000000000000000000
-0.061380501113732500,0.000000000000000000
-0.045775068722361700,0.000000000000000000
-0.015791222277217631,0.000000000000000000
-0.054614983015452201,0.000000000000000000
-0.051862198024232642,0.000000000000000000
-0.042302033399553851,0.000000000000000000
-0.038789859445239272,0.000000000000000000
-0.034450493941838967,0.000000000000000000
-0.030178931024429256,0.000000000000000000
-0.021757849844393107,0.000000000000000000
-0.059144195759626261,0.000000000000000000
-0.068202621247974382,0.000000000000000000
-0.062629248679544669,-1.000000000000000000
-0.102090353726091099,-1.000000000000000000
-0.183941635533979242,-1.000000000000000000
-0.265250496653942403,-1.000000000000000000
-0.335995714876565432,-1.000000000000000000
-0.402008312597042505,-1.000000000000000000
-0.586743238387112065,-1.000000000000000000
-0.645826411819346857,-1.000000000000000000
-0.693532311322353823,-1.000000000000000000
-0.744669021676486742,-1.000000000000000000
-0.789567894119481695,-1.000000000000000000
-0.825462583142921091,-1.000000000000000000
-0.844677836012665550,-1.000000000000000000
-0.911436262179039502,1.000000000000000000
-0.931858401079417198,1.000000000000000000
-0.927071538508478676,1.000000000000000000
-0.929281902811773253,1.000000000000000000
-0.926569799372148006,1.000000000000000000
-0.923193230589814728,1.000000000000000000
-0.900750574626916212,1.000000000000000000
-0.832663217775125974,1.000000000000000000
-0.602568361957324994,1.000000000000000000
-0.443435692637317191,1.000000000000000000
-0.298758534650511609,1.000000000000000000
-0.163763585943167866,1.000000000000000000
-0.030056886369646096,1.000000000000000000
0.094862598059489933,1.000000000000000000
0.208309884939011480,1.000000000000000000
0.419650545471804248,1.000000000000000000
0.552204601083485347,1.000000000000000000
0.681463451016021793,1.000000000000000000
0.786923593265847154,1.000000000000000000
0.876897624875412784,1.000000000000000000
0.956416497725223191,1.000000000000000000
1.000000000000000000,1.000000000000000000
1.000000000000000000,1.000000000000000000
1.000000000000000000,1.000000000000000000
1.000000000000000000,0.000000000000000000
0.995472009614392528,-1.000000000000000000
0.961433175723659161,-1.000000000000000000
0.878521180190952489,-1.000000000000000000
0.753497660133654712,-1.000000000000000000
0.622999277706627552,-1.000000000000000000
0.447257409576760301,-1.000000000000000000
0.379762432247060744,-1.000000000000000000
0.325098784240651195,-1.000000000000000000
0.287272462413431073,0.000000000000000000
0.270216627314828761,0.000000000000000000
0.261634082535674661,0.000000000000000000
0.265373012934513985,0.000000000000000000
0.269342591637178108,0.000000000000000000
0.265457988625396712,0.000000000000000000
0.264486837872451419,0.000000000000000000
0.262034682221264470,0.000000000000000000
0.247309608929731084,0.000000000000000000
0.229513271382008277,0.000000000000000000
0.235036691289384647,0.000000000000000000
0.242041116095002895,0.000000000000000000
0.237294616789982538,0.000000000000000000
0.233579965159966818,0.000000000000000000
0.232985135323787729,0.000000000000000000
0.230193076909069871,0.000000000000000000
0.206562884163633997,0.000000000000000000
0.198367775148217795,0.000000000000000000
0.207382828701783595,0.000000000000000000
0.212738185278259051,0.000000000000000000
0.218857945725732694,0.000000000000000000
0.225530395380050042,0.000000000000000000
0.223587466684805891,0.000000000000000000
0.198466938714758845,0.000000000000000000
0.184027192012346408,0.000000000000000000
0.194480617048983229,0.000000000000000000
0.193190924571772005,0.000000000000000000
0.188382750676149513,0.000000000000000000
0.190749273765401073,0.000000000000000000
0.190411199038365231,0.000000000000000000
0.168035660623059302,0.000000000000000000
0.154099469097465747,0.000000000000000000
0.162739156566162446,0.000000000000000000
0.168085745767805328,0.000000000000000000
0.166971351297205306,0.000000000000000000
0.167309426024241148,0.000000000000000000
0.173670239406991778,0.000000000000000000
0.162952018431333334,0.000000000000000000
0.144145046579184699,0.000000000000000000
0.151232094560753261,0.000000000000000000
0.159934388460382548,0.000000000000000000
0.161461985375137784,0.000000000000000000
0.170151757988580510,0.000000000000000000
0.180519382951016771,0.000000000000000000
0.168799459080436698,0.000000000000000000
0.143531503556045381,0.000000000000000000
0.144595812881899155,0.000000000000000000
0.154938395271962293,0.000000000000000000
0.155702193729339911,0.000000000000000000
0.150580987679054479,0.000000000000000000
0.157329960933587198,0.000000000000000000
0.145785335069618327,0.000000000000000000
0.120930581989382002,0.000000000000000000
0.121656816588199934,0.000000000000000000
0.127454172092557272,0.000000000000000000
0.109360913553040229,-1.000000000000000000
0.058249023339677519,-1.000000000000000000
-0.088725833917659980,-1.000000000000000000
-0.168411299208654719,-1.000000000000000000
-0.267216768506461033,-1.000000000000000000
-0.350458279074426504,-1.000000000000000000
-0.422618451367324455,-1.000000000000000000
-0.496093358709806642,-1.000000000000000000
-0.568979765601522525,-1.000000000000000000
-0.635542922969047464,-1.000000000000000000
-0.756410898527496767,-1.000000000000000000
-0.818867074025843911,-1.000000000000000000
-0.841605729740558917,-1.000000000000000000
-0.860425222878894114,-1.000000000000000000
-0.879983471902233805,-1.000000000000000000
-0.894282780727236326,-1.000000000000000000
-0.900443253531002741,-1.000000000000000000
-0.936567164179104461,-1.000000000000000000
-0.954147049984974460,0.000000000000000000
-0.943466392867875370,1.000000000000000000
-0.936880196333767401,1.000000000000000000
-0.926462486226585225,1.000000000000000000
-0.911361815085645621,1.000000000000000000
-0.866310227386557163,1.000000000000000000
-0.775005008514474625,1.000000000000000000
-0.523377241310227337,1.000000000000000000
-0.393331162977061055,1.000000000000000000
-0.280326555143744383,1.000000000000000000
-0.178741360312531294,1.000000000000000000
-0.088876089351898280,1.000000000000000000
-0.012533807472703606,1.000000000000000000
0.057247320444756111,1.000000000000000000
0.228626164479615257,1.000000000000000000
0.309613843534007893,1.000000000000000000
0.394670940599018305,1.000000000000000000
0.486752479214664913,1.000000000000000000
0.577919963938695824,1.000000000000000000
0.654412501252128687,1.000000000000000000
0.728601121907242355,1.000000000000000000
0.796353801462486244,1.000000000000000000
0.882412601422418064,1.000000000000000000
0.887283381748973365,1.000000000000000000
0.871130922568366328,-1.000000000000000000
0.834606330762295956,-1.000000000000000000
0.779850746268656803,-1.000000000000000000
0.701417409596313712,-1.000000000000000000
0.622057497746168586,-1.000000000000000000
0.440436241610738355,-1.000000000000000000
0.342895422217770252,-1.000000000000000000
0.260542922969047464,-1.000000000000000000
0.194480617048983229,-1.000000000000000000
0.127529299809676422,-1.000000000000000000
0.061204046879695495,-1.000000000000000000
-0.000525894019833717,-1.000000000000000000
-0.064910347590904527,-1.000000000000000000
-0.181921767003906609,0.000000000000000000
-0.179905839927877342,0.000000000000000000
-0.155777321446458950,0.000000000000000000
-0.140739256736451934,0.000000000000000000
-0.131949313833516935,0.000000000000000000
-0.124286286687368519,0.000000000000000000
-0.144483121306220541,0.000000000000000000
-0.149942402083542037,0.000000000000000000
-0.136544271584199350,0.000000000000000000
-0.127931903370983702,0.000000000000000000
-0.124025656152330299,0.000000000000000000
-0.124276348459038677,0.000000000000000000
-0.132372930878971506,0.000000000000000000
-0.164968667102379785,0.000000000000000000
-0.189573641920725899,0.000000000000000000
-0.173400997014083735,0.000000000000000000
-0.168979790601412216,0.000000000000000000
-0.167493240039470526,0.000000000000000000
-0.163110478899952560,0.000000000000000000
-0.152614919329001841,0.000000000000000000
-0.164212576730357718,0.000000000000000000
-0.181282278010585274,0.000000000000000000
-0.164545769097689476,0.000000000000000000
-0.159342842130893336,0.000000000000000000
-0.157305242653749011,0.000000000000000000
-0.154678148988248609,0.000000000000000000
-0.149423961657247584,0.000000000000000000
-0.170543231709661347,0.000000000000000000
-0.187177219894147373,0.000000000000000000
-0.166557738392731247,0.000000000000000000
-0.152640549511104284,0.000000000000000000
-0.149492912333887840,0.000000000000000000
-0.129080574796093916,0.000000000000000000
-0.092775934287113060,0.000000000000000000
-0.122531686884621682,0.000000000000000000
-0.146371647718000375,0.000000000000000000
-0.133112114453571184,0.000000000000000000
-0.123225262470761043,0.000000000000000000
-0.126597943752379871,0.000000000000000000
-0.126842735135723195,0.000000000000000000
-0.127359516945003581,0.000000000000000000
-0.161970298645487731,0.000000000000000000
-0.173285100364467204,0.000000000000000000
-0.153402600228471964,0.000000000000000000
-0.147350813251373558,0.000000000000000000
-0.159005603002774332,-1.000000000000000000
-0.216681172822716595,-1.000000000000000000
-0.308477941576456471,-1.000000000000000000
-0.414445411521514484,-1.000000000000000000
-0.483544579230811067,-1.000000000000000000
-0.552684545503998259,-1.000000000000000000
-0.633139313496164924,-1.000000000000000000
-0.768971332209106295,-1.000000000000000000
-0.818187999782407638,-1.000000000000000000
-0.887885546428765715,-1.000000000000000000
-0.938326170918783675,0.000000000000000000
-0.955760757221345791,0.000000000000000000
-0.977492792253712661,0.000000000000000000
-0.994682587172931565,0.000000000000000000
-1.000000000000000000,0.000000000000000000
-1.000000000000000000,0.000000000000000000
-1.000000000000000000,0.000000000000000000
-0.973729468034707168,0.000000000000000000
-0.901874890485368841,1.000000000000000000
-0.762098527474381671,1.000000000000000000
-0.611276599887078165,1.000000000000000000
-0.475926250413721941,1.000000000000000000
-0.237946900817060270,1.000000000000000000
-0.110994295504546092,1.000000000000000000
0.013128776226726036,1.000000000000000000
0.132306653946745012,1.000000000000000000
0.236765765239569381,1.000000000000000000
0.333320353821492832,1.000000000000000000
0.422710251867427278,1.000000000000000000
0.526533367080064041,1.000000000000000000
0.731440920506979841,1.000000000000000000
0.811563447098754720,1.000000000000000000
0.878174301864506957,1.000000000000000000
0.925445683987825118,1.000000000000000000
0.970445651539045606,1.000000000000000000
1.000000000000000000,1.000000000000000000
1.000000000000000000,-1.000000000000000000
0.910971408001645555,-1.000000000000000000
0.794032191710377422,-1.000000000000000000
0.661537077033837351,-1.000000000000000000
0.548351846138023236,-1.000000000000000000
0.449256916589529931,-1.000000000000000000
0.360382597963591511,-1.000000000000000000
0.277499228633137918,-1.000000000000000000
0.198344132469402412,-1.000000000000000000
0.064871953100894775,-1.000000000000000000
0.014411704206520604,-1.000000000000000000
-0.033451609585518849,-1.000000000000000000
-0.074912578422297593,-1.000000000000000000
-0.122737323871233150,-1.000000000000000000
-0.180872673043299348,-1.000000000000000000
-0.246361719633857890,0.000000000000000000
-0.249807158284480080,0.000000000000000000
-0.231320065823305554,0.000000000000000000
-0.218965339915663915,0.000000000000000000
-0.210056052658644465,0.000000000000000000
-0.199192636017689995,0.000000000000000000
-0.198614110871130345,0.000000000000000000
-0.231628612568137382,0.000000000000000000
-0.239933662449861140,0.000000000000000000
-0.212537282731667165,0.000000000000000000
-0.201571017175768752,0.000000000000000000
-0.195721485138331763,0.000000000000000000
-0.189614830813534918,0.000000000000000000
-0.192507456546333389,0.000000000000000000
-0.227026123624395781,0.000000000000000000
-0.235138331790599620,0.000000000000000000
-0.204797901882135092,0.000000000000000000
-0.196210017484315546,0.000000000000000000
-0.197032808803867088,0.000000000000000000
-0.192816003291165328,0.000000000000000000
-0.185873701532448865,0.000000000000000000
-0.213038671192018914,0.000000000000000000
-0.226383317905996084,0.000000000000000000
-0.212357297130515321,0.000000000000000000
-0.202663786897048226,0.000000000000000000
-0.197945592923994607,0.000000000000000000
-0.190939010593438208,0.000000000000000000
-0.183508176488738073,0.000000000000000000
-0.206006376632726473,0.000000000000000000
-0.241759230690116178,0.000000000000000000
-0.240242209194692968,0.000000000000000000
-0.225727656073228422,0.000000000000000000
-0.220893757070862895,0.000000000000000000
-0.219582433405327571,0.000000000000000000
-0.211354520209811825,0.000000000000000000
-0.221086598786382815,0.000000000000000000
-0.259256402344955283,0.000000000000000000
-0.260143474236346761,0.000000000000000000
-0.246413144091329861,0.000000000000000000
-0.244574719736706747,0.000000000000000000
-0.252185539442558837,0.000000000000000000
-0.252866913504062540,0.000000000000000000
-0.283323048441838976,-1.000000000000000000
-0.394798416126709850,-1.000000000000000000
-0.505579553635709167,-1.000000000000000000
-0.581340635606294343,-1.000000000000000000
-0.710737426720148058,-1.000000000000000000
-0.761197675614522229,-1.000000000000000000
-0.802350097706469256,-1.000000000000000000
-0.832587678699989731,-1.000000000000000000
-0.887778977681785486,-1.000000000000000000
-0.940759024992286363,0.000000000000000000
-0.951853851691864650,0.000000000000000000
-0.959528951969556676,0.000000000000000000
-0.958127635503445485,0.000000000000000000
-0.955453563714902865,0.000000000000000000
-0.946017175768795626,0.000000000000000000
-0.957677671500565708,0.000000000000000000
-0.976511879049676068,0.000000000000000000
-0.940707600534814392,0.000000000000000000
-0.852283245911755638,1.000000000000000000
-0.595392368610511147,1.000000000000000000
-0.460981692893139949,1.000000000000000000
-0.333976139051732956,1.000000000000000000
-0.224287771264013114,1.000000000000000000
-0.117569165895299754,1.000000000000000000
0.002326956700606786,1.000000000000000000
0.117839144297027687,1.000000000000000000
0.228054612773835208,1.000000000000000000
0.451133909287257051,1.000000000000000000
0.564807672529054727,1.000000000000000000
0.665496760259179254,1.000000000000000000
0.766430114162295562,1.000000000000000000
0.862966676951558265,1.000000000000000000
0.945914326853851684,1.000000000000000000
1.000000000000000000,1.000000000000000000
1.000000000000000000,1.000000000000000000
1.000000000000000000,-1.000000000000000000
1.000000000000000000,-1.000000000000000000
0.959516932651752752,-1.000000000000000000
0.877056653940951891,-1.000000000000000000
0.778490208650740811,-1.000000000000000000
0.674853085642687756,-1.000000000000000000
0.567627664017600342,-1.000000000000000000
0.397530544656670370,-1.000000000000000000
0.315940869544756753,-1.000000000000000000
0.236445349035571128,-1.000000000000000000
0.166138225968693654,-1.000000000000000000
0.095631099372341932,-1.000000000000000000
0.024265134090601492,-1.000000000000000000
-0.033982952640340680,-1.000000000000000000
-0.146467290599245903,-1.000000000000000000
-0.200174120719777360,-1.000000000000000000
-0.251198550562656941,-1.000000000000000000
-0.312458455149208558,-1.000000000000000000
-0.374906615999105908,0.000000000000000000
-0.375412507279540231,0.000000000000000000
-0.344082542633105337,0.000000000000000000
-0.328858744566080552,0.000000000000000000
-0.313352588575092517,0.000000000000000000
-0.309564286428584023,0.000000000000000000
-0.305634805320093905,0.000000000000000000
-0.334282369688876813,0.000000000000000000
-0.348729683465002327,0.000000000000000000
-0.330905839514815003,0.000000000000000000
-0.320117413836714770,0.000000000000000000
-0.310281946151990895,0.000000000000000000
-0.304281840267769388,0.000000000000000000
-0.296634646493761700,0.000000000000000000
-0.314376136049459687,0.000000000000000000
-0.335400036471231844,0.000000000000000000
-0.323364529962293479,0.000000000000000000
-0.314152602692988725,0.000000000000000000
-0.308423089819232055,0.000000000000000000
-0.293822832167626502,0.000000000000000000
-0.297353868109650921,0.000000000000000000
-0.298947493607658932,0.000000000000000000
-0.328393887138015095,0.000000000000000000
-0.333258012725218489,0.000000000000000000
-0.318713206873996513,0.000000000000000000
-0.314764821311767862,0.000000000000000000
-0.308093001129809085,0.000000000000000000
-0.300529226378069780,0.000000000000000000
-0.295712671701254703,0.000000000000000000
-0.321603139680085581,0.000000000000000000
-0.340809894749360742,0.000000000000000000
-0.331937919961943217,0.000000000000000000
-0.329904263542843523,0.000000000000000000
-0.327846821668549726,0.000000000000000000
-0.318011535945769142,0.000000000000000000
-0.310209906642088362,0.000000000000000000
-0.322661592436225275,0.000000000000000000
-0.352500445977284915,0.000000000000000000
-0.350335969554617321,0.000000000000000000
-0.343949574834988447,0.000000000000000000
-0.350205149551049533,0.000000000000000000
-0.381566272224534653,-1.000000000000000000
-0.439590890170660664,-1.000000000000000000
-0.495272640780162976,-1.000000000000000000
-0.581173812213831242,-1.000000000000000000
-0.669298923708152471,-1.000000000000000000
-0.722066956056371501,-1.000000000000000000
-0.771029315573526830,-1.000000000000000000
-0.811619194862341686,-1.000000000000000000
-0.875946958434917100,-1.000000000000000000
-0.891252898852351816,-1.000000000000000000
-0.925825057977047061,-1.000000000000000000
-0.974632812035440277,-1.000000000000000000
-0.988654337872390987,-1.000000000000000000
-0.991651305226853741,0.000000000000000000
-0.990390676101563949,1.000000000000000000
-0.931593030861628146,1.000000000000000000
-0.866087887256942413,1.000000000000000000
-0.791615627044062520,1.000000000000000000
-0.698757209966105686,1.000000000000000000
-0.564107748112029572,1.000000000000000000
-0.427091633466135434,1.000000000000000000
-0.305155497413331700,1.000000000000000000
-0.082428494975322564,1.000000000000000000
0.026092644347981198,1.000000000000000000
0.127145150740322288,1.000000000000000000
0.228423618957007690,1.000000000000000000
0.340583932925016430,1.000000000000000000
0.445977284890289649,1.000000000000000000
0.538835701968246372,1.000000000000000000
0.613082000356781842,1.000000000000000000
0.739216269251352864,1.000000000000000000
0.797026818100731393,1.000000000000000000
0.858928465243503636,1.000000000000000000
0.896021882618778687,1.000000000000000000
0.900172444550157547,-1.000000000000000000
0.849889992269727168,-1.000000000000000000
0.753713504192186523,-1.000000000000000000
0.530665398109056330,-1.000000000000000000
0.435999286436344224,-1.000000000000000000
0.344567996670036347,-1.000000000000000000
0.262198965332699041,-1.000000000000000000
0.182577154070286074,-1.000000000000000000
0.100778973657608351,-1.000000000000000000
0.029660462627103534,-1.000000000000000000
-0.032015222691324285,-1.000000000000000000
-0.152203127787358006,-1.000000000000000000
-0.213736100374620874,-1.000000000000000000
-0.285722780519712227,-1.000000000000000000
-0.372872688351073345,-1.000000000000000000
-0.445739430338348064,-1.000000000000000000
-0.484521615032407649,0.000000000000000000
-0.463495272640780165,0.000000000000000000
-0.391401557947315237,0.000000000000000000
-0.373931141107212928,0.000000000000000000
-0.360480466194921800,0.000000000000000000
-0.374632812035440299,0.000000000000000000
-0.396765178093595794,0.000000000000000000
-0.386703930546470787,0.000000000000000000
-0.375929119343521467,0.000000000000000000
-0.365522982696081300,0.000000000000000000
-0.355259558779806195,0.000000000000000000
-0.349241838615686473,0.000000000000000000
-0.360563715288101272,0.000000000000000000
-0.394386632574180940,0.000000000000000000
-0.399988107272402971,0.000000000000000000
-0.392876256169352400,0.000000000000000000
-0.387548314205863109,0.000000000000000000
-0.376737824820122524,0.000000000000000000
-0.371849913777724916,0.000000000000000000
-0.372063982874472288,0.000000000000000000
-0.404983052863174153,0.000000000000000000
-0.426140215258369537,0.000000000000000000
-0.420522129600878980,0.000000000000000000
-0.408424295984904595,0.000000000000000000
-0.398201447440705070,0.000000000000000000
-0.390832875534430468,0.000000000000000000
-0.382461126901855852,0.000000000000000000
-0.393137793488905318,0.000000000000000000
-0.429694031098478479,0.000000000000000000
-0.437850813289703100,0.000000000000000000
-0.426302338357178678,0.000000000000000000
-0.416796044617479211,0.000000000000000000
-0.406943416055604690,0.000000000000000000
-0.401987245324479936,0.000000000000000000
-0.396159266247880226,0.000000000000000000
-0.413213270594979365,0.000000000000000000
-0.446091193541452657,0.000000000000000000
-0.444574485871927716,0.000000000000000000
-0.432560250316478379,0.000000000000000000
-0.425024482289153793,0.000000000000000000
-0.414765806004729232,0.000000000000000000
-0.407886879881529607,0.000000000000000000
-0.387588628701372340,0.000000000000000000
-0.383444183210329803,0.000000000000000000
-0.415316142172825198,0.000000000000000000
-0.411280284647396854,0.000000000000000000
-0.400505425148044325,0.000000000000000000
-0.390447213246665092,0.000000000000000000
-0.386335919131976291,0.000000000000000000
-0.377484692658762611,0.000000000000000000
-0.371726366345222936,0.000000000000000000
-0.397198787985465929,0.000000000000000000
-0.427373423689603626,0.000000000000000000
-0.423978777172888122,0.000000000000000000
-0.428945019299194041,0.000000000000000000
-0.556948338509121621,-1.000000000000000000
-0.640481788350076076,-1.000000000000000000
-0.712435721739567818,-1.000000000000000000
-0.763015954838628607,-1.000000000000000000
-0.828633214730251311,-1.000000000000000000
-0.886053031922250045,-1.000000000000000000
-0.921269346341954121,-1.000000000000000000
-1.000000000000000000,-1.000000000000000000
-1.000000000000000000,0.000000000000000000
-0.990561901465328298,1.000000000000000000
-0.946625129802699861,1.000000000000000000
-0.894069458866966649,1.000000000000000000
-0.883708318910811141,1.000000000000000000
-0.874685589015807063,1.000000000000000000
-0.842009922695280966,1.000000000000000000
-0.747098188531210350,1.000000000000000000
-0.652982577593169466,1.000000000000000000
-0.539621553017191724,1.000000000000000000
-0.422245298257759361,1.000000000000000000
-0.312887965847467364,1.000000000000000000
-0.213799469251182650,1.000000000000000000
-0.108941963770624262,1.000000000000000000
0.077189338871581858,1.000000000000000000
0.170589592707972804,1.000000000000000000
0.263355255567093494,1.000000000000000000
0.356709357332410271,1.000000000000000000
0.452763355255566990,1.000000000000000000
0.540013845621322153,1.000000000000000000
0.630137302411445610,1.000000000000000000
0.720099226952809479,1.000000000000000000
0.847132802584515954,1.000000000000000000
0.896296296296296369,1.000000000000000000
0.930021922233760234,1.000000000000000000
0.957367024345217477,1.000000000000000000
0.988323526018230147,1.000000000000000000
1.000000000000000000,1.000000000000000000
1.000000000000000000,-1.000000000000000000
0.932438309432768619,-1.000000000000000000
0.866876020174749851,-1.000000000000000000
0.796750125668585163,-1.000000000000000000
0.718163487769199138,-1.000000000000000000
0.643304547225971968,-1.000000000000000000
0.577256527706393019,-1.000000000000000000
0.506057508203758166,-1.000000000000000000
0.442279995255657976,-1.000000000000000000
0.321412232495354555,-1.000000000000000000
0.263226265581492536,0.000000000000000000
0.213738259165334732,0.000000000000000000
0.189993956611862025,0.000000000000000000
0.196105121065443644,0.000000000000000000
0.223351199923186750,0.000000000000000000
0.246372555110616620,0.000000000000000000
0.259317831383822917,0.000000000000000000
0.240419535393356698,0.000000000000000000
0.232331561735751535,0.000000000000000000
0.249027127470305532,0.000000000000000000
0.261260752430063414,0.000000000000000000
0.276205430012482100,0.000000000000000000
0.291601949698677698,0.000000000000000000
0.295950929947529806,0.000000000000000000
0.283107318147673315,0.000000000000000000
0.251659107724805597,0.000000000000000000
0.243051515647856764,0.000000000000000000
0.252687048510897849,0.000000000000000000
0.258594884017780080,0.000000000000000000
0.264762528734333813,0.000000000000000000
0.270128153716683750,0.000000000000000000
0.274940272121906970,0.000000000000000000
0.243955199855410587,0.000000000000000000
0.233540239363354551,0.000000000000000000
0.247829745895296938,0.000000000000000000
0.260311884012131900,0.000000000000000000
0.271980706342168643,0.000000000000000000
0.271415903712447726,0.000000000000000000
0.269111508983185921,0.000000000000000000
0.246824397214393532,0.000000000000000000
0.227225745963073100,0.000000000000000000
0.236352956459365382,0.000000000000000000
0.245468870903063019,0.000000000000000000
0.251613923514427906,0.000000000000000000
0.255070515608320614,0.000000000000000000
0.258696548491129885,0.000000000000000000
0.259114502437123306,0.000000000000000000
0.230874370951071217,0.000000000000000000
0.225271528864238402,0.000000000000000000
0.233596719626326665,0.000000000000000000
0.236454620932714965,0.000000000000000000
0.239075305134620608,0.000000000000000000
0.238747719609382569,0.000000000000000000
0.243254844594556374,0.000000000000000000
0.229710877533845892,0.000000000000000000
0.210281667071441802,0.000000000000000000
0.217465956521493586,0.000000000000000000
0.223723969658802702,0.000000000000000000
0.224650245971545148,0.000000000000000000
0.223893410447719043,0.000000000000000000
0.227180561752695631,0.000000000000000000
0.240125838025901928,0.000000000000000000
0.216291167051673838,0.000000000000000000
0.196218081591387872,0.000000000000000000
0.200905943418072663,0.000000000000000000
0.202250173676808531,0.000000000000000000
0.199087278950370816,0.000000000000000000
0.190332838189694709,0.000000000000000000
0.155315075146989834,-1.000000000000000000
0.041767154467871270,-1.000000000000000000
-0.022507384794383634,-1.000000000000000000
-0.091255160884029074,-1.000000000000000000
-0.152954200154755915,-1.000000000000000000
-0.223938594658096735,-1.000000000000000000
-0.309291568061540900,-1.000000000000000000
-0.396598758563819875,-1.000000000000000000
-0.528141291025850945,-1.000000000000000000
-0.574590659294109685,-1.000000000000000000
-0.640808119602604864,-1.000000000000000000
-0.689720027336447217,-1.000000000000000000
-0.706822250964400434,-1.000000000000000000
-0.727934573263373075,-1.000000000000000000
-0.755406573173004636,-1.000000000000000000
-0.787984388855314521,-1.000000000000000000
-0.800579487498093822,-1.000000000000000000
-0.806091961164171145,-1.000000000000000000
-0.833089526864837060,-1.000000000000000000
-0.830096072927315576,0.000000000000000000
-0.817828559809774536,1.000000000000000000
-0.802420744070984404,1.000000000000000000
-0.745985665309257695,1.000000000000000000
-0.524899323931252271,1.000000000000000000
-0.408346653262017578,1.000000000000000000
-0.307913449645021542,1.000000000000000000
-0.202035548677514609,1.000000000000000000
-0.085900831954273560,1.000000000000000000
0.030177404505995487,1.000000000000000000
0.141680739665523969,1.000000000000000000
0.245344614324524368,1.000000000000000000
0.444708646563458432,1.000000000000000000
0.535698350211518681,1.000000000000000000
0.625196974917115122,1.000000000000000000
0.717203323298673201,1.000000000000000000
0.796072362512919796,1.000000000000000000
0.864978283338887266,1.000000000000000000
0.927897296289811546,1.000000000000000000
1.000000000000000000,1.000000000000000000
1.000000000000000000,1.000000000000000000
1.000000000000000000,1.000000000000000000
0.998378863890288626,-1.000000000000000000
0.975617236620150319,-1.000000000000000000
0.914298858632549782,-1.000000000000000000
0.818586106425394977,-1.000000000000000000
0.703507349880605481,-1.000000000000000000
0.518664972506407862,-1.000000000000000000
0.440981882708611828,-1.000000000000000000
0.372302670493132037,-1.000000000000000000
0.301991368545577954,-1.000000000000000000
0.239424277608605074,0.000000000000000000
0.210813415996670139,0.000000000000000000
0.214493833110609655,0.000000000000000000
0.218809560321598262,0.000000000000000000
0.212532321065082241,0.000000000000000000
0.191265551072700823,0.000000000000000000
0.158649881492673339,0.000000000000000000
0.134364004196882547,0.000000000000000000
0.136210380429402589,0.000000000000000000
0.136528612451523035,0.000000000000000000
0.131599647224274863,0.000000000000000000
0.126474864729578362,0.000000000000000000
0.123352322837460893,0.000000000000000000
0.120444306724191375,0.000000000000000000
0.102412223202154706,0.000000000000000000
0.085524277167306373,0.000000000000000000
0.094546277977737070,0.000000000000000000
0.103258408218720898,0.000000000000000000
0.111744094582032272,0.000000000000000000
0.111648749791433355,0.000000000000000000
0.114771291683550603,0.000000000000000000
0.110492694205420294,0.000000000000000000
0.083986842418897423,0.000000000000000000
0.074118656591900534,0.000000000000000000
0.083212165995280474,0.000000000000000000
0.087014039520415754,0.000000000000000000
0.092305675398660414,0.000000000000000000
0.095904941243772690,0.000000000000000000
0.100338474006626432,0.000000000000000000
0.084320549185993743,0.000000000000000000
0.056086573069863865,0.000000000000000000
0.056098491168688813,0.000000000000000000
0.063916763997807102,0.000000000000000000
0.073475079255357123,0.000000000000000000
0.074130574690725259,0.000000000000000000
0.073522751650656692,0.000000000000000000
0.049007222367887904,0.000000000000000000
-0.011274521488332190,0.000000000000000000
-0.027387791099563796,0.000000000000000000
0.021309560698877350,0.000000000000000000
0.064274306962553318,-1.000000000000000000
-0.025349796200510144,-1.000000000000000000
-0.116177627344885903,-1.000000000000000000
-0.191225895645126709,-1.000000000000000000
-0.277679784520773243,-1.000000000000000000
-0.396538984101256209,-1.000000000000000000
-0.500536314447119324,-1.000000000000000000
-0.582258718089290417,-1.000000000000000000
-0.740161609420065369,-1.000000000000000000
-0.818773389268943830,-1.000000000000000000
-0.876969465830810702,-1.000000000000000000
-0.919803113007413020,-1.000000000000000000
-0.957881438752890113,0.000000000000000000
-0.982861773889829093,0.000000000000000000
-0.980680761804876844,0.000000000000000000
-0.978201797249302785,0.000000000000000000
-0.998951207303410915,0.000000000000000000
-1.000000000000000000,0.000000000000000000
-0.996947616587387841,0.000000000000000000
-0.993728955479146969,0.000000000000000000
-1.000000000000000000,0.000000000000000000
-0.997184392818434517,0.000000000000000000
-0.983177041609726188,0.000000000000000000
-0.967049149427453902,0.000000000000000000
-0.912857546769709205,1.000000000000000000
-0.791845341878328113,1.000000000000000000
-0.628481221431600789,1.000000000000000000
-0.473728853494180258,1.000000000000000000
-0.319907167428490680,1.000000000000000000
-0.168123556854059664,1.000000000000000000
-0.023667593421610622,1.000000000000000000
0.249575891805287275,1.000000000000000000
0.380000942462654923,1.000000000000000000
0.505324914000282677,1.000000000000000000
0.618337967108053332,1.000000000000000000
0.717284765091183329,1.000000000000000000
0.795544507798878531,1.000000000000000000
0.864697705103435244,1.000000000000000000
0.964563404175109662,1.000000000000000000
0.961488619763441799,-1.000000000000000000
0.901253475331039944,-1.000000000000000000
0.790148909099476882,-1.000000000000000000
0.663705763159134765,-1.000000000000000000
0.553626125064794250,-1.000000000000000000
0.451533857970877861,-1.000000000000000000
0.374334385749964582,0.000000000000000000
0.376631638471325525,0.000000000000000000
0.373768908157014357,0.000000000000000000
0.361387305028038286,0.000000000000000000
0.353941850054191542,0.000000000000000000
0.340959426982705871,0.000000000000000000
0.340688468969417180,0.000000000000000000
0.351090900523066685,0.000000000000000000
0.370399604165684959,0.000000000000000000
0.373427265444606693,0.000000000000000000
0.357464304226944973,0.000000000000000000
0.329496724942274222,0.000000000000000000
0.310635691060741737,0.000000000000000000
0.315206634937090557,0.000000000000000000
0.317574572357570251,0.000000000000000000
0.319070731822251652,0.000000000000000000
0.307631591348192845,0.000000000000000000
0.306535978511851548,0.000000000000000000
0.293789171104094970,0.000000000000000000
0.276200461806700881,0.000000000000000000
0.281796333820272471,0.000000000000000000
0.288346449271947636,0.000000000000000000
0.287957683426794286,0.000000000000000000
0.287969464209980597,0.000000000000000000
0.292363696338532542,0.000000000000000000
0.292434381037651292,0.000000000000000000
0.272253899439234726,0.000000000000000000
0.253993685500212063,0.000000000000000000
0.261592290655482840,0.000000000000000000
0.268919937797464703,0.000000000000000000
0.271947599076386659,0.000000000000000000
0.268637199000989479,0.000000000000000000
0.267470901465529431,0.000000000000000000
0.251024928137222547,-1.000000000000000000
0.195396069930728888,-1.000000000000000000
0.115475236793741942,-1.000000000000000000
0.035377691908958120,-1.000000000000000000
-0.048018472268036350,-1.000000000000000000
-0.209968898732387776,-1.000000000000000000
-0.294719852975825813,-1.000000000000000000
-0.376831911785495466,-1.000000000000000000
-0.482847179680505167,-1.000000000000000000
-0.598404881956552392,-1.000000000000000000
-0.670515055840912311,-1.000000000000000000
-0.725036520427878028,-1.000000000000000000
-0.776365392771311447,-1.000000000000000000
-0.855119928372838234,-1.000000000000000000
-0.875665614250035307,-1.000000000000000000
-0.894620894397059496,-1.000000000000000000
-0.933768436925686784,-1.000000000000000000
-0.950497149050468892,1.000000000000000000
-0.943570048536826689,1.000000000000000000
-0.946491682767070408,1.000000000000000000
-0.938610338815324408,1.000000000000000000
-0.897047735733471518,1.000000000000000000
-0.797146562905317824,1.000000000000000000
-0.679387854985615602,1.000000000000000000
-0.562077236747421383,1.000000000000000000
-0.437107219956824222,1.000000000000000000
-0.325581674262413023,1.000000000000000000
-0.224742144399136534,1.000000000000000000
-0.046234108899016579,1.000000000000000000
0.034936435596066184,1.000000000000000000
0.109726553130247151,1.000000000000000000
0.199976013432477728,1.000000000000000000
0.311777404653394097,1.000000000000000000
0.411537538978172135,1.000000000000000000
0.507052050851523051,1.000000000000000000
0.667066442792036529,1.000000000000000000
0.730510913888222646,1.000000000000000000
0.775233869033341350,1.000000000000000000
0.822295514511873327,1.000000000000000000
0.876553130247061718,1.000000000000000000
0.922139601822979049,1.000000000000000000
0.949760134324778127,1.000000000000000000
0.953933797073638789,1.000000000000000000
0.948117054449508334,-1.000000000000000000
0.917006476373231072,-1.000000000000000000
0.843475653633964928,-1.000000000000000000
0.732969537059246834,-1.000000000000000000
0.616226912928759862,-1.000000000000000000
0.506848165027584452,-1.000000000000000000
0.407100023986567416,-1.000000000000000000
0.231662269129287557,-1.000000000000000000
0.149376349244423112,0.000000000000000000
0.115819141280882665,0.000000000000000000
0.117834012952746425,0.000000000000000000
0.121180139122091690,0.000000000000000000
0.124970016790597160,0.000000000000000000
0.130606860158311244,0.000000000000000000
0.119285200287838844,0.000000000000000000
0.114463900215879155,0.000000000000000000
0.130067162389062130,0.000000000000000000
0.138090669225233942,0.000000000000000000
0.140633245382585814,0.000000000000000000
0.140189493883425387,0.000000000000000000
0.142456224514271979,0.000000000000000000
0.135392180378987703,0.000000000000000000
0.108239385943871502,0.000000000000000000
0.116646677860398285,0.000000000000000000
0.117869992804029655,0.000000000000000000
0.119537059246821675,0.000000000000000000
0.120928280163108637,0.000000000000000000
0.125797553370112780,0.000000000000000000
0.112497001679059627,0.000000000000000000
0.081854161669465020,0.000000000000000000
0.097937155193091874,0.000000000000000000
0.112724874070520453,0.000000000000000000
0.129143679539457823,0.000000000000000000
0.133077476613096657,0.000000000000000000
0.135212281122571332,0.000000000000000000
0.119189254017750157,0.000000000000000000
0.090165507315903115,0.000000000000000000
0.104341568721515898,0.000000000000000000
0.102854401535140250,0.000000000000000000
0.101595106740225427,0.000000000000000000
0.103861837371072241,0.000000000000000000
0.112353082273926708,0.000000000000000000
0.094435116334852465,-1.000000000000000000
0.061369633005516899,-1.000000000000000000
-0.009030942672103581,-1.000000000000000000
-0.079443511633485286,-1.000000000000000000
-0.157195970256656326,-1.000000000000000000
-0.235512113216598706,-1.000000000000000000
-0.311669465099544296,-1.000000000000000000
-0.413010971589168885,-1.000000000000000000
-0.534887378124017099,-1.000000000000000000
-0.626757256210242586,-1.000000000000000000
-0.785701103606097462,-1.000000000000000000
-0.837510304014567053,-1.000000000000000000
-0.870446240726386877,-1.000000000000000000
-0.890525227918650630,-1.000000000000000000
-0.928603944438292750,-1.000000000000000000
-0.954896098623260636,-1.000000000000000000
-0.953333579399352815,-1.000000000000000000
-0.957935013964246629,1.000000000000000000
-0.954059474156916276,1.000000000000000000
-0.944635145609567073,1.000000000000000000
-0.934571045411483947,1.000000000000000000
-0.887227943257175911,1.000000000000000000
-0.732341687274695730,1.000000000000000000
-0.565681172258516884,1.000000000000000000
-0.425325114728281606,1.000000000000000000
-0.169017295452164817,1.000000000000000000
-0.036612335162584997,1.000000000000000000
0.062608290227259777,1.000000000000000000
0.174581172779223470,1.000000000000000000
0.296004838801136705,1.000000000000000000
0.410724749081698981,1.000000000000000000
0.514481750537119531,1.000000000000000000
0.681029757366885757,1.000000000000000000
0.750826943553620563,1.000000000000000000
0.826924652053655285,1.000000000000000000
0.894201629315070301,1.000000000000000000
0.950692112376116061,1.000000000000000000
0.998500475689434674,1.000000000000000000
1.000000000000000000,1.000000000000000000
0.986405003557919269,-1.000000000000000000
0.905509156960413453,-1.000000000000000000
0.864936394392219920,-1.000000000000000000
0.836223362420883021,-1.000000000000000000
0.795350985606032124,-1.000000000000000000
0.738673957280002069,-1.000000000000000000
0.690411095714267953,-1.000000000000000000
0.648964458259990273,-1.000000000000000000
0.496610613834687742,-1.000000000000000000
0.421844375366715374,-1.000000000000000000
0.356590889230116170,-1.000000000000000000
0.280426450944408989,-1.000000000000000000
0.214760995218655992,-1.000000000000000000
0.171866222238867383,-1.000000000000000000
0.136474289352458644,-1.000000000000000000
0.120332571813789757,-1.000000000000000000
0.116787136561676830,-1.000000000000000000
0.113029474551515019,-1.000000000000000000
0.089896757924172732,-1.000000000000000000
0.075003433079909643,0.000000000000000000
0.081232912624995324,0.000000000000000000
0.087225197558143952,0.000000000000000000
0.089185174088361130,0.000000000000000000
0.086201515548731011,0.000000000000000000
0.088648365229766712,0.000000000000000000
0.071408062120020377,0.000000000000000000
0.046115626131355780,0.000000000000000000
0.051209068324532092,0.000000000000000000
0.060434690336192087,0.000000000000000000
0.058487197732918883,0.000000000000000000
0.051695941475350393,0.000000000000000000
0.053231464489469804,0.000000000000000000
0.049398898917643486,0.000000000000000000
0.023107748773454118,0.000000000000000000
0.022171454252649658,0.000000000000000000
0.041708799920102901,0.000000000000000000
0.050485000561776738,0.000000000000000000
0.055965444490218896,0.000000000000000000
0.061957729423367525,0.000000000000000000
0.059460944034555485,0.000000000000000000
0.027988964208581546,0.000000000000000000
0.002359462192427220,0.000000000000000000
0.004481729772917387,0.000000000000000000
0.004966659577396060,0.000000000000000000
0.014824915867038602,0.000000000000000000
0.017820687575770933,0.000000000000000000
0.011486921747338785,0.000000000000000000
-0.007009509717004647,0.000000000000000000
-0.033657127185289570,0.000000000000000000
-0.022074534240721477,0.000000000000000000
-0.011512434066599964,0.000000000000000000
-0.012979392424116831,-1.000000000000000000
-0.033465784790830844,-1.000000000000000000
-0.186667261954116093,-1.000000000000000000
-0.274327590935472987,-1.000000000000000000
-0.379349053174051432,-1.000000000000000000
-0.466958357516885969,-1.000000000000000000
-0.542104893900642315,-1.000000000000000000
-0.628731973951922041,-1.000000000000000000
-0.705205150937258773,-1.000000000000000000
-0.771741279570372529,-1.000000000000000000
-0.860052172692889139,-1.000000000000000000
-0.915911395715205967,-1.000000000000000000
-0.959065483745463632,-1.000000000000000000
-0.977906331519832639,-1.000000000000000000
-1.000000000000000000,-1.000000000000000000
-1.000000000000000000,-1.000000000000000000
-1.000000000000000000,1.000000000000000000
-0.982262532111474740,1.000000000000000000
-0.994259190633812961,1.000000000000000000
-0.981383195884706461,1.000000000000000000
-0.906400939633568048,1.000000000000000000
-0.798104402334009588,1.000000000000000000
-0.675964600435899454,1.000000000000000000
-0.558271727456017497,1.000000000000000000
-0.440980836751229455,1.000000000000000000
-0.229701465351012213,1.000000000000000000
-0.114772220512401768,1.000000000000000000
0.011437651921035519,1.000000000000000000
0.133037290136988062,1.000000000000000000
0.249109672070397137,1.000000000000000000
0.355320926317905128,1.000000000000000000
0.457650539221536201,1.000000000000000000
0.635829182656977299,1.000000000000000000
0.720484137402566338,1.000000000000000000
0.781459823755896288,1.000000000000000000
0.813618405763420816,1.000000000000000000
0.817927153274585317,-1.000000000000000000
0.789587402880454148,-1.000000000000000000
0.735709216071753769,-1.000000000000000000
0.672321636067859663,-1.000000000000000000
0.475614122139801809,-1.000000000000000000
0.375922517916475574,-1.000000000000000000
0.278956855996130848,-1.000000000000000000
0.184578954971704290,-1.000000000000000000
0.105174893694531146,-1.000000000000000000
0.039350296147879327,-1.000000000000000000
-0.025230668735200412,-1.000000000000000000
-0.153337395029237933,-1.000000000000000000
-0.226020815144682197,-1.000000000000000000
-0.290400788890214923,0.000000000000000000
-0.294985899215506442,0.000000000000000000
-0.272374396241465755,0.000000000000000000
-0.261834923466343406,0.000000000000000000
-0.250114627758132313,0.000000000000000000
-0.240919283215355717,0.000000000000000000
-0.249549340183781276,0.000000000000000000
-0.278705617074197165,0.000000000000000000
-0.270929772440346439,0.000000000000000000
-0.260691786371544665,0.000000000000000000
-0.255265025657774869,0.000000000000000000
-0.248217773897532190,0.000000000000000000
-0.244964229858489646,0.000000000000000000
-0.247313313778570576,0.000000000000000000
-0.284559483955254322,0.000000000000000000
-0.292674501133715625,0.000000000000000000
-0.276909258782370604,0.000000000000000000
-0.269246471663390108,0.000000000000000000
-0.264598551607615029,0.000000000000000000
-0.267098378880856191,0.000000000000000000
-0.265540697564866757,0.000000000000000000
-0.270954896332539885,0.000000000000000000
-0.303075792501774410,0.000000000000000000
-0.303578270345641998,0.000000000000000000
-0.302585876604003490,0.000000000000000000
-0.304897274685794306,0.000000000000000000
-0.302485381035229928,0.000000000000000000
-0.295237138137440236,0.000000000000000000
-0.283567090213615924,0.000000000000000000
-0.322622180628222899,0.000000000000000000
-0.344894511057653008,0.000000000000000000
-0.342608236868055638,0.000000000000000000
-0.364968500920162531,-1.000000000000000000
-0.436659527293968397,-1.000000000000000000
-0.534956755500562098,-1.000000000000000000
-0.622048727788909073,-1.000000000000000000
-0.767202014936153920,-1.000000000000000000
-0.859871491291430923,-1.000000000000000000
-0.902908718618688377,-1.000000000000000000
-0.922078248362236286,-1.000000000000000000
-0.942591906338129948,-1.000000000000000000
-0.963130688206216945,-1.000000000000000000
-0.979398408401429554,-1.000000000000000000
-0.979096921695108979,-1.000000000000000000
-0.995590756920062048,1.000000000000000000
-0.986533593784349128,1.000000000000000000
-0.907870687326880699,1.000000000000000000
-0.791283265603507258,1.000000000000000000
-0.664055875536238016,1.000000000000000000
-0.538609428163064008,1.000000000000000000
-0.398847285052953637,1.000000000000000000
-0.171855625640196186,1.000000000000000000
-0.063631136544095468,1.000000000000000000
0.049773005244718949,1.000000000000000000
0.157541961207045444,1.000000000000000000
0.272138034923333105,1.000000000000000000
0.383182348998389877,1.000000000000000000
0.481387812074600685,1.000000000000000000
0.682539024440805164,1.000000000000000000
0.781145269733341641,1.000000000000000000
0.884243039864010427,1.000000000000000000
0.979656847502366590,1.000000000000000000
1.000000000000000000,1.000000000000000000
1.000000000000000000,1.000000000000000000
1.000000000000000000,-1.000000000000000000
0.941910696413004844,-1.000000000000000000
0.677112323636715807,-1.000000000000000000
0.560042617763858885,-1.000000000000000000
0.446563135634262087,-1.000000000000000000
0.350053272204823518,-1.000000000000000000
0.259006231233655182,-1.000000000000000000
0.171949762696542052,-1.000000000000000000
0.083524359926387515,-1.000000000000000000
-0.070726116294837493,-1.000000000000000000
-0.145810867529784005,-1.000000000000000000
-0.234107125560972462,-1.000000000000000000
-0.324650502050172762,-1.000000000000000000
-0.410299292932554183,-1.000000000000000000
-0.505775998450263109,-1.000000000000000000
-0.591166499854712146,0.000000000000000000
-0.592703322248409936,0.000000000000000000
-0.549568979433700311,0.000000000000000000
-0.539599005585509994,0.000000000000000000
-0.531759919930261837,0.000000000000000000
-0.525186452716882468,0.000000000000000000
-0.548819939947696400,0.000000000000000000
-0.582023052335905455,0.000000000000000000
-0.573396183772963530,0.000000000000000000
-0.563697413876602216,0.000000000000000000
-0.559383979595131198,0.000000000000000000
-0.552500565008232969,0.000000000000000000
-0.538940367416782307,0.000000000000000000
-0.547231459658412245,0.000000000000000000
-0.584954637910438113,0.000000000000000000
-0.581932651018629121,0.000000000000000000
-0.569534756077874293,0.000000000000000000
-0.555987472960320250,0.000000000000000000
-0.550873341297258845,0.000000000000000000
-0.542659735899008844,0.000000000000000000
-0.542168985890937316,0.000000000000000000
-0.576301940399702950,0.000000000000000000
-0.586104026087237218,0.000000000000000000
-0.571433183740677419,0.000000000000000000
-0.559590611177477104,0.000000000000000000
-0.554721854518451574,0.000000000000000000
-0.546585735963581176,0.000000000000000000
-0.536344558163561747,0.000000000000000000
-0.560585025667516890,0.000000000000000000
-0.580524973363897523,0.000000000000000000
-0.563490782294256309,0.000000000000000000
-0.556684854550737684,0.000000000000000000
-0.543292545119943182,0.000000000000000000
-0.536099183159526094,0.000000000000000000
-0.524837761921673751,0.000000000000000000
-0.545358860943402357,0.000000000000000000
-0.582681690504633032,0.000000000000000000
-0.584580118167436158,-1.000000000000000000
-0.633224173861268280,-1.000000000000000000
-0.756164489949130880,-1.000000000000000000
-0.813635010419767823,-1.000000000000000000
-0.852298173628279643,-1.000000000000000000
-0.890456528211035936,-1.000000000000000000
-0.944755815007054411,-1.000000000000000000
-0.960288388107226498,-1.000000000000000000
-0.962967756967006205,-1.000000000000000000
-0.970682268273425075,-1.000000000000000000
-0.971458896928433679,-1.000000000000000000
-0.962488835963084211,-1.000000000000000000
-0.977684869979419391,-1.000000000000000000
-0.999585798050662055,-1.000000000000000000
-0.992440814424582873,-1.000000000000000000
-0.988738884502375237,-1.000000000000000000
-0.952315000582471538,1.000000000000000000
-0.805829892436931261,1.000000000000000000
-0.679032320695859282,1.000000000000000000
-0.561683730924058655,1.000000000000000000
-0.427055153578316582,1.000000000000000000
-0.290213184565799809,1.000000000000000000
-0.172903426226749701,1.000000000000000000
-0.075423586212252647,1.000000000000000000
0.006070647319983857,1.000000000000000000
0.210168657856246055,1.000000000000000000
0.328941066828895678,1.000000000000000000
0.444865837399847308,1.000000000000000000
0.538087163622713804,1.000000000000000000
0.616034792963744415,1.000000000000000000
0.686436180540274776,1.000000000000000000
0.736839380250333242,1.000000000000000000
0.763438911684378052,-1.000000000000000000
0.702965427081041261,-1.000000000000000000
0.599880916939565356,-1.000000000000000000
0.505106333406681651,-1.000000000000000000
0.417463789688960141,-1.000000000000000000
0.345094942853074738,-1.000000000000000000
0.306263510102644521,-1.000000000000000000
0.264713877059683966,-1.000000000000000000
0.167389362776188655,-1.000000000000000000
0.121154070181342721,-1.000000000000000000
0.060318158872335159,-1.000000000000000000
-0.001527369688183566,-1.000000000000000000
-0.055257128803862465,-1.000000000000000000
-0.125697347813143123,-1.000000000000000000
-0.212783307661441712,-1.000000000000000000
-0.381997747776900431,-1.000000000000000000
-0.441125076044889153,-1.000000000000000000
-0.477574847586626494,0.000000000000000000
-0.462650633599544392,0.000000000000000000
-0.439532987302121536,0.000000000000000000
-0.430705308256856934,0.000000000000000000
-0.418059204991133471,0.000000000000000000
-0.409671615517040566,0.000000000000000000
-0.408506672534527659,0.000000000000000000
-0.441306289397724427,0.000000000000000000
-0.436206427896501325,0.000000000000000000
-0.425812547730302748,0.000000000000000000
-0.419094709864478276,0.000000000000000000
-0.410085817466378399,0.000000000000000000
-0.404455259717566018,0.000000000000000000
-0.399640162056512649,0.000000000000000000
-0.433656497145889719,0.000000000000000000
-0.430951240664276369,0.000000000000000000
-0.415120959913017562,0.000000000000000000
-0.411949726238399094,0.000000000000000000
-0.407445280039349211,0.000000000000000000
-0.406539213275172506,0.000000000000000000
-0.399743712543847107,0.000000000000000000
-0.445966061327776164,-1.000000000000000000
-0.510866329264662022,-1.000000000000000000
-0.584426006704894085,-1.000000000000000000
-0.671460191309525278,-1.000000000000000000
-0.753459233467517531,-1.000000000000000000
-0.821427184591687509,-1.000000000000000000
-0.872153979574666338,-1.000000000000000000
-0.956922997268855879,-1.000000000000000000
-1.000000000000000000,-1.000000000000000000
-1.000000000000000000,0.000000000000000000
-1.000000000000000000,0.000000000000000000
-1.000000000000000000,0.000000000000000000
-1.000000000000000000,0.000000000000000000
-1.000000000000000000,0.000000000000000000
-1.000000000000000000,0.000000000000000000
-1.000000000000000000,0.000000000000000000
-0.997868438011203063,1.000000000000000000
-0.983158181728052361,1.000000000000000000
-0.972165766123035735,1.000000000000000000
-0.950540326178555439,1.000000000000000000
-0.919954890199771946,1.000000000000000000
-0.853070936400138757,1.000000000000000000
-0.658590690526941969,1.000000000000000000
-0.540821890645912795,1.000000000000000000
-0.420339067069845806,1.000000000000000000
-0.309931591731522293,1.000000000000000000
-0.203142814653249348,1.000000000000000000
-0.104012789371932812,1.000000000000000000
0.020728427010695771,1.000000000000000000
0.333608184028845400,1.000000000000000000
0.460938591832741773,1.000000000000000000
0.588241048718450399,1.000000000000000000
0.693336501104061309,1.000000000000000000
0.794504849484305664,1.000000000000000000
0.887427676999189341,1.000000000000000000
0.973809989658160235,1.000000000000000000
1.000000000000000000,1.000000000000000000
1.000000000000000000,-1.000000000000000000
0.947476094302502680,-1.000000000000000000
0.825591351464407763,-1.000000000000000000
0.690516807519101716,-1.000000000000000000
0.567730086210840756,-1.000000000000000000
0.448198330686222501,-1.000000000000000000
0.337490277587142229,-1.000000000000000000
0.196467904599436638,-1.000000000000000000
0.133342483839552495,-1.000000000000000000
0.071210546612024972,-1.000000000000000000
0.004895520827205679,-1.000000000000000000
-0.068779126388099132,-1.000000000000000000
-0.107028242383837568,0.000000000000000000
-0.099982352595148871,0.000000000000000000
-0.085380759099851655,0.000000000000000000
-0.060778969522278237,0.000000000000000000
-0.056713530330660067,0.000000000000000000
-0.080439485741550465,0.000000000000000000
-0.097315633639875276,0.000000000000000000
-0.083720595828676414,0.000000000000000000
-0.075027614920553987,0.000000000000000000
-0.066099335281083915,0.000000000000000000
-0.057720086014758420,0.000000000000000000
-0.065445727694007028,0.000000000000000000
-0.101551010804133424,0.000000000000000000
-0.109302796786865053,0.000000000000000000
-0.093773080517918661,0.000000000000000000
-0.084975522395863923,0.000000000000000000
-0.074007987084714122,0.000000000000000000
-0.065994758067151604,0.000000000000000000
-0.071838009895618837,0.000000000000000000
-0.106649149983332969,0.000000000000000000
-0.108557684137597477,0.000000000000000000
-0.096609737445832233,0.000000000000000000
-0.089707641326300491,0.000000000000000000
-0.080334908527618154,0.000000000000000000
-0.073406668104603390,0.000000000000000000
-0.084361131264011679,0.000000000000000000
-0.119381425779590433,0.000000000000000000
-0.121773629548291851,0.000000000000000000
-0.126584181389177597,0.000000000000000000
-0.171487022621358620,0.000000000000000000
-0.248403563468564736,-1.000000000000000000
-0.330143728308398221,-1.000000000000000000
-0.403491571730164589,-1.000000000000000000
-0.593286142865546373,-1.000000000000000000
-0.656437707928913650,-1.000000000000000000
-0.703144506101426758,-1.000000000000000000
-0.758165192781557806,-1.000000000000000000
-0.830179676725687488,-1.000000000000000000
-0.897409753132414334,-1.000000000000000000
-0.923593273070713816,0.000000000000000000
-0.975215200298045093,0.000000000000000000
-0.977097590148826467,0.000000000000000000
-0.962848944750550606,0.000000000000000000
-0.958103753668372526,0.000000000000000000
-0.950064380347327098,0.000000000000000000
-0.943711314600939932,0.000000000000000000
-0.925972404687673611,0.000000000000000000
-0.914991797224782188,0.000000000000000000
-0.931998666640522333,0.000000000000000000
-0.900651646764315639,1.000000000000000000
-0.853552684039556309,1.000000000000000000
-0.756269730779034921,1.000000000000000000
-0.636646470192225977,1.000000000000000000
-0.522082132329392046,1.000000000000000000
-0.423531180349941527,1.000000000000000000
-0.230115623182153950,1.000000000000000000
-0.117185304287012126,1.000000000000000000
-0.007797538513827029,1.000000000000000000
0.100021569050373627,1.000000000000000000
0.202951691863239247,1.000000000000000000
0.304456950136277271,1.000000000000000000
0.398210422426583444,1.000000000000000000
0.504199428746968881,1.000000000000000000
0.728478336176526353,1.000000000000000000
0.820885376837454439,1.000000000000000000
0.898795401217017398,1.000000000000000000
0.962286842225664518,1.000000000000000000
1.000000000000000000,1.000000000000000000
1.000000000000000000,1.000000000000000000
1.000000000000000000,-1.000000000000000000
0.907177094650731819,-1.000000000000000000
0.805087237170064585,-1.000000000000000000
0.686904837988112638,-1.000000000000000000
0.559072026586566073,-1.000000000000000000
0.432926439573081190,-1.000000000000000000
0.342532114782386321,-1.000000000000000000
0.272243880616092504,-1.000000000000000000
0.203757908864319104,-1.000000000000000000
0.073905540998274510,-1.000000000000000000
0.004818815108327490,-1.000000000000000000
-0.089410110564325462,-1.000000000000000000
-0.176685626637694160,-1.000000000000000000
-0.253952834409151951,-1.000000000000000000
-0.334428324918514708,-1.000000000000000000
-0.408538377963826971,0.000000000000000000
-0.437221192560874328,0.000000000000000000
-0.436160286316865875,0.000000000000000000
-0.453492682303316963,0.000000000000000000
-0.435930210263948403,0.000000000000000000
-0.418380520227519703,0.000000000000000000
-0.405445133252380630,0.000000000000000000
-0.394401482712340989,0.000000000000000000
-0.388981913465840101,0.000000000000000000
-0.408461685946187814,0.000000000000000000
-0.426484310091391317,0.000000000000000000
-0.409509810187256296,0.000000000000000000
-0.399948871988240584,0.000000000000000000
-0.391576660062631809,0.000000000000000000
-0.385454080654438536,0.000000000000000000
-0.381568351760720903,0.000000000000000000
-0.405227839202403017,0.000000000000000000
-0.430076052917492180,0.000000000000000000
-0.420310602671438605,0.000000000000000000
-0.415824119639547463,0.000000000000000000
-0.416437655780660831,0.000000000000000000
-0.441784367610404516,0.000000000000000000
-0.512264331820796337,-1.000000000000000000
-0.590285677765705952,-1.000000000000000000
-0.769016424873777749,-1.000000000000000000
-0.781223237681344607,0.000000000000000000
-0.771636735476449176,0.000000000000000000
-0.775535246373106668,0.000000000000000000
-0.781440531731322330,0.000000000000000000
