0.000000000000000000,999.000000000000000000,0.000000000000000000
1.000000000000000000,999.000000000000000000,0.080000000000000002
1.000000000000000000,999.000000000000000000,0.204999999999999988
1.000000000000000000,999.000000000000000000,0.295999999999999985
1.000000000000000000,999.000000000000000000,0.419999999999999984
1.000000000000000000,999.000000000000000000,0.520000000000000018
1.000000000000000000,999.000000000000000000,0.622999999999999998
0.968162723855864771,999.000000000000000000,0.687000000000000055
0.957108114083579320,999.000000000000000000,0.810000000000000053
0.793057705063013874,999.000000000000000000,0.899000000000000021
0.765642272827772752,999.000000000000000000,1.024999999999999911
0.667477338049975222,999.000000000000000000,1.110999999999999988
0.272606676984300300,999.000000000000000000,1.233000000000000096
-0.051956665929687396,999.000000000000000000,1.286000000000000032
-0.415432235242096271,999.000000000000000000,1.401000000000000023
-0.918638072076065293,-1.000000000000000000,1.504000000000000004
-1.000000000000000000,-1.000000000000000000,1.625999999999999890
-1.000000000000000000,-1.000000000000000000,1.717999999999999972
-1.000000000000000000,-1.000000000000000000,1.834999999999999964
-1.000000000000000000,-1.000000000000000000,1.923999999999999932
-1.000000000000000000,-1.000000000000000000,2.044000000000000039
-1.000000000000000000,-1.000000000000000000,2.091000000000000192
-1.000000000000000000,-1.000000000000000000,2.221000000000000085
-1.000000000000000000,-1.000000000000000000,2.307999999999999829
-1.000000000000000000,0.000000000000000000,2.432999999999999829
-1.000000000000000000,0.000000000000000000,2.531000000000000139
-0.976234537839678951,0.000000000000000000,2.644000000000000128
-0.946430310704197808,0.000000000000000000,2.689000000000000057
-0.911950910684716343,0.000000000000000000,2.821000000000000174
-0.875718320833738906,0.000000000000000000,2.907000000000000028
-0.837537742281097453,0.000000000000000000,3.020000000000000018
-0.841044121944094836,0.000000000000000000,3.120000000000000107
-0.881562286938736506,0.000000000000000000,3.241000000000000103
-0.901626570565892016,0.000000000000000000,3.330999999999999961
-0.851758059803255252,0.000000000000000000,3.450000000000000178
-0.831498977305931697,0.000000000000000000,3.503000000000000114
-0.743060290250317390,0.000000000000000000,3.630999999999999783
-0.638063699230545067,0.000000000000000000,3.713999999999999968
-0.567156910489923671,0.000000000000000000,3.837000000000000188
-0.432940488945163238,1.000000000000000000,3.928999999999999826
-0.287230934060581200,1.000000000000000000,4.049999999999999822
-0.130417843576502546,1.000000000000000000,4.099000000000000199
-0.021720074023570235,1.000000000000000000,4.230000000000000426
0.130807441316844297,1.000000000000000000,4.314000000000000057
0.270673030096434175,1.000000000000000000,4.437000000000000277
0.344307003019386437,1.000000000000000000,4.528999999999999915
0.447550404207657238,1.000000000000000000,4.655999999999999694
0.478718223434309254,1.000000000000000000,4.735999999999999766
0.483198597448136091,1.000000000000000000,4.857999999999999652
0.562871335346259327,1.000000000000000000,4.923000000000000043
0.570273692412584854,1.000000000000000000,5.028999999999999915
0.558390961332427160,1.000000000000000000,5.126000000000000334
0.475406642641480026,1.000000000000000000,5.240999999999999659
0.421836953345672061,-1.000000000000000000,5.331999999999999851
0.396123502483687107,-1.000000000000000000,5.450999999999999623
0.301646050452912595,-1.000000000000000000,5.525000000000000355
0.188273108015968971,-1.000000000000000000,5.628000000000000114
0.114444336222854215,-1.000000000000000000,5.738999999999999879
0.031070419791570769,-1.000000000000000000,5.847000000000000419
-0.103925197233850741,-1.000000000000000000,5.945000000000000284
-0.285867341969410216,-1.000000000000000000,6.059999999999999609
-0.466056296873473719,-1.000000000000000000,6.141000000000000014
-0.594818350053567091,-1.000000000000000000,6.264999999999999680
-0.667283529755527516,-1.000000000000000000,6.328000000000000291
-0.728645173857991435,-1.000000000000000000,6.443999999999999950
-0.822538229278267252,-1.000000000000000000,6.540000000000000036
-0.851952858673417746,-1.000000000000000000,6.652000000000000135
-0.870458751339245440,-1.000000000000000000,6.746000000000000441
-0.928898412389204897,-1.000000000000000000,6.865999999999999659
-0.975065744618681673,-1.000000000000000000,6.924999999999999822
-0.962793415798193331,-1.000000000000000000,7.046999999999999709
-0.944092724262203142,-1.000000000000000000,7.142999999999999794
-0.917989675659887538,0.000000000000000000,7.254999999999999893
-0.935326775104706742,0.000000000000000000,7.355000000000000426
-0.945845914093699114,0.000000000000000000,7.471000000000000085
-0.953443070030192685,0.000000000000000000,7.562000000000000277
-0.952274276809195408,0.000000000000000000,7.666999999999999815
-0.984610889256850363,0.000000000000000000,7.740999999999999659
-0.998636407908834678,0.000000000000000000,7.865999999999999659
-0.944677120872696285,0.000000000000000000,7.953999999999999737
-0.923444044024549049,0.000000000000000000,8.073999999999999844
-0.887211454173566061,0.000000000000000000,8.150999999999999801
-0.784162851855463194,0.000000000000000000,8.273999999999999133
-0.667283529755527516,1.000000000000000000,8.332000000000000739
-0.587610791857404169,1.000000000000000000,8.449999999999999289
-0.498782507061459324,1.000000000000000000,8.554000000000000270
-0.348202980422714470,1.000000000000000000,8.676999999999999602
-0.199181844745302983,1.000000000000000000,8.756000000000000227
-0.013343722606409925,1.000000000000000000,8.887999999999999901
0.160222070711994791,1.000000000000000000,8.958999999999999631
0.271647024447257968,1.000000000000000000,9.089000000000000412
0.372942436933870303,1.000000000000000000,9.141000000000000014
0.460407129638649826,1.000000000000000000,9.269999999999999574
0.526638745495276339,1.000000000000000000,9.361000000000000654
0.569689295802086271,1.000000000000000000,9.486000000000000654
0.638258498100713112,1.000000000000000000,9.571999999999999176
0.632219733125547467,1.000000000000000000,9.689999999999999503
0.599688321807735569,1.000000000000000000,9.740000000000000213
0.543975844940101316,1.000000000000000000,9.872999999999999332
0.420278562384338805,1.000000000000000000,9.962999999999999190
0.283724554397589257,-1.000000000000000000,10.080999999999999517
0.180091555468976816,-1.000000000000000000,10.169999999999999929
0.109963962209022048,-1.000000000000000000,10.288999999999999702
-0.021135677413071541,-1.000000000000000000,10.378000000000000114
-0.205999805201129815,-1.000000000000000000,10.505000000000000782
-0.386773156715692012,-1.000000000000000000,10.551999999999999602
-0.516119606506278528,-1.000000000000000000,10.679999999999999716
-0.585857602025908197,-1.000000000000000000,10.768000000000000682
-0.694360572708683566,-1.000000000000000000,10.890000000000000568
-0.790786013441127533,-1.000000000000000000,10.987999999999999545
-0.825070614590435403,-1.000000000000000000,11.103999999999999204
-0.850004869971753729,-1.000000000000000000,11.144000000000000128
-0.911561312944391244,-1.000000000000000000,11.278999999999999915
-0.963183013538523869,-1.000000000000000000,11.367000000000000881
-0.955585857602024746,-1.000000000000000000,11.490999999999999659
-0.940781143469368253,-1.000000000000000000,11.574999999999999289
-0.922080451933383616,-1.000000000000000000,11.692000000000000171
-0.943313528781536403,-1.000000000000000000,11.792999999999999261
-0.960650628226361269,0.000000000000000000,11.913999999999999702
-0.975455342359017763,0.000000000000000000,11.958999999999999631
-0.985195285867343395,0.000000000000000000,12.087999999999999190
-0.991428849712671645,0.000000000000000000,12.172000000000000597
-0.992013246323170339,0.000000000000000000,12.297000000000000597
-0.979156520892183302,0.000000000000000000,12.387000000000000455
-0.998636407908834678,0.000000000000000000,12.510999999999999233
-0.951884679068859318,0.000000000000000000,12.573999999999999844
-0.890133437226059310,0.000000000000000000,12.688000000000000611
-0.862471997662415779,0.000000000000000000,12.769999999999999574
-0.818642251874939220,1.000000000000000000,12.894000000000000128
-0.711697672153497329,1.000000000000000000,12.977000000000000313
-0.590922372650239058,1.000000000000000000,13.105999999999999872
-0.509691243790787785,1.000000000000000000,13.169000000000000483
-0.423005746566669449,1.000000000000000000,13.319000000000000838
-0.334372260640887098,1.000000000000000000,13.372999999999999332
-0.256647511444433207,1.000000000000000000,13.494999999999999218
-0.093990454855362615,1.000000000000000000,13.590999999999999304
0.005746566669910802,1.000000000000000000,13.705000000000000071
0.091458069543194354,1.000000000000000000,13.795999999999999375
0.158468880880493268,1.000000000000000000,13.914999999999999147
0.200350637966300260,1.000000000000000000,13.977999999999999758
0.215934547579629044,1.000000000000000000,14.102999999999999758
0.205805006330961771,1.000000000000000000,14.191000000000000725
0.169377617609816289,1.000000000000000000,14.301000000000000156
0.112885945261520737,1.000000000000000000,14.403000000000000469
0.086588097789036977,1.000000000000000000,14.519999999999999574
0.045095938443555195,-1.000000000000000000,14.573999999999999844
-0.107626375767027382,-1.000000000000000000,14.727000000000000313
-0.273010616538423290,-1.000000000000000000,14.784000000000000696
-0.446381610986654409,-1.000000000000000000,14.914999999999999147
-0.522547969221780262,-1.000000000000000000,15.000000000000000000
-0.594818350053567091,-1.000000000000000000,15.121000000000000441
-0.705269309438006475,-1.000000000000000000,15.208999999999999631
-0.806564721924613370,-1.000000000000000000,15.323000000000000398
-0.846888088049086885,-1.000000000000000000,15.384999999999999787
-0.875718320833738906,-1.000000000000000000,15.516000000000000014
-0.943508327651699008,-1.000000000000000000,15.599000000000000199
-0.999415603389501306,-1.000000000000000000,15.727999999999999758
-0.996688419207170551,-1.000000000000000000,15.816000000000000725
-1.000000000000000000,-1.000000000000000000,15.935000000000000497
-0.978346268084699600,-1.000000000000000000,15.980999999999999872
-0.997508862700012044,-1.000000000000000000,16.141999999999999460
-1.000000000000000000,-1.000000000000000000,16.190000000000001279
-1.000000000000000000,0.000000000000000000,16.318000000000001393
-1.000000000000000000,0.000000000000000000,16.419000000000000483
-1.000000000000000000,0.000000000000000000,16.528999999999999915
-1.000000000000000000,0.000000000000000000,16.614999999999998437
-0.995674236752354336,0.000000000000000000,16.746999999999999886
-1.000000000000000000,0.000000000000000000,16.791000000000000369
-1.000000000000000000,0.000000000000000000,16.920000000000001705
-0.906548206646918930,0.000000000000000000,17.021000000000000796
-0.883349786113856061,0.000000000000000000,17.132999999999999119
-0.846824613359657974,1.000000000000000000,17.225999999999999091
-0.712898979927603094,1.000000000000000000,17.346000000000000085
-0.566962816716025109,1.000000000000000000,17.397999999999999687
-0.453109575518259144,1.000000000000000000,17.551999999999999602
-0.331358999670941512,1.000000000000000000,17.605000000000000426
-0.205001645278051536,1.000000000000000000,17.730000000000000426
-0.079137874300753142,1.000000000000000000,17.821000000000001506
0.077657124053968740,1.000000000000000000,17.946999999999999176
0.220631786771963601,1.000000000000000000,18.022999999999999687
0.307996051332678267,1.000000000000000000,18.152999999999998693
0.421520236920039038,1.000000000000000000,18.199000000000001620
0.514313919052323376,1.000000000000000000,18.329999999999998295
0.501480750246793949,1.000000000000000000,18.423999999999999488
0.464297466271803794,1.000000000000000000,18.542000000000001592
0.489634748272461895,1.000000000000000000,18.629999999999999005
0.452615992102667342,1.000000000000000000,18.743999999999999773
0.394537676867386500,1.000000000000000000,18.800000000000000711
0.317867719644620017,1.000000000000000000,18.934000000000001052
0.225732148733137183,1.000000000000000000,19.022999999999999687
0.079960513326750249,-1.000000000000000000,19.144999999999999574
-0.072885817703191136,-1.000000000000000000,19.225999999999999091
-0.190194142810131805,-1.000000000000000000,19.346000000000000085
-0.305199078644290966,-1.000000000000000000,19.440000000000001279
-0.371503784139519344,-1.000000000000000000,19.562999999999998835
-0.427607765712405219,-1.000000000000000000,19.609999999999999432
-0.515630141493907401,-1.000000000000000000,19.734000000000001762
-0.551332675222113044,-1.000000000000000000,19.818999999999999062
-0.574037512339584222,-1.000000000000000000,19.952999999999999403
-0.625205659756492227,-1.000000000000000000,20.041000000000000369
-0.667982889108257094,-1.000000000000000000,20.149999999999998579
-0.703520895031262361,-1.000000000000000000,20.219999999999998863
-0.732313260941099831,-1.000000000000000000,20.332000000000000739
-0.796972688384338768,-1.000000000000000000,20.423999999999999488
-0.857025337282000477,-1.000000000000000000,20.542999999999999261
-0.914281013491279437,0.000000000000000000,20.629999999999999005
-0.969233300427772226,0.000000000000000000,20.751999999999998892
-1.000000000000000000,0.000000000000000000,20.842999999999999972
-1.000000000000000000,0.000000000000000000,20.971000000000000085
-1.000000000000000000,0.000000000000000000,21.036999999999999034
-1.000000000000000000,0.000000000000000000,21.146999999999998465
-0.995134189918650880,0.000000000000000000,21.248000000000001108
-0.974454497072911874,0.000000000000000000,21.356999999999999318
-0.938873260853038794,0.000000000000000000,21.445000000000000284
-0.850376339998481945,0.000000000000000000,21.565999999999998948
-0.787272865505969754,0.000000000000000000,21.626000000000001222
-0.710028130464536167,0.000000000000000000,21.753000000000000114
-0.583212955219342799,1.000000000000000000,21.846000000000000085
-0.446057933551286423,1.000000000000000000,21.957999999999998408
-0.340986847107122681,1.000000000000000000,22.048999999999999488
-0.227400593020603448,1.000000000000000000,22.163000000000000256
-0.110012924808025825,1.000000000000000000,22.265000000000000568
0.003573329278497628,1.000000000000000000,22.376999999999998892
0.143313312552274308,1.000000000000000000,22.431000000000000938
0.268912035277125039,1.000000000000000000,22.559999999999998721
0.338858055196537000,1.000000000000000000,22.647999999999999687
0.386755873184823962,1.000000000000000000,22.774999999999998579
0.446514103246407945,1.000000000000000000,22.867000000000000881
0.445145594161030500,1.000000000000000000,22.972999999999998977
0.380673610583140976,1.000000000000000000,23.038000000000000256
0.335968980460734645,1.000000000000000000,23.163000000000000256
0.311183760358854533,1.000000000000000000,23.254000000000001336
0.233330799057251959,-1.000000000000000000,23.367999999999998550
0.104538888466511937,-1.000000000000000000,23.463000000000000966
-0.034744925112143110,-1.000000000000000000,23.583999999999999631
-0.140272181251428374,-1.000000000000000000,23.672000000000000597
-0.245951493955748224,-1.000000000000000000,23.792999999999999261
-0.307686459362882969,-1.000000000000000000,23.842999999999999972
-0.397551889302817263,-1.000000000000000000,23.971000000000000085
-0.477533642515014289,-1.000000000000000000,24.064000000000000057
-0.506576446438078420,-1.000000000000000000,24.187000000000001165
-0.525279403938266554,-1.000000000000000000,24.269999999999999574
-0.572416939101345390,-1.000000000000000000,24.396999999999998465
-0.612103702577363573,-1.000000000000000000,24.446999999999999176
-0.643731468106134797,-1.000000000000000000,24.568000000000001393
-0.668516688208010468,-1.000000000000000000,24.649000000000000909
-0.726602296054130070,-1.000000000000000000,24.782000000000000028
-0.780582376644108900,-1.000000000000000000,24.870999999999998664
-0.831825439063328509,-1.000000000000000000,24.992000000000000881
-0.880027370181702295,0.000000000000000000,25.079000000000000625
-0.923363491218731292,0.000000000000000000,25.202000000000001734
-0.919410020527633765,0.000000000000000000,25.251000000000001222
-0.901923515547788268,0.000000000000000000,25.373999999999998778
-0.909374287234853140,0.000000000000000000,25.469000000000001194
-0.825895233026684439,0.000000000000000000,25.596000000000000085
-0.728274918269594229,0.000000000000000000,25.678999999999998494
-0.657264502394895755,0.000000000000000000,25.806000000000000938
-0.576826579487572877,0.000000000000000000,25.858000000000000540
-0.447426442636659427,1.000000000000000000,25.981000000000001648
-0.308294685623056397,1.000000000000000000,26.068000000000001393
-0.197597506272335410,1.000000000000000000,26.190999999999998948
-0.080818064319922667,1.000000000000000000,26.282000000000000028
0.034440811982060726,1.000000000000000000,26.396000000000000796
0.137078993385538972,1.000000000000000000,26.489999999999998437
0.221318330418916132,1.000000000000000000,26.609000000000001762
0.243670645480119186,1.000000000000000000,26.661999999999999034
0.278339542309745003,1.000000000000000000,26.797999999999998266
0.328670265338704359,1.000000000000000000,26.884000000000000341
0.316961909830455246,1.000000000000000000,27.004000000000001336
0.284117691781345716,1.000000000000000000,27.092999999999999972
0.231049950581618591,1.000000000000000000,27.211999999999999744
0.155629894320688189,1.000000000000000000,27.260999999999999233
0.063331559340077170,-1.000000000000000000,27.379000000000001336
-0.040675131148782850,-1.000000000000000000,27.474000000000000199
-0.150612027674295712,-1.000000000000000000,27.591000000000001080
-0.218429255683113555,-1.000000000000000000,27.676999999999999602
-0.278795712004866525,-1.000000000000000000,27.798999999999999488
-0.367444689424462401,-1.000000000000000000,27.899000000000000909
-0.445297650726065197,-1.000000000000000000,28.036999999999999034
-0.512658709039761518,-1.000000000000000000,28.067000000000000171
-0.607846118756175002,-1.000000000000000000,28.193000000000001393
-0.693149851744842671,-1.000000000000000000,28.288000000000000256
-0.728579031399676724,-1.000000000000000000,28.394999999999999574
-0.755949213107276696,-1.000000000000000000,28.498000000000001108
-0.814338934083478794,-1.000000000000000000,28.609000000000001762
-0.869079297498670078,-1.000000000000000000,28.684999999999998721
-0.921538812438228105,0.000000000000000000,28.795000000000001705
-0.970653082946857704,0.000000000000000000,28.888999999999999346
-1.000000000000000000,0.000000000000000000,29.001000000000001222
-1.000000000000000000,0.000000000000000000,29.096000000000000085
-1.000000000000000000,0.000000000000000000,29.219000000000001194
-1.000000000000000000,0.000000000000000000,29.310999999999999943
-1.000000000000000000,0.000000000000000000,29.420999999999999375
-0.953894721386096434,0.000000000000000000,29.489999999999998437
-0.899860509507378059,0.000000000000000000,29.602000000000000313
-0.874018060347995895,0.000000000000000000,29.707999999999998408
-0.834960722413925382,0.000000000000000000,29.818999999999999062
-0.749063945378458662,0.000000000000000000,29.914000000000001478
-0.650686440055796123,0.000000000000000000,30.038000000000000256
-0.578445048087515068,1.000000000000000000,30.085999999999998522
-0.459070552822851030,1.000000000000000000,30.213999999999998636
-0.329564642830928456,1.000000000000000000,30.300000000000000711
-0.192423463769177960,1.000000000000000000,30.423999999999999488
-0.086998017766682256,1.000000000000000000,30.510999999999999233
-0.018133764040818012,1.000000000000000000,30.626999999999998892
0.086557521474193599,1.000000000000000000,30.721000000000000085
0.222377211658469243,1.000000000000000000,30.835999999999998522
0.347037662433015370,1.000000000000000000,30.902000000000001023
0.420160046986278068,1.000000000000000000,31.024000000000000909
0.434109096248442405,1.000000000000000000,31.114999999999998437
0.462741355260258835,1.000000000000000000,31.233000000000000540
0.468320974965132031,1.000000000000000000,31.318999999999999062
0.415755084061377733,1.000000000000000000,31.443000000000001393
0.344101020483079001,1.000000000000000000,31.489999999999998437
0.330151971220914886,1.000000000000000000,31.623999999999998778
0.298583070259161865,1.000000000000000000,31.711999999999999744
0.177593421922032091,-1.000000000000000000,31.830999999999999517
0.045885030467661236,-1.000000000000000000,31.925000000000000711
-0.093605462154026542,-1.000000000000000000,32.039000000000001478
-0.195800602011598879,-1.000000000000000000,32.136000000000002785
-0.254239776815213370,-1.000000000000000000,32.247999999999997556
-0.303869025769035517,-1.000000000000000000,32.302999999999997272
-0.380368548564715137,-1.000000000000000000,32.432000000000002160
-0.410762792746495187,-1.000000000000000000,32.523000000000003240
-0.431466118493505468,-1.000000000000000000,32.645000000000003126
-0.480067542764848199,-1.000000000000000000,32.728000000000001535
-0.559356875412966525,-1.000000000000000000,32.856999999999999318
-0.594156082519638584,-1.000000000000000000,32.901000000000003354
-0.623669334116432772,-1.000000000000000000,33.033000000000001251
-0.648483958593347953,-1.000000000000000000,33.125000000000000000
-0.705601644519496141,-1.000000000000000000,33.247999999999997556
-0.760076352690703283,-1.000000000000000000,33.331000000000003070
-0.810733426327000739,0.000000000000000000,33.460000000000000853
-0.858160193818374828,0.000000000000000000,33.539999999999999147
-0.903971808237278962,0.000000000000000000,33.664000000000001478
-0.947434109096249810,0.000000000000000000,33.710000000000000853
-0.987959768005288619,0.000000000000000000,33.841000000000001080
-0.944203802951326554,0.000000000000000000,33.932999999999999829
-0.888113941707657784,0.000000000000000000,34.055999999999997385
-0.858013361720872947,0.000000000000000000,34.142000000000003013
-0.776081051317817905,0.000000000000000000,34.256999999999997897
-0.680640187945087405,0.000000000000000000,34.310999999999999943
-0.609720284854272765,0.000000000000000000,34.441000000000002501
-0.487849643932165344,0.000000000000000000,34.524000000000000909
-0.355847588282799276,0.000000000000000000,34.649000000000000909
-0.252330959547760636,1.000000000000000000,34.741999999999997328
-0.142794214815355813,1.000000000000000000,34.850000000000001421
-0.031789149107991133,1.000000000000000000,34.956000000000003070
0.037221936715366555,1.000000000000000000,35.073999999999998067
0.136039938330517973,1.000000000000000000,35.121999999999999886
0.266133176712427089,1.000000000000000000,35.250000000000000000
0.347184494530508925,1.000000000000000000,35.332000000000000739
0.410909624843996957,1.000000000000000000,35.454999999999998295
0.454078261507968373,1.000000000000000000,35.546999999999997044
0.434549592540931062,1.000000000000000000,35.668999999999996930
0.427501651861098120,1.000000000000000000,35.719000000000001194
0.401806034799209399,1.000000000000000000,35.844999999999998863
0.356875412965274474,1.000000000000000000,35.935999999999999943
0.334410102048309232,1.000000000000000000,36.045999999999999375
0.300491887526614709,1.000000000000000000,36.140999999999998238
0.178474414507009627,-1.000000000000000000,36.268999999999998352
0.045150869980181474,-1.000000000000000000,36.348999999999996646
-0.057778430364879285,-1.000000000000000000,36.478000000000001535
-0.160414066514944498,-1.000000000000000000,36.542000000000001592
-0.221349386975998264,-1.000000000000000000,36.654000000000003467
-0.274796270464721770,-1.000000000000000000,36.740000000000001990
-0.354379267307831092,-1.000000000000000000,36.860999999999997101
-0.388737978122018601,-1.000000000000000000,36.948000000000000398
-0.449820130680565811,-1.000000000000000000,37.073000000000000398
-0.539828206445924885,-1.000000000000000000,37.133000000000002672
-0.622641509433961682,-1.000000000000000000,37.250000000000000000
-0.658468541223113268,-1.000000000000000000,37.356000000000001648
-0.686219807649952274,-1.000000000000000000,37.472000000000001307
-0.746127303428534949,-1.000000000000000000,37.560000000000002274
-0.803391821452172361,-1.000000000000000000,37.676999999999999602
-0.856985537038397749,-1.000000000000000000,37.768000000000000682
-0.907642610674695205,0.000000000000000000,37.887000000000000455
-0.955509874458558062,0.000000000000000000,37.945000000000000284
-1.000000000000000000,0.000000000000000000,38.069000000000002615
-1.000000000000000000,0.000000000000000000,38.161999999999999034
-1.000000000000000000,0.000000000000000000,38.274000000000000909
-0.996766370250606326,0.000000000000000000,38.380000000000002558
-0.950670004417609960,0.000000000000000000,38.490000000000001990
-0.891605480281590701,0.000000000000000000,38.548999999999999488
-0.859000684462697284,0.000000000000000000,38.673999999999999488
-0.811557205848228103,0.000000000000000000,38.762999999999998124
-0.691873026425129822,0.000000000000000000,38.880000000000002558
-0.607342243275248772,0.000000000000000000,38.969000000000001194
-0.518693960412789146,1.000000000000000000,39.088999999999998636
-0.375232617154460546,1.000000000000000000,39.179000000000002046
-0.223143292167147567,1.000000000000000000,39.286999999999999034
-0.106580950769753047,1.000000000000000000,39.353999999999999204
0.013026560649633812,1.000000000000000000,39.485999999999997101
0.089324987311794057,1.000000000000000000,39.576000000000000512
0.157164608357299507,1.000000000000000000,39.697000000000002728
0.301133479952631067,1.000000000000000000,39.780000000000001137
0.387751649467098947,1.000000000000000000,39.899000000000000909
0.410590424632044648,1.000000000000000000,39.951000000000000512
0.455591270512609059,1.000000000000000000,40.076999999999998181
0.523261715445780373,1.000000000000000000,40.164000000000001478
0.524784300456778929,1.000000000000000000,40.286999999999999034
0.459482321096258417,1.000000000000000000,40.378000000000000114
0.413973946878700927,1.000000000000000000,40.496999999999999886
0.392488580612414539,1.000000000000000000,40.587000000000003297
0.354931483674499448,-1.000000000000000000,40.710999999999998522
0.261207917442055626,-1.000000000000000000,40.765000000000000568
0.109795296904079853,-1.000000000000000000,40.890000000000000568
0.040094738622902470,-1.000000000000000000,40.984000000000001762
-0.028252410759601054,-1.000000000000000000,41.101999999999996760
-0.093723566232451039,-1.000000000000000000,41.191000000000002501
-0.194721705295209824,-1.000000000000000000,41.310000000000002274
-0.287091862628994110,-1.000000000000000000,41.369999999999997442
-0.367281339874808377,-1.000000000000000000,41.488999999999997215
-0.434105904246322782,-1.000000000000000000,41.573000000000000398
-0.534427338859754242,-1.000000000000000000,41.689999999999997726
-0.625274911182544635,-1.000000000000000000,41.789000000000001478
-0.664862121468451472,-1.000000000000000000,41.914999999999999147
-0.695144645576046716,-1.000000000000000000,42.000999999999997669
-0.762138386059890482,-1.000000000000000000,42.119999999999997442
-0.825071899847745982,-1.000000000000000000,42.170999999999999375
-0.882760954153278155,0.000000000000000000,42.298000000000001819
-0.936220605650487703,0.000000000000000000,42.387000000000000455
-0.986973439350368520,0.000000000000000000,42.514000000000002899
-0.993232955506687665,0.000000000000000000,42.598999999999996646
-0.999661647775336282,0.000000000000000000,42.718000000000003524
-1.000000000000000000,0.000000000000000000,42.773000000000003240
-0.998479729729737198,0.000000000000000000,42.899999999999998579
-0.947297297297306384,0.000000000000000000,42.978000000000001535
-0.883108108108114020,0.000000000000000000,43.103999999999999204
-0.847128378378383728,0.000000000000000000,43.195000000000000284
-0.750337837837841692,0.000000000000000000,43.320000000000000284
-0.637837837837838428,0.000000000000000000,43.408999999999998920
-0.553378378378381774,0.000000000000000000,43.529000000000003467
-0.411486486486489111,0.000000000000000000,43.581000000000003070
-0.257094594594600379,1.000000000000000000,43.700000000000002842
-0.135979729729732601,1.000000000000000000,43.796999999999997044
-0.009797297297296392,1.000000000000000000,43.911000000000001364
0.115202702702702942,1.000000000000000000,44.005000000000002558
0.193581081081079409,1.000000000000000000,44.130000000000002558
0.261993243243243912,1.000000000000000000,44.200000000000002842
0.353209459459456809,1.000000000000000000,44.304000000000002046
0.375337837837833810,1.000000000000000000,44.396000000000000796
0.412837837837836563,1.000000000000000000,44.518999999999998352
0.464695945945948319,1.000000000000000000,44.604999999999996874
0.403209459459460406,1.000000000000000000,44.719000000000001194
0.360472972972968986,1.000000000000000000,44.810000000000002274
0.337668918918915706,1.000000000000000000,44.935999999999999943
0.253885135135135220,1.000000000000000000,45.005000000000002558
0.159121621621621578,-1.000000000000000000,45.115999999999999659
0.098310810810809723,-1.000000000000000000,45.210000000000000853
0.030574324324321278,-1.000000000000000000,45.320999999999997954
-0.037162162162167056,-1.000000000000000000,45.408000000000001251
-0.099493243243241714,-1.000000000000000000,45.537999999999996703
-0.194256756756760240,-1.000000000000000000,45.591999999999998749
-0.277364864864864558,-1.000000000000000000,45.713999999999998636
-0.351689189189189122,-1.000000000000000000,45.807000000000002160
-0.458277027027027550,-1.000000000000000000,45.924999999999997158
-0.553378378378377001,-1.000000000000000000,46.021000000000000796
-0.594594594594595849,-1.000000000000000000,46.128999999999997783
-0.627871621621626463,-1.000000000000000000,46.198999999999998067
-0.697972972972978889,-1.000000000000000000,46.347000000000001307
-0.761993243243251017,-1.000000000000000000,46.406999999999996476
-0.819763513513522724,-1.000000000000000000,46.527999999999998693
-0.873817567567573450,0.000000000000000000,46.625999999999997669
-0.927702702702708715,0.000000000000000000,46.740999999999999659
-0.981587837837839094,0.000000000000000000,46.834000000000003183
-0.988513513513515685,0.000000000000000000,46.941000000000002501
-0.991554054054060607,0.000000000000000000,47.009000000000000341
-0.990202702702708382,0.000000000000000000,47.131999999999997897
-0.940878378378385727,0.000000000000000000,47.226999999999996760
-0.883648065035145369,0.000000000000000000,47.347000000000001307
-0.812918742484113777,0.000000000000000000,47.432999999999999829
-0.770693906305041088,0.000000000000000000,47.560000000000002274
-0.705351326198232709,0.000000000000000000,47.601999999999996760
-0.588832014890649180,1.000000000000000000,47.768000000000000682
-0.501163331782224053,1.000000000000000000,47.813000000000002387
-0.350023266635646868,1.000000000000000000,47.948000000000000398
-0.186040018613314539,1.000000000000000000,48.033999999999998920
-0.060772452303394564,1.000000000000000000,48.155999999999998806
0.069520707305720242,1.000000000000000000,48.241999999999997328
0.156444858073521376,1.000000000000000000,48.362999999999999545
0.291577477896695081,1.000000000000000000,48.412999999999996703
0.420939972080033975,1.000000000000000000,48.548000000000001819
0.588087482550019747,1.000000000000000000,48.628000000000000114
0.735691019078644759,1.000000000000000000,48.752000000000002444
0.760074453234064418,1.000000000000000000,48.838999999999998636
0.799906933457420699,1.000000000000000000,48.963000000000000966
0.808282922289437211,1.000000000000000000,49.015999999999998238
0.740158213122378283,1.000000000000000000,49.170000000000001705
0.693624941833405728,1.000000000000000000,49.232999999999996987
0.674453234062354134,1.000000000000000000,49.343000000000003524
0.636109818520240511,1.000000000000000000,49.439000000000000057
0.484969753373658108,-1.000000000000000000,49.564000000000000057
0.320986505351320339,-1.000000000000000000,49.655000000000001137
0.150488599348534313,-1.000000000000000000,49.774000000000000909
-0.013680781758960592,-1.000000000000000000,49.819000000000002615
-0.123127035830618570,-1.000000000000000000,49.951999999999998181
-0.175430432759426158,-1.000000000000000000,50.042000000000001592
-0.261982317356917793,-1.000000000000000000,50.152000000000001023
-0.288040949278737579,-1.000000000000000000,50.256000000000000227
-0.301070265239650192,-1.000000000000000000,50.371999999999999886
-0.350767798976270972,-1.000000000000000000,50.418999999999996930
-0.391158678455099329,-1.000000000000000000,50.579000000000000625
-0.375895765472314736,-1.000000000000000000,50.630000000000002558
-0.353559795253615028,-1.000000000000000000,50.761000000000002785
-0.329734760353656675,-1.000000000000000000,50.848999999999996646
-0.308143322475575743,0.000000000000000000,50.973999999999996646
-0.283015355979531980,0.000000000000000000,51.054999999999999716
-0.302931596091207567,0.000000000000000000,51.188000000000002387
-0.318939041414616264,0.000000000000000000,51.228999999999999204
-0.329734760353656675,0.000000000000000000,51.356999999999999318
-0.330293159609118092,0.000000000000000000,51.444000000000002615
-0.360260586319220644,0.000000000000000000,51.573999999999998067
-0.371986970684042517,0.000000000000000000,51.661000000000001364
-0.318939041414616264,0.000000000000000000,51.783000000000001251
-0.293997208003724531,0.000000000000000000,51.838000000000000966
-0.201861330851565879,0.000000000000000000,51.990999999999999659
-0.092415076779902572,0.000000000000000000,52.051999999999999602
-0.016286644951141960,1.000000000000000000,52.167000000000001592
0.074546300604931170,1.000000000000000000,52.250999999999997669
0.221591437878078779,1.000000000000000000,52.372999999999997556
0.376826430898085540,1.000000000000000000,52.460999999999998522
0.485528152629124854,1.000000000000000000,52.584000000000003183
0.625872498836671953,1.000000000000000000,52.655999999999998806
0.790228013029313781,1.000000000000000000,52.762999999999998124
0.873987901349461360,1.000000000000000000,52.856999999999999318
0.918659841786871212,1.000000000000000000,52.976999999999996760
0.923685435086082141,1.000000000000000000,53.067000000000000171
0.847557003257326746,1.000000000000000000,53.182000000000002160
0.834899953466728961,1.000000000000000000,53.246999999999999886
0.793578408562124471,1.000000000000000000,53.378999999999997783
0.635923685435088482,-1.000000000000000000,53.466000000000001080
0.458352722196371465,-1.000000000000000000,53.572000000000002728
0.358585388552810080,-1.000000000000000000,53.670000000000001705
0.251744997673333470,-1.000000000000000000,53.783000000000001251
0.099115867845508188,-1.000000000000000000,53.878999999999997783
-0.038994881340161602,-1.000000000000000000,53.987999999999999545
-0.114564913913455468,-1.000000000000000000,54.060999999999999943
-0.265704979060032653,-1.000000000000000000,54.183999999999997499
-0.352815262912991034,-1.000000000000000000,54.270000000000003126
-0.472871102838532176,-1.000000000000000000,54.387000000000000455
-0.576174965100045844,-1.000000000000000000,54.481000000000001648
-0.621591437878085129,-1.000000000000000000,54.595999999999996533
-0.657515123313169303,-1.000000000000000000,54.664999999999999147
-0.731782224290372540,-1.000000000000000000,54.777999999999998693
-0.800093066542583387,-1.000000000000000000,54.871999999999999886
-0.864867380176831513,-1.000000000000000000,54.996000000000002217
-0.928338762214988900,-1.000000000000000000,55.073000000000000398
-0.988459748720346143,0.000000000000000000,55.201000000000000512
-0.997394136807823850,0.000000000000000000,55.287999999999996703
-1.000000000000000000,0.000000000000000000,55.414000000000001478
-1.000000000000000000,0.000000000000000000,55.466999999999998749
-0.999814557255445990,0.000000000000000000,55.594000000000001194
-0.939731108020405825,0.000000000000000000,55.679000000000002046
-0.863699582753827411,0.000000000000000000,55.792999999999999261
-0.820120537783966541,0.000000000000000000,55.884999999999998010
-0.710338433008813386,0.000000000000000000,56.020000000000003126
-0.627533389371444650,0.000000000000000000,56.055999999999997385
-0.525716972261406679,1.000000000000000000,56.192000000000000171
-0.363046544428778817,1.000000000000000000,56.281999999999996476
-0.171757925072051010,1.000000000000000000,56.402000000000001023
-0.031325301204818357,1.000000000000000000,56.496000000000002217
0.112674698795180772,1.000000000000000000,56.615000000000001990
0.262650602409639999,1.000000000000000000,56.704999999999998295
0.407807228915666675,1.000000000000000000,56.822000000000002728
0.539662650602411809,1.000000000000000000,56.874000000000002331
0.698120481927714698,1.000000000000000000,56.993000000000002103
0.727036144578316668,1.000000000000000000,57.085000000000000853
0.821686746987955186,1.000000000000000000,57.210000000000000853
0.882024096385547685,1.000000000000000000,57.301000000000001933
0.810891566265067532,1.000000000000000000,57.423999999999999488
0.761734939759040275,1.000000000000000000,57.472000000000001307
0.738987951807231758,1.000000000000000000,57.600000000000001421
0.645493975903615569,1.000000000000000000,57.692000000000000171
0.531951807228918216,-1.000000000000000000,57.810000000000002274
0.401638554216867671,-1.000000000000000000,57.902999999999998693
0.262650602409639999,-1.000000000000000000,58.020000000000003126
0.126554216867467817,-1.000000000000000000,58.100000000000001421
0.043084337349400315,-1.000000000000000000,58.237999999999999545
-0.126939759036145627,-1.000000000000000000,58.280999999999998806
-0.283277108433737546,-1.000000000000000000,58.412999999999996703
-0.375036144578315245,-1.000000000000000000,58.500000000000000000
-0.502265060240966399,-1.000000000000000000,58.618999999999999773
-0.617542168674702241,-1.000000000000000000,58.700000000000002842
-0.669975903614462576,-1.000000000000000000,58.832999999999998408
-0.710265060240968693,-1.000000000000000000,58.881999999999997897
-0.792385542168680845,-1.000000000000000000,59.006999999999997897
-0.868915662650610376,-1.000000000000000000,59.093000000000003524
-0.942746987951812443,0.000000000000000000,59.213000000000000966
-1.000000000000000000,-1.000000000000000000,59.307000000000002160
-1.000000000000000000,0.000000000000000000,59.432999999999999829
-1.000000000000000000,0.000000000000000000,59.521999999999998465
-1.000000000000000000,0.000000000000000000,59.642000000000003013
-1.000000000000000000,0.000000000000000000,59.694000000000002615
-1.000000000000000000,0.000000000000000000,59.820000000000000284
-1.000000000000000000,0.000000000000000000,59.908000000000001251
-0.999056959637875885,0.000000000000000000,60.027999999999998693
-0.937570728027163347,0.000000000000000000,60.109999999999999432
-0.861373066767260220,0.000000000000000000,60.241999999999997328
-0.817050169747272514,0.000000000000000000,60.304000000000002046
-0.706148623161076294,0.000000000000000000,60.412999999999996703
-0.581290079215392219,0.000000000000000000,60.512000000000000455
-0.488494907582045057,0.000000000000000000,60.628000000000000114
-0.383062995096188019,0.000000000000000000,60.707999999999998408
-0.216710675216899129,1.000000000000000000,60.835999999999998522
-0.041682384006034301,1.000000000000000000,60.917000000000001592
0.095247076574878964,1.000000000000000000,61.045999999999999375
0.235005658242175119,1.000000000000000000,61.107999999999996987
0.322142587702750838,1.000000000000000000,61.216000000000001080
0.395699735948703335,1.000000000000000000,61.320000000000000284
0.496982270841194174,1.000000000000000000,61.435000000000002274
0.523953225198040551,1.000000000000000000,61.533000000000001251
0.570350811014714187,1.000000000000000000,61.643000000000000682
0.585628064881180244,1.000000000000000000,61.710999999999998522
0.572048283666540813,1.000000000000000000,61.831000000000003070
0.531308940022633180,1.000000000000000000,61.920000000000001705
0.465484722746132507,1.000000000000000000,62.043999999999996930
0.377970577140697594,-1.000000000000000000,62.131000000000000227
0.277065258393060621,-1.000000000000000000,62.243999999999999773
0.206714447378350652,-1.000000000000000000,62.338999999999998636
0.129196529611469435,-1.000000000000000000,62.450000000000002842
0.052055827989436976,-1.000000000000000000,62.512000000000000455
-0.020369671821953816,-1.000000000000000000,62.631000000000000227
-0.129950961901166506,-1.000000000000000000,62.735999999999997101
-0.226706903055453046,-1.000000000000000000,62.851999999999996760
-0.309317238777819248,-1.000000000000000000,62.939999999999997726
-0.426442851754056940,-1.000000000000000000,63.070999999999997954
-0.530931723877784645,-1.000000000000000000,63.115000000000001990
-0.576952093549604195,-1.000000000000000000,63.241999999999997328
-0.616559788758960781,-1.000000000000000000,63.329000000000000625
-0.694454922670690422,-1.000000000000000000,63.459000000000003183
-0.765560165975103124,-1.000000000000000000,63.542999999999999261
-0.833081855903430313,-1.000000000000000000,63.665999999999996817
-0.895699735948693898,0.000000000000000000,63.743999999999999773
-0.955299886835152989,0.000000000000000000,63.869999999999997442
-0.961523953225199901,0.000000000000000000,63.927999999999997272
-0.965673330818560882,0.000000000000000000,64.052999999999997272
-0.963787250094301995,0.000000000000000000,64.138000000000005230
-0.897585816672952896,0.000000000000000000,64.257999999999995566
-0.861373066767254780,0.000000000000000000,64.344999999999998863
-0.809505846850247623,0.000000000000000000,64.478999999999999204
-0.692757450018863907,0.000000000000000000,64.530000000000001137
-0.564881176914369787,0.000000000000000000,64.652000000000001023
-0.472463221425876601,0.000000000000000000,64.743999999999999773
-0.369860430026407783,1.000000000000000000,64.864000000000004320
-0.207846095812896259,1.000000000000000000,64.950000000000002842
-0.037721614485094923,1.000000000000000000,65.081999999999993634
0.139192757450023352,1.000000000000000000,65.156000000000005912
0.269520935496035730,1.000000000000000000,65.283000000000001251
0.343455299886842091,1.000000000000000000,65.335999999999998522
0.452470765748779424,1.000000000000000000,65.457999999999998408
0.549226706903055195,1.000000000000000000,65.549999999999997158
0.582610335722370198,1.000000000000000000,65.677999999999997272
0.601848359109770303,1.000000000000000000,65.760000000000005116
0.649754809505848741,1.000000000000000000,65.888000000000005230
0.724632214258773999,1.000000000000000000,65.929000000000002046
0.725952470765751867,1.000000000000000000,66.055999999999997385
0.653715579026782789,1.000000000000000000,66.140000000000000568
0.559788758958884802,1.000000000000000000,66.272000000000005571
0.542059600150889720,1.000000000000000000,66.362999999999999545
0.454734062617881518,-1.000000000000000000,66.480000000000003979
0.354017351942666370,-1.000000000000000000,66.564999999999997726
0.241984156921919213,-1.000000000000000000,66.698999999999998067
0.168238400603545113,-1.000000000000000000,66.745000000000004547
0.090531874764242293,-1.000000000000000000,66.873000000000004661
0.013579781214636766,-1.000000000000000000,66.957999999999998408
-0.103357223689173883,-1.000000000000000000,67.067999999999997840
-0.256695586571104251,-1.000000000000000000,67.168999999999996930
-0.353451527725390791,-1.000000000000000000,67.283000000000001251
-0.438136552244437483,-1.000000000000000000,67.355999999999994543
-0.560543191248581874,-1.000000000000000000,67.465999999999993975
-0.621463598642024273,-1.000000000000000000,67.555000000000006821
-0.671821953979631958,-1.000000000000000000,67.677999999999997272
-0.713881554130517459,-1.000000000000000000,67.763000000000005230
-0.793851376838927703,-1.000000000000000000,67.887000000000000455
-0.865899660505475177,-1.000000000000000000,67.974000000000003752
-0.932855526216526787,-1.000000000000000000,68.097999999999998977
-0.996416446623914487,-1.000000000000000000,68.162999999999996703
-1.000000000000000000,0.000000000000000000,68.274000000000000909
-1.000000000000000000,0.000000000000000000,68.373000000000004661
-0.997569411984665644,0.000000000000000000,68.487999999999999545
-0.933439282041693352,0.000000000000000000,68.572999999999993292
-0.853603814153497842,0.000000000000000000,68.697999999999993292
-0.807048705244463704,0.000000000000000000,68.748999999999995225
-0.745162195007947226,0.000000000000000000,68.870999999999995111
-0.622137047770401352,0.000000000000000000,68.975999999999999091
-0.531644386276524328,0.000000000000000000,69.084999999999993747
-0.423763672057582363,0.000000000000000000,69.185000000000002274
-0.254370384219870127,1.000000000000000000,69.296999999999997044
-0.074132934467603273,1.000000000000000000,69.391000000000005343
0.067028138730489406,1.000000000000000000,69.503000000000000114
0.206132560530994047,1.000000000000000000,69.569999999999993179
0.292137982611953895,1.000000000000000000,69.691000000000002501
0.417219781247082366,1.000000000000000000,69.784000000000006025
0.576703748714600284,1.000000000000000000,69.891999999999995907
0.666261568664117121,1.000000000000000000,69.996999999999999886
0.681966906609335011,1.000000000000000000,70.103999999999999204
0.762176311115265959,1.000000000000000000,70.171999999999997044
0.760680564644297119,1.000000000000000000,70.290000000000006253
0.682153874918202785,1.000000000000000000,70.378000000000000114
0.626063382256709655,1.000000000000000000,70.504000000000004889
0.545106104515286294,-1.000000000000000000,70.593000000000003524
0.446760774048803100,-1.000000000000000000,70.718000000000003524
0.332710105637096687,-1.000000000000000000,70.801000000000001933
0.203515004206791916,-1.000000000000000000,70.908000000000001251
0.067215107039362509,-1.000000000000000000,70.975999999999999091
-0.018790315041602668,-1.000000000000000000,71.102000000000003865
-0.094138543516870454,-1.000000000000000000,71.194999999999993179
-0.253061606057774391,-1.000000000000000000,71.313000000000002387
-0.351967841450876895,-1.000000000000000000,71.399000000000000909
-0.438160231840704517,-1.000000000000000000,71.522999999999996135
-0.560250537533890203,-1.000000000000000000,71.572999999999993292
-0.618771618210717467,-1.000000000000000000,71.704999999999998295
-0.665887632046365585,-1.000000000000000000,71.789000000000001478
-0.704777040291671986,-1.000000000000000000,71.917000000000001592
-0.781621015237913941,-1.000000000000000000,71.996999999999999886
-0.851360194447041918,-1.000000000000000000,72.123999999999995225
-0.918294849023089443,-1.000000000000000000,72.213999999999998636
-0.983172852201554259,0.000000000000000000,72.331999999999993634
-0.997008507058051774,0.000000000000000000,72.385999999999995680
-1.000000000000000000,0.000000000000000000,72.512000000000000455
-0.991404279174060488,0.000000000000000000,72.602999999999994429
-0.919274969634677475,0.000000000000000000,72.728999999999999204
-0.878538727459583946,0.000000000000000000,72.811999999999997613
-0.820611043632627268,0.000000000000000000,72.930999999999997385
-0.698028590114917247,0.000000000000000000,72.995000000000004547
-0.605718022984202298,0.000000000000000000,73.103999999999999204
-0.497337195178918390,1.000000000000000000,73.201999999999998181
-0.326917686629914939,1.000000000000000000,73.319000000000002615
-0.144538914323084078,1.000000000000000000,73.412000000000006139
-0.001962066710270105,1.000000000000000000,73.539000000000001478
0.143978323834436983,1.000000000000000000,73.623000000000004661
0.287115761935908820,1.000000000000000000,73.748999999999995225
0.421470615715223484,1.000000000000000000,73.790999999999996817
0.535270484910776556,1.000000000000000000,73.918000000000006366
0.619732785200416414,1.000000000000000000,74.015000000000000568
0.671120246659820285,1.000000000000000000,74.135999999999995680
0.736709333831639945,1.000000000000000000,74.219999999999998863
0.721386527141929967,1.000000000000000000,74.340000000000003411
0.681024011959271425,1.000000000000000000,74.391000000000005343
0.614500607306364577,-1.000000000000000000,74.522000000000005571
0.527609081565918903,-1.000000000000000000,74.605999999999994543
0.424460431654681614,-1.000000000000000000,74.728999999999999204
0.351396804634211302,-1.000000000000000000,74.814999999999997726
0.218910585817060577,-1.000000000000000000,74.941999999999993065
0.133513968046344189,-1.000000000000000000,75.025000000000005684
0.055591890124267573,-1.000000000000000000,75.155000000000001137
-0.054844436139397712,-1.000000000000000000,75.198999999999998067
-0.202840325142480959,-1.000000000000000000,75.325000000000002842
-0.290292441371573728,-1.000000000000000000,75.411000000000001364
-0.414743529851437254,-1.000000000000000000,75.534999999999996589
-0.528543399046990325,-1.000000000000000000,75.626000000000004775
-0.582920676445857766,-1.000000000000000000,75.748000000000004661
-0.630010277492291881,-1.000000000000000000,75.808000000000006935
-0.715033168270578834,-1.000000000000000000,75.924999999999997158
-0.792207792207790806,-1.000000000000000000,76.016000000000005343
-0.863776511258521285,-1.000000000000000000,76.138999999999995794
-0.931421096888716993,-1.000000000000000000,76.224999999999994316
-0.997383911052966088,-1.000000000000000000,76.346000000000003638
-1.000000000000000000,0.000000000000000000,76.435000000000002274
-1.000000000000000000,0.000000000000000000,76.560000000000002274
-0.999074245510088832,0.000000000000000000,76.621999999999999886
-0.934086280318459083,0.000000000000000000,76.737999999999999545
-0.854656545084243158,0.000000000000000000,76.834000000000003183
-0.805221255323083529,0.000000000000000000,76.939999999999997726
-0.690242547676349516,0.000000000000000000,77.031000000000005912
-0.603406776522859900,0.000000000000000000,77.159999999999996589
-0.498611368265127974,0.000000000000000000,77.209000000000003183
-0.330494352897605315,1.000000000000000000,77.343999999999994088
-0.151638585447136043,1.000000000000000000,77.430000000000006821
-0.011849657470835884,1.000000000000000000,77.545000000000001705
0.132753193852987783,1.000000000000000000,77.640000000000000568
0.278466950564716376,1.000000000000000000,77.763999999999995794
0.417700425847066903,1.000000000000000000,77.849000000000003752
0.493056841325681949,1.000000000000000000,77.965000000000003411
0.588965006480284270,1.000000000000000000,78.028000000000005798
0.650249953712279893,1.000000000000000000,78.158000000000001251
0.721903351231260704,1.000000000000000000,78.240999999999999659
0.710423995556380916,1.000000000000000000,78.358999999999994657
0.667839289020555560,1.000000000000000000,78.453000000000002956
0.550083317904098479,1.000000000000000000,78.558999999999997499
0.459174226995008095,1.000000000000000000,78.626999999999995339
0.399370486946863057,-1.000000000000000000,78.756000000000000227
0.323273467876320053,-1.000000000000000000,78.843000000000003524
0.186817256063692927,-1.000000000000000000,78.962000000000003297
0.093871505276801992,-1.000000000000000000,79.049999999999997158
-0.039622292168113638,-1.000000000000000000,79.171000000000006480
-0.203480836882052207,-1.000000000000000000,79.224999999999994316
-0.356600629513049272,-1.000000000000000000,79.382999999999995566
-0.445843362340300642,-1.000000000000000000,79.432000000000002160
-0.568042955008330352,-1.000000000000000000,79.558000000000006935
-0.628216996852431375,-1.000000000000000000,79.655000000000001137
-0.675615626735785346,-1.000000000000000000,79.777000000000001023
-0.762451397889280180,-1.000000000000000000,79.856999999999999318
-0.840214775041657091,-1.000000000000000000,79.987999999999999545
-0.910016663580815455,-1.000000000000000000,80.036000000000001364
-0.975560081466389839,-1.000000000000000000,80.159999999999996589
-0.990001851508981234,-1.000000000000000000,80.250000000000000000
-1.000000000000000000,-1.000000000000000000,80.371999999999999886
-1.000000000000000000,0.000000000000000000,80.456000000000003070
-1.000000000000000000,0.000000000000000000,80.584999999999993747
-0.988063538701681621,0.000000000000000000,80.634000000000000341
-0.911670186392438020,0.000000000000000000,80.793000000000006366
-0.865944357726562197,0.000000000000000000,80.843999999999994088
-0.803140207510791182,0.000000000000000000,80.977000000000003865
-0.674042787622811113,0.000000000000000000,81.061000000000007049
-0.574511064181437936,1.000000000000000000,81.188000000000002387
-0.410155173996880729,1.000000000000000000,81.272999999999996135
-0.231659168120472936,1.000000000000000000,81.394999999999996021
-0.088054356808373146,1.000000000000000000,81.439999999999997726
0.064548709943990090,1.000000000000000000,81.569000000000002615
0.265815811220278864,1.000000000000000000,81.665999999999996817
0.458819208520796051,1.000000000000000000,81.793999999999996930
0.586998439078139311,1.000000000000000000,81.870999999999995111
0.690386557708193793,1.000000000000000000,81.992000000000004434
0.764392617757781112,1.000000000000000000,82.045000000000001705
0.802038380314025190,1.000000000000000000,82.192999999999997840
0.802222018180154484,1.000000000000000000,82.248000000000004661
0.769718115875497766,1.000000000000000000,82.368999999999999773
0.706546689927462612,1.000000000000000000,82.454999999999998295
0.620053254981179247,-1.000000000000000000,82.588999999999998636
0.514828757689830496,-1.000000000000000000,82.683000000000006935
0.391240473785691378,-1.000000000000000000,82.802000000000006708
0.256633917913870579,-1.000000000000000000,82.852000000000003865
0.118170966853363035,-1.000000000000000000,82.974999999999994316
0.032044807639333150,-1.000000000000000000,83.057000000000002160
-0.089890735469656868,-1.000000000000000000,83.192999999999997840
-0.247819300339736648,-1.000000000000000000,83.271000000000000796
-0.342576439261781385,-1.000000000000000000,83.403000000000005798
-0.470021118354612355,-1.000000000000000000,83.456000000000003070
-0.582040216692686796,-1.000000000000000000,83.608999999999994657
-0.635846111468189257,-1.000000000000000000,83.664000000000001478
-0.680653750803418056,-1.000000000000000000,83.781000000000005912
-0.761270774033606989,-1.000000000000000000,83.868999999999999773
-0.832889541823527590,-1.000000000000000000,83.990999999999999659
-0.898448260031224133,-1.000000000000000000,84.087000000000003297
-0.956110549995413117,0.000000000000000000,84.212000000000003297
-0.954825084932517609,0.000000000000000000,84.275000000000005684
-0.888899090992567364,0.000000000000000000,84.381000000000000227
-0.853273344963731306,0.000000000000000000,84.484999999999999432
-0.801487466715642083,0.000000000000000000,84.596000000000003638
-0.686162886787258897,0.000000000000000000,84.683000000000006935
-0.554678174639606780,0.000000000000000000,84.805999999999997385
-0.453493710403084505,1.000000000000000000,84.871999999999999886
-0.288586906620149519,1.000000000000000000,85.016000000000005343
-0.113029106601781115,1.000000000000000000,85.079999999999998295
0.024515655128084513,1.000000000000000000,85.195999999999997954
0.167753190707920163,1.000000000000000000,85.290999999999996817
0.308603434028094314,1.000000000000000000,85.406999999999996476
0.441740886970895641,1.000000000000000000,85.498999999999995225
0.605545863557069852,1.000000000000000000,85.612999999999999545
0.695712055825915554,1.000000000000000000,85.677000000000006708
0.712790377375815964,1.000000000000000000,85.810000000000002274
0.748416123404646694,1.000000000000000000,85.891999999999995907
0.753007070057845729,1.000000000000000000,86.016000000000005343
0.682122853732437751,1.000000000000000000,86.100999999999999091
0.633091543476268948,1.000000000000000000,86.212000000000003297
0.612156826737676685,1.000000000000000000,86.287999999999996703
0.525112478193004995,1.000000000000000000,86.408000000000001251
0.419153429437149283,-1.000000000000000000,86.489000000000004320
0.254246625654214187,-1.000000000000000000,86.611000000000004206
0.131209255348452736,-1.000000000000000000,86.704999999999998295
0.060141401156915242,-1.000000000000000000,86.825000000000002842
-0.004866403452393087,-1.000000000000000000,86.909000000000006025
-0.108070884216328489,-1.000000000000000000,87.040000000000006253
-0.199155265815816107,-1.000000000000000000,87.093999999999994088
-0.278670461849239048,-1.000000000000000000,87.210999999999998522
-0.396565971903408032,-1.000000000000000000,87.299000000000006594
-0.505830502249567271,-1.000000000000000000,87.423000000000001819
-0.560921862087970569,-1.000000000000000000,87.513999999999995794
-0.607382242218348356,-1.000000000000000000,87.632999999999995566
-0.645762556239099617,-1.000000000000000000,87.683000000000006935
-0.725094114406398371,-1.000000000000000000,87.811000000000007049
-0.796896520062437830,-1.000000000000000000,87.906999999999996476
-0.861904324671751487,-1.000000000000000000,88.022999999999996135
-0.922321182627860781,-1.000000000000000000,88.105999999999994543
-0.931503075934263958,0.000000000000000000,88.233000000000004093
-0.932237627398776469,0.000000000000000000,88.319999999999993179
-0.867964374253975324,0.000000000000000000,88.439999999999997726
-0.835460471949323713,0.000000000000000000,88.493999999999999773
-0.788816453952811303,0.000000000000000000,88.618999999999999773
-0.679735561472776140,0.000000000000000000,88.712999999999993861
-0.557616380497661823,0.000000000000000000,88.825000000000002842
-0.470204756220736542,0.000000000000000000,88.918999999999996930
-0.368102102653572349,1.000000000000000000,89.042000000000001592
-0.207235331925442745,1.000000000000000000,89.091999999999998749
-0.035350289229641896,1.000000000000000000,89.219999999999998863
0.095583509319616677,1.000000000000000000,89.313999999999992951
0.226700945735009984,1.000000000000000000,89.433999999999997499
0.302359746579746291,1.000000000000000000,89.522999999999996135
0.416766137177487561,1.000000000000000000,89.631000000000000227
0.569369203929850798,1.000000000000000000,89.730999999999994543
0.663942704985771348,1.000000000000000000,89.858999999999994657
0.690386557708204229,1.000000000000000000,89.896000000000000796
0.738132402901477525,1.000000000000000000,90.025000000000005684
0.800752915251124353,1.000000000000000000,90.117999999999994998
0.739417867964378361,1.000000000000000000,90.245999999999995111
0.696813883022681768,1.000000000000000000,90.328999999999993520
0.679551923606651842,1.000000000000000000,90.456000000000003070
0.593242126526487557,1.000000000000000000,90.498999999999995225
0.489486732164174265,1.000000000000000000,90.623999999999995225
0.418969791571019767,-1.000000000000000000,90.715999999999993975
0.340202251478722628,-1.000000000000000000,90.837999999999993861
0.205684655271747729,-1.000000000000000000,90.924000000000006594
0.129681875668838265,-1.000000000000000000,91.054000000000002046
-0.001070143010023172,-1.000000000000000000,91.131000000000000227
-0.165483023640431992,-1.000000000000000000,91.260999999999995680
-0.262574180367746268,-1.000000000000000000,91.313999999999992951
-0.395855627979380897,-1.000000000000000000,91.438000000000002387
-0.515711645101669225,-1.000000000000000000,91.525999999999996248
-0.573110224730045914,-1.000000000000000000,91.647000000000005571
-0.619807374258207311,-1.000000000000000000,91.733000000000004093
-0.707169958167144896,-1.000000000000000000,91.849999999999994316
-0.786944255277752358,-1.000000000000000000,91.921999999999997044
-0.859908551415510591,-1.000000000000000000,92.036000000000001364
-0.926257418036777413,-1.000000000000000000,92.135000000000005116
-0.937737133962451619,0.000000000000000000,92.250000000000000000
-0.944741706391680758,0.000000000000000000,92.332999999999998408
-0.945130849304407494,0.000000000000000000,92.454999999999998295
-0.879754839964979496,0.000000000000000000,92.537000000000006139
-0.800175114310735291,0.000000000000000000,92.668000000000006366
-0.756980250997180359,0.000000000000000000,92.728999999999999204
-0.699776242825183581,0.000000000000000000,92.840000000000003411
-0.580698511528359607,0.000000000000000000,92.945999999999997954
-0.448000778285825962,0.000000000000000000,93.052999999999997272
-0.353633621947664678,1.000000000000000000,93.150999999999996248
-0.246424749489252637,1.000000000000000000,93.266000000000005343
-0.077925868275125487,1.000000000000000000,93.326999999999998181
0.097966728280957538,1.000000000000000000,93.448999999999998067
0.276972468138920291,1.000000000000000000,93.549000000000006594
0.353049907578552480,1.000000000000000000,93.664000000000001478
0.423679346239901111,1.000000000000000000,93.751000000000004775
0.593540227648599261,1.000000000000000000,93.861000000000004206
0.756201965171704904,1.000000000000000000,93.963999999999998636
0.853682264811756797,1.000000000000000000,94.069999999999993179
0.872944838992119054,1.000000000000000000,94.138000000000005230
0.962642280377472126,1.000000000000000000,94.268000000000000682
1.000000000000000000,1.000000000000000000,94.347999999999998977
0.932813552796231127,1.000000000000000000,94.469999999999998863
0.891616132447778043,1.000000000000000000,94.563000000000002387
0.828857445374918456,1.000000000000000000,94.682000000000002160
0.745115025507747664,1.000000000000000000,94.730999999999994543
0.642313985946669774,-1.000000000000000000,94.856999999999999318
0.470593897391470728,-1.000000000000000000,94.954999999999998295
0.336606025604003989,-1.000000000000000000,95.075000000000002842
0.198382904995669129,-1.000000000000000000,95.162000000000006139
0.120030801809601240,-1.000000000000000000,95.287999999999996703
0.005294061026076990,-1.000000000000000000,95.367999999999994998
-0.146019828664944562,-1.000000000000000000,95.489999999999994884
-0.234382519973054593,-1.000000000000000000,95.543999999999996930
-0.360862450668978707,-1.000000000000000000,95.673000000000001819
-0.478486861103095351,-1.000000000000000000,95.768000000000000682
-0.535662720184810981,-1.000000000000000000,95.881000000000000227
-0.582827991144484470,-1.000000000000000000,95.971999999999994202
-0.621715275772456888,-1.000000000000000000,96.093999999999994088
-0.703917605159300130,-1.000000000000000000,96.150000000000005684
-0.778804504764658012,-1.000000000000000000,96.266999999999995907
-0.847338531138708051,-1.000000000000000000,96.350999999999999091
-0.907979593801144569,0.000000000000000000,96.478999999999999204
-0.911829820001930913,0.000000000000000000,96.570999999999997954
-0.855616517470409121,0.000000000000000000,96.691999999999993065
-0.783039753585526244,0.000000000000000000,96.781999999999996476
-0.746655115988064333,0.000000000000000000,96.905000000000001137
-0.696409664067768386,0.000000000000000000,96.959000000000003183
-0.583405525074596421,0.000000000000000000,97.082999999999998408
-0.458080662238907088,1.000000000000000000,97.174999999999997158
-0.370102993550873505,1.000000000000000000,97.290999999999996817
-0.270574646260470009,1.000000000000000000,97.379000000000004889
-0.110212724997594602,1.000000000000000000,97.504000000000004889
0.058619693907011827,1.000000000000000000,97.552999999999997272
0.186832226393299106,1.000000000000000000,97.683000000000006935
0.265761863509478946,1.000000000000000000,97.768000000000000682
0.340263740494749500,1.000000000000000000,97.885000000000005116
0.459428241409177263,1.000000000000000000,97.977999999999994429
0.560304167869862146,1.000000000000000000,98.093000000000003524
0.593608624506685167,1.000000000000000000,98.192999999999997840
0.652132062758687514,1.000000000000000000,98.313000000000002387
0.735874482625852755,1.000000000000000000,98.361999999999994770
0.747232649918181835,1.000000000000000000,98.489000000000004320
0.683511406295117308,1.000000000000000000,98.575000000000002842
0.645971700837420615,1.000000000000000000,98.703000000000002956
0.633843488304933311,1.000000000000000000,98.787000000000006139
0.601694099528339521,1.000000000000000000,98.915000000000006253
0.499278082587349070,-1.000000000000000000,98.962000000000003297
0.381268649533156090,-1.000000000000000000,99.087000000000003297
0.310616998748671769,-1.000000000000000000,99.176000000000001933
0.238810280103952888,-1.000000000000000000,99.298000000000001819
0.124266050630469582,-1.000000000000000000,99.385999999999995680
0.017807296178651733,-1.000000000000000000,99.512000000000000455
-0.080180960631434983,-1.000000000000000000,99.599999999999994316
-0.166426027529121834,-1.000000000000000000,99.716999999999998749
-0.291750890364811166,-1.000000000000000000,99.784000000000006025
-0.409760323419004369,-1.000000000000000000,99.891000000000005343
-0.519491770141496501,-1.000000000000000000,99.977999999999994429
-0.569929733371838831,-1.000000000000000000,100.120999999999995111
-0.611704687650403756,-1.000000000000000000,100.186000000000007049
-0.695062084897492660,-1.000000000000000000,100.319000000000002615
-0.771489074983161771,-1.000000000000000000,100.376999999999995339
-0.842333237077687036,-1.000000000000000000,100.484999999999999432
-0.906246992010786956,-1.000000000000000000,100.591999999999998749
-0.916257580132834648,0.000000000000000000,100.706000000000003070
-0.918182693233233316,0.000000000000000000,100.802999999999997272
-0.856194051400526512,0.000000000000000000,100.918999999999996930
-0.777841948214458734,0.000000000000000000,101.000000000000000000
-0.733949369525465078,0.000000000000000000,101.120999999999995111
-0.676580999133708505,0.000000000000000000,101.191000000000002501
-0.557223986909239688,0.000000000000000000,101.313000000000002387
-0.426123784772365344,0.000000000000000000,101.400999999999996248
-0.330830686302819088,1.000000000000000000,101.510000000000005116
-0.223794397920878518,1.000000000000000000,101.609999999999999432
-0.057657137356823540,1.000000000000000000,101.719999999999998863
0.120030801809601240,1.000000000000000000,101.792000000000001592
0.250745981326399026,1.000000000000000000,101.911000000000001364
0.326787948791986471,1.000000000000000000,102.004000000000004889
0.397632110886511514,1.000000000000000000,102.118999999999999773
0.560111656559815652,1.000000000000000000,102.206999999999993634
0.716238329001822827,1.000000000000000000,102.328000000000002956
0.808836269130806640,1.000000000000000000,102.424000000000006594
0.829049956684948519,1.000000000000000000,102.534999999999996589
0.871017422273554276,1.000000000000000000,102.602000000000003865
0.932428530176143688,1.000000000000000000,102.722999999999998977
0.870247377033396052,1.000000000000000000,102.811999999999997613
0.780922129175086743,1.000000000000000000,102.918999999999996930
0.769371450572716720,1.000000000000000000,103.009000000000000341
0.735104437385694531,-1.000000000000000000,103.135000000000005116
0.634035999614968704,-1.000000000000000000,103.192999999999997840
0.469438829531230617,-1.000000000000000000,103.325000000000002842
0.340263740494749500,-1.000000000000000000,103.411000000000001364
0.207238425257487480,-1.000000000000000000,103.534999999999996589
0.127923765521225752,-1.000000000000000000,103.621999999999999886
0.058042159976894547,-1.000000000000000000,103.748000000000004661
-0.046876503994617513,-1.000000000000000000,103.834999999999993747
-0.140437000673795054,-1.000000000000000000,103.953000000000002956
-0.224949465781124291,-1.000000000000000000,104.007000000000005002
-0.349504283376649738,-1.000000000000000000,104.135000000000005116
-0.461930888439698872,-1.000000000000000000,104.215000000000003411
-0.517181634421021386,-1.000000000000000000,104.343999999999994088
-0.564924439310812265,-1.000000000000000000,104.426000000000001933
-0.654249687169127014,-1.000000000000000000,104.555000000000006821
-0.737222061796134032,-1.000000000000000000,104.603999999999999204
-0.811531427471369082,-1.000000000000000000,104.730999999999994543
-0.880642987775542063,0.000000000000000000,104.823999999999998067
-0.943594186158442705,0.000000000000000000,104.941999999999993065
-0.943786697468483649,0.000000000000000000,105.033000000000001251
-0.875060159784392555,0.000000000000000000,105.155000000000001137
-0.838483010876895252,0.000000000000000000,105.242000000000004434
-0.786504957166241581,0.000000000000000000,105.358999999999994657
-0.669843103282329766,0.000000000000000000,105.409999999999996589
-0.539897969005684764,0.000000000000000000,105.540000000000006253
-0.443449802675914717,0.000000000000000000,105.634000000000000341
-0.330830686302819088,1.000000000000000000,105.759000000000000341
-0.156992973337186092,1.000000000000000000,105.841999999999998749
0.029742997401092541,1.000000000000000000,105.953000000000002956
0.171816344210219407,1.000000000000000000,106.015000000000000568
0.310616998748677320,1.000000000000000000,106.131000000000000227
0.392434305515449555,1.000000000000000000,106.233000000000004093
0.565694484550959720,1.000000000000000000,106.352000000000003865
0.729136586774474127,1.000000000000000000,106.438000000000002387
0.831552603715464578,1.000000000000000000,106.560000000000002274
0.913754933102313149,1.000000000000000000,106.659000000000006025
0.965540475502931317,1.000000000000000000,106.772999999999996135
1.000000000000000000,1.000000000000000000,106.819000000000002615
0.990152447684882642,1.000000000000000000,106.956000000000003070
0.905311996969986987,1.000000000000000000,107.034999999999996589
0.898305084745765203,1.000000000000000000,107.168000000000006366
0.869330555818576212,1.000000000000000000,107.250000000000000000
0.773885048764322514,-1.000000000000000000,107.368999999999999773
0.612915443613289979,-1.000000000000000000,107.432000000000002160
0.438310766025947762,-1.000000000000000000,107.543999999999996930
0.303475049711203315,-1.000000000000000000,107.641999999999995907
0.169207461414637939,-1.000000000000000000,107.763000000000005230
0.092888930972444994,-1.000000000000000000,107.852000000000003865
-0.016759776536308224,-1.000000000000000000,107.965000000000003411
-0.163904933244958917,-1.000000000000000000,108.057000000000002160
-0.252154152068929438,-1.000000000000000000,108.180000000000006821
-0.379414828141273031,-1.000000000000000000,108.245999999999995111
-0.495881071868191969,-1.000000000000000000,108.349000000000003752
-0.553830129722564513,-1.000000000000000000,108.453999999999993520
-0.603825395322418634,-1.000000000000000000,108.564999999999997726
-0.644351860619262307,-1.000000000000000000,108.656999999999996476
-0.725594167219021813,-1.000000000000000000,108.775000000000005684
-0.798125177540011554,-1.000000000000000000,108.832999999999998408
-0.865543035697378449,-1.000000000000000000,108.962000000000003297
-0.930120253763849769,0.000000000000000000,109.048000000000001819
-0.939967806078977786,0.000000000000000000,109.171000000000006480
-0.937127165988071442,0.000000000000000000,109.266000000000005343
-0.868951803806463974,0.000000000000000000,109.375000000000000000
-0.833538490673237820,0.000000000000000000,109.471000000000003638
-0.784490105103691215,0.000000000000000000,109.587999999999993861
-0.671243253479790969,0.000000000000000000,109.655000000000001137
-0.543414449389262755,0.000000000000000000,109.771000000000000796
-0.449862702395607883,1.000000000000000000,109.864999999999994884
-0.345137771044415897,1.000000000000000000,109.983999999999994657
-0.181327525802487788,1.000000000000000000,110.076999999999998181
-0.007480352239375487,1.000000000000000000,110.186999999999997613
0.171858725499471898,1.000000000000000000,110.250000000000000000
0.300634409620296861,1.000000000000000000,110.376999999999995339
0.375437932014013764,1.000000000000000000,110.460999999999998522
0.495691695862135795,1.000000000000000000,110.593000000000003524
0.659501941104058576,1.000000000000000000,110.673000000000001819
0.757598712243162664,1.000000000000000000,110.792000000000001592
0.784111353091562879,1.000000000000000000,110.879000000000004889
0.826720954455072210,1.000000000000000000,111.000000000000000000
0.885616892339746942,1.000000000000000000,111.058000000000006935
0.822175930309633873,1.000000000000000000,111.186000000000007049
0.781649465012784761,1.000000000000000000,111.277000000000001023
0.721238519079634210,1.000000000000000000,111.394000000000005457
0.691506486128210085,1.000000000000000000,111.481999999999999318
0.592462834958814799,-1.000000000000000000,111.603999999999999204
0.475049711201593672,-1.000000000000000000,111.653999999999996362
0.342107754947448051,-1.000000000000000000,111.786000000000001364
0.205757030584227563,-1.000000000000000000,111.870000000000004547
0.124514723984473497,-1.000000000000000000,111.996999999999999886
0.053498721711959574,-1.000000000000000000,112.081000000000003070
-0.098759587160303086,-1.000000000000000000,112.209999999999993747
-0.190038822081241454,-1.000000000000000000,112.256000000000000227
-0.318057002177825843,-1.000000000000000000,112.409999999999996589
-0.436038253953225929,-1.000000000000000000,112.462999999999993861
-0.544550705425631776,-1.000000000000000000,112.582999999999998408
-0.593409714989111436,-1.000000000000000000,112.677000000000006708
-0.632042420225356283,-1.000000000000000000,112.805000000000006821
-0.712527222800875215,-1.000000000000000000,112.890000000000000568
-0.787330745194586790,-1.000000000000000000,113.013999999999995794
-0.860051131521643364,-1.000000000000000000,113.063000000000002387
-0.925575229618411432,-1.000000000000000000,113.197000000000002728
-0.935044029921411113,0.000000000000000000,113.281000000000005912
-0.934665277909293435,0.000000000000000000,113.403999999999996362
-0.870845563867062800,0.000000000000000000,113.489999999999994884
-0.790171385285487693,0.000000000000000000,113.618999999999999773
-0.744153015812898277,0.000000000000000000,113.665000000000006253
-0.633368052267781367,0.000000000000000000,113.814999999999997726
-0.505918000189376160,0.000000000000000000,113.868999999999999773
-0.408957485086641204,0.000000000000000000,113.995999999999995111
-0.249881639996212934,1.000000000000000000,114.087999999999993861
-0.079443234542186048,1.000000000000000000,114.212000000000003297
0.098380835148185408,1.000000000000000000,114.308000000000006935
0.230944039390208022,1.000000000000000000,114.418000000000006366
0.367294763753433839,1.000000000000000000,114.475999999999999091
0.451945838462262772,1.000000000000000000,114.596999999999994202
0.515386800492375841,1.000000000000000000,114.688999999999992951
0.602689139286049613,1.000000000000000000,114.807000000000002160
0.661963829182847352,1.000000000000000000,114.893000000000000682
0.639806836473823859,1.000000000000000000,115.013000000000005230
0.635829940346564815,1.000000000000000000,115.082999999999998408
0.606476659407258145,1.000000000000000000,115.228999999999999204
0.554398257740749134,1.000000000000000000,115.287000000000006139
0.437174509989589621,1.000000000000000000,115.406999999999996476
0.352523435280755137,-1.000000000000000000,115.495999999999995111
0.247230375911368094,-1.000000000000000000,115.615999999999999659
0.174509989584316738,-1.000000000000000000,115.700000000000002842
0.100842723226963527,-1.000000000000000000,115.834000000000003183
0.035129249124128625,-1.000000000000000000,115.882999999999995566
-0.068459426190705108,-1.000000000000000000,116.003000000000000114
-0.163526181232835910,-1.000000000000000000,116.108000000000004093
-0.247609127923496430,-1.000000000000000000,116.212999999999993861
-0.370324779850391028,-1.000000000000000000,116.301000000000001933
-0.483571631474291275,-1.000000000000000000,116.423000000000001819
-0.539248177255947425,-1.000000000000000000,116.492000000000004434
-0.587160306789130337,-1.000000000000000000,116.634000000000000341
-0.625414260013257506,-1.000000000000000000,116.703000000000002956
-0.703626550516054605,-1.000000000000000000,116.811000000000007049
-0.775400056812803662,-1.000000000000000000,116.912000000000006139
-0.842060410945940752,0.000000000000000000,117.019999999999996021
-0.906827005018468135,0.000000000000000000,117.118999999999999773
-0.917621437363892900,0.000000000000000000,117.230000000000003979
-0.918189565382072082,0.000000000000000000,117.302999999999997272
-0.854369851339841446,0.000000000000000000,117.424000000000006594
-0.774263800776445521,0.000000000000000000,117.513999999999995794
-0.727487927279615310,0.000000000000000000,117.632999999999995566
-0.616702963734498510,0.000000000000000000,117.719999999999998863
-0.489252911656098632,0.000000000000000000,117.832999999999998408
-0.395133036644259250,1.000000000000000000,117.896000000000000796
-0.238329703626552813,1.000000000000000000,118.049999999999997158
-0.070542562257365549,1.000000000000000000,118.111999999999994770
0.107092131426944626,1.000000000000000000,118.233999999999994657
0.241615853658536661,1.000000000000000000,118.322000000000002728
0.373183491571403403,1.000000000000000000,118.438999999999992951
0.461538461538466116,1.000000000000000000,118.528000000000005798
0.590389459407093087,1.000000000000000000,118.656999999999996476
0.751792288316220692,1.000000000000000000,118.707999999999998408
0.787250532842474815,1.000000000000000000,118.834999999999993747
0.841116062778538343,1.000000000000000000,118.923000000000001819
0.909901181941485060,1.000000000000000000,119.045000000000001705
0.847122650649097642,1.000000000000000000,119.138999999999995794
0.806820383646585704,1.000000000000000000,119.240999999999999659
0.741716721565595538,1.000000000000000000,119.301000000000001933
0.654136795194735443,-1.000000000000000000,119.436000000000007049
0.547568300716920753,-1.000000000000000000,119.510999999999995680
0.424917651617905179,-1.000000000000000000,119.644000000000005457
0.290447587676806451,-1.000000000000000000,119.730999999999994543
0.152489827552803714,-1.000000000000000000,119.852000000000003865
0.070916489052513798,-1.000000000000000000,119.939999999999997726
-0.048827746560742624,-1.000000000000000000,120.063000000000002387
-0.150939740360392594,-1.000000000000000000,120.111000000000004206
-0.239682232125554173,-1.000000000000000000,120.237999999999999545
-0.365433055609380997,-1.000000000000000000,120.326999999999998181
-0.478395659755864511,-1.000000000000000000,120.447999999999993292
