0.000000000000000000,1.000000000000000000,0.0
-1.000000000000000000,2.000000000000000000,0.054
-1.000000000000000000,2.000000000000000000,0.179
-1.000000000000000000,1.000000000000000000,0.265
-0.884615384615595080,1.000000000000000000,0.396
-0.653846153846238121,1.000000000000000000,0.481
0.826923076922845501,-1.000000000000000000,0.594
-1.000000000000000000,-1.000000000000000000,0.662
-1.000000000000000000,-1.000000000000000000,0.78
-1.000000000000000000,-1.000000000000000000,0.874
-1.000000000000000000,-1.000000000000000000,0.986
-0.648994515539375483,-1.000000000000000000,1.08
-0.455210237660082173,-1.000000000000000000,1.199
-0.290676416819096062,0.000000000000000000,1.294
-0.188299817184760299,0.000000000000000000,1.414
-0.166361974405899726,0.000000000000000000,1.464
-0.137111517367488389,0.000000000000000000,1.593
-0.137111517367488389,0.000000000000000000,1.678
-0.107861060329180969,0.000000000000000000,1.8
-0.071297989031218756,0.000000000000000000,1.897
-0.012797074954291943,0.000000000000000000,2.011
0.038391224862875939,0.000000000000000000,2.061
-0.001828153565017754,0.000000000000000000,2.184
0.016453382084015367,0.000000000000000000,2.272
-0.016453382084223422,0.000000000000000000,2.404
-0.023765996343878326,0.000000000000000000,2.491
1.000000000000000000,0.000000000000000000,2.619
0.798701298701205431,0.000000000000000000,2.701
1.000000000000000000,0.000000000000000000,2.815
1.000000000000000000,0.000000000000000000,2.873
1.000000000000000000,0.000000000000000000,3.001
1.000000000000000000,1.000000000000000000,3.087
0.783840503672653677,1.000000000000000000,3.21
0.630640083945472218,1.000000000000000000,3.295
0.571878279118567923,1.000000000000000000,3.427
0.525708289611744428,1.000000000000000000,3.483
0.500524658971702285,1.000000000000000000,3.592
-0.261280167890884485,1.000000000000000000,3.694
-0.150052465897206111,-1.000000000000000000,3.807
-0.362014690451232024,-1.000000000000000000,3.9
-0.597061909758669795,-1.000000000000000000,4.014
-0.817418677859455989,-1.000000000000000000,4.106
-1.000000000000000000,-1.000000000000000000,4.229
-0.786505538771397728,-1.000000000000000000,4.287
-0.627391742195386293,-1.000000000000000000,4.405
-0.583081570996995979,-1.000000000000000000,4.505
-0.528700906344405253,-1.000000000000000000,4.612
-0.512588116817764838,-1.000000000000000000,4.719
-0.496475327291009738,0.000000000000000000,4.823
-0.470292044310168911,0.000000000000000000,4.886
-0.470292044310168911,0.000000000000000000,5.013
-0.540785498489457339,0.000000000000000000,5.098
-0.562940584088652440,0.000000000000000000,5.215
-0.625377643504534619,0.000000000000000000,5.314
-0.524672708962759526,0.000000000000000000,5.427
-1.000000000000000000,0.000000000000000000,5.51
-1.000000000000000000,1.000000000000000000,5.628
-0.955792682926832060,1.000000000000000000,5.689
-0.829268292682942221,1.000000000000000000,5.828
-0.634146341463385554,1.000000000000000000,5.899
-0.416158536585374494,1.000000000000000000,6.045
-0.527439024390251587,1.000000000000000000,6.123
-0.573170731707333792,1.000000000000000000,6.247
-0.667682926829283430,1.000000000000000000,6.294
-0.701219512195137895,1.000000000000000000,6.426
-0.875000000000067724,1.000000000000000000,6.517
-0.500000000000010880,-1.000000000000000000,6.637
-0.204268292682890706,-1.000000000000000000,6.72
-0.329268292682909691,-1.000000000000000000,6.846
-0.533536585365865346,-1.000000000000000000,6.933
-0.809451219512229647,-1.000000000000000000,7.055
-1.000000000000000000,-1.000000000000000000,7.106
-0.946064139941644844,-1.000000000000000000,7.231
-0.890670553935880793,-1.000000000000000000,7.321
-0.842565597667658484,-1.000000000000000000,7.436
-0.816326530612268231,-1.000000000000000000,7.533
-0.800291545189527387,-1.000000000000000000,7.658
-0.791545189504411106,0.000000000000000000,7.707
-0.774052478134095612,0.000000000000000000,7.834
-0.760932944606379724,0.000000000000000000,7.922
-0.728862973760898147,0.000000000000000000,8.046
-0.701166180758016178,0.000000000000000000,8.133
-0.708454810495599219,0.000000000000000000,8.259
-0.698250728862949810,0.000000000000000000,8.343
-0.708454810495640741,0.000000000000000000,8.468
-0.718658892128290150,0.000000000000000000,8.527
-0.730320699708472798,0.000000000000000000,8.645
-0.778425655976736741,0.000000000000000000,8.733
-0.185131195335285770,0.000000000000000000,8.857
0.030612244897969099,0.000000000000000000,8.941
-0.291545189504380020,0.000000000000000000,9.062
-0.594752186588880516,0.000000000000000000,9.114
-0.478134110787178268,1.000000000000000000,9.24
-0.332361516034977877,1.000000000000000000,9.331
-0.061224489795876025,1.000000000000000000,9.453
-0.120991253644281094,1.000000000000000000,9.542
-0.131195335276972025,1.000000000000000000,9.664
-0.132653061224463742,1.000000000000000000,9.712
-0.081632653061216476,1.000000000000000000,9.876
-0.669096209912534601,1.000000000000000000,9.93
-0.889212827988347665,-1.000000000000000000,10.056
-0.558309037900840743,-1.000000000000000000,10.148
-0.262390670553964811,-1.000000000000000000,10.266
-0.360058309037901370,-1.000000000000000000,10.346
-0.483965014577269592,-1.000000000000000000,10.475
-0.746355685131213642,-1.000000000000000000,10.522
-0.661807580174910037,-1.000000000000000000,10.649
-0.628279883381895221,0.000000000000000000,10.736
-0.604956268221571447,0.000000000000000000,10.857
-0.581632653061247562,0.000000000000000000,10.95
-0.551020408163299225,0.000000000000000000,11.077
-0.518950437317776014,0.000000000000000000,11.132
-0.513119533527684801,0.000000000000000000,11.278
-0.497084548104985480,0.000000000000000000,11.347
-0.511661807580193084,0.000000000000000000,11.456
-0.526239067055400689,0.000000000000000000,11.548
-0.518950437317734603,0.000000000000000000,11.662
-0.529154518950425534,0.000000000000000000,11.753
-0.555393586005815898,0.000000000000000000,11.875
-0.016034985422761494,0.000000000000000000,11.932
0.236151603498533147,0.000000000000000000,12.056
0.344023323615160637,0.000000000000000000,12.154
0.453352769679321144,0.000000000000000000,12.268
0.587463556851297364,0.000000000000000000,12.363
0.747813411078705359,1.000000000000000000,12.474
0.947521865889219495,1.000000000000000000,12.537
1.000000000000000000,1.000000000000000000,12.687
0.927963326784544185,1.000000000000000000,12.748
0.900458415193198469,1.000000000000000000,12.877
0.892599869024253145,1.000000000000000000,12.96
0.372626064178134264,1.000000000000000000,13.078
0.126391617550747570,-1.000000000000000000,13.17
-0.007203667321545537,-1.000000000000000000,13.284
-0.125081859855948219,-1.000000000000000000,13.353
-0.259986902423040789,-1.000000000000000000,13.479
-0.425016371971189688,-1.000000000000000000,13.556
-0.620170268500282895,-1.000000000000000000,13.682
-0.888670595939705987,-1.000000000000000000,13.772
-0.837590045841524411,-1.000000000000000000,13.898
-0.821872953503559378,0.000000000000000000,13.938
-0.787819253438104994,0.000000000000000000,14.098
-0.756385068762286616,0.000000000000000000,14.156
-0.757694826457085968,0.000000000000000000,14.291
-0.744597249508868742,0.000000000000000000,14.383
-0.749836280288140755,0.000000000000000000,14.493
-0.751146037982977410,0.000000000000000000,14.585
-0.739358218729522232,0.000000000000000000,14.705
-0.728880157170940901,0.000000000000000000,14.756
-0.711853307138213820,0.000000000000000000,14.886
-0.710543549443339861,0.000000000000000000,14.975
-0.719711853307121840,0.000000000000000000,15.098
-0.646365422396829259,0.000000000000000000,15.186
-0.684348395546793498,0.000000000000000000,15.304
-0.993451211525854139,0.000000000000000000,15.354
-1.000000000000000000,0.000000000000000000,15.519
-1.000000000000000000,0.000000000000000000,15.567
-1.000000000000000000,0.000000000000000000,15.692
-0.930379746835468091,1.000000000000000000,15.782
-0.794755877034358460,1.000000000000000000,15.904
-0.631103074141038389,1.000000000000000000,15.992
-0.680831826401436579,1.000000000000000000,16.123
-0.696202531645576217,1.000000000000000000,16.162
-0.789330922242324373,1.000000000000000000,16.289
-0.792947558770355609,-1.000000000000000000,16.376
-0.604882459312830689,-1.000000000000000000,16.492
-0.405063291139223236,-1.000000000000000000,16.593
-0.221518987341769558,-1.000000000000000000,16.714
-0.054249547920443897,-1.000000000000000000,16.758
-0.145569620253163556,-1.000000000000000000,16.892
-0.304701627486438142,-1.000000000000000000,16.973
-0.482820976491857734,-1.000000000000000000,17.103
-0.445750452079556103,-1.000000000000000000,17.193
-0.435804701627502178,-1.000000000000000000,17.307
-0.417721518987345664,0.000000000000000000,17.407
-0.411392405063297328,0.000000000000000000,17.524
-0.406871609403251733,0.000000000000000000,17.578
-0.417721518987345664,0.000000000000000000,17.703
-0.440325497287522016,0.000000000000000000,17.793
-0.378842676311041293,0.000000000000000000,17.914
-0.206148282097655788,0.000000000000000000,17.993
-0.438517179023493520,0.000000000000000000,18.122
-0.490958408679908920,0.000000000000000000,18.168
-0.748643761301991395,0.000000000000000000,18.299
-0.941229656419536265,0.000000000000000000,18.386
-1.000000000000000000,1.000000000000000000,18.505
-0.874192158552375531,1.000000000000000000,18.59
-0.719948298147380261,1.000000000000000000,18.72
-0.537268418785014190,1.000000000000000000,18.807
-0.334769495906939607,1.000000000000000000,18.934
-0.208961654459266177,1.000000000000000000,18.989
-0.406290392072377493,-1.000000000000000000,19.102
0.005601034037047592,-1.000000000000000000,19.19
0.026281775096949067,-1.000000000000000000,19.316
0.242567858681600246,-1.000000000000000000,19.402
0.398535114174908278,-1.000000000000000000,19.526
0.520896165445907000,-1.000000000000000000,19.589
0.366652305040911619,-1.000000000000000000,19.702
0.191727703576039410,-1.000000000000000000,19.805
-0.003015941404565958,-1.000000000000000000,19.92
-0.194312796208570004,-1.000000000000000000,20.013
-0.394226626454138418,-1.000000000000000000,20.126
-0.178802240413631464,-1.000000000000000000,20.221
-0.186557518311051718,0.000000000000000000,20.342
0.003877638948734718,0.000000000000000000,20.397
0.015079707022805033,0.000000000000000000,20.521
0.026281775096949067,0.000000000000000000,20.615
0.134855665661371305,0.000000000000000000,20.72
-0.026281775096949067,0.000000000000000000,20.827
-0.197759586385171215,0.000000000000000000,20.934
-0.351141749246022261,0.000000000000000000,20.999
-0.490736751400247861,1.000000000000000000,21.126
-0.376130978026693819,1.000000000000000000,21.216
-0.426971133132279190,1.000000000000000000,21.338
-0.472641102972876759,1.000000000000000000,21.427
-0.491598448944441047,1.000000000000000000,21.546
-0.328737613097807801,1.000000000000000000,21.632
-0.160706591986235936,1.000000000000000000,21.746
-0.090047393364942274,-1.000000000000000000,21.816
0.252046531667382334,-1.000000000000000000,21.934
0.612236105127126784,-1.000000000000000000,22.019
0.953468332615282632,-1.000000000000000000,22.15
1.000000000000000000,-1.000000000000000000,22.235
1.000000000000000000,-1.000000000000000000,22.358
1.000000000000000000,-1.000000000000000000,22.403
1.000000000000000000,-1.000000000000000000,22.531
1.000000000000000000,-1.000000000000000000,22.62
1.000000000000000000,-1.000000000000000000,22.742
0.992231638418058948,-1.000000000000000000,22.836
0.854519774011296418,-1.000000000000000000,22.953
0.715395480225971436,-1.000000000000000000,23.04
0.688559322033873933,-1.000000000000000000,23.167
0.399011299435008571,-1.000000000000000000,23.212
0.122175141242921059,1.000000000000000000,23.345
0.077683615819208685,1.000000000000000000,23.431
0.064265536723159933,1.000000000000000000,23.557
0.050847457627111181,1.000000000000000000,23.643
0.048022598870047117,1.000000000000000000,23.764
0.044491525423712153,1.000000000000000000,23.811
0.063559322033868826,1.000000000000000000,23.938
0.213983050847449618,1.000000000000000000,24.035
0.366525423728782940,1.000000000000000000,24.151
0.410310734463264382,-1.000000000000000000,24.251
0.713983050847449618,-1.000000000000000000,24.365
0.999999999999979794,-1.000000000000000000,24.452
1.000000000000000000,-1.000000000000000000,24.574
1.000000000000000000,-1.000000000000000000,24.623
1.000000000000000000,-1.000000000000000000,24.746
1.000000000000000000,0.000000000000000000,24.842
0.855101362578920776,0.000000000000000000,24.952
0.867065470255888204,0.000000000000000000,25.055
0.712861415752744199,0.000000000000000000,25.177
0.724825523429711627,0.000000000000000000,25.223
0.719508142239962956,0.000000000000000000,25.344
0.699567962778344432,0.000000000000000000,25.436
0.678298438019274474,0.000000000000000000,25.564
0.524094383516111595,0.000000000000000000,25.65
0.495513459621115926,0.000000000000000000,25.769
0.213692256563627669,0.000000000000000000,25.85
-0.108009305417097967,0.000000000000000000,25.973
-0.253572615486864938,0.000000000000000000,26.026
-0.537387836490511361,1.000000000000000000,26.153
-0.635759388501172307,1.000000000000000000,26.245
-0.708873379860428088,1.000000000000000000,26.37
-0.749418411432391074,1.000000000000000000,26.458
-0.762711864406790840,1.000000000000000000,26.578
-0.772017281488874607,1.000000000000000000,26.643
-0.648388168826865341,1.000000000000000000,26.751
-0.647058823529432892,-1.000000000000000000,26.843
-0.390495181123292956,-1.000000000000000000,26.964
-0.092721834496502176,-1.000000000000000000,27.06
0.197740112994344130,-1.000000000000000000,27.179
0.462944499833823020,-1.000000000000000000,27.265
0.707544034562976654,-1.000000000000000000,27.394
0.758723828514455745,-1.000000000000000000,27.45
0.785310734463274374,-1.000000000000000000,27.561
0.802592223330009347,-1.000000000000000000,27.66
0.814556331006995649,0.000000000000000000,27.772
0.837155201063479071,0.000000000000000000,27.869
0.849783981389153231,0.000000000000000000,27.983
0.861083416417413927,0.000000000000000000,28.054
0.865071452309730038,0.000000000000000000,28.17
0.850448654037879059,0.000000000000000000,28.266
0.854436689930214044,0.000000000000000000,28.377
0.860418743768688321,0.000000000000000000,28.476
0.839813891658362843,0.000000000000000000,28.584
0.586573612495851160,0.000000000000000000,28.683
0.322033898305079003,0.000000000000000000,28.791
0.080757726819534748,0.000000000000000000,28.864
-0.160518444665990523,0.000000000000000000,28.981
-0.212362911266214205,1.000000000000000000,29.075
-0.252243270189451474,1.000000000000000000,29.196
-0.258889996676632483,1.000000000000000000,29.283
-0.260219341974083807,1.000000000000000000,29.393
-0.272848122299776952,1.000000000000000000,29.463
-0.288800265869060491,-1.000000000000000000,29.584
-0.276171485543386330,-1.000000000000000000,29.671
-0.036224659355255651,-1.000000000000000000,29.795
0.216350947158511442,-1.000000000000000000,29.876
0.454968428049171925,-1.000000000000000000,30.013
0.676304420073116308,-1.000000000000000000,30.096
0.713526088401450931,-1.000000000000000000,30.216
0.736789631106660181,-1.000000000000000000,30.269
0.734795613160502015,-1.000000000000000000,30.392
0.736789631106679055,0.000000000000000000,30.483
0.728813559322027738,0.000000000000000000,30.599
0.730142904619460298,0.000000000000000000,30.695
0.728148886673302131,0.000000000000000000,30.821
0.726819541375869793,0.000000000000000000,30.863
0.715520106347627971,0.000000000000000000,30.997
0.740112994350288433,0.000000000000000000,31.072
0.759388501163181573,0.000000000000000000,31.208
0.716849451645079405,0.000000000000000000,31.283
0.466932535726158227,0.000000000000000000,31.414
0.227650382186772138,0.000000000000000000,31.498
0.004985044865395194,1.000000000000000000,31.621
-0.030242605516800247,1.000000000000000000,31.672
-0.067464273845134981,1.000000000000000000,31.801
-0.082087072116986071,1.000000000000000000,31.894
-0.094051179793972484,1.000000000000000000,32.014
-0.091392489199069726,1.000000000000000000,32.104
-0.118644067796632946,1.000000000000000000,32.223
-0.136590229312074540,1.000000000000000000,32.271
-0.090063143901637388,-1.000000000000000000,32.403
0.164506480558306745,-1.000000000000000000,32.493
0.411100033233618323,-1.000000000000000000,32.611
0.639747424393488417,-1.000000000000000000,32.705
0.682286473911590585,-1.000000000000000000,32.812
0.728148886673302131,-1.000000000000000000,32.91
0.749418411432372089,-1.000000000000000000,33.036
0.773346626786288072,-1.000000000000000000,33.084
0.790628115653041919,0.000000000000000000,33.216
0.789963443004316312,0.000000000000000000,33.301
0.791957460950474257,0.000000000000000000,33.424
0.786640079760706712,0.000000000000000000,33.51
0.785310734463274374,0.000000000000000000,33.632
0.776669990029897450,0.000000000000000000,33.686
0.655034895314065224,0.000000000000000000,33.81
0.523429710867385767,0.000000000000000000,33.894
0.490860751080074209,0.000000000000000000,34.021
0.246925888999646181,0.000000000000000000,34.103
0.006314390162846628,1.000000000000000000,34.237
-0.224991691591888365,1.000000000000000000,34.322
-0.250249252243274434,1.000000000000000000,34.444
-0.274842140245953881,1.000000000000000000,34.492
-0.280159521435702441,1.000000000000000000,34.617
-0.280159521435702441,1.000000000000000000,34.703
-0.268195413758735013,1.000000000000000000,34.829
-0.138584247258232707,1.000000000000000000,34.915
0.001661681621785815,-1.000000000000000000,35.038
0.046859421734809503,-1.000000000000000000,35.106
0.302758391492186085,-1.000000000000000000,35.222
0.554004652708539602,-1.000000000000000000,35.318
0.797939514788967408,-1.000000000000000000,35.423
0.841143236955795182,-1.000000000000000000,35.516
0.885011631771348783,-1.000000000000000000,35.627
0.911598537720167412,-1.000000000000000000,35.73
0.941508806912595420,-1.000000000000000000,35.85
0.958125623130604565,-1.000000000000000000,35.904
0.976071784646065144,-1.000000000000000000,36.019
0.991359255566623077,-1.000000000000000000,36.123
0.993353273512800117,-1.000000000000000000,36.239
0.995347291458977157,0.000000000000000000,36.33
0.976071784646065144,0.000000000000000000,36.445
0.859089398471255761,0.000000000000000000,36.51
0.853772017281488438,0.000000000000000000,36.629
0.597208374875367376,0.000000000000000000,36.725
0.341974077766697748,0.000000000000000000,36.842
0.085410435360576686,0.000000000000000000,36.93
0.020937188434678733,0.000000000000000000,37.036
-0.028248587570642192,1.000000000000000000,37.141
-0.044865403788632574,1.000000000000000000,37.255
-0.055500166168167553,1.000000000000000000,37.318
-0.048188767032223079,1.000000000000000000,37.452
-0.021601861083423324,1.000000000000000000,37.529
0.104685942173469604,1.000000000000000000,37.656
0.117314722499143764,-1.000000000000000000,37.749
0.379860418743757977,-1.000000000000000000,37.865
0.483549351944167372,-1.000000000000000000,37.913
0.744101030242585670,-1.000000000000000000,38.046
0.650382186773004412,-1.000000000000000000,38.137
0.706214689265525442,-1.000000000000000000,38.251
0.561980724493190698,-1.000000000000000000,38.344
0.579926886008632403,0.000000000000000000,38.464
0.583914921900967610,0.000000000000000000,38.556
0.425058158856762791,0.000000000000000000,38.674
0.430375540046530336,0.000000000000000000,38.716
0.266201395812557973,0.000000000000000000,38.854
0.253572615486864938,0.000000000000000000,38.941
0.253572615486864938,0.000000000000000000,39.066
0.090063143901618403,0.000000000000000000,39.151
0.195746095048167090,0.000000000000000000,39.275
-0.074775672981060470,0.000000000000000000,39.323
-0.169823861748093052,0.000000000000000000,39.458
-0.429710867397823493,0.000000000000000000,39.541
-0.494848786972428067,1.000000000000000000,39.669
-0.383183781987386340,1.000000000000000000,39.753
-0.415752741774679135,1.000000000000000000,39.879
-0.272183449651051235,1.000000000000000000,39.975
-0.274842140245935007,1.000000000000000000,40.086
-0.114656031904297850,1.000000000000000000,40.13
0.039548022598846044,-1.000000000000000000,40.265
0.098039215686269721,-1.000000000000000000,40.356
0.362578929877041878,-1.000000000000000000,40.467
0.623130608175460177,-1.000000000000000000,40.565
0.878364905284148900,-1.000000000000000000,40.685
0.939514788966437253,-1.000000000000000000,40.732
0.992023928215348683,-1.000000000000000000,40.86
1.000000000000000000,-1.000000000000000000,40.946
0.861932938856010189,-1.000000000000000000,41.065
0.717948717948716952,0.000000000000000000,41.155
0.556213017751494787,0.000000000000000000,41.285
0.399079552925699632,0.000000000000000000,41.37
0.401051939513467515,0.000000000000000000,41.493
0.406311637080860821,0.000000000000000000,41.546
0.246548323471387665,0.000000000000000000,41.663
0.234056541748833169,0.000000000000000000,41.754
0.111111111111113159,0.000000000000000000,41.88
-0.042077580539127690,0.000000000000000000,41.982
-0.078895463510861963,0.000000000000000000,42.093
-0.188034188034207350,0.000000000000000000,42.145
-0.292570677186069550,0.000000000000000000,42.265
-0.202498356344510855,0.000000000000000000,42.35
-0.095332018408952002,0.000000000000000000,42.475
-0.133464825772525386,1.000000000000000000,42.557
-0.157790927021705274,1.000000000000000000,42.693
-0.015779092702179920,1.000000000000000000,42.758
-0.009861932938876494,1.000000000000000000,42.894
0.108481262327397854,1.000000000000000000,42.965
0.253122945430638513,1.000000000000000000,43.072
0.289940828402354134,-1.000000000000000000,43.16
0.562130177514779561,-1.000000000000000000,43.288
0.831689677843526765,-1.000000000000000000,43.374
0.905982905982905651,-1.000000000000000000,43.496
0.798159105851417916,-1.000000000000000000,43.564
0.834976988823152411,-1.000000000000000000,43.677
0.856673241288616882,-1.000000000000000000,43.773
0.715976331360949292,-1.000000000000000000,43.884
0.561472715318869442,0.000000000000000000,43.981
0.409598948060467594,0.000000000000000000,44.095
0.411571334648254128,0.000000000000000000,44.154
0.404996712689003058,0.000000000000000000,44.306
0.268902038132799781,0.000000000000000000,44.374
0.261669953977638592,0.000000000000000000,44.491
0.199211045364885431,0.000000000000000000,44.579
0.316896778435230786,0.000000000000000000,44.695
0.287310979618676354,0.000000000000000000,44.794
0.255752794214335166,0.000000000000000000,44.91
0.394477317554235096,0.000000000000000000,44.98
0.559500328731101559,1.000000000000000000,45.09
0.559500328731082908,1.000000000000000000,45.184
0.408284023668628482,1.000000000000000000,45.309
0.273504273504264317,1.000000000000000000,45.389
0.261669953977638592,1.000000000000000000,45.517
0.125575279421416663,-1.000000000000000000,45.563
0.044707429322786929,-1.000000000000000000,45.714
-0.048652202498378649,-1.000000000000000000,45.779
-0.161078238001312046,-1.000000000000000000,45.91
-0.272846811308354087,-1.000000000000000000,45.981
-0.389875082182770671,-1.000000000000000000,46.119
-0.531229454306386017,-1.000000000000000000,46.205
-0.502301117685760357,0.000000000000000000,46.324
-0.482577251808044783,0.000000000000000000,46.371
-0.480604865220258248,0.000000000000000000,46.499
-0.483892176199883783,0.000000000000000000,46.58
-0.503616042077599246,0.000000000000000000,46.701
-0.485207100591722784,0.000000000000000000,46.792
-0.489151873767277090,0.000000000000000000,46.93
-0.368836291913216208,0.000000000000000000,46.97
-0.301775147929017273,0.000000000000000000,47.134
-0.418803418803433858,0.000000000000000000,47.188
-0.339250493096661665,1.000000000000000000,47.316
-0.251808021038799623,1.000000000000000000,47.406
-0.151216305062473078,1.000000000000000000,47.526
-0.014464168310322156,1.000000000000000000,47.616
0.128205128205131968,1.000000000000000000,47.74
0.126890203813274427,1.000000000000000000,47.787
0.091387245233379044,1.000000000000000000,47.904
0.075608152531217776,1.000000000000000000,47.995
-0.061143984220914271,-1.000000000000000000,48.126
-0.145956607495079771,-1.000000000000000000,48.21
-0.044707429322824344,-1.000000000000000000,48.335
-0.140696909927667702,-1.000000000000000000,48.384
-0.243261012491780892,-1.000000000000000000,48.547
-0.357659434582519475,-1.000000000000000000,48.59
-0.506903353057206019,-1.000000000000000000,48.721
-0.652202498356356908,0.000000000000000000,48.811
-0.642340565417499176,0.000000000000000000,48.92
-0.633136094674570327,0.000000000000000000,49.021
-0.621959237343873594,0.000000000000000000,49.141
-0.608809993425390328,0.000000000000000000,49.195
-0.597633136094674944,0.000000000000000000,49.323
-0.604865220249854674,0.000000000000000000,49.406
-0.445759368836291747,0.000000000000000000,49.53
-0.302432610124927392,0.000000000000000000,49.623
-0.295857988165676322,0.000000000000000000,49.735
-0.148586456278757661,0.000000000000000000,49.793
-0.051939513477966659,0.000000000000000000,49.922
0.039447731755412274,0.000000000000000000,50.001
0.132807363576577853,0.000000000000000000,50.13
0.235371466140690933,0.000000000000000000,50.215
0.346482577251804091,1.000000000000000000,50.336
0.466798159105846100,1.000000000000000000,50.43
0.622616699539783713,1.000000000000000000,50.552
0.614069690992764983,1.000000000000000000,50.614
0.455621301775149590,1.000000000000000000,50.732
0.437869822485201787,1.000000000000000000,50.811
0.282051282051283048,-1.000000000000000000,50.935
0.176199868507544322,-1.000000000000000000,51.023
0.074950690335289005,-1.000000000000000000,51.144
-0.021038790269573227,-1.000000000000000000,51.211
-0.131492439184757504,-1.000000000000000000,51.323
-0.245890861275496198,-1.000000000000000000,51.426
-0.366863905325467199,-1.000000000000000000,51.531
-0.514792899408295979,-1.000000000000000000,51.633
-0.660749506903356987,0.000000000000000000,51.743
-0.653517422748195909,0.000000000000000000,51.839
-0.644970414201177178,0.000000000000000000,51.951
-0.639053254437873752,0.000000000000000000,52.017
-0.625246548323480367,0.000000000000000000,52.151
-0.613412228796854753,0.000000000000000000,52.236
-0.621301775147963475,0.000000000000000000,52.343
-0.624589086127570248,0.000000000000000000,52.444
-0.603550295857997021,0.000000000000000000,52.55
-0.610124917817229218,0.000000000000000000,52.623
-0.499671268902044940,0.000000000000000000,52.741
-0.616042077580532643,0.000000000000000000,52.832
-0.717291255752806833,0.000000000000000000,52.956
-0.641683103221551643,1.000000000000000000,53.037
-0.539776462853386096,1.000000000000000000,53.163
-0.422090729783059282,1.000000000000000000,53.253
-0.287968441814605125,1.000000000000000000,53.368
-0.287310979618676354,1.000000000000000000,53.43
-0.287310979618676354,1.000000000000000000,53.553
-0.315581854043410548,1.000000000000000000,53.647
-0.315581854043391896,-1.000000000000000000,53.765
-0.426035502958576173,-1.000000000000000000,53.85
-0.313609467455624125,-1.000000000000000000,53.973
-0.213675213675207587,-1.000000000000000000,54.027
-0.281393819855354166,-1.000000000000000000,54.153
-0.378698224852074050,-1.000000000000000000,54.248
-0.498356344510187288,-1.000000000000000000,54.369
-0.631821170282712563,-1.000000000000000000,54.454
-0.618014464168319178,0.000000000000000000,54.575
-0.608809993425390328,0.000000000000000000,54.662
-0.605522682445764904,0.000000000000000000,54.779
-0.595660749506907061,0.000000000000000000,54.84
-0.596975673898764825,0.000000000000000000,54.969
-0.593688362919139290,0.000000000000000000,55.051
-0.580539119000674786,0.000000000000000000,55.174
-0.567389875082191519,0.000000000000000000,55.261
-0.570019723865888173,0.000000000000000000,55.381
-0.489809335963187209,0.000000000000000000,55.433
-0.624589086127570248,0.000000000000000000,55.562
-0.744247205785683486,1.000000000000000000,55.652
-0.850756081525332220,1.000000000000000000,55.771
-0.752136752136773445,1.000000000000000000,55.852
-0.635765943458266980,1.000000000000000000,55.99
-0.489151873767277090,1.000000000000000000,56.067
-0.337278106508893893,1.000000000000000000,56.196
-0.426795580110475026,1.000000000000000000,56.243
-0.486323268206039216,1.000000000000000000,56.361
-0.488454706927151983,-1.000000000000000000,56.45
-0.576554174067467451,-1.000000000000000000,56.58
-0.431616341030175654,-1.000000000000000000,56.675
-0.303730017761968729,-1.000000000000000000,56.798
-0.188632326820600715,-1.000000000000000000,56.841
-0.294493783303718670,-1.000000000000000000,56.973
-0.414564831261090894,-1.000000000000000000,57.051
-0.565896980461781829,-1.000000000000000000,57.184
-0.720071047957364097,-1.000000000000000000,57.271
-0.699467140319710690,0.000000000000000000,57.376
-0.696625222024880086,0.000000000000000000,57.475
-0.689520426287742794,0.000000000000000000,57.606
-0.690941385435158151,0.000000000000000000,57.652
-0.690230905861440425,0.000000000000000000,57.776
-0.705861456483109828,0.000000000000000000,57.864
-0.675310834813508842,0.000000000000000000,57.995
-0.629129662522197819,0.000000000000000000,58.071
-0.649733570159851226,0.000000000000000000,58.202
-0.489165186500869820,0.000000000000000000,58.256
-0.338543516873876404,0.000000000000000000,58.374
-0.187211367673165152,0.000000000000000000,58.472
-0.192895204262866882,1.000000000000000000,58.59
-0.194316163410282128,1.000000000000000000,58.671
-0.185079928952011863,1.000000000000000000,58.793
-0.176554174067479530,1.000000000000000000,58.887
-0.146003552397858338,1.000000000000000000,59.004
-0.160213143872112496,1.000000000000000000,59.079
-0.187921847246882878,1.000000000000000000,59.186
-0.153108348134975314,-1.000000000000000000,59.282
-0.290941385435150024,-1.000000000000000000,59.398
-0.424511545293038473,-1.000000000000000000,59.482
-0.560923623445818142,-1.000000000000000000,59.603
-0.535346358792160526,-1.000000000000000000,59.664
-0.516163410301942682,-1.000000000000000000,59.794
-0.505506216696277266,-1.000000000000000000,59.877
-0.488454706927172300,0.000000000000000000,60.003
-0.479218472468901924,0.000000000000000000,60.098
-0.469271758436954345,0.000000000000000000,60.204
-0.464298401420950246,0.000000000000000000,60.299
-0.462877442273514683,0.000000000000000000,60.419
-0.478507992895204404,0.000000000000000000,60.481
-0.466429840142083330,0.000000000000000000,60.608
-0.423090586145643321,0.000000000000000000,60.693
-0.421669626998207869,0.000000000000000000,60.822
-0.445115452930732292,0.000000000000000000,60.908
-0.299467140319702563,0.000000000000000000,61.013
-0.167317939609229471,1.000000000000000000,61.07
-0.207815275310838765,1.000000000000000000,61.202
-0.246891651865012607,1.000000000000000000,61.298
-0.257548845470677912,1.000000000000000000,61.414
-0.273179396092347426,1.000000000000000000,61.507
-0.262522202486661915,1.000000000000000000,61.622
-0.276021314387218553,1.000000000000000000,61.715
-0.317229129662525366,1.000000000000000000,61.833
-0.320071047957376176,-1.000000000000000000,61.893
-0.295914742451134027,-1.000000000000000000,62.001
-0.435879218472462027,-1.000000000000000000,62.102
-0.568738898756652844,-1.000000000000000000,62.228
-0.520426287744208849,-1.000000000000000000,62.308
-0.475666074600333388,-1.000000000000000000,62.427
-0.459325044404986560,-1.000000000000000000,62.492
-0.439431616341010467,0.000000000000000000,62.616
-0.435879218472441821,0.000000000000000000,62.704
-0.433037300177591011,0.000000000000000000,62.825
-0.419538188277074786,0.000000000000000000,62.917
-0.411722912966239973,0.000000000000000000,63.035
-0.401065719360554462,0.000000000000000000,63.123
-0.398223801065723748,0.000000000000000000,63.243
-0.398223801065703542,0.000000000000000000,63.298
-0.418827708703356949,0.000000000000000000,63.42
-0.421669626998207869,0.000000000000000000,63.514
-0.399644760213139105,0.000000000000000000,63.635
-0.413854351687393263,0.000000000000000000,63.72
-0.289520426287734778,0.000000000000000000,63.848
-0.183658969804616712,0.000000000000000000,63.898
-0.080639431616329360,0.000000000000000000,64.018
0.030195381882792693,1.000000000000000000,64.115
0.154529307282430972,1.000000000000000000,64.233
0.290230905861472710,1.000000000000000000,64.32
0.266785079928968383,1.000000000000000000,64.442
0.261101243339246558,1.000000000000000000,64.535
0.253285968028411856,1.000000000000000000,64.656
0.225577264653641363,1.000000000000000000,64.701
0.229840142095927735,-1.000000000000000000,64.827
0.103374777975136167,-1.000000000000000000,64.914
-0.008880994671401243,-1.000000000000000000,65.044
-0.126820603907640383,-1.000000000000000000,65.134
-0.239076376554177794,-1.000000000000000000,65.252
-0.366252220248666993,-1.000000000000000000,65.306
-0.501953818827708620,-1.000000000000000000,65.42
-0.479218472468901924,-1.000000000000000000,65.508
-0.457904085257530791,-1.000000000000000000,65.638
-0.454351687388962144,-1.000000000000000000,65.73
-0.452930728241567104,0.000000000000000000,65.852
-0.445115452930732292,0.000000000000000000,65.934
-0.442273534635881482,0.000000000000000000,66.051
-0.428774422735345051,0.000000000000000000,66.111
-0.423801065719361159,0.000000000000000000,66.231
-0.442984014209599208,0.000000000000000000,66.322
-0.441563055062183962,0.000000000000000000,66.447
-0.429484902309062777,0.000000000000000000,66.539
-0.451509769094131541,0.000000000000000000,66.658
-0.323623445825904410,0.000000000000000000,66.724
-0.209236234458254122,0.000000000000000000,66.832
-0.076376554174063305,0.000000000000000000,66.93
-0.118294849023087845,1.000000000000000000,67.038
-0.152397868561298000,1.000000000000000000,67.143
-0.178685612788632819,1.000000000000000000,67.257
-0.195737122557697485,1.000000000000000000,67.343
-0.187211367673144946,1.000000000000000000,67.461
-0.192184724689149045,1.000000000000000000,67.533
-0.202131438721137147,1.000000000000000000,67.655
-0.174422735346366653,-1.000000000000000000,67.75
-0.305150976909384086,-1.000000000000000000,67.855
-0.413143872113675537,-1.000000000000000000,67.948
-0.541030195381882462,-1.000000000000000000,68.063
-0.496980461811724727,-1.000000000000000000,68.132
-0.453641207815264624,-1.000000000000000000,68.252
-0.422380106571945801,-1.000000000000000000,68.341
-0.394671403197155213,-1.000000000000000000,68.467
-0.381172291296618782,-1.000000000000000000,68.547
-0.369804618117215433,0.000000000000000000,68.662
-0.369094138543517802,0.000000000000000000,68.765
-0.369804618117215433,0.000000000000000000,68.871
-0.359857904085247537,0.000000000000000000,68.939
-0.375488454706917052,0.000000000000000000,69.059
-0.361278863232662895,0.000000000000000000,69.152
-0.361278863232662895,0.000000000000000000,69.275
-0.393960923623457582,0.000000000000000000,69.363
-0.285968028419166131,0.000000000000000000,69.485
-0.200710479573701583,0.000000000000000000,69.534
-0.116873889875672599,1.000000000000000000,69.671
-0.012433392539969890,1.000000000000000000,69.759
0.101243339254003084,1.000000000000000000,69.874
0.235523978685629354,1.000000000000000000,69.964
0.188632326820600715,1.000000000000000000,70.088
0.180106571936068383,1.000000000000000000,70.171
0.146714031971596270,1.000000000000000000,70.296
0.130373001776209030,1.000000000000000000,70.345
0.156660746003564055,-1.000000000000000000,70.472
0.032326820603905571,-1.000000000000000000,70.564
-0.061456483126111516,-1.000000000000000000,70.684
-0.150266429840144711,-1.000000000000000000,70.773
-0.261811722912964284,-1.000000000000000000,70.901
-0.379040852575505904,-1.000000000000000000,70.943
-0.518294849023095971,-1.000000000000000000,71.074
-0.477797513321486678,-1.000000000000000000,71.162
-0.457193605683853477,-1.000000000000000000,71.284
-0.426642984014191762,0.000000000000000000,71.365
-0.403197158081687435,0.000000000000000000,71.495
-0.399644760213118899,0.000000000000000000,71.59
-0.388987566607433277,0.000000000000000000,71.712
-0.393960923623437376,0.000000000000000000,71.753
-0.408170515097671438,0.000000000000000000,71.888
-0.388987566607453483,0.000000000000000000,71.975
-0.376909413854332409,0.000000000000000000,72.094
-0.385435168738884948,0.000000000000000000,72.182
-0.277442273534613593,0.000000000000000000,72.307
-0.189342806394298235,0.000000000000000000,72.349
-0.103374777975115961,0.000000000000000000,72.482
-0.005328596802812502,0.000000000000000000,72.573
0.116163410301954872,1.000000000000000000,72.69
0.249023090586145690,1.000000000000000000,72.782
0.221314387211375196,1.000000000000000000,72.899
0.212788632326822658,1.000000000000000000,72.991
0.168028419182947308,1.000000000000000000,73.116
0.142451154529309898,1.000000000000000000,73.163
0.138898756660741363,-1.000000000000000000,73.294
0.015275310834820699,-1.000000000000000000,73.377
-0.073534635879212384,-1.000000000000000000,73.501
-0.175133214920064284,-1.000000000000000000,73.59
-0.283126110124315322,-1.000000000000000000,73.712
-0.411722912966239973,-1.000000000000000000,73.771
-0.548845470692697068,-1.000000000000000000,73.883
-0.519715808170491123,-1.000000000000000000,73.973
-0.500532859680273168,-1.000000000000000000,74.103
-0.474245115452938237,-1.000000000000000000,74.182
-0.461456483126099326,-1.000000000000000000,74.313
-0.441563055062163756,-1.000000000000000000,74.4
-0.434458259325026463,-1.000000000000000000,74.515
-0.442984014209579002,0.000000000000000000,74.582
-0.409591474245127096,0.000000000000000000,74.695
-0.413143872113695743,0.000000000000000000,74.782
-0.278152753108331430,0.000000000000000000,74.907
-0.150976909413842231,0.000000000000000000,75.0
-0.028774422735336924,0.000000000000000000,75.119
-0.062166962699809036,1.000000000000000000,75.182
-0.099822380106567521,1.000000000000000000,75.301
-0.126110124333922657,1.000000000000000000,75.398
-0.151687388987559957,1.000000000000000000,75.504
-0.163055062166943099,1.000000000000000000,75.604
-0.155950266429826123,1.000000000000000000,75.713
-0.189342806394298235,1.000000000000000000,75.779
-0.179396092362330450,1.000000000000000000,75.919
-0.306571936056819538,-1.000000000000000000,75.991
-0.431616341030195860,-1.000000000000000000,76.115
-0.545293072824168834,-1.000000000000000000,76.206
-0.506216696269954580,-1.000000000000000000,76.312
-0.465719360568365492,-1.000000000000000000,76.412
-0.432326820603893380,-1.000000000000000000,76.521
-0.398223801065703542,-1.000000000000000000,76.591
-0.370515097690933159,-1.000000000000000000,76.717
-0.361989342806380621,-1.000000000000000000,76.805
-0.348490230905844189,0.000000000000000000,76.914
-0.347779751332146669,0.000000000000000000,77.012
-0.346358792184711106,0.000000000000000000,77.131
-0.339253996447594131,0.000000000000000000,77.186
-0.342806394316142460,0.000000000000000000,77.334
-0.348490230905864395,0.000000000000000000,77.407
-0.344937833037295749,0.000000000000000000,77.527
-0.350621669626997479,0.000000000000000000,77.61
-0.228419182948492172,0.000000000000000000,77.732
-0.114742451154519309,0.000000000000000000,77.826
-0.159502664298394770,1.000000000000000000,77.948
-0.031616341030187844,1.000000000000000000,77.995
-0.060035523978696159,1.000000000000000000,78.128
-0.084902309058615733,1.000000000000000000,78.21
-0.110479573712253143,1.000000000000000000,78.332
-0.121136767317938765,1.000000000000000000,78.425
-0.126820603907640383,1.000000000000000000,78.541
-0.136056838365890442,1.000000000000000000,78.602
-0.092065868263462636,-1.000000000000000000,78.752
-0.228293413173633497,-1.000000000000000000,78.809
-0.352544910179626414,-1.000000000000000000,78.932
-0.309880239520932466,-1.000000000000000000,79.013
-0.449101796407174403,-1.000000000000000000,79.141
-0.423652694610782921,-1.000000000000000000,79.23
-0.400449101796402140,-1.000000000000000000,79.342
-0.377994011976039213,-1.000000000000000000,79.409
-0.354790419161679749,-1.000000000000000000,79.529
-0.333832335329352303,0.000000000000000000,79.614
-0.327844311377252673,0.000000000000000000,79.738
-0.320359281437117449,0.000000000000000000,79.833
-0.335329341317366580,0.000000000000000000,79.958
-0.330089820359284691,0.000000000000000000,80.012
-0.321107784431135190,0.000000000000000000,80.166
-0.345808383233551564,0.000000000000000000,80.214
-0.211077844311373664,0.000000000000000000,80.347
-0.104790419161679749,0.000000000000000000,80.426
0.001497005988035482,1.000000000000000000,80.553
0.119760479041928880,1.000000000000000000,80.645
0.244011976047900259,1.000000000000000000,80.762
0.218562874251508887,1.000000000000000000,80.813
0.189371257485028366,1.000000000000000000,80.947
0.184880239520964329,1.000000000000000000,81.036
0.162425149700601512,1.000000000000000000,81.157
0.179052753176750734,1.000000000000000000,81.241
0.192914901809808859,-1.000000000000000000,81.361
0.046592221794410804,-1.000000000000000000,81.415
0.026437263953002388,-1.000000000000000000,81.574
-0.041499330655973887,-1.000000000000000000,81.622
-0.192324854975448711,-1.000000000000000000,81.744
-0.350290049085225652,-1.000000000000000000,81.839
-0.321731369924144306,-1.000000000000000000,81.963
-0.290495314591715403,-1.000000000000000000,82.036
-0.276215975011162018,0.000000000000000000,82.175
-0.253904506916566297,0.000000000000000000,82.231
-0.244087460954916735,0.000000000000000000,82.342
-0.228915662650572393,0.000000000000000000,82.432
-0.229808121374363350,0.000000000000000000,82.551
-0.230700580098154306,0.000000000000000000,82.643
-0.213743864346253476,0.000000000000000000,82.762
-0.251227130745193539,0.000000000000000000,82.828
-0.095939312806789356,0.000000000000000000,82.95
0.057563587684058337,0.000000000000000000,83.043
0.194109772423030513,0.000000000000000000,83.158
0.361892012494406279,1.000000000000000000,83.254
0.301204819277105074,1.000000000000000000,83.367
0.264614011601955967,1.000000000000000000,83.457
0.230700580098154306,1.000000000000000000,83.576
0.219991075412764525,1.000000000000000000,83.642
0.216421240517600921,1.000000000000000000,83.764
0.195002231146796046,1.000000000000000000,83.851
0.228915662650597929,-1.000000000000000000,83.97
0.070950468540820877,-1.000000000000000000,84.065
-0.084337349397583306,-1.000000000000000000,84.178
-0.223560910307903038,-1.000000000000000000,84.243
-0.393128067826860605,-1.000000000000000000,84.366
-0.334225792057115778,-1.000000000000000000,84.45
-0.297634984381992096,-1.000000000000000000,84.573
-0.257474341811679275,-1.000000000000000000,84.66
-0.227130745203015905,0.000000000000000000,84.783
-0.224453369031668570,0.000000000000000000,84.869
-0.210174029451140498,0.000000000000000000,84.986
-0.207496653279742316,0.000000000000000000,85.051
-0.199464524765700091,0.000000000000000000,85.173
-0.189647478804101266,0.000000000000000000,85.263
-0.200356983489541784,0.000000000000000000,85.382
-0.148594377510048337,0.000000000000000000,85.482
-0.164658634538158211,0.000000000000000000,85.593
0.000446229361895423,0.000000000000000000,85.651
0.118250780901385077,0.000000000000000000,85.77
0.219991075412764525,0.000000000000000000,85.861
0.365461847389570105,1.000000000000000000,85.985
0.525211958946903534,1.000000000000000000,86.077
0.476126729138782956,1.000000000000000000,86.194
0.437751004016077250,1.000000000000000000,86.285
0.392235609103069649,1.000000000000000000,86.406
0.381526104417679868,1.000000000000000000,86.455
0.311021865238703787,1.000000000000000000,86.572
0.302097278000895919,1.000000000000000000,86.66
0.127175368139218259,-1.000000000000000000,86.784
-0.012940651494867006,-1.000000000000000000,86.873
-0.131637661758147506,-1.000000000000000000,87.008
-0.294065149486828381,-1.000000000000000000,87.052
-0.468094600624715196,-1.000000000000000000,87.185
-0.433288710397122578,-1.000000000000000000,87.267
-0.411869701026317925,-1.000000000000000000,87.388
-0.376171352074985088,-1.000000000000000000,87.479
-0.358322177599293301,0.000000000000000000,87.603
-0.335118250780881310,0.000000000000000000,87.684
-0.323516287371675371,0.000000000000000000,87.811
-0.337795626952228756,0.000000000000000000,87.861
-0.321731369924144306,0.000000000000000000,87.997
-0.326193663543073553,0.000000000000000000,88.074
-0.148594377510048337,0.000000000000000000,88.203
0.008078994613976764,0.000000000000000000,88.293
0.284348263714125249,0.000000000000000000,88.415
0.478571428571451074,0.000000000000000000,88.464
0.791850220264304294,1.000000000000000000,88.587
0.735682819383250974,1.000000000000000000,88.673
0.683920704845781380,1.000000000000000000,88.8
0.653083700440507009,1.000000000000000000,88.893
0.664096916299560469,1.000000000000000000,89.014
0.633259911894254790,1.000000000000000000,89.102
0.639867841409661686,-1.000000000000000000,89.221
0.424008810572647388,-1.000000000000000000,89.274
0.233480176211474655,-1.000000000000000000,89.396
0.066079295154226392,-1.000000000000000000,89.48
-0.125550660792951851,-1.000000000000000000,89.609
-0.332599118942736083,-1.000000000000000000,89.697
-0.275330396475771177,-1.000000000000000000,89.819
-0.220264317180629443,-1.000000000000000000,89.881
-0.179515418502213309,-1.000000000000000000,89.998
-0.167400881057279682,0.000000000000000000,90.082
-0.145374449339204181,0.000000000000000000,90.208
-0.150881057268730800,0.000000000000000000,90.293
-0.167400881057279682,0.000000000000000000,90.418
-0.153083700440554082,0.000000000000000000,90.502
-0.128854625550655411,0.000000000000000000,90.628
-0.111233480176194943,0.000000000000000000,90.701
-0.170704845814983130,0.000000000000000000,90.81
0.022026431718044082,0.000000000000000000,90.914
0.199339207048465639,1.000000000000000000,91.02
0.388766519823789292,1.000000000000000000,91.105
0.327092511013209242,1.000000000000000000,91.225
0.297356828193846567,1.000000000000000000,91.292
0.283039647577089770,1.000000000000000000,91.408
0.297356828193815259,1.000000000000000000,91.5
0.275330396475739869,1.000000000000000000,91.615
0.254405286343607262,1.000000000000000000,91.716
0.237885462555058380,-1.000000000000000000,91.824
0.292951541850200226,-1.000000000000000000,91.923
0.106828193832579910,-1.000000000000000000,92.041
-0.080396475770920683,-1.000000000000000000,92.101
-0.265418502202629303,-1.000000000000000000,92.229
-0.199339207048434219,-1.000000000000000000,92.314
-0.171806167400926024,-1.000000000000000000,92.434
-0.147577092510996044,-1.000000000000000000,92.524
-0.142070484581469314,0.000000000000000000,92.637
-0.127753303964743714,0.000000000000000000,92.704
-0.121145374449336818,0.000000000000000000,92.821
-0.126651982378863548,0.000000000000000000,92.915
-0.132158590308358859,0.000000000000000000,93.039
-0.132158590308390167,0.000000000000000000,93.123
-0.179515418502182000,0.000000000000000000,93.243
-0.020925110132163915,0.000000000000000000,93.331
0.129955947136566996,0.000000000000000000,93.454
0.234093637454999781,1.000000000000000000,93.505
0.361987911349853420,1.000000000000000000,93.639
0.609001406469774631,1.000000000000000000,93.728
0.541490857946565374,1.000000000000000000,93.847
0.473980309423315926,1.000000000000000000,93.935
0.448663853727117479,1.000000000000000000,94.056
0.426160337552700996,1.000000000000000000,94.103
0.383966244725730377,1.000000000000000000,94.239
0.431786216596305117,-1.000000000000000000,94.319
0.199718706047785854,-1.000000000000000000,94.448
-0.012658227848099224,-1.000000000000000000,94.536
-0.247538677918400674,-1.000000000000000000,94.655
-0.490857946554208335,-1.000000000000000000,94.744
-0.783403656821381911,-1.000000000000000000,94.86
-0.734177215189856014,-1.000000000000000000,94.915
-0.696148359486487012,-1.000000000000000000,95.036
-0.664764621968655600,-1.000000000000000000,95.135
-0.621968616262473906,0.000000000000000000,95.255
-0.593437945791740251,0.000000000000000000,95.338
-0.587731811697585371,0.000000000000000000,95.465
-0.597717546362386720,0.000000000000000000,95.515
-0.682119205298027942,0.000000000000000000,95.642
-0.741496598639475923,0.000000000000000000,95.732
-0.800453514739232541,0.000000000000000000,95.845
-0.583596214511003852,0.000000000000000000,95.945
-0.370662460567798169,0.000000000000000000,96.053
-0.195583596214521704,1.000000000000000000,96.155
0.023659305993672053,1.000000000000000000,96.275
0.260252365930572216,1.000000000000000000,96.32
0.512618296529920192,1.000000000000000000,96.453
0.435331230283938275,1.000000000000000000,96.537
0.763406940063054984,1.000000000000000000,96.656
0.733438485804417173,1.000000000000000000,96.754
0.689274447949499880,1.000000000000000000,96.87
0.690851735015713286,1.000000000000000000,96.926
0.345425867507845430,-1.000000000000000000,97.051
0.078864353312307456,-1.000000000000000000,97.139
-0.154574132492120930,-1.000000000000000000,97.265
-0.424290220820175312,-1.000000000000000000,97.346
-0.708201892744464434,-1.000000000000000000,97.462
-1.000000000000000000,-1.000000000000000000,97.558
-0.990602975724370172,-1.000000000000000000,97.684
-1.000000000000000000,-1.000000000000000000,97.732
-0.676567656765684422,-1.000000000000000000,97.866
-0.361056105610600753,0.000000000000000000,97.941
-0.372937293729392105,0.000000000000000000,98.06
-0.064026402640291136,0.000000000000000000,98.158
0.239603960396001181,0.000000000000000000,98.281
0.518151815181536968,0.000000000000000000,98.343
0.796699669966997481,1.000000000000000000,98.457
1.000000000000000000,1.000000000000000000,98.549
1.000000000000000000,1.000000000000000000,98.66
1.000000000000000000,1.000000000000000000,98.752
1.000000000000000000,1.000000000000000000,98.874
0.900184842883562153,1.000000000000000000,98.962
0.537892791127527081,1.000000000000000000,99.089
0.407578558225506704,-1.000000000000000000,99.156
0.326247689463953217,1.000000000000000000,99.262
0.256931608133097900,1.000000000000000000,99.367
0.216266173752321267,1.000000000000000000,99.473
0.199630314232888573,1.000000000000000000,99.572
0.202402957486118584,1.000000000000000000,99.682
0.215341959334569122,1.000000000000000000,99.749
0.195009242144180694,-1.000000000000000000,99.875
0.235674676524957549,-1.000000000000000000,99.963
0.317005545286511037,-1.000000000000000000,100.088
0.666358595194069592,-1.000000000000000000,100.175
1.000000000000000000,-1.000000000000000000,100.287
1.000000000000000000,-1.000000000000000000,100.372
1.000000000000000000,-1.000000000000000000,100.491
1.000000000000000000,-1.000000000000000000,100.557
1.000000000000000000,-1.000000000000000000,100.688
1.000000000000000000,-1.000000000000000000,100.774
1.000000000000000000,0.000000000000000000,100.894
1.000000000000000000,0.000000000000000000,100.982
0.818181818181805909,0.000000000000000000,101.111
0.834855101230651320,0.000000000000000000,101.152
0.847558554982148493,0.000000000000000000,101.286
0.829297340214377066,0.000000000000000000,101.374
0.653036919412479877,0.000000000000000000,101.494
0.463279078999611293,0.000000000000000000,101.579
0.441048034934514055,0.000000000000000000,101.707
0.371973005160777248,0.000000000000000000,101.794
0.289400555776114121,0.000000000000000000,101.912
0.214767764986102838,1.000000000000000000,101.962
0.166335847558559902,1.000000000000000000,102.095
0.321953156014308295,1.000000000000000000,102.183
0.287018658197714105,1.000000000000000000,102.301
0.263993648273142645,1.000000000000000000,102.395
0.259229853116342612,1.000000000000000000,102.518
0.423580786026216849,1.000000000000000000,102.558
0.611750694720136989,1.000000000000000000,102.7
0.627630011909485752,-1.000000000000000000,102.784
0.695117109964274338,-1.000000000000000000,102.904
0.775307661770537226,-1.000000000000000000,102.997
0.849940452560525861,-1.000000000000000000,103.113
0.895196506550239857,-1.000000000000000000,103.206
0.926955140928937160,-1.000000000000000000,103.322
0.954743946010331301,-1.000000000000000000,103.376
0.780071456927359907,-1.000000000000000000,103.503
0.803890432711405589,0.000000000000000000,103.59
0.824533545057577033,0.000000000000000000,103.703
0.827709408495451271,0.000000000000000000,103.805
0.838824930527999779,0.000000000000000000,103.927
0.840412862246948222,0.000000000000000000,103.974
0.840412862246925796,0.000000000000000000,104.092
0.834855101230651320,0.000000000000000000,104.18
0.645097260817782958,0.000000000000000000,104.316
0.471218737594285786,0.000000000000000000,104.406
0.295752282651817522,0.000000000000000000,104.526
0.465660976578011310,0.000000000000000000,104.613
0.390234219928548454,0.000000000000000000,104.733
0.291782453354514137,0.000000000000000000,104.783
0.198094481937279854,1.000000000000000000,104.913
0.123461691147291219,1.000000000000000000,104.996
0.079793568876548537,1.000000000000000000,105.125
0.045653036919383272,1.000000000000000000,105.208
0.032155617308434525,1.000000000000000000,105.333
0.202858277094080108,1.000000000000000000,105.381
0.370385073441851231,1.000000000000000000,105.515
0.536323938070674133,1.000000000000000000,105.593
0.551409289400571323,-1.000000000000000000,105.715
0.626042080190582606,-1.000000000000000000,105.81
0.717348154029394003,-1.000000000000000000,105.927
0.812624057165554081,-1.000000000000000000,106.019
0.883287018658216905,-1.000000000000000000,106.138
0.926161175069462939,-1.000000000000000000,106.2
0.961889638745553999,-1.000000000000000000,106.312
0.981738785232251221,-1.000000000000000000,106.402
1.000000000000000000,0.000000000000000000,106.526
1.000000000000000000,0.000000000000000000,106.614
0.820754716981127563,0.000000000000000000,106.738
0.838050314465404345,0.000000000000000000,106.803
0.838836477987423113,0.000000000000000000,106.917
0.847484276729561392,0.000000000000000000,107.014
0.829402515723266065,0.000000000000000000,107.126
0.645440251572326318,0.000000000000000000,107.222
0.647012578616341205,0.000000000000000000,107.328
0.628930817610045878,0.000000000000000000,107.422
0.568396226415077255,0.000000000000000000,107.544
0.263364779874200039,0.000000000000000000,107.611
-0.050314465408815345,1.000000000000000000,107.735
0.062106918238983733,1.000000000000000000,107.82
-0.014150943396224358,1.000000000000000000,107.937
-0.073899371069174435,1.000000000000000000,108.033
-0.100628930817608264,1.000000000000000000,108.151
-0.112421383647821393,1.000000000000000000,108.21
0.055031446540860340,1.000000000000000000,108.337
0.036163522012546245,1.000000000000000000,108.425
0.042452830188650870,-1.000000000000000000,108.541
0.089622641509436107,-1.000000000000000000,108.634
0.379716981132070197,-1.000000000000000000,108.75
0.687893081760999614,-1.000000000000000000,108.802
0.761006289308177708,-1.000000000000000000,108.955
0.830188679245262406,-1.000000000000000000,109.018
0.882861635220111296,-1.000000000000000000,109.141
0.900943396226406845,-1.000000000000000000,109.237
0.923742138364769483,0.000000000000000000,109.354
0.933176100628926530,0.000000000000000000,109.443
0.948899371069165998,0.000000000000000000,109.565
0.963050314465412782,0.000000000000000000,109.614
0.813679245283026598,0.000000000000000000,109.743
0.714622641509433443,0.000000000000000000,109.834
0.551886792452819019,0.000000000000000000,109.958
0.537735849056594661,0.000000000000000000,110.043
0.447327044025162213,0.000000000000000000,110.162
0.127358490566019666,0.000000000000000000,110.217
0.055031446540882545,1.000000000000000000,110.376
-0.015723270440261783,1.000000000000000000,110.425
-0.053459119496845231,1.000000000000000000,110.556
-0.080974842767275401,1.000000000000000000,110.644
-0.105345911949698001,1.000000000000000000,110.767
0.043238993710691842,1.000000000000000000,110.855
0.141509433962266451,1.000000000000000000,110.975
0.295597484276719946,1.000000000000000000,111.023
0.312106918239000386,-1.000000000000000000,111.151
0.405660377358507684,-1.000000000000000000,111.243
0.730345911949695115,-1.000000000000000000,111.367
0.802672955974854663,-1.000000000000000000,111.457
0.878930817610062753,-1.000000000000000000,111.573
0.919811320754720940,-1.000000000000000000,111.619
0.946540880503132342,-1.000000000000000000,111.789
0.775943396226420834,-1.000000000000000000,111.834
0.794025157232716161,0.000000000000000000,111.949
0.815251572327041707,0.000000000000000000,112.054
0.827830188679228751,0.000000000000000000,112.166
0.823899371069157560,0.000000000000000000,112.259
0.820754716981105359,0.000000000000000000,112.378
0.645440251572303891,0.000000000000000000,112.427
0.626572327044012223,0.000000000000000000,112.564
0.555817610062867784,0.000000000000000000,112.65
0.251572327044009336,0.000000000000000000,112.777
-0.050314465408815345,0.000000000000000000,112.856
0.058176100628934968,1.000000000000000000,112.983
-0.007075471698100966,1.000000000000000000,113.03
-0.061320754716987391,1.000000000000000000,113.188
-0.100628930817630580,1.000000000000000000,113.245
-0.113207547169795308,1.000000000000000000,113.37
-0.128144654088038323,1.000000000000000000,113.446
0.040880503144658187,-1.000000000000000000,113.581
0.056603773584920081,-1.000000000000000000,113.667
0.116352201257847732,-1.000000000000000000,113.787
0.419811320754709616,-1.000000000000000000,113.85
0.714622641509411016,-1.000000000000000000,113.963
0.792452830188656421,-1.000000000000000000,114.06
0.860062893081748436,-1.000000000000000000,114.184
0.908018867924507811,-1.000000000000000000,114.267
0.946540880503132342,-1.000000000000000000,114.381
0.966194968553465205,0.000000000000000000,114.454
0.984276729559738328,0.000000000000000000,114.603
0.987421383647790529,0.000000000000000000,114.662
0.985062893081734448,0.000000000000000000,114.779
0.986635220125771983,0.000000000000000000,114.879
0.812106918238966857,0.000000000000000000,114.985
0.647012578616341205,0.000000000000000000,115.066
0.632861635220116847,0.000000000000000000,115.19
0.319968553459097693,0.000000000000000000,115.256
-0.011006289308172046,0.000000000000000000,115.379
-0.329402515723277167,1.000000000000000000,115.472
-0.630503144654105618,1.000000000000000000,115.593
-0.685534591194965959,1.000000000000000000,115.683
-0.728773584905680227,1.000000000000000000,115.794
-0.746855345911953239,1.000000000000000000,115.859
-0.762578616352192595,1.000000000000000000,115.976
-0.596698113207570824,1.000000000000000000,116.066
-0.436320754717012482,1.000000000000000000,116.197
-0.427672955974851776,-1.000000000000000000,116.281
-0.116352201257892363,-1.000000000000000000,116.403
0.210691823899373576,-1.000000000000000000,116.491
0.525943396226426385,-1.000000000000000000,116.604
0.823899371069179987,-1.000000000000000000,116.675
0.874213836477995221,-1.000000000000000000,116.797
0.914308176100612435,-1.000000000000000000,116.891
0.933176100628926530,-1.000000000000000000,117.008
0.955974842767289390,-1.000000000000000000,117.09
0.963050314465412782,0.000000000000000000,117.212
0.973270440251543745,0.000000000000000000,117.264
0.989779874213824185,0.000000000000000000,117.393
0.794025157232693735,0.000000000000000000,117.485
0.791666666666660079,0.000000000000000000,117.608
0.740566037735848504,0.000000000000000000,117.699
0.654088050314442393,0.000000000000000000,117.803
0.354559748427673682,1.000000000000000000,117.898
0.271226415094319773,1.000000000000000000,118.025
0.210691823899351149,1.000000000000000000,118.068
0.153301886792434727,1.000000000000000000,118.208
0.122641509433952356,1.000000000000000000,118.293
0.093553459119484872,1.000000000000000000,118.411
0.061320754716964965,1.000000000000000000,118.504
0.246855345911942026,1.000000000000000000,118.625
0.235849056603770091,-1.000000000000000000,118.676
0.276729559748405851,-1.000000000000000000,118.804
0.355345911949692450,-1.000000000000000000,118.883
0.647012578616319001,-1.000000000000000000,119.014
0.724056603773568064,-1.000000000000000000,119.1
0.775157232704379640,-1.000000000000000000,119.227
0.822327044025165099,-1.000000000000000000,119.308
0.846698113207542846,-1.000000000000000000,119.437
0.879716981132058873,-1.000000000000000000,119.482
0.908018867924530237,-1.000000000000000000,119.601
