0.000000000000000000,999.000000000000000000,0.000000000000000000
1.000000000000000000,999.000000000000000000,0.118999999999999995
1.000000000000000000,999.000000000000000000,0.207999999999999990
1.000000000000000000,999.000000000000000000,0.331000000000000016
0.982384823848217792,999.000000000000000000,0.388000000000000012
1.000000000000000000,999.000000000000000000,0.511000000000000010
1.000000000000000000,999.000000000000000000,0.597999999999999976
1.000000000000000000,999.000000000000000000,0.724999999999999978
1.000000000000000000,999.000000000000000000,0.814999999999999947
1.000000000000000000,999.000000000000000000,0.928000000000000047
0.737864077669899476,999.000000000000000000,1.016999999999999904
0.549029126213587571,999.000000000000000000,1.151000000000000023
0.632524271844661090,999.000000000000000000,1.193999999999999950
1.000000000000000000,999.000000000000000000,1.328999999999999959
1.000000000000000000,1.000000000000000000,1.405999999999999917
1.000000000000000000,1.000000000000000000,1.532000000000000028
0.703843730308763016,1.000000000000000000,1.616999999999999993
0.306868304977949702,1.000000000000000000,1.752999999999999892
0.109430791850454456,1.000000000000000000,1.804999999999999938
0.306448225162781585,1.000000000000000000,1.931000000000000050
0.609745851711811282,1.000000000000000000,2.016999999999999904
0.871035496744373416,1.000000000000000000,2.130999999999999783
0.907162360848552618,-1.000000000000000000,2.220000000000000195
0.594622978365877630,-1.000000000000000000,2.342000000000000082
0.194286914513761122,-1.000000000000000000,2.427999999999999936
0.275782398655740613,-1.000000000000000000,2.552000000000000046
0.534131484982137916,-1.000000000000000000,2.611000000000000210
1.000000000000000000,-1.000000000000000000,2.722999999999999865
1.000000000000000000,-1.000000000000000000,2.826000000000000068
0.894380755497091062,-1.000000000000000000,2.938000000000000167
0.596692351061834714,-1.000000000000000000,3.052000000000000046
0.389588423228723224,-1.000000000000000000,3.146999999999999797
0.430182296560803312,-1.000000000000000000,3.218999999999999861
0.643676000751738364,-1.000000000000000000,3.341000000000000192
0.836496899079119061,-1.000000000000000000,3.426000000000000156
0.908663785002821633,-1.000000000000000000,3.551000000000000156
0.633151663221202865,-1.000000000000000000,3.630999999999999783
0.250516820146591712,-1.000000000000000000,3.745000000000000107
-0.083255027250515812,-1.000000000000000000,3.839999999999999858
0.018229656079686629,-1.000000000000000000,3.956999999999999851
0.315542191317420784,-1.000000000000000000,4.022999999999999687
0.464386393535048958,-1.000000000000000000,4.145999999999999908
0.495583536929143698,-1.000000000000000000,4.241999999999999993
0.305017853786885285,-1.000000000000000000,4.352999999999999758
0.041909415523407434,-1.000000000000000000,4.447000000000000064
0.043037023115958029,-1.000000000000000000,4.570999999999999730
0.317045668107504008,-1.000000000000000000,4.618000000000000327
0.767712835933094917,-1.000000000000000000,4.746999999999999886
0.992858485247137379,-1.000000000000000000,4.831999999999999851
1.000000000000000000,-1.000000000000000000,4.959999999999999964
0.818214158662399438,-1.000000000000000000,5.043000000000000149
0.565635005336179830,-1.000000000000000000,5.168999999999999595
0.629313411597300032,-1.000000000000000000,5.256999999999999673
0.815012451085025180,1.000000000000000000,5.375000000000000000
1.000000000000000000,1.000000000000000000,5.431000000000000050
1.000000000000000000,1.000000000000000000,5.559000000000000163
0.957124842370743245,1.000000000000000000,5.641000000000000014
0.703972257250954137,1.000000000000000000,5.769000000000000128
0.511349306431276407,1.000000000000000000,5.855000000000000426
0.559268600252209147,1.000000000000000000,5.974999999999999645
0.744325346784366237,1.000000000000000000,6.019999999999999574
0.902585119798236635,1.000000000000000000,6.155000000000000249
1.000000000000000000,1.000000000000000000,6.248999999999999666
0.786980392156865660,1.000000000000000000,6.371999999999999886
0.551058823529414044,1.000000000000000000,6.453999999999999737
0.376941176470591888,1.000000000000000000,6.578000000000000291
0.533803921568629658,-1.000000000000000000,6.657000000000000028
0.711058823529410411,-1.000000000000000000,6.783000000000000362
0.887372549019604273,-1.000000000000000000,6.839999999999999858
0.787607843137253738,-1.000000000000000000,6.955000000000000071
0.681254901960783643,-1.000000000000000000,7.046000000000000263
0.491137254901962361,-1.000000000000000000,7.179000000000000270
0.498039215686271630,-1.000000000000000000,7.269000000000000128
0.617882352941179436,-1.000000000000000000,7.386000000000000121
0.892078431372550718,1.000000000000000000,7.440999999999999837
0.956705882352944403,1.000000000000000000,7.559999999999999609
0.899607843137261387,1.000000000000000000,7.650999999999999801
0.672784313725486305,1.000000000000000000,7.772999999999999687
0.637960784313728047,1.000000000000000000,7.866999999999999993
0.696941176470588841,1.000000000000000000,7.987000000000000099
1.000000000000000000,1.000000000000000000,8.054000000000000270
1.000000000000000000,1.000000000000000000,8.188000000000000611
0.977126917712696885,1.000000000000000000,8.246999999999999886
0.938075313807539057,-1.000000000000000000,8.362999999999999545
0.823430962343103090,-1.000000000000000000,8.457000000000000739
0.774337517433758560,-1.000000000000000000,8.583999999999999631
0.878382147838219440,-1.000000000000000000,8.672000000000000597
1.000000000000000000,-1.000000000000000000,8.791999999999999815
1.000000000000000000,-1.000000000000000000,8.842999999999999972
0.899400898652019221,-1.000000000000000000,8.968999999999999417
0.781577633549674911,-1.000000000000000000,9.064999999999999503
0.539191213180227447,-1.000000000000000000,9.173000000000000043
0.426610084872689033,-1.000000000000000000,9.275000000000000355
0.502496255616575960,-1.000000000000000000,9.384999999999999787
0.587618572141787920,-1.000000000000000000,9.455999999999999517
0.619570644033949014,-1.000000000000000000,9.598000000000000753
0.537443834248628960,1.000000000000000000,9.666999999999999815
0.389415876185725596,1.000000000000000000,9.784000000000000696
0.160009985022470103,1.000000000000000000,9.865000000000000213
0.091612581128309722,1.000000000000000000,9.993000000000000327
0.197953070394411679,1.000000000000000000,10.076999999999999957
0.261607588617074338,1.000000000000000000,10.201000000000000512
0.248627059410882367,1.000000000000000000,10.260999999999999233
0.080129805292063816,-1.000000000000000000,10.368000000000000327
-0.118821767348976759,-1.000000000000000000,10.473000000000000753
-0.293809286070894848,-1.000000000000000000,10.586999999999999744
-0.298302546180725825,-1.000000000000000000,10.688000000000000611
-0.159011482775835766,-1.000000000000000000,10.795999999999999375
-0.086370444333500385,-1.000000000000000000,10.864000000000000767
-0.125312031952072744,-1.000000000000000000,11.006000000000000227
-0.164253619570641551,-1.000000000000000000,11.070999999999999730
-0.379181228157762673,-1.000000000000000000,11.194000000000000838
-0.480279580629055292,-1.000000000000000000,11.288999999999999702
-0.239890164752872614,1.000000000000000000,11.397000000000000242
0.056165751372941219,1.000000000000000000,11.496999999999999886
0.188966550174738845,1.000000000000000000,11.605000000000000426
0.217673489765352057,1.000000000000000000,11.673000000000000043
0.038941587618570583,1.000000000000000000,11.791999999999999815
-0.169995007488766281,1.000000000000000000,11.887000000000000455
-0.219670494258609850,-1.000000000000000000,12.012999999999999901
-0.015227159261107515,-1.000000000000000000,12.093999999999999417
0.084123814278583176,1.000000000000000000,12.214999999999999858
0.150274588117822461,1.000000000000000000,12.271000000000000796
0.136295556665003259,1.000000000000000000,12.423000000000000043
-0.071642536195706485,1.000000000000000000,12.480000000000000426
-0.295556665002493224,1.000000000000000000,12.596000000000000085
-0.244133799301047727,1.000000000000000000,12.695000000000000284
-0.038442336495258855,-1.000000000000000000,12.821999999999999176
0.155267099350972382,-1.000000000000000000,12.909000000000000696
0.215426859710431184,-1.000000000000000000,13.022999999999999687
0.182975536694958363,-1.000000000000000000,13.080999999999999517
0.001747378931603816,-1.000000000000000000,13.208000000000000185
-0.005991013479778817,-1.000000000000000000,13.301000000000000156
0.193459810284569933,-1.000000000000000000,13.414999999999999147
0.340988517224161569,1.000000000000000000,13.503999999999999559
0.484772840738889821,1.000000000000000000,13.625000000000000000
0.510733899151270210,1.000000000000000000,13.676000000000000156
0.332251622566148264,1.000000000000000000,13.803000000000000824
0.046180728906637825,-1.000000000000000000,13.897999999999999687
0.023964053919120820,-1.000000000000000000,14.018000000000000682
0.157513729405889702,-1.000000000000000000,14.095000000000000639
0.307289066400402211,1.000000000000000000,14.214999999999999858
0.394408387418871964,1.000000000000000000,14.304000000000000270
0.376684972541189600,1.000000000000000000,14.423000000000000043
0.254867698452318825,-1.000000000000000000,14.486000000000000654
0.177483774338489386,-1.000000000000000000,14.612999999999999545
0.176485272091858825,-1.000000000000000000,14.702999999999999403
0.366949575636541958,-1.000000000000000000,14.824999999999999289
0.650524213679479324,1.000000000000000000,14.903999999999999915
0.845232151772341123,1.000000000000000000,15.034000000000000696
0.835746380429353009,1.000000000000000000,15.092999999999999972
0.632800798801800291,-1.000000000000000000,15.220000000000000639
0.463055416874691650,-1.000000000000000000,15.301000000000000156
0.502246630054916432,-1.000000000000000000,15.419000000000000483
0.549176235646527289,-1.000000000000000000,15.507999999999999119
0.572890664003990358,-1.000000000000000000,15.632999999999999119
0.561657513729403979,-1.000000000000000000,15.730000000000000426
0.391412880678979835,-1.000000000000000000,15.842000000000000526
0.145282076884672540,1.000000000000000000,15.901999999999999247
-0.001248127808288424,1.000000000000000000,16.021999999999998465
0.014478282576136259,1.000000000000000000,16.108000000000000540
0.051173240139787746,1.000000000000000000,16.228999999999999204
0.199201198202691110,1.000000000000000000,16.318999999999999062
0.274088866699951028,1.000000000000000000,16.446999999999999176
0.124313529705442072,1.000000000000000000,16.495000000000000995
-0.015476784822763379,-1.000000000000000000,16.623000000000001108
-0.030953569645532086,-1.000000000000000000,16.704000000000000625
-0.009985022466301618,-1.000000000000000000,16.829999999999998295
0.135047428856713170,-1.000000000000000000,16.914999999999999147
0.317274088866698500,1.000000000000000000,17.045999999999999375
0.346979530703942274,1.000000000000000000,17.123999999999998778
0.281827259111333550,-1.000000000000000000,17.253000000000000114
0.164003994008989240,-1.000000000000000000,17.314000000000000057
0.065651522715929334,-1.000000000000000000,17.434999999999998721
0.108337493759361525,1.000000000000000000,17.515000000000000568
0.247878182725911111,1.000000000000000000,17.640000000000000568
0.320019970044934654,1.000000000000000000,17.725000000000001421
0.214927608587115904,1.000000000000000000,17.847000000000001307
0.089365951073385297,-1.000000000000000000,17.913000000000000256
-0.038691962056914719,-1.000000000000000000,18.027999999999998693
-0.038691962056918272,-1.000000000000000000,18.126999999999998892
0.082626060908637111,1.000000000000000000,18.236000000000000654
0.198951572641035357,1.000000000000000000,18.338000000000000966
0.292561158262604648,1.000000000000000000,18.452999999999999403
0.217174238642036554,1.000000000000000000,18.541000000000000369
0.125811283075388136,1.000000000000000000,18.661999999999999034
-0.005242136794807561,1.000000000000000000,18.719999999999998863
0.038442336495255303,-1.000000000000000000,18.847999999999998977
0.267598602096855043,1.000000000000000000,18.940000000000001279
0.404892661008487309,1.000000000000000000,19.053999999999998494
0.477783325012478555,1.000000000000000000,19.144999999999999574
0.327259111333001895,1.000000000000000000,19.259000000000000341
0.041687468796806737,1.000000000000000000,19.324000000000001620
-0.085871193210184993,-1.000000000000000000,19.440999999999998948
-0.065152271592606947,-1.000000000000000000,19.535000000000000142
0.173489765351977354,1.000000000000000000,19.655999999999998806
0.296055916125812058,1.000000000000000000,19.742999999999998550
0.365202196704943693,1.000000000000000000,19.868999999999999773
0.236894658012980486,2.000000000000000000,19.954000000000000625
0.015227159261107515,2.000000000000000000,20.068999999999999062
-0.044932601098354841,2.000000000000000000,20.137000000000000455
-0.005242136794811114,2.000000000000000000,20.259000000000000341
0.113080379430851918,2.000000000000000000,20.349000000000000199
0.241138292561155598,2.000000000000000000,20.466999999999998749
0.241637543684471101,2.000000000000000000,20.553000000000000824
0.118572141787320895,2.000000000000000000,20.672999999999998266
-0.023215177234146012,2.000000000000000000,20.728000000000001535
-0.039690464303541839,-1.000000000000000000,20.859000000000001762
0.088117823265102313,-1.000000000000000000,20.946999999999999176
0.274588117823262756,-1.000000000000000000,21.067000000000000171
0.368197703444832047,-1.000000000000000000,21.150999999999999801
0.304792810783821810,-1.000000000000000000,21.275999999999999801
0.173489765351973801,-1.000000000000000000,21.361000000000000654
0.136045931103343953,-1.000000000000000000,21.487999999999999545
0.190214677983025604,-1.000000000000000000,21.541000000000000369
0.295806290564156305,-1.000000000000000000,21.663000000000000256
0.411382925611579742,-1.000000000000000000,21.751000000000001222
0.432101847229154234,-1.000000000000000000,21.873000000000001108
0.367948077883172742,-1.000000000000000000,21.969000000000001194
0.255866200698949608,-1.000000000000000000,22.086999999999999744
0.249875187219168904,-1.000000000000000000,22.137000000000000455
0.352970544183722756,-1.000000000000000000,22.263999999999999346
0.629056415376933353,-1.000000000000000000,22.349000000000000199
0.753619570644029624,-1.000000000000000000,22.469999999999998863
0.707938092860705304,-1.000000000000000000,22.565999999999998948
0.675237144283572954,-1.000000000000000000,22.685999999999999943
0.538691962056915497,-1.000000000000000000,22.772999999999999687
0.639790314528208226,1.000000000000000000,22.899000000000000909
0.836994508237643320,1.000000000000000000,22.943000000000001393
0.937094358462308596,1.000000000000000000,23.062999999999998835
0.913879181228157256,1.000000000000000000,23.157000000000000028
0.799550673989013250,1.000000000000000000,23.285000000000000142
0.653519720419367900,1.000000000000000000,23.378000000000000114
0.525212181727408245,-1.000000000000000000,23.487999999999999545
0.630054917623564137,-1.000000000000000000,23.551999999999999602
0.766600099850225147,1.000000000000000000,23.667000000000001592
0.837244133799299073,1.000000000000000000,23.759000000000000341
0.870693959061409783,1.000000000000000000,23.887000000000000455
0.727658512231659893,1.000000000000000000,23.972000000000001307
0.522466300549179197,1.000000000000000000,24.088999999999998636
0.502745881178235265,1.000000000000000000,24.179999999999999716
0.655017473789320848,1.000000000000000000,24.300000000000000711
0.715676485272095153,1.000000000000000000,24.356999999999999318
0.741387918122816014,1.000000000000000000,24.472999999999998977
0.616575137294060438,1.000000000000000000,24.570000000000000284
0.333000499251126625,1.000000000000000000,24.692000000000000171
0.132551173240136544,1.000000000000000000,24.783999999999998920
0.119071392910632623,1.000000000000000000,24.911000000000001364
0.240888666999496293,1.000000000000000000,24.963000000000000966
0.332251622566144711,1.000000000000000000,25.077000000000001734
0.322016974538188894,1.000000000000000000,25.161999999999999034
0.199201198202694663,1.000000000000000000,25.289000000000001478
-0.076884672990515823,1.000000000000000000,25.375000000000000000
-0.187968047928108284,1.000000000000000000,25.503000000000000114
-0.099850224663004195,1.000000000000000000,25.588000000000000966
0.084123814278583176,1.000000000000000000,25.713000000000000966
0.308287568647029220,1.000000000000000000,25.777999999999998693
0.409385921118325280,1.000000000000000000,25.887000000000000455
0.248127808287574192,1.000000000000000000,25.984999999999999432
0.027458811782331782,1.000000000000000000,26.096000000000000085
-0.032700948577127020,1.000000000000000000,26.187000000000001165
0.099101347978036491,1.000000000000000000,26.310999999999999943
0.235147279081385774,1.000000000000000000,26.373999999999998778
0.456565152271595665,1.000000000000000000,26.498999999999998778
0.558662006989518956,-1.000000000000000000,26.591999999999998749
0.405142286570143062,-1.000000000000000000,26.699999999999999289
0.203444832750873328,-1.000000000000000000,26.794000000000000483
0.109585621567648062,-1.000000000000000000,26.907000000000000028
0.160259610584122303,-1.000000000000000000,27.010999999999999233
0.392910634048925900,1.000000000000000000,27.115999999999999659
0.578632051922118640,1.000000000000000000,27.181999999999998607
0.578632051922118640,1.000000000000000000,27.306999999999998607
0.449076385421868896,1.000000000000000000,27.394999999999999574
0.363454817773341654,-1.000000000000000000,27.519999999999999574
0.257863205192214506,-1.000000000000000000,27.608000000000000540
0.286570144782827496,1.000000000000000000,27.713999999999998636
0.491013479780329831,1.000000000000000000,27.783000000000001251
0.641288067898150516,1.000000000000000000,27.908000000000001251
0.658761857214177127,1.000000000000000000,27.998000000000001108
0.522466300549175644,-1.000000000000000000,28.117999999999998550
0.384672990514231650,-1.000000000000000000,28.210000000000000853
0.372441337993014487,-1.000000000000000000,28.329999999999998295
0.490264603095358575,-1.000000000000000000,28.408999999999998920
0.581877184223666744,1.000000000000000000,28.539000000000001478
0.658262606090861846,1.000000000000000000,28.585000000000000853
0.600599101347979891,1.000000000000000000,28.719000000000001194
0.513979031452821866,1.000000000000000000,28.807999999999999829
0.293809286070891185,-1.000000000000000000,28.929999999999999716
0.206689965052421432,-1.000000000000000000,29.016999999999999460
0.326510234648027087,-1.000000000000000000,29.138999999999999346
0.557663504742888172,-1.000000000000000000,29.178999999999998494
0.639540688966548698,1.000000000000000000,29.312999999999998835
0.573140289565653438,1.000000000000000000,29.414000000000001478
0.351722416375439773,1.000000000000000000,29.527999999999998693
0.181727408886671604,-1.000000000000000000,29.606000000000001648
0.079131303045433032,-1.000000000000000000,29.736000000000000654
0.203195207189217575,-1.000000000000000000,29.823000000000000398
0.283574638042935590,1.000000000000000000,29.948000000000000398
0.340239640539190313,1.000000000000000000,30.000000000000000000
0.353469795307041812,-1.000000000000000000,30.114999999999998437
0.224163754368448043,-1.000000000000000000,30.210999999999998522
0.090863704443334914,-1.000000000000000000,30.336999999999999744
0.084373439840238929,-1.000000000000000000,30.423999999999999488
0.205691462805787095,0.000000000000000000,30.550999999999998380
0.331253120319517702,0.000000000000000000,30.603999999999999204
0.390664003994012132,0.000000000000000000,30.719999999999998863
0.427858212680975569,0.000000000000000000,30.810999999999999943
0.386420369445833467,-1.000000000000000000,30.929999999999999716
0.363704443335004735,-1.000000000000000000,31.027999999999998693
0.475037443834249506,-1.000000000000000000,31.149999999999998579
0.598102845731403043,-1.000000000000000000,31.225000000000001421
0.634548177733395224,0.000000000000000000,31.359999999999999432
0.598352471293059018,0.000000000000000000,31.402999999999998693
0.543434847728409665,0.000000000000000000,31.533000000000001251
0.423364952571140929,0.000000000000000000,31.620000000000000995
0.366200698951577808,-1.000000000000000000,31.743999999999999773
0.434348477284078660,-1.000000000000000000,31.830999999999999517
0.556914628057920469,1.000000000000000000,31.948000000000000398
0.640039940089867532,1.000000000000000000,32.006000000000000227
0.588617074388414929,1.000000000000000000,32.134000000000000341
0.506490264603098650,1.000000000000000000,32.219000000000001194
0.385172241637543378,-1.000000000000000000,32.334000000000003183
0.422116824762857945,-1.000000000000000000,32.423999999999999488
0.577134298552172575,-1.000000000000000000,32.542999999999999261
0.652770843734396644,-1.000000000000000000,32.637999999999998124
0.684722915626557516,1.000000000000000000,32.756999999999997897
0.667498751872190432,1.000000000000000000,32.814000000000000057
0.631053419870191368,1.000000000000000000,32.941000000000002501
0.500249625561655087,1.000000000000000000,33.018000000000000682
0.472790813779328634,1.000000000000000000,33.149999999999998579
0.558911632551171156,1.000000000000000000,33.231000000000001648
0.686470294558163108,1.000000000000000000,33.353999999999999204
0.758861707438842625,1.000000000000000000,33.430999999999997385
0.704193709435845472,-1.000000000000000000,33.545000000000001705
0.564153769345980605,-1.000000000000000000,33.640999999999998238
0.484772840738889821,-1.000000000000000000,33.752000000000002444
0.525212181727408245,-1.000000000000000000,33.838000000000000966
0.676485272091863266,-1.000000000000000000,33.966999999999998749
0.795806290564153640,1.000000000000000000,34.049999999999997158
0.862705941088371286,1.000000000000000000,34.164000000000001478
0.817274088866706494,1.000000000000000000,34.231000000000001648
0.763354967548680818,2.000000000000000000,34.351999999999996760
0.659011482775840207,2.000000000000000000,34.448999999999998067
0.670743884173734983,2.000000000000000000,34.567000000000000171
0.797054418372440177,2.000000000000000000,34.655999999999998806
0.933349975037438107,1.000000000000000000,34.768999999999998352
0.905641537693455900,1.000000000000000000,34.834000000000003183
0.830753869196203087,-1.000000000000000000,34.951000000000000512
0.707438841737390023,-1.000000000000000000,35.051999999999999602
0.639540688966545146,-1.000000000000000000,35.167000000000001592
0.713180229655514752,0.000000000000000000,35.256000000000000227
0.818522216674985925,0.000000000000000000,35.366999999999997328
0.958312531203195039,0.000000000000000000,35.473999999999996646
0.905391912131807031,0.000000000000000000,35.579000000000000625
0.741138292561160039,0.000000000000000000,35.642000000000003013
0.601347978032951147,-1.000000000000000000,35.765000000000000568
0.515726410384423684,-1.000000000000000000,35.856999999999999318
0.639291063404889170,-1.000000000000000000,35.976999999999996760
0.739390913629554669,-1.000000000000000000,36.064000000000000057
0.767848227658508131,-1.000000000000000000,36.183999999999997499
0.716175736395403328,-1.000000000000000000,36.241999999999997328
0.490264603095358575,-1.000000000000000000,36.371000000000002217
0.293809286070894737,-1.000000000000000000,36.463000000000000966
0.136295556665003259,-1.000000000000000000,36.575000000000002842
0.222915626560154179,1.000000000000000000,36.664999999999999147
0.451073389915126910,1.000000000000000000,36.783999999999998920
0.501997004493264010,1.000000000000000000,36.871000000000002217
0.429106340489272764,1.000000000000000000,36.996999999999999886
0.315027458811788286,1.000000000000000000,37.054000000000002046
0.131552670993512866,-1.000000000000000000,37.179999999999999716
0.083125312031952392,-1.000000000000000000,37.265000000000000568
0.126060908637047664,-1.000000000000000000,37.387999999999998124
0.299051422865700633,1.000000000000000000,37.476999999999996760
0.497503744383418711,1.000000000000000000,37.603999999999999204
0.485272091862205102,1.000000000000000000,37.645000000000003126
0.284274471903904979,1.000000000000000000,37.774999999999998579
-0.042081784386624244,-1.000000000000000000,37.866999999999997328
-0.056649870209192987,-1.000000000000000000,37.987999999999999545
0.152542372881357746,1.000000000000000000,38.073999999999998067
0.257517594369806480,1.000000000000000000,38.195000000000000284
0.395615514333898854,1.000000000000000000,38.284999999999996589
0.376053962900506189,1.000000000000000000,38.411000000000001364
0.193929173693088819,-1.000000000000000000,38.457999999999998408
-0.043170320404720797,-1.000000000000000000,38.584000000000003183
-0.121079258010121760,-1.000000000000000000,38.673999999999999488
0.113322091062390884,-1.000000000000000000,38.786999999999999034
0.361888701517707467,1.000000000000000000,38.875999999999997669
0.541989881956157049,1.000000000000000000,39.012000000000000455
0.421247892074199770,1.000000000000000000,39.055999999999997385
0.132546374367623843,1.000000000000000000,39.182000000000002160
-0.120741989881957279,1.000000000000000000,39.268999999999998352
-0.107925801011806821,1.000000000000000000,39.392000000000003013
0.132883642495783549,1.000000000000000000,39.475000000000001421
0.394940978077569893,1.000000000000000000,39.603999999999999204
0.678583473861721354,1.000000000000000000,39.698999999999998067
0.553794266441818728,-1.000000000000000000,39.811999999999997613
0.260033726812813670,-1.000000000000000000,39.868000000000002103
0.011467116357506857,-1.000000000000000000,39.991999999999997328
-0.088026981450249786,-1.000000000000000000,40.087000000000003297
0.012141652613830933,1.000000000000000000,40.201000000000000512
0.291399662731868014,1.000000000000000000,40.284999999999996589
0.435413153456998714,1.000000000000000000,40.415999999999996817
0.375379426644182113,-1.000000000000000000,40.462000000000003297
0.084654300168628627,-1.000000000000000000,40.591999999999998749
-0.069814502529510380,-1.000000000000000000,40.677999999999997272
-0.271500843170320527,-1.000000000000000000,40.801999999999999602
-0.169983136593591211,1.000000000000000000,40.887999999999998124
0.138954468802696685,1.000000000000000000,41.015999999999998238
0.422934232715007852,1.000000000000000000,41.076999999999998181
0.544688026981444251,-1.000000000000000000,41.222000000000001307
0.438111298482285916,-1.000000000000000000,41.286999999999999034
0.269477234401342969,-1.000000000000000000,41.393000000000000682
0.258347386172005589,-1.000000000000000000,41.496999999999999886
0.315008431703205805,-1.000000000000000000,41.610999999999997101
0.470151770657673884,1.000000000000000000,41.704999999999998295
0.515682967959532057,1.000000000000000000,41.814999999999997726
0.445193929173692604,-1.000000000000000000,41.889000000000002899
0.316357504215849517,-1.000000000000000000,41.996999999999999886
0.037099494097802888,-1.000000000000000000,42.091999999999998749
-0.272849915682968902,-1.000000000000000000,42.210999999999998522
-0.339966273187182533,1.000000000000000000,42.308999999999997499
-0.206745362563234503,1.000000000000000000,42.414999999999999147
-0.234738617200672461,1.000000000000000000,42.479999999999996874
-0.263406408094429945,-1.000000000000000000,42.630000000000002558
-0.451602023608765335,-1.000000000000000000,42.695999999999997954
-0.516694772344015840,-1.000000000000000000,42.817000000000000171
-0.551770657672850939,-1.000000000000000000,42.905999999999998806
-0.488701517706582655,1.000000000000000000,43.015999999999998238
-0.329510961214169229,1.000000000000000000,43.115000000000001990
-0.167959527824618648,1.000000000000000000,43.225999999999999091
-0.076897133220912295,1.000000000000000000,43.293999999999996930
-0.073524451939296021,-1.000000000000000000,43.418999999999996930
-0.135919055649240117,-1.000000000000000000,43.500999999999997669
-0.168634064080942836,-1.000000000000000000,43.628000000000000114
-0.091399662731875608,-1.000000000000000000,43.710999999999998522
0.114671163575039481,-1.000000000000000000,43.832000000000000739
0.069139966273191078,-1.000000000000000000,43.895000000000003126
-0.052951096121419461,-1.000000000000000000,44.037999999999996703
-0.130185497470491462,-1.000000000000000000,44.100000000000001421
-0.324789207419894921,-1.000000000000000000,44.229999999999996874
-0.400674536256328095,-1.000000000000000000,44.313000000000002387
-0.382124789207424209,0.000000000000000000,44.436999999999997613
-0.296121416526142212,0.000000000000000000,44.520000000000003126
-0.283305227655991865,0.000000000000000000,44.649000000000000909
-0.258347386172010363,0.000000000000000000,44.695000000000000284
-0.322091062394607608,0.000000000000000000,44.829000000000000625
-0.432715008431701742,0.000000000000000000,44.917999999999999261
-0.367284991568296304,1.000000000000000000,45.042999999999999261
-0.175379426644180159,1.000000000000000000,45.121000000000002217
-0.004384485666100169,1.000000000000000000,45.250999999999997669
0.170994940978079990,1.000000000000000000,45.298999999999999488
0.254300168634065127,1.000000000000000000,45.454000000000000625
0.294772344013493726,1.000000000000000000,45.512000000000000455
0.075210792580104213,-1.000000000000000000,45.637999999999998124
0.033052276559867311,-1.000000000000000000,45.722999999999998977
0.025632377740305579,1.000000000000000000,45.850999999999999091
0.058684654300172889,1.000000000000000000,45.933999999999997499
0.137942664418212679,1.000000000000000000,46.055999999999997385
0.221247892074192931,1.000000000000000000,46.104999999999996874
0.167959527824623311,-1.000000000000000000,46.225999999999999091
0.007082630691397140,-1.000000000000000000,46.326000000000000512
-0.071500843170328121,-1.000000000000000000,46.441000000000002501
-0.182799325463746443,-1.000000000000000000,46.539000000000001478
-0.142460524032618774,-1.000000000000000000,46.664000000000001478
0.020301926080168675,-1.000000000000000000,46.706000000000003070
0.137601943432238860,0.000000000000000000,46.832000000000000739
0.125802533402747496,0.000000000000000000,46.921999999999997044
0.087627971542600269,0.000000000000000000,47.045000000000001705
0.005726184279023716,0.000000000000000000,47.130000000000002558
-0.127537740760015561,0.000000000000000000,47.256000000000000227
-0.033142460524025585,1.000000000000000000,47.335999999999998522
0.113656081901787775,1.000000000000000000,47.463999999999998636
0.208745445080689818,1.000000000000000000,47.518999999999998352
0.254901960784314152,1.000000000000000000,47.652000000000001023
0.211868818323786900,-1.000000000000000000,47.732999999999996987
0.033489501995489057,-1.000000000000000000,47.845999999999996533
-0.084851639770951892,1.000000000000000000,47.935999999999999943
-0.067846607669617143,1.000000000000000000,48.064000000000000057
0.042165538781888223,1.000000000000000000,48.113999999999997215
0.095609925386082484,1.000000000000000000,48.238999999999997215
0.106021169529764370,1.000000000000000000,48.323999999999998067
-0.005726184279018831,1.000000000000000000,48.450000000000002842
-0.149054311990281518,1.000000000000000000,48.543999999999996930
-0.246572965469373573,1.000000000000000000,48.661999999999999034
-0.330209960090227961,1.000000000000000000,48.753999999999997783
-0.225750477182024567,1.000000000000000000,48.871000000000002217
-0.060558736769047217,1.000000000000000000,48.942999999999997840
-0.089786979892494623,-1.000000000000000000,49.043999999999996930
-0.108500895878954839,-1.000000000000000000,49.137999999999998124
-0.225960581325904020,-1.000000000000000000,49.262999999999998124
-0.273342623929925033,-1.000000000000000000,49.348999999999996646
-0.237905634083222517,1.000000000000000000,49.468000000000003524
-0.267370097551265840,1.000000000000000000,49.521000000000000796
-0.095759506271159478,1.000000000000000000,49.654000000000003467
0.000995421063106017,-1.000000000000000000,49.741999999999997328
0.123233127612973670,-1.000000000000000000,49.859999999999999432
-0.007764284292259283,-1.000000000000000000,49.959000000000003183
-0.102130201075059990,-1.000000000000000000,50.067999999999997840
-0.261795739597859289,1.000000000000000000,50.159999999999996589
-0.258610392195900540,1.000000000000000000,50.277999999999998693
-0.232717458999372351,1.000000000000000000,50.344000000000001194
-0.160714285714293248,1.000000000000000000,50.463999999999998636
-0.033536585365853577,-1.000000000000000000,50.557999999999999829
-0.043554006968644421,-1.000000000000000000,50.671999999999997044
-0.066202090592333729,-1.000000000000000000,50.768999999999998352
-0.148083623693376132,-1.000000000000000000,50.877000000000002444
-0.221689895470380538,-1.000000000000000000,50.936999999999997613
-0.198170731707317804,1.000000000000000000,51.067999999999997840
-0.205139372822298660,1.000000000000000000,51.152000000000001023
-0.055313588850175788,1.000000000000000000,51.277999999999998693
-0.025261324041815691,1.000000000000000000,51.360999999999997101
-0.176829268292685304,-1.000000000000000000,51.485999999999997101
-0.374564459930307070,-1.000000000000000000,51.579000000000000625
-0.494773519163759667,-1.000000000000000000,51.692000000000000171
-0.433362369337982667,-1.000000000000000000,51.753000000000000114
-0.506968641114980856,1.000000000000000000,51.881000000000000227
-0.416811846689894572,1.000000000000000000,51.968000000000003524
-0.434233449477355982,1.000000000000000000,52.085999999999998522
-0.402439024390249145,1.000000000000000000,52.171999999999997044
-0.334930313588852280,-1.000000000000000000,52.295000000000001705
-0.430749128919856283,-1.000000000000000000,52.344999999999998863
-0.476480836236931049,-1.000000000000000000,52.463999999999998636
-0.288763066202087693,1.000000000000000000,52.554000000000002046
-0.149825783972122872,1.000000000000000000,52.676999999999999602
-0.084059233449472637,1.000000000000000000,52.776000000000003354
-0.038763066202087693,1.000000000000000000,52.896999999999998465
0.139808362369344463,-1.000000000000000000,52.984000000000001762
-0.007839721254354282,-1.000000000000000000,53.104999999999996874
0.031794425087112943,-1.000000000000000000,53.156999999999996476
-0.004790940766544294,-1.000000000000000000,53.280999999999998806
-0.008275261324043992,1.000000000000000000,53.378000000000000114
-0.070121951219510925,1.000000000000000000,53.499000000000002331
-0.021777003484315993,1.000000000000000000,53.582000000000000739
-0.189459930313590097,1.000000000000000000,53.703000000000002956
-0.246515679442506519,1.000000000000000000,53.753000000000000114
-0.469947735191639904,-1.000000000000000000,53.884999999999998010
-0.709059233449475745,-1.000000000000000000,53.963000000000000966
-1.000000000000000000,1.000000000000000000,54.106999999999999318
-0.942596216568819423,1.000000000000000000,54.179000000000002046
-1.000000000000000000,1.000000000000000000,54.307000000000002160
-1.000000000000000000,1.000000000000000000,54.395000000000003126
-1.000000000000000000,1.000000000000000000,54.506999999999997897
-1.000000000000000000,-1.000000000000000000,54.564999999999997726
-1.000000000000000000,-1.000000000000000000,54.698999999999998067
-1.000000000000000000,-1.000000000000000000,54.786999999999999034
-1.000000000000000000,1.000000000000000000,54.893000000000000682
-0.908200290275751998,1.000000000000000000,54.994999999999997442
-0.687227866473139493,1.000000000000000000,55.107999999999996987
-0.609579100145129615,1.000000000000000000,55.167000000000001592
-0.740203193033374784,-1.000000000000000000,55.296999999999997044
-0.834179970972417917,-1.000000000000000000,55.375000000000000000
-0.914005805515238468,-1.000000000000000000,55.503000000000000114
-0.894775036284469749,-1.000000000000000000,55.595999999999996533
-0.764513788098694747,1.000000000000000000,55.710000000000000853
-0.598330914368652822,1.000000000000000000,55.799999999999997158
-0.568214804063856826,1.000000000000000000,55.917999999999999261
-0.797169811320750821,-1.000000000000000000,55.978000000000001535
-1.000000000000000000,-1.000000000000000000,56.110999999999997101
-1.000000000000000000,-1.000000000000000000,56.185999999999999943
-1.000000000000000000,-1.000000000000000000,56.301999999999999602
-0.941275424376821435,1.000000000000000000,56.395000000000003126
-0.750114696436760542,1.000000000000000000,56.518000000000000682
-0.687413977672432841,2.000000000000000000,56.591000000000001080
-0.807004129071722143,2.000000000000000000,56.692999999999997840
-0.917112708365193985,2.000000000000000000,56.789999999999999147
-1.000000000000000000,2.000000000000000000,56.908999999999998920
-0.937837443455420416,2.000000000000000000,56.996999999999999886
-0.682182985553768551,2.000000000000000000,57.115999999999999659
-0.393258426966285102,2.000000000000000000,57.204000000000000625
-0.247920618707130336,2.000000000000000000,57.326999999999998181
-0.242375601926161144,-1.000000000000000000,57.395000000000003126
-0.256092222384348922,-1.000000000000000000,57.509000000000000341
-0.409017948343790017,-1.000000000000000000,57.609999999999999432
-0.298993141689767428,1.000000000000000000,57.715000000000003411
-0.167080110900338474,1.000000000000000000,57.802999999999997272
-0.015905442871735898,1.000000000000000000,57.920999999999999375
0.042171311834230174,1.000000000000000000,57.988999999999997215
-0.037793667007154808,-1.000000000000000000,58.109999999999999432
-0.179045673427700280,-1.000000000000000000,58.200000000000002842
-0.371662045819349030,-1.000000000000000000,58.311999999999997613
-0.371370202830878626,-1.000000000000000000,58.417000000000001592
-0.245585874799355341,-1.000000000000000000,58.529000000000003467
-0.096162264701582956,1.000000000000000000,58.624000000000002331
0.008609368159932407,-1.000000000000000000,58.740000000000001990
-0.174959871589078442,-1.000000000000000000,58.810000000000002274
-0.268933313877134150,-1.000000000000000000,58.926999999999999602
-0.409017948343785798,-1.000000000000000000,59.017000000000003013
-0.409601634320738928,-1.000000000000000000,59.130000000000002558
-0.207354443309499259,-1.000000000000000000,59.213000000000000966
-0.055887932292426390,1.000000000000000000,59.344000000000001194
0.064643221946589779,1.000000000000000000,59.401000000000003354
0.073982197577702191,-1.000000000000000000,59.529000000000003467
-0.055304246315481587,-1.000000000000000000,59.615000000000001990
-0.157741135269226174,-1.000000000000000000,59.734999999999999432
-0.188968335035749058,0.000000000000000000,59.823000000000000398
-0.034291551145481991,0.000000000000000000,59.948999999999998067
0.054428717350066602,0.000000000000000000,60.036000000000001364
0.120677075733251371,0.000000000000000000,60.159999999999996589
0.056179775280896793,-1.000000000000000000,60.216000000000001080
-0.155698234349921472,-1.000000000000000000,60.338000000000000966
-0.350065664672404520,-1.000000000000000000,60.432999999999999829
-0.413395593170869602,1.000000000000000000,60.545999999999999375
-0.318838464905877528,1.000000000000000000,60.631999999999997897
-0.119801546767836165,1.000000000000000000,60.753999999999997783
-0.138479498030056658,1.000000000000000000,60.807000000000002160
-0.219611848825331357,1.000000000000000000,60.938000000000002387
-0.360572012257402319,-1.000000000000000000,61.030999999999998806
-0.479352108565596513,-1.000000000000000000,61.148000000000003240
-0.486648183277395896,-1.000000000000000000,61.228999999999999204
-0.316211878009632241,1.000000000000000000,61.359000000000001762
-0.107835984240482685,1.000000000000000000,61.442999999999997840
-0.041587625857289590,-1.000000000000000000,61.567999999999997840
-0.009776740113821902,-1.000000000000000000,61.618000000000002103
-0.208521815263388755,-1.000000000000000000,61.744999999999997442
-0.410477163286154023,-1.000000000000000000,61.832999999999998408
-0.414854808113237827,-1.000000000000000000,61.963999999999998636
-0.224573179629359854,-1.000000000000000000,62.043999999999996930
-0.085655917116589375,-1.000000000000000000,62.164000000000001478
0.071063767692982394,-1.000000000000000000,62.215000000000003411
0.118342331825484592,-1.000000000000000000,62.335000000000000853
-0.068145337808254269,-1.000000000000000000,62.432000000000002160
-0.270976214796438741,-1.000000000000000000,62.546999999999997044
-0.212607617101993940,-1.000000000000000000,62.637000000000000455
-0.115715744929222764,1.000000000000000000,62.764000000000002899
0.030205749306872587,1.000000000000000000,62.854999999999996874
0.116883116883120586,1.000000000000000000,62.978000000000001535
0.146067415730338768,1.000000000000000000,63.026000000000003354
-0.061724792061869982,-1.000000000000000000,63.152999999999998693
-0.187509120093389159,-1.000000000000000000,63.235999999999997101
-0.277980446519771940,1.000000000000000000,63.350000000000001421
-0.190135706989642772,1.000000000000000000,63.454999999999998295
0.018240186779515000,1.000000000000000000,63.579000000000000625
0.099080694586310969,1.000000000000000000,63.628000000000000114
-0.022325988618124293,-1.000000000000000000,63.753000000000000114
-0.166496424923393671,-1.000000000000000000,63.835999999999998522
-0.315044506055746854,-1.000000000000000000,63.954999999999998295
-0.321756894790601433,-1.000000000000000000,64.051000000000001933
-0.220195534802276160,1.000000000000000000,64.174999999999997158
-0.076900627462421878,1.000000000000000000,64.260000000000005116
-0.008901211148402699,1.000000000000000000,64.385000000000005116
0.008317525171458007,-1.000000000000000000,64.436999999999997613
-0.196848095724497352,-1.000000000000000000,64.558999999999997499
-0.409017948343790017,-1.000000000000000000,64.643000000000000682
-0.357653582372682521,1.000000000000000000,64.763999999999995794
-0.174084342623663346,1.000000000000000000,64.859999999999999432
-0.082153801254924885,1.000000000000000000,64.990999999999999659
0.099080694586319407,1.000000000000000000,65.040999999999996817
0.122719976652568397,1.000000000000000000,65.164000000000001478
-0.083613016197276457,-1.000000000000000000,65.259000000000000341
-0.228658981467965039,-1.000000000000000000,65.364999999999994884
-0.183715161243250158,-1.000000000000000000,65.486999999999994770
-0.090617247920617983,1.000000000000000000,65.579999999999998295
0.110170728148257790,1.000000000000000000,65.668999999999996930
0.179921202393119595,1.000000000000000000,65.789000000000001478
0.066102436888953786,-1.000000000000000000,65.855999999999994543
-0.133518167226032269,-1.000000000000000000,65.966999999999998749
-0.279439661462131839,-1.000000000000000000,66.063000000000002387
-0.390631840070039815,0.000000000000000000,66.180999999999997385
-0.315336349044217146,0.000000000000000000,66.266000000000005343
-0.126222092514232886,0.000000000000000000,66.388999999999995794
-0.051802130453821205,0.000000000000000000,66.457999999999998408
-0.176710929519925286,0.000000000000000000,66.584999999999993747
-0.311834233182548437,-1.000000000000000000,66.662999999999996703
-0.517291697066978196,-1.000000000000000000,66.792000000000001592
-0.481395009484892888,-1.000000000000000000,66.873000000000004661
-0.409601634320734820,1.000000000000000000,66.992999999999994998
-0.230701882387269741,1.000000000000000000,67.088999999999998636
-0.098788851597836569,-1.000000000000000000,67.197000000000002728
-0.151612432511303852,-1.000000000000000000,67.265000000000000568
-0.349773821683930120,-1.000000000000000000,67.385999999999995680
-0.482270538450312203,-1.000000000000000000,67.471999999999994202
-0.443455420983511317,-1.000000000000000000,67.602999999999994429
-0.271851743761858056,1.000000000000000000,67.679000000000002046
-0.190135706989638664,1.000000000000000000,67.811000000000007049
0.006858310229097997,1.000000000000000000,67.861000000000004206
0.034583394133956391,1.000000000000000000,67.989000000000004320
-0.042171311834234393,-1.000000000000000000,68.079999999999998295
-0.218152633882967351,-1.000000000000000000,68.197999999999993292
-0.337808259156568313,-1.000000000000000000,68.289000000000001478
-0.277688603531297540,1.000000000000000000,68.408000000000001251
-0.073690354589231788,1.000000000000000000,68.498999999999995225
0.048883700569093191,1.000000000000000000,68.614000000000004320
0.002772508390488815,-1.000000000000000000,68.671999999999997044
-0.152779804465197566,-1.000000000000000000,68.796999999999997044
-0.285276521231579649,-1.000000000000000000,68.888000000000005230
-0.450751495695314808,-1.000000000000000000,69.003000000000000114
-0.497154530862397803,1.000000000000000000,69.102999999999994429
-0.299576827666716339,1.000000000000000000,69.218999999999994088
-0.157449292280755881,1.000000000000000000,69.266000000000005343
-0.071355610681452686,1.000000000000000000,69.391999999999995907
-0.023201517583535280,-1.000000000000000000,69.484999999999999432
-0.199474682620746746,-1.000000000000000000,69.605999999999994543
-0.375456004669483812,-1.000000000000000000,69.697999999999993292
-0.420691667882673204,-1.000000000000000000,69.819000000000002615
-0.370494673865455315,1.000000000000000000,69.906999999999996476
-0.198890996643806162,1.000000000000000000,70.031000000000005912
-0.148694002626584165,1.000000000000000000,70.075999999999993406
-0.219028162848382446,-1.000000000000000000,70.206999999999993634
-0.369035458923095416,-1.000000000000000000,70.299000000000006594
-0.456880198453224584,-1.000000000000000000,70.409000000000006025
-0.493360572012250476,-1.000000000000000000,70.489000000000004320
-0.509411936378221686,1.000000000000000000,70.623999999999995225
-0.446957536845167480,1.000000000000000000,70.676000000000001933
-0.368743615934616797,1.000000000000000000,70.807000000000002160
-0.275062016635039819,1.000000000000000000,70.882000000000005002
-0.357945425361152925,-1.000000000000000000,71.010999999999995680
-0.483437910404197591,-1.000000000000000000,71.093000000000003524
-0.494236100977669790,-1.000000000000000000,71.222999999999998977
-0.398511600758788109,-1.000000000000000000,71.308000000000006935
-0.364365971107541320,-1.000000000000000000,71.433000000000006935
-0.219611848825331357,1.000000000000000000,71.486000000000004206
-0.182255946300886151,1.000000000000000000,71.608999999999994657
-0.170874069750473367,-1.000000000000000000,71.700000000000002842
-0.241791915949220559,-1.000000000000000000,71.819999999999993179
-0.337516416168102129,-1.000000000000000000,71.918999999999996930
-0.329636655479349727,-1.000000000000000000,72.018000000000000682
-0.128848679410478173,-1.000000000000000000,72.088999999999998636
-0.037209981030201678,1.000000000000000000,72.204999999999998295
0.100831752517149598,1.000000000000000000,72.299999999999997158
0.128848679410478173,-1.000000000000000000,72.424000000000006594
0.051218444476872182,-1.000000000000000000,72.506000000000000227
-0.152779804465193458,-1.000000000000000000,72.637000000000000455
-0.231285568364214433,-1.000000000000000000,72.719999999999998863
-0.247045089741711132,1.000000000000000000,72.837000000000003297
-0.111338100102138959,1.000000000000000000,72.909000000000006025
0.100539909528683413,1.000000000000000000,73.021000000000000796
0.052385816430770227,1.000000000000000000,73.106999999999999318
-0.003162174371324156,2.000000000000000000,73.230000000000003979
-0.070279146141213888,2.000000000000000000,73.313999999999992951
-0.271921182266008254,2.000000000000000000,73.438000000000002387
-0.326108374384230237,2.000000000000000000,73.503000000000000114
-0.175697865353036997,1.000000000000000000,73.618999999999999773
0.000000000000000000,1.000000000000000000,73.715999999999993975
0.177011494252883095,-1.000000000000000000,73.828000000000002956
0.220042854788202957,-1.000000000000000000,73.923000000000001819
0.185099719795616346,-1.000000000000000000,74.037000000000006139
0.079281358167134330,-1.000000000000000000,74.103999999999999204
0.088511620240647959,-1.000000000000000000,74.250000000000000000
0.204549200593370895,-1.000000000000000000,74.310000000000002274
0.351903741552652694,0.000000000000000000,74.432000000000002160
0.536838635239816897,0.000000000000000000,74.527000000000001023
0.517059502225148737,0.000000000000000000,74.637000000000000455
0.483434976100207692,0.000000000000000000,74.737999999999999545
0.434646447997362406,0.000000000000000000,74.843999999999994088
0.315971649909343899,1.000000000000000000,74.912999999999996703
0.402340530740066704,1.000000000000000000,75.034000000000006025
0.467941321905389618,1.000000000000000000,75.123000000000004661
0.502225152464153446,-1.000000000000000000,75.242000000000004434
0.503873413548707960,-1.000000000000000000,75.334000000000003183
0.403988791824625881,-1.000000000000000000,75.462999999999993861
0.368716004615134985,-1.000000000000000000,75.501999999999995339
0.240810944453602849,1.000000000000000000,75.647999999999996135
0.316301302126252848,1.000000000000000000,75.722999999999998977
0.368716004615130322,1.000000000000000000,75.849999999999994316
0.486731498269321383,1.000000000000000000,75.938000000000002387
0.492665238173726205,1.000000000000000000,76.061999999999997613
0.380583484423925755,1.000000000000000000,76.135999999999995680
0.208175374979393535,1.000000000000000000,76.263999999999995794
0.176858414372839112,1.000000000000000000,76.316999999999993065
0.287621559254984671,1.000000000000000000,76.442999999999997840
0.308389648920389448,1.000000000000000000,76.536000000000001364
0.394099225317289470,1.000000000000000000,76.659999999999996589
0.460359320916435166,2.000000000000000000,76.746999999999999886
0.321575737596830225,2.000000000000000000,76.864000000000004320
0.134992582825116170,2.000000000000000000,76.917000000000001592
-0.079611010384038616,2.000000000000000000,77.076999999999998181
-0.061809790670834031,1.000000000000000000,77.123000000000004661
-0.031811438931920288,1.000000000000000000,77.254999999999995453
0.160375803527284644,1.000000000000000000,77.332999999999998408
0.193961734246103523,1.000000000000000000,77.469999999999998863
0.127336860670201224,-1.000000000000000000,77.552000000000006708
0.084303350970021951,-1.000000000000000000,77.680000000000006821
-0.004938271604933986,-1.000000000000000000,77.730999999999994543
-0.070546737213401878,0.000000000000000000,77.840000000000003411
0.163668430335100146,0.000000000000000000,77.942999999999997840
0.347795414462082952,0.000000000000000000,78.063000000000002387
0.556613756613763222,-1.000000000000000000,78.147000000000005571
0.523456790123461913,-1.000000000000000000,78.275000000000005684
0.489594356261026320,-1.000000000000000000,78.323999999999998067
0.391181657848331810,-1.000000000000000000,78.492000000000004434
0.388007054673724205,-1.000000000000000000,78.539000000000001478
0.498059964726635052,1.000000000000000000,78.655000000000001137
0.675837742504407535,1.000000000000000000,78.748999999999995225
0.724867724867722441,1.000000000000000000,78.873999999999995225
0.763968481375356889,1.000000000000000000,78.957999999999998408
0.646131805157590167,-1.000000000000000000,79.081999999999993634
0.588825214899709293,-1.000000000000000000,79.138000000000005230
0.567693409742110244,1.000000000000000000,79.251000000000004775
0.687679083094543842,1.000000000000000000,79.349999999999994316
0.871776504297983257,1.000000000000000000,79.468999999999994088
1.000000000000000000,1.000000000000000000,79.557000000000002160
0.998205634308273471,2.000000000000000000,79.685000000000002274
0.868652431365514177,2.000000000000000000,79.739000000000004320
0.705724026556615813,2.000000000000000000,79.858999999999994657
0.739099228422759769,2.000000000000000000,79.947999999999993292
0.839224834021176758,2.000000000000000000,80.063000000000002387
1.000000000000000000,1.000000000000000000,80.155000000000001137
1.000000000000000000,-1.000000000000000000,80.289000000000001478
0.869309591802452042,-1.000000000000000000,80.373000000000004661
0.798084999160084019,-1.000000000000000000,80.493999999999999773
0.627414748866119254,-1.000000000000000000,80.557000000000002160
0.591802452544937685,-1.000000000000000000,80.673000000000001819
0.695615655971778768,1.000000000000000000,80.760000000000005116
0.886779774903411200,1.000000000000000000,80.884000000000000341
0.930791197715440832,1.000000000000000000,80.974999999999994316
0.821266588274823794,1.000000000000000000,81.085999999999998522
0.759113052242566866,1.000000000000000000,81.150000000000005684
0.476566437090544914,1.000000000000000000,81.277000000000001023
0.367713757769191130,1.000000000000000000,81.368999999999999773
0.408029564925248778,1.000000000000000000,81.471000000000003638
0.452376952796910148,1.000000000000000000,81.569000000000002615
0.553166470687047607,-1.000000000000000000,81.692999999999997840
0.428523433562907119,-1.000000000000000000,81.783000000000001251
0.364354107172850883,-1.000000000000000000,81.902000000000001023
0.061649588442802328,-1.000000000000000000,81.968000000000003524
-0.104317151016291021,-1.000000000000000000,82.084999999999993747
-0.044515370401479459,1.000000000000000000,82.171999999999997044
0.061313623383170590,1.000000000000000000,82.289000000000001478
0.218881236351420538,1.000000000000000000,82.387000000000000455
0.303544431379134894,-1.000000000000000000,82.498000000000004661
0.347891819250800927,-1.000000000000000000,82.558999999999997499
0.309591802452542364,-1.000000000000000000,82.691000000000002501
0.106668906433731392,-1.000000000000000000,82.777000000000001023
0.175205778599027306,-1.000000000000000000,82.894999999999996021
0.272971610952461141,1.000000000000000000,82.984999999999999432
0.498068200907107350,1.000000000000000000,83.102000000000003865
0.591130522425669769,-1.000000000000000000,83.191999999999993065
0.519233999664038270,-1.000000000000000000,83.307000000000002160
0.357634805980185044,-1.000000000000000000,83.382000000000005002
0.331765496388377823,-1.000000000000000000,83.495999999999995111
0.199395262892662073,-1.000000000000000000,83.587000000000003297
0.269611960356125779,1.000000000000000000,83.706000000000003070
0.339492692759957748,1.000000000000000000,83.798000000000001819
0.479254157567617023,-1.000000000000000000,83.912000000000006139
0.429531328741816321,-1.000000000000000000,83.974999999999994316
0.345876028893001619,-1.000000000000000000,84.099999999999994316
0.138249622039314568,-1.000000000000000000,84.188000000000002387
0.157399630438436633,-1.000000000000000000,84.304000000000002046
0.279690912145136528,1.000000000000000000,84.397000000000005571
0.369057618007722299,1.000000000000000000,84.525000000000005684
0.442298001007889630,1.000000000000000000,84.602000000000003865
0.519233999664028723,-1.000000000000000000,84.728999999999999204
0.317654963883749142,-1.000000000000000000,84.778999999999996362
0.134218041323706405,-1.000000000000000000,84.908000000000001251
0.087182932974972926,-1.000000000000000000,84.992000000000004434
0.077439946245584146,1.000000000000000000,85.114999999999994884
0.144296993112717153,1.000000000000000000,85.210999999999998522
0.212497900218367120,1.000000000000000000,85.331999999999993634
0.220225096589951930,-1.000000000000000000,85.376999999999995339
0.030404837896860437,-1.000000000000000000,85.501999999999995339
-0.131530320846634186,-1.000000000000000000,85.590000000000003411
-0.335461112044349585,-1.000000000000000000,85.715000000000003411
-0.344196203594829164,1.000000000000000000,85.799999999999997158
-0.274987401310260449,1.000000000000000000,85.930999999999997385
-0.188980346044014813,1.000000000000000000,86.007999999999995566
-0.158071560557704660,1.000000000000000000,86.140000000000000568
-0.117083823282378763,-1.000000000000000000,86.179000000000002046
-0.198723332773384498,-1.000000000000000000,86.314999999999997726
-0.170838232823782854,-1.000000000000000000,86.400000000000005684
-0.157063665378800232,1.000000000000000000,86.516999999999995907
-0.077439946245588920,1.000000000000000000,86.615999999999999659
0.031076768016128353,2.000000000000000000,86.739999999999994884
0.100957500419955659,2.000000000000000000,86.787000000000006139
0.104317151016295684,2.000000000000000000,86.912000000000006139
0.148328573828325316,2.000000000000000000,86.998999999999995225
0.186628590626579216,2.000000000000000000,87.121999999999999886
0.178565429195367553,2.000000000000000000,87.209999999999993747
0.202082983369729519,2.000000000000000000,87.334000000000003183
0.167142617167815866,2.000000000000000000,87.427000000000006708
0.133882076264074668,2.000000000000000000,87.540000000000006253
0.140601377456750276,2.000000000000000000,87.593999999999994088
0.194691752057790657,2.000000000000000000,87.728999999999999204
0.216865445993621231,-1.000000000000000000,87.808000000000006935
0.272971610952465804,-1.000000000000000000,87.932000000000002160
0.210482109860577360,-1.000000000000000000,88.021000000000000796
0.180917184612803261,1.000000000000000000,88.134000000000000341
0.249790021837730913,1.000000000000000000,88.200999999999993406
0.204770703846796742,1.000000000000000000,88.317999999999997840
0.199059297833021009,-1.000000000000000000,88.403999999999996362
0.236687384512011434,-1.000000000000000000,88.528000000000005798
0.277003191668064419,-1.000000000000000000,88.620000000000004547
0.215521585755075629,-1.000000000000000000,88.736000000000004206
0.269611960356120894,-1.000000000000000000,88.834999999999993747
0.351923399966404205,-1.000000000000000000,88.956000000000003070
0.305560221736934201,1.000000000000000000,89.016999999999995907
0.338148832521412146,1.000000000000000000,89.138000000000005230
0.229632118259699425,1.000000000000000000,89.230999999999994543
0.021333781286749121,1.000000000000000000,89.335999999999998522
0.056274147488657889,1.000000000000000000,89.427000000000006708
-0.000167982529813426,1.000000000000000000,89.549000000000006594
-0.014278515034437222,1.000000000000000000,89.600999999999999091
-0.055602217369394746,1.000000000000000000,89.737999999999999545
-0.009575004199565806,1.000000000000000000,89.825999999999993406
-0.091214513690571541,1.000000000000000000,89.941000000000002501
-0.183604905089875370,1.000000000000000000,90.031000000000005912
-0.125482949773226715,1.000000000000000000,90.162000000000006139
-0.150680329245756361,1.000000000000000000,90.233999999999994657
0.049554846295982502,1.000000000000000000,90.352999999999994429
0.162439106332944450,1.000000000000000000,90.415999999999996817
0.180581219553166861,-1.000000000000000000,90.539000000000001478
0.209474214681673043,-1.000000000000000000,90.629000000000004889
0.220561061649583445,-1.000000000000000000,90.753000000000000114
0.229296153200067909,-1.000000000000000000,90.843999999999994088
0.249118091718458112,1.000000000000000000,90.960999999999998522
0.314967243406681918,1.000000000000000000,91.025000000000005684
0.418780446833527886,1.000000000000000000,91.153000000000005798
0.410381320342679823,1.000000000000000000,91.234999999999999432
0.339156727700316463,-1.000000000000000000,91.359999999999999432
0.151016294305392762,-1.000000000000000000,91.450999999999993406
0.189652276163282840,1.000000000000000000,91.572999999999993292
0.149336469007224970,1.000000000000000000,91.647999999999996135
0.248782126658826375,1.000000000000000000,91.775999999999996248
0.331429531328741422,1.000000000000000000,91.826999999999998181
0.307576012094743056,1.000000000000000000,91.960999999999998522
0.279018982025868612,-1.000000000000000000,92.046999999999997044
0.121787334117245294,-1.000000000000000000,92.159999999999996589
0.045523265580374339,-1.000000000000000000,92.251000000000004775
0.004535528305058101,1.000000000000000000,92.378000000000000114
0.197043507475231250,1.000000000000000000,92.424999999999997158
0.397614648076596744,1.000000000000000000,92.555999999999997385
0.329413740970942115,1.000000000000000000,92.647000000000005571
0.347891819250800927,-1.000000000000000000,92.771000000000000796
0.256509323030411185,-1.000000000000000000,92.855999999999994543
0.206450529144974082,-1.000000000000000000,92.972999999999998977
0.350579539727873035,1.000000000000000000,93.063999999999992951
0.460440114228121589,1.000000000000000000,93.188000000000002387
0.647236687384514342,1.000000000000000000,93.240999999999999659
0.654963883756089382,1.000000000000000000,93.367000000000004434
0.672434066857048540,-1.000000000000000000,93.450000000000002842
0.583403326054089622,-1.000000000000000000,93.578999999999993520
0.450697127498737693,-1.000000000000000000,93.665000000000006253
0.613976146480768259,-1.000000000000000000,93.787999999999996703
0.775911305224258108,-1.000000000000000000,93.834999999999993747
0.845456072568453676,1.000000000000000000,93.965000000000003411
0.916680665210817036,-1.000000000000000000,94.043999999999996930
0.779606920880229870,-1.000000000000000000,94.159999999999996589
0.680161263228628465,-1.000000000000000000,94.266000000000005343
0.590458592306401631,-1.000000000000000000,94.390000000000000568
0.513858558709903601,-1.000000000000000000,94.474999999999994316
0.507811187636491468,1.000000000000000000,94.596999999999994202
0.574912891986066432,1.000000000000000000,94.646000000000000796
0.532483552631578094,1.000000000000000000,94.774000000000000909
0.239357990230282924,1.000000000000000000,94.861000000000004206
0.053733426378220761,-1.000000000000000000,94.983999999999994657
-0.065364038148417292,-1.000000000000000000,95.075999999999993406
-0.044428936962091270,-1.000000000000000000,95.189999999999997726
0.106303791579427820,-1.000000000000000000,95.242999999999994998
0.146778320539647344,1.000000000000000000,95.367999999999994998
0.269597580832744876,-1.000000000000000000,95.460999999999998522
0.292393579902307410,-1.000000000000000000,95.588999999999998636
0.251919050942081224,-1.000000000000000000,95.673000000000001819
0.080716445685047100,-1.000000000000000000,95.793000000000006366
0.054198650849038188,0.000000000000000000,95.885000000000005116
0.247266806234006653,0.000000000000000000,95.995999999999995111
0.257501744591764226,0.000000000000000000,96.052999999999997272
0.346359618515926782,0.000000000000000000,96.171000000000006480
0.331937659920905404,0.000000000000000000,96.272999999999996135
0.207257501744591233,0.000000000000000000,96.390000000000000568
0.083973016980689374,0.000000000000000000,96.471999999999994202
-0.111886485229130583,0.000000000000000000,96.594999999999998863
-0.102581995812981219,0.000000000000000000,96.670000000000001705
0.095138404280068478,0.000000000000000000,96.772999999999996135
0.302163293789260878,0.000000000000000000,96.879999999999995453
0.328215864154459025,1.000000000000000000,96.986999999999994770
0.242614561525938521,1.000000000000000000,97.076999999999998181
0.196092114445218568,1.000000000000000000,97.207999999999998408
0.131425913003024197,1.000000000000000000,97.290000000000006253
-0.083507792509885159,1.000000000000000000,97.412000000000006139
0.057920446615484567,1.000000000000000000,97.468999999999994088
0.237031867876242419,1.000000000000000000,97.587000000000003297
0.244475459409161822,1.000000000000000000,97.691000000000002501
0.139334729006747704,1.000000000000000000,97.799999999999997158
-0.157478483368222233,1.000000000000000000,97.899000000000000909
-0.442661083973009073,1.000000000000000000,98.003000000000000114
-0.391021167713423545,1.000000000000000000,98.072999999999993292
-0.474296347987903322,1.000000000000000000,98.198999999999998067
-0.534775529192840549,1.000000000000000000,98.287999999999996703
-0.531053733426374297,1.000000000000000000,98.411000000000001364
-0.618050709467313775,-1.000000000000000000,98.495999999999995111
-0.730635031402647184,-1.000000000000000000,98.611000000000004206
-0.815305885089559257,-1.000000000000000000,98.704999999999998295
-0.781344498720630942,1.000000000000000000,98.816999999999993065
-0.538962549430104465,1.000000000000000000,98.879999999999995453
-0.405443126308451585,1.000000000000000000,99.001999999999995339
-0.230053500814133671,1.000000000000000000,99.097999999999998977
-0.260293091416608946,-1.000000000000000000,99.218000000000003524
-0.220749011397984418,-1.000000000000000000,99.302999999999997272
-0.311933007676187812,-1.000000000000000000,99.426000000000001933
-0.462200511746909237,-1.000000000000000000,99.474000000000003752
-0.311002558734579493,-1.000000000000000000,99.600999999999999091
-0.274249825540813008,-1.000000000000000000,99.695999999999997954
-0.354733658990454614,-1.000000000000000000,99.816000000000002501
-0.293789253314726495,-1.000000000000000000,99.906000000000005912
-0.547336589904625526,1.000000000000000000,100.027000000000001023
-0.702721563154212525,1.000000000000000000,100.114999999999994884
-0.900907187718073099,1.000000000000000000,100.231999999999999318
-0.965573389160274131,1.000000000000000000,100.287999999999996703
-0.824610374505708510,1.000000000000000000,100.418000000000006366
-0.625029076529422412,1.000000000000000000,100.504999999999995453
-0.503140265177946189,1.000000000000000000,100.629999999999995453
-0.495231449174222682,1.000000000000000000,100.718000000000003524
-0.615259362642475605,1.000000000000000000,100.838999999999998636
-0.672016748080939808,1.000000000000000000,100.885000000000005116
-0.869271923703178739,1.000000000000000000,101.012000000000000455
-0.792509886019996834,1.000000000000000000,101.094999999999998863
-0.498022795999067402,-1.000000000000000000,101.227000000000003865
-0.389625494301004460,-1.000000000000000000,101.316999999999993065
-0.327750639683648148,-1.000000000000000000,101.442999999999997840
-0.599441730635035031,-1.000000000000000000,101.522999999999996135
-0.654803442661080259,-1.000000000000000000,101.646000000000000796
-0.607815771109549541,-1.000000000000000000,101.694000000000002615
-0.676668992789014379,1.000000000000000000,101.822999999999993292
-0.477552919283552257,1.000000000000000000,101.900000000000005684
-0.241684112584323652,1.000000000000000000,102.040000000000006253
-0.137008606652700538,1.000000000000000000,102.123000000000004661
-0.078855547801817139,1.000000000000000000,102.251000000000004775
-0.350081414282393255,1.000000000000000000,102.290999999999996817
-0.304024191672484068,1.000000000000000000,102.421999999999997044
-0.263084438241453666,1.000000000000000000,102.510999999999995680
-0.162595952547107681,1.000000000000000000,102.638000000000005230
-0.179344033496163124,-1.000000000000000000,102.715000000000003411
-0.196092114445218679,-1.000000000000000000,102.843000000000003524
-0.309606885322160408,-1.000000000000000000,102.936999999999997613
-0.596650383810190199,-1.000000000000000000,103.060000000000002274
-0.737148173993951605,-1.000000000000000000,103.102999999999994429
-0.643172830890896829,1.000000000000000000,103.234999999999999432
-0.588741567806460031,1.000000000000000000,103.316999999999993065
-0.420795533845088054,1.000000000000000000,103.438000000000002387
-0.417538962549439119,1.000000000000000000,103.531999999999996476
-0.459874389392888494,1.000000000000000000,103.656000000000005912
-0.408234473133289755,1.000000000000000000,103.706999999999993634
-0.451965573389171538,-1.000000000000000000,103.829999999999998295
-0.489648755524546342,-1.000000000000000000,103.915000000000006253
-0.324028843917201659,-1.000000000000000000,104.043000000000006366
-0.204466154919752952,-1.000000000000000000,104.125000000000000000
-0.202605257036516551,1.000000000000000000,104.253000000000000114
-0.401721330541985333,1.000000000000000000,104.337999999999993861
-0.612468015817637434,1.000000000000000000,104.463999999999998636
-0.627340823970048533,1.000000000000000000,104.522000000000005571
-0.664794007490652206,1.000000000000000000,104.638999999999995794
-0.544007490636714386,1.000000000000000000,104.718999999999994088
-0.440543071161061728,1.000000000000000000,104.855000000000003979
-0.333801498127344498,1.000000000000000000,104.930999999999997385
-0.464419475655435954,1.000000000000000000,105.058000000000006935
-0.630149812734081993,1.000000000000000000,105.118999999999999773
-0.711142322097387147,1.000000000000000000,105.231999999999999318
-0.768726591760302669,1.000000000000000000,105.334999999999993747
-0.624531835206008523,1.000000000000000000,105.444000000000002615
-0.481741573033714343,1.000000000000000000,105.546999999999997044
-0.470505617977533874,1.000000000000000000,105.662999999999996703
-0.599719101123598719,2.000000000000000000,105.746999999999999886
-0.901217228464425313,2.000000000000000000,105.870000000000004547
-1.000000000000000000,2.000000000000000000,105.936000000000007049
-1.000000000000000000,2.000000000000000000,106.058000000000006935
-0.878659312685623473,2.000000000000000000,106.144999999999996021
-0.732286805260930040,2.000000000000000000,106.257000000000005002
-0.670343657191346365,2.000000000000000000,106.361000000000004206
-0.620704285108196974,2.000000000000000000,106.462999999999993861
-0.753075943996615371,-1.000000000000000000,106.534999999999996589
-0.889690284259653241,-1.000000000000000000,106.662000000000006139
-1.000000000000000000,-1.000000000000000000,106.746999999999999886
-0.835895305359366736,-1.000000000000000000,106.867999999999994998
-0.642293311175729631,-1.000000000000000000,106.959000000000003183
-0.503115911923544989,-1.000000000000000000,107.072999999999993292
-0.677191524719558902,-1.000000000000000000,107.135999999999995680
-0.721229746572492392,-1.000000000000000000,107.277000000000001023
-0.773161611965092255,-1.000000000000000000,107.340999999999993975
-0.863315330286644200,-1.000000000000000000,107.469999999999998863
-0.844204403822176985,1.000000000000000000,107.549999999999997158
-0.744495222268370727,1.000000000000000000,107.674999999999997158
-0.550477773161607398,1.000000000000000000,107.768000000000000682
-0.551724137931021819,-1.000000000000000000,107.890000000000000568
-0.636476942251760103,-1.000000000000000000,107.936000000000007049
-0.737432488574986778,-1.000000000000000000,108.063999999999992951
-0.878271707519724054,-1.000000000000000000,108.149000000000000909
-0.704196094723721910,1.000000000000000000,108.275000000000005684
-0.688824262567509837,1.000000000000000000,108.359999999999999432
-0.589530535936847677,1.000000000000000000,108.480000000000003979
-0.574158703780635715,1.000000000000000000,108.542000000000001592
-0.665143331948469863,-1.000000000000000000,108.689999999999997726
-0.700872455338581224,-1.000000000000000000,108.751000000000004775
-0.908599916908998106,-1.000000000000000000,108.876000000000004775
-0.765267968425414224,1.000000000000000000,108.953999999999993520
-0.735355213959272280,1.000000000000000000,109.087999999999993861
-0.712089738263388172,1.000000000000000000,109.174999999999997158
-0.563772330702104973,1.000000000000000000,109.296000000000006480
-0.739925218113827388,-1.000000000000000000,109.352999999999994429
-0.845035313668459187,-1.000000000000000000,109.478999999999999204
-1.000000000000000000,-1.000000000000000000,109.567999999999997840
-0.925695309256955201,-1.000000000000000000,109.679000000000002046
-0.868410128684095950,1.000000000000000000,109.774000000000000909
-0.824408468244086312,1.000000000000000000,109.891999999999995907
-0.645496056454955669,1.000000000000000000,109.951999999999998181
-0.801162308011621471,-1.000000000000000000,110.105999999999994543
-0.929431299294308677,-1.000000000000000000,110.162000000000006139
-1.000000000000000000,-1.000000000000000000,110.275000000000005684
-1.000000000000000000,-1.000000000000000000,110.364000000000004320
-0.730300568643383219,1.000000000000000000,110.484999999999999432
-0.477660438667751208,1.000000000000000000,110.587999999999993861
-0.339155158407799417,1.000000000000000000,110.704999999999998295
-0.424857839155165951,1.000000000000000000,110.757999999999995566
-0.562550771730307986,1.000000000000000000,110.878000000000000114
-0.654346060113732197,1.000000000000000000,110.974000000000003752
-0.698619008935830843,1.000000000000000000,111.090000000000003411
-0.438667749796923800,1.000000000000000000,111.188999999999992951
-0.304630381803410510,1.000000000000000000,111.305000000000006821
-0.180747359870026325,-1.000000000000000000,111.365999999999999659
-0.307067424857845217,-1.000000000000000000,111.519999999999996021
-0.505686433793668844,-1.000000000000000000,111.563000000000002387
-0.760763606823723904,-1.000000000000000000,111.688999999999992951
-0.740861088545908375,0.000000000000000000,111.781999999999996476
-0.613322502030877903,0.000000000000000000,111.897999999999996135
-0.497562956945578394,0.000000000000000000,111.992000000000004434
-0.363525588952076650,0.000000000000000000,112.115999999999999659
-0.467099918765237598,-1.000000000000000000,112.171999999999997044
-0.731519090170600572,-1.000000000000000000,112.290000000000006253
-0.829406986190099782,-1.000000000000000000,112.379999999999995453
-0.858245329000821289,1.000000000000000000,112.501000000000004775
-0.558489033306265648,1.000000000000000000,112.587999999999993861
-0.357026807473605490,1.000000000000000000,112.716999999999998749
-0.254670999187661895,1.000000000000000000,112.777000000000001023
-0.406580016246963716,-1.000000000000000000,112.891000000000005343
-0.538180341186042410,-1.000000000000000000,112.986999999999994770
-0.651502843216907213,-1.000000000000000000,113.097999999999998977
-0.631600324939085800,1.000000000000000000,113.197999999999993292
-0.527213647441115318,1.000000000000000000,113.308999999999997499
-0.423233143785540888,1.000000000000000000,113.396000000000000796
-0.298537774167347059,1.000000000000000000,113.518000000000000682
-0.331844029244518612,-1.000000000000000000,113.584000000000003183
-0.558082859463857939,-1.000000000000000000,113.703999999999993520
-0.749796913078796923,-1.000000000000000000,113.798000000000001819
-0.693744922826967314,1.000000000000000000,113.908000000000001251
-0.619415109666941355,1.000000000000000000,114.007000000000005002
-0.512591389114553486,1.000000000000000000,114.115999999999999659
-0.474817221770926112,1.000000000000000000,114.174999999999997158
-0.660844841592215015,-1.000000000000000000,114.305999999999997385
-0.704711616571905952,-1.000000000000000000,114.394999999999996021
-0.740454914703494893,-1.000000000000000000,114.522000000000005571
-0.867181153533715721,-1.000000000000000000,114.599999999999994316
-0.780666125101545316,-1.000000000000000000,114.728999999999999204
-0.751421608448416101,-1.000000000000000000,114.813000000000002387
-0.666937449228278467,-1.000000000000000000,114.930999999999997385
-0.800568643379372502,-1.000000000000000000,114.993999999999999773
-0.916328188464672011,-1.000000000000000000,115.114000000000004320
-0.936230706742499197,-1.000000000000000000,115.206999999999993634
-0.958976441917151479,1.000000000000000000,115.326999999999998181
-0.782696994313572314,1.000000000000000000,115.420000000000001705
-0.667749796913093885,1.000000000000000000,115.536000000000001364
-0.576766856214467882,1.000000000000000000,115.590999999999993975
-0.574735987002446658,1.000000000000000000,115.710999999999998522
-0.730300568643388992,-1.000000000000000000,115.807000000000002160
-0.803818034118616742,-1.000000000000000000,115.918999999999996930
-0.826969943135676733,-1.000000000000000000,116.016999999999995907
-0.754670999187666225,1.000000000000000000,116.138000000000005230
-0.640536149471985894,1.000000000000000000,116.227999999999994429
-0.551177904142984731,1.000000000000000000,116.349999999999994316
-0.536555645816423121,1.000000000000000000,116.399000000000000909
-0.709585702680757935,-1.000000000000000000,116.519000000000005457
-0.819252640129982335,-1.000000000000000000,116.617000000000004434
-0.986596263200655632,1.000000000000000000,116.742999999999994998
-0.835905767668565280,1.000000000000000000,116.817999999999997840
-0.729488220958579348,1.000000000000000000,116.947000000000002728
-0.630787977254276155,1.000000000000000000,116.998000000000004661
-0.612916328188475967,1.000000000000000000,117.123999999999995225
-0.699431356620646261,-1.000000000000000000,117.212000000000003297
-0.725020308692123416,-1.000000000000000000,117.334000000000003183
-0.912266450040623900,-1.000000000000000000,117.427999999999997272
-0.759951259138920143,1.000000000000000000,117.548000000000001819
-0.616571892770110597,1.000000000000000000,117.640000000000000568
-0.571892770105610015,1.000000000000000000,117.760000000000005116
-0.406580016246963716,1.000000000000000000,117.813000000000002387
-0.567018683996758144,1.000000000000000000,117.938999999999992951
-0.678253497244606707,-1.000000000000000000,118.019000000000005457
-0.799067401441297065,-1.000000000000000000,118.144000000000005457
-0.772361169987288987,-1.000000000000000000,118.227000000000003865
-0.641373463331929017,1.000000000000000000,118.346000000000003638
-0.601949978804588559,1.000000000000000000,118.403999999999996362
-0.403560830860542508,1.000000000000000000,118.528999999999996362
-0.555743959304797697,-1.000000000000000000,118.623999999999995225
-0.684345594525242684,-1.000000000000000000,118.746999999999999886
-0.793840889649284676,-1.000000000000000000,118.831000000000003070
-0.767322497861432806,-1.000000000000000000,118.939999999999997726
-0.650983746792140106,-1.000000000000000000,119.049999999999997158
-0.547904191616779390,-1.000000000000000000,119.162999999999996703
-0.397775876817802465,-1.000000000000000000,119.218000000000003524
-0.593669803250650885,-1.000000000000000000,119.337999999999993861
-0.647562018819505592,-1.000000000000000000,119.424999999999997158
-0.758768177929861842,-1.000000000000000000,119.551000000000001933
-0.837040205303684837,-1.000000000000000000,119.641999999999995907
-0.724978614200171512,-1.000000000000000000,119.757000000000005002
-0.627887082976910538,-1.000000000000000000,119.825000000000002842
-0.493584260051330825,-1.000000000000000000,119.938999999999992951
-0.685201026518399869,-1.000000000000000000,120.024000000000000909
-0.815226689478187883,3.000000000000000000,120.149000000000000909
-0.762617621899065679,3.000000000000000000,120.233000000000004093
-0.774165953806683516,3.000000000000000000,120.359999999999999432
-0.502994011976052979,3.000000000000000000,120.451999999999998181
-0.482891360136882275,3.000000000000000000,120.566000000000002501
-0.460650128314803786,3.000000000000000000,120.641000000000005343
-0.580838323353300434,3.000000000000000000,120.748000000000004661
-0.739520958083842217,3.000000000000000000,120.849000000000003752
-0.689050470487609812,3.000000000000000000,120.954999999999998295
-0.699315654405488929,3.000000000000000000,121.049000000000006594
-0.415312232677507831,3.000000000000000000,121.173000000000001819
-0.288280581693760474,3.000000000000000000,121.231999999999999318
-0.276304533789573203,3.000000000000000000,121.355999999999994543
-0.405902480752791894,3.000000000000000000,121.442999999999997840
-0.681351582549202028,3.000000000000000000,121.557000000000002160
-0.612489307100100966,3.000000000000000000,121.658000000000001251
-0.392643284858866015,3.000000000000000000,121.765000000000000568
-0.092386655260918271,3.000000000000000000,121.864999999999994884
0.054319931565430357,3.000000000000000000,121.975999999999999091
0.067151411462780697,3.000000000000000000,122.048000000000001819
-0.052609067579134305,3.000000000000000000,122.168999999999996930
-0.328913601368695407,3.000000000000000000,122.260000000000005116
-0.272882805816938800,3.000000000000000000,122.379000000000004889
-0.183490162532085610,3.000000000000000000,122.468999999999994088
0.087681779298538931,3.000000000000000000,122.573999999999998067
0.223267750213851146,3.000000000000000000,122.641000000000005343
0.221129170230961458,3.000000000000000000,122.763999999999995794
-0.011548331907617837,3.000000000000000000,122.861000000000004206
-0.280581693755352690,3.000000000000000000,122.983000000000004093
-0.406757912745948969,3.000000000000000000,123.063999999999992951
-0.577844311377253561,3.000000000000000000,123.188000000000002387
-0.602224123182215743,3.000000000000000000,123.280000000000001137
-0.621471343028241474,3.000000000000000000,123.396000000000000796
-0.814798973481618449,2.000000000000000000,123.450000000000002842
-1.000000000000000000,-1.000000000000000000,123.575000000000002842
-1.000000000000000000,0.000000000000000000,123.665999999999996817
-1.000000000000000000,0.000000000000000000,123.790999999999996817
