0,1,0.0
1.0,1,0.088
1.0,0,0.216
1.0,0,0.306
1.0,0,0.428
1.0,0,0.475
1.0,0,0.599
1.0,0,0.689
1.0,0,0.811
1.0,0,0.905
1.0,0,1.027
1.0,0,1.117
1.0,0,1.236
1.0,-1,1.304
0.9618422651598018,0,1.417
1.0,-1,1.504
0.9445050284744978,-1,1.624
0.7913486005089065,-1,1.714
0.6716345571307427,-1,1.838
0.582454864897616,-1,1.888
0.40239912758997254,-1,2.007
0.20441051738761917,-1,2.09
-0.005452562704466923,-1,2.214
-0.15642796558826644,-1,2.309
-0.3556282563916159,-1,2.439
-0.5383496910214488,-1,2.526
-0.7678419968496315,-1,2.637
-0.9854598327880779,-1,2.707
-1.0,0,2.819
-1.0,0,2.908
-1.0,0,3.032
-1.0,0,3.118
-1.0,0,3.246
-1.0,0,3.305
-1.0,0,3.423
-1.0,1,3.52
-0.9717579250720456,1,3.633
-0.9394812680115278,1,3.728
-0.9024015369836664,1,3.837
-0.8584053794428406,1,3.921
-0.8132564841498524,1,4.053
-0.8140249759846245,0,4.115
-0.8122958693563826,0,4.235
-0.811911623438998,0,4.327
-0.8097982708933689,-1,4.443
-0.8545629202689695,-1,4.537
-0.8526416906820353,-1,4.649
-0.9002881844380399,-1,4.718
-0.9454370797310281,-1,4.841
-0.9433237271853988,-1,4.928
-0.9909702209414007,-1,5.048
-0.9873198847262248,0,5.137
-1.0,0,5.26
-1.0,0,5.344
-1.0,0,5.46
-1.0,0,5.531
-1.0,0,5.655
-1.0,0,5.739
-0.9994811932555108,0,5.855
-0.9998270644185052,0,5.944
-1.0,0,6.064
-0.9979679959359954,0,6.124
-1.0,0,6.25
-0.9980048216809364,0,6.331
-0.9978385568210156,0,6.459
-0.9965084379416423,0,6.547
-0.9960096433618776,0,6.666
-0.9946795244825019,0,6.755
-0.9931831407432055,0,6.881
-0.9920192867237528,0,6.924
-0.9888602543852344,0,7.066
-0.9871976057860171,0,7.149
-0.9868650760661756,0,7.266
-0.9885277246653928,0,7.362
-0.9885277246653928,0,7.477
-0.9883614598054721,0,7.54
-0.9886939895253136,0,7.658
-0.9866988112062524,0,7.737
-0.9865325463463316,0,7.868
-0.9850361626070351,0,7.962
-0.9832072491478947,0,8.077
-0.984869897747112,0,8.169
-0.9847036328871889,0,8.29
-0.9850361626070328,0,8.336
-0.984869897747112,0,8.466
-0.9828747194280508,0,8.555
-0.9820433951284397,0,8.674
-0.9808795411089896,0,8.764
-0.9815446005486728,0,8.883
-0.9805470113891432,0,8.941
-0.9807132762490665,0,9.066
-0.9815446005486728,0,9.154
-0.9793831573696884,0,9.273
-0.9797156870895323,0,9.365
-0.9777205087704688,0,9.493
-0.9755590655914844,0,9.579
-0.9767229196109393,0,9.7
-0.9762241250311746,0,9.745
-0.9767229196109417,0,9.872
-0.9767229196109393,0,9.965
-0.9760578601712538,0,10.088
-0.9765566547510185,0,10.17
-0.9763903898910977,0,10.294
-0.9772217141907064,0,10.36
-0.9775542439105503,0,10.469
-0.9790506276498468,0,10.553
-0.9820433951284397,0,10.682
-0.9817108654085959,0,10.765
-0.9714024440934412,1,10.888
-0.9002410840468859,1,10.987
-0.853354393548923,1,11.107
-0.7442846454401835,1,11.167
-0.6578269182808146,1,11.275
-0.5101837226702082,1,11.376
-0.34707789508687203,1,11.489
-0.2110732396707935,1,11.585
-0.02036744534042334,1,11.698
0.18064677030509912,1,11.764
0.38881037492726245,1,11.888
0.5530800565300558,1,11.979
0.663147393798327,1,12.093
0.8034749355723718,1,12.185
0.9305012885526689,1,12.301
1.0,1,12.367
1.0,0,12.508
1.0,0,12.579
1.0,0,12.696
1.0,0,12.783
1.0,0,12.907
1.0,0,13.0
1.0,0,13.106
1.0,0,13.182
1.0,0,13.298
0.98638556605644,-1,13.385
0.9656334677152887,-1,13.503
0.9348357676293704,0,13.602
0.9561165818518271,0,13.715
0.9261119555878661,-1,13.766
0.9144802061991939,-1,13.928
0.8906879915405457,-1,13.977
0.8223514638820961,-1,14.105
0.7458198400634461,-1,14.185
0.695063115458328,-1,14.325
0.6342607891084524,-1,14.408
0.5316899081356148,-1,14.532
0.4551582843169666,-1,14.578
0.3757187231511483,-1,14.705
0.2682572202762512,-1,14.8
0.16436454960015823,-1,14.922
0.034564800740202406,-1,15.002
-0.054788183200052076,-1,15.129
-0.10514837089419149,-1,15.181
-0.14797435727975705,-1,15.337
-0.21683960081951015,-1,15.396
-0.27579142158482506,-1,15.519
-0.29178507699425127,-1,15.6
-0.3323640208842792,-1,15.729
-0.36712709007996913,-1,15.818
-0.3963386425219766,0,15.938
-0.38140241887515947,1,15.987
-0.3631617209701957,0,16.116
-0.3738682175665875,-1,16.212
-0.3817989557861363,0,16.325
-0.3884079043024298,0,16.422
-0.3934307051748104,0,16.534
-0.39686735840328025,0,16.589
-0.4010970854537036,0,16.75
-0.4049302755931521,0,16.796
-0.406384244266738,0,16.925
-0.4082347498513007,0,17.004
-0.40942436058423104,0,17.139
-0.4094243605842329,0,17.227
-0.4104817923468401,0,17.345
-0.41074615028749195,0,17.396
-0.40982089749520967,0,17.519
-0.41061397131716326,0,17.601
-0.41259665587205085,0,17.742
-0.4128610138127008,0,17.823
-0.41338972969400445,0,17.945
-0.41378626660498496,0,18.0
-0.41391844557531,0,18.155
-0.41444716145661364,0,18.208
-0.41457934042693856,0,18.337
-0.41365408763465816,0,18.42
-0.41444716145661364,0,18.535
-0.41669420395215306,0,18.628
-0.41748727777410855,0,18.75
-0.4188090674773657,0,18.817
-0.4197343202696442,0,18.933
-0.42052739409159967,0,19.027
-0.42118828894322824,0,19.135
-0.4206595730619246,0,19.225
-0.42132046791355515,0,19.349
-0.4218491837948587,0,19.416
-0.4239640473200713,0,19.535
-0.4255501949639823,0,19.626
-0.42621108981561273,0,19.741
-0.42753287951886987,0,19.834
-0.4277972374595217,0,19.952
-0.42726852157821804,0,20.048
-0.42647544775626267,0,20.155
-0.4266076267265895,0,20.227
-0.42819377437049844,0,20.346
-0.428854669222129,0,20.436
-0.4297799220144094,0,20.559
-0.4307051748066898,0,20.649
-0.43096953274733973,0,20.757
-0.4316304275989721,0,20.825
-0.4307051748066898,0,20.945
-0.4309695327473416,0,21.034
-0.43242350142092745,0,21.159
-0.4336131121538578,0,21.247
-0.43493490185711503,0,21.368
-0.4355957967087436,0,21.459
-0.436521049501024,0,21.568
-0.4373141233229795,0,21.624
-0.43704976538232765,0,21.748
-0.4375784812636294,0,21.836
-0.4385037340559117,0,21.972
-0.4403542396404744,0,22.05
-0.44207256625470837,0,22.184
-0.4433943559579674,-1,22.223
-0.47921485691626453,-1,22.353
-0.4800079307382181,0,22.449
-0.480404467649195,0,22.571
-0.48119754147115035,0,22.657
-0.4818584363227789,0,22.779
-0.48304804705571114,-1,22.866
-0.5182076531623798,-1,22.991
-0.5528385433877466,-1,23.047
-0.5881303284647401,-1,23.166
-0.6223646817791302,-1,23.257
-0.6221003238384784,1,23.384
-0.5879981494944171,1,23.455
-0.5877337915537653,0,23.586
-0.5861476439098544,0,23.638
-0.5800674112748665,1,23.769
-0.5668495142422851,0,23.858
-0.5782169056903037,1,23.974
-0.5451721631088497,1,24.059
-0.46930143414183,1,24.188
-0.41761945674443346,1,24.28
-0.3570814883352077,1,24.397
-0.2880840658251296,1,24.451
-0.21102372612517595,1,24.579
-0.12735443790893064,1,24.663
-0.07236798625338925,1,24.78
-0.014737955191329699,1,24.876
0.07606899742251083,1,24.992
0.19701275527063555,1,25.048
0.3149163968012689,1,25.17
0.36025378362302574,1,25.26
0.4358601546493954,1,25.382
0.5060471878924075,1,25.471
0.5361839931266936,1,25.593
0.5976472143281999,1,25.679
0.6556737823012362,1,25.809
0.7438371555085566,1,25.854
0.8269777278434982,1,25.993
0.8723151146652532,1,26.067
0.9139514903178902,1,26.191
0.9177846804573369,1,26.273
0.9538695393562859,1,26.408
0.9853281342938329,1,26.465
1.0,0,26.579
1.0,0,26.68
1.0,-1,26.782
0.9547488175891619,-1,26.876
0.9254761600409049,-1,26.999
0.8821424006135754,-1,27.084
0.795219225361113,-1,27.209
0.6989645915889051,-1,27.268
0.6578039115428858,-1,27.388
0.6061613191870132,-1,27.488
0.5129745621884181,-1,27.597
0.4148025054326978,-1,27.696
0.31356257190336123,-1,27.807
0.2137287485619319,-1,27.878
0.15607823085772643,-1,27.992
0.03770931867569871,-1,28.089
-0.07260641697558368,-1,28.21
-0.1459798031445727,-1,28.297
-0.18368912182027608,-1,28.404
-0.24875367506072033,-1,28.505
-0.309088584941841,-1,28.622
-0.33056372235715414,-1,28.68
-0.3460309344241379,-1,28.816
-0.38757509906685506,-1,28.9
-0.42477310494695353,-1,29.009
-0.458136264860031,-1,29.107
-0.4500830883292859,0,29.226
-0.4715582257446008,-1,29.276
-0.48881503259619163,-1,29.408
-0.5349610123993379,-1,29.497
-0.5782947718266674,-1,29.618
-0.5855809791640044,0,29.713
-0.5904384507222316,-1,29.825
-0.6278921130001297,-1,29.919
-0.664706634283525,-1,30.034
-0.6662405726703323,-1,30.098
-0.7013933273680204,-1,30.217
-0.7357791128723004,-1,30.303
-0.7362904256679053,0,30.427
-0.7369295666624082,0,30.522
-0.7366739102646067,1,30.635
-0.7033107503515273,0,30.689
-0.7369295666624082,-1,30.818
-0.7711875239677901,-1,30.904
-0.7711875239677901,0,31.024
-0.7727214623545956,-1,31.108
-0.8069794196599775,-1,31.239
-0.8072350760577809,0,31.321
-0.8080020452511818,0,31.458
-0.8081298734500835,0,31.494
-0.8074907324555787,0,31.622
-0.8082577016489833,-1,31.713
-0.8423878307554672,-1,31.837
-0.8425156589543689,0,31.927
-0.8434104563466714,0,32.05
-0.8445609101367793,0,32.095
-0.8445609101367774,0,32.222
-0.844816566534577,0,32.31
-0.8440495973411744,0,32.438
-0.8444330819378757,0,32.522
-0.844816566534577,0,32.649
-0.845967020324683,0,32.738
-0.8471174741147889,0,32.858
-0.847628786910392,0,32.91
-0.8487792407004979,0,33.032
-0.8490348970982995,0,33.115
-0.848651412501598,0,33.239
-0.8482679279048949,0,33.331
-0.8485235843026964,0,33.454
-0.8500575226895037,0,33.511
-0.8505688354851085,0,33.63
-0.8513358046785113,0,33.719
-0.8523584302697174,0,33.838
-0.8523584302697192,0,33.926
-0.851974945673016,0,34.047
-0.8515914610763147,0,34.146
-0.8508244918829119,0,34.265
-0.8501853508884072,1,34.33
-0.8137543142017133,1,34.436
-0.7697814137798791,1,34.53
-0.7502236993480763,1,34.656
-0.7232519493800331,1,34.74
-0.655375175763774,1,34.863
-0.5807235076057773,1,34.923
-0.4967403809280333,1,35.039
-0.4365332992458144,1,35.136
-0.3346542247219748,1,35.252
-0.22306020708168117,1,35.348
-0.13626486002812221,1,35.46
-0.07759171673271237,1,35.553
0.012143678895561338,1,35.665
0.1312795602709953,1,35.735
0.2454301418892988,1,35.865
0.3217435766330061,1,35.946
0.39524479100089693,1,36.055
0.4307810302952828,1,36.153
0.4962290681324304,1,36.268
0.562060590566279,1,36.332
0.62444075162981,1,36.456
0.7143039754569873,1,36.546
0.7959861945545212,1,36.674
0.8413652051642628,1,36.753
0.8838041671992862,1,36.878
0.9233030806595965,1,36.967
0.9302058034002323,0,37.077
0.9344241339639527,1,37.144
0.9661255272913194,1,37.273
0.9892624312923435,1,37.359
0.9987217180109924,0,37.476
0.9916911670714552,-1,37.57
0.9365972133452647,-1,37.682
0.8981209254761604,-1,37.743
0.8129873450083087,-1,37.872
0.7178831650262067,-1,37.952
0.6484724530231385,-1,38.079
0.601303847628788,-1,38.167
0.512463249392815,-1,38.288
0.41531381822830093,-1,38.376
0.34526396523072966,-1,38.496
0.2399335293365743,-1,38.551
0.10596957688866304,-1,38.68
0.012143678895563115,-1,38.762
-0.10354084110954942,-1,38.886
-0.17755336827304147,-1,38.979
-0.21257829477182788,-1,39.099
-0.2753419404320603,-1,39.152
-0.3322254889428595,-1,39.273
-0.3496101239933501,-1,39.365
-0.3574076441262938,-1,39.484
-0.38949252205036555,-1,39.578
-0.4131407388469889,0,39.697
-0.39997443436021873,1,39.786
-0.3823341429119266,1,39.913
-0.35894158251310104,1,39.954
-0.332481145340661,1,40.085
-0.33580467851207896,0,40.178
-0.33644381950658364,0,40.298
-0.3354211939153776,0,40.386
-0.3322254889428613,0,40.506
-0.32877412757254354,0,40.562
-0.3278793301802373,0,40.689
-0.3282628147769404,0,40.772
-0.3277515019813374,0,40.886
-0.32762367378243573,0,40.976
-0.32800715837913896,0,41.095
-0.32992458136264946,0,41.199
-0.33260897353956265,0,41.319
-0.33401508372747013,0,41.367
-0.33631599130768197,0,41.493
-0.33976735267799796,0,41.579
-0.3432187140483176,0,41.7
-0.34615876262303236,0,41.792
-0.34884315479994554,0,41.918
-0.3510162341812576,0,41.976
-0.35306148536367155,0,42.08
-0.3540841109548758,0,42.179
-0.35318931356257144,0,42.304
-0.35306148536367155,0,42.389
-0.3540841109548777,0,42.504
-0.3538284545570761,0,42.596
-0.3552345647449836,0,42.729
-0.3565128467339912,0,42.787
-0.35766330052409534,0,42.904
-0.3585580979163979,0,42.999
-0.3581746133196966,0,43.112
-0.3586859261152996,0,43.199
-0.3597085517065075,0,43.318
-0.36137031829221467,0,43.386
-0.36290425667902193,0,43.512
-0.3640547104691296,0,43.597
-0.3659721334526401,0,43.715
-0.3662277898504399,0,43.814
-0.3659721334526401,0,43.92
-0.3663809645644126,0,44.012
-0.36646836819548323,0,44.133
-0.3688319999999987,0,44.192
-0.36973498911790836,0,44.314
-0.37030869732291616,0,44.412
-0.3698173662287727,0,44.526
-0.3662007949737124,-1,44.615
-0.3926439437704603,-1,44.729
-0.41263320066761056,-1,44.793
-0.4253434330466047,0,44.924
-0.3986391064321494,1,45.012
-0.36513031197843004,1,45.132
-0.35691359609706097,1,45.212
-0.34125048144819614,1,45.338
-0.31954259283052466,1,45.393
-0.25769354320590865,1,45.545
-0.19028027770634715,1,45.601
-0.15003857032656143,1,45.728
-0.07534070455129793,1,45.806
-0.0003857032656221504,1,45.942
0.1050398560041137,1,46.017
0.17402764384442082,1,46.145
0.23952904844624467,1,46.201
0.3353069893165126,1,46.329
0.39580383575749845,1,46.418
0.4523104646672671,1,46.539
0.47200411893422634,1,46.629
0.4879649890590809,1,46.754
0.5331445488479865,1,46.799
0.6084438151628258,1,46.955
0.6824559145321152,1,47.007
0.7214570729823668,1,47.133
0.7580126142360673,1,47.227
0.7925086883768837,1,47.344
0.8228858282919302,1,47.442
0.8797786072853657,1,47.56
0.9274037842708205,1,47.607
0.925086883768824,0,47.734
0.9388595700862399,-1,47.826
0.9039773458617584,-1,47.949
0.8234006950701536,-1,48.022
0.762775131934615,-1,48.156
0.6912086497618766,-1,48.208
0.5785815420260008,-1,48.368
0.453913491246138,-1,48.415
0.3524621946490889,-1,48.546
0.22743586335238497,-1,48.627
0.10457870495800625,-1,48.763
-0.01304257815195553,-1,48.856
-0.13946587537091826,-1,48.969
-0.22158581188323734,-1,49.023
-0.2963908632944554,-1,49.141
-0.36305292940445755,-1,49.229
-0.42350424401352704,-1,49.357
-0.4453108826167983,-1,49.445
-0.45828445241874494,-1,49.565
-0.5002415292250362,-1,49.631
-0.5358498378303769,-1,49.783
-0.5657994617348681,-1,49.825
-0.5554482092333155,1,49.954
-0.5401283555310165,1,50.032
-0.5195638672279312,1,50.158
-0.4966530950244955,0,50.245
-0.5082464978262342,-1,50.376
-0.517769650127662,-1,50.444
-0.5242564350286363,0,50.56
-0.5283969360292561,0,50.649
-0.53115727002967,0,50.764
-0.5333655372300006,0,50.851
-0.5346076875301868,0,50.977
-0.5341936374301254,0,51.021
-0.5343316541301472,0,51.183
-0.5366779380304996,0,51.24
-0.5388862052308303,0,51.359
-0.5406804223311016,0,51.455
-0.5415085225312244,0,51.579
-0.5416465392312442,0,51.67
-0.5419225726312857,0,51.781
-0.541784555931266,0,51.849
-0.5408184390311195,0,51.969
-0.5412324891311808,0,52.058
-0.5428886895314303,0,52.178
-0.5442688565316363,0,52.27
-0.5452349734317808,0,52.384
-0.5450969567317611,0,52.449
-0.5449589400317412,0,52.57
-0.545096956731763,0,52.659
-0.545096956731763,0,52.78
-0.5446829066317016,0,52.864
-0.545787040231868,0,52.992
-0.547719274032157,0,53.072
-0.5481333241322204,0,53.194
-0.5500655579325096,0,53.251
-0.5508936581326342,0,53.38
-0.5514457249327175,0,53.472
-0.5524118418328601,0,53.593
-0.5517217583327552,0,53.673
-0.5521358084328185,0,53.799
-0.5529639086329432,0,53.849
-0.5546201090331908,0,53.977
-0.5554482092333155,0,54.061
-0.5555862259333353,0,54.188
-0.5566903595334998,0,54.275
-0.5560002760333967,0,54.396
-0.5550341591332522,0,54.487
-0.554482092333171,0,54.609
-0.5546201090331908,0,54.659
-0.5564143261334601,0,54.792
-0.5575184597336265,0,54.879
-0.5580705265337096,0,54.998
-0.5580705265337096,0,55.09
-0.5576564764336462,0,55.217
-0.5565523428334799,0,55.255
-0.5561382927334185,0,55.384
-0.5554482092333155,0,55.475
-0.5564143261334601,0,55.6
-0.5572424263335849,0,55.684
-0.5568283762335234,0,55.81
-0.5562763094334402,0,55.898
-0.5551721758332759,0,56.033
-0.5532399420329848,0,56.065
-0.5529639086329412,0,56.195
-0.5521358084328185,0,56.277
-0.5525498585328819,0,56.41
-0.5529639086329432,0,56.495
-0.5528258919329214,0,56.62
-0.5528258919329214,0,56.664
-0.5521358084328185,0,56.79
-0.5511696915326739,0,56.885
-0.5510316748326541,0,57.002
-0.5506176247325927,0,57.09
-0.5510316748326541,0,57.209
-0.5513077082326957,0,57.298
-0.5514457249327136,0,57.426
-0.5522738251328403,0,57.48
-0.551721758332759,0,57.606
-0.5508936581326342,0,57.683
-0.5507556414326145,0,57.814
-0.5499275412324878,0,57.893
-0.5482713408322403,0,58.026
-0.5416465392312462,0,58.083
-0.5604168104340621,-1,58.197
-0.5678697122351789,1,58.291
-0.5259126354288818,1,58.401
-0.5060382306259035,1,58.5
-0.4381340142157172,1,58.621
-0.3575322614036278,1,58.712
-0.3013594644951999,1,58.829
-0.19757090607963723,1,58.895
-0.0835691118625359,1,59.014
0.0021392588503217347,1,59.113
0.09240218066386063,1,59.22
0.24960320198744124,1,59.321
0.4022496722103388,1,59.427
0.5137671658270679,1,59.492
0.617969774342696,1,59.619
0.6814574563522189,1,59.704
0.7356980194603557,1,59.826
0.816299772272447,1,59.912
0.88779242288317,1,60.038
0.9511420881926711,1,60.12
1.0,1,60.239
1.0,0,60.307
1.0,0,60.429
0.9896900655508192,0,60.515
0.9889263667027295,-1,60.629
0.9648698529879707,-1,60.716
0.9523961051358767,-1,60.837
0.9252847960287658,-1,60.9
0.8514605740469685,-1,61.026
0.7650353210717245,-1,61.116
0.663972506841469,-1,61.24
0.5168331954432628,-1,61.324
0.392986698911729,-1,61.45
0.26608540698784666,-1,61.537
0.13689301851969815,-1,61.655
-0.012537389422770495,-1,61.705
-0.1164004327626802,-1,61.835
-0.2426653089798253,-1,61.926
-0.3280722968242834,-1,62.039
-0.37300324572010135,-1,62.146
-0.44211799147202857,-1,62.259
-0.5009228027747714,-1,62.309
-0.5155603640297828,-1,62.426
-0.557054668109207,-1,62.52
-0.5937122128174124,-1,62.652
-0.5878571883154076,0,62.732
-0.5785655189970074,1,62.859
-0.5645643734487351,1,62.945
-0.5461083179532854,0,63.064
-0.557054668109207,-1,63.125
-0.5644370903073863,0,63.25
-0.5681283014064777,0,63.343
-0.5719467956469144,0,63.454
-0.5767835550181352,0,63.552
-0.5783109527143095,0,63.666
-0.5794565009864425,0,63.717
-0.5797110672691386,0,63.842
-0.5793292178450954,0,63.934
-0.5792019347037465,0,64.052
-0.5785655189970074,0,64.145
-0.577038121300833,0,64.272
-0.5772926875835271,0,64.352
-0.5793292178450935,0,64.472
-0.5794565009864425,0,64.525
-0.5798383504104874,0,64.656
-0.5800929166931816,0,64.742
-0.5799656335518345,0,64.872
-0.5802201998345324,0,64.959
-0.5792019347037483,0,65.067
-0.5793292178450972,0,65.12
-0.5800929166931834,0,65.255
-0.5822567300960988,0,65.34
-0.5834022783682299,0,65.454
-0.5834022783682299,0,65.546
-0.5837841277922748,0,65.678
-0.5836568446509259,0,65.763
-0.5835295615095788,0,65.893
-0.5826385795201436,0,65.949
-0.583147712085534,0,66.053
-0.5844205434990157,0,66.153
-0.5842932603576669,0,66.272
-0.5853115254884473,0,66.358
-0.5853115254884473,0,66.479
-0.5851842423471003,0,66.544
-0.5854388086297945,0,66.658
-0.5845478266403593,0,66.763
-0.5839114109336201,0,66.863
-0.5840386940749672,0,66.967
-0.5851842423470984,0,67.081
-0.5855660917711434,0,67.174
-0.5858206580538394,0,67.291
-0.5869662063259706,0,67.357
-0.5867116400432764,0,67.48
-0.586966206325976,0,67.567
-0.5859479411951883,0,67.678
-0.5864570737605821,0,67.776
-0.5881117545981036,0,67.886
-0.5893845860115837,0,67.953
-0.5907847005664091,0,68.078
-0.5912938331317994,0,68.168
-0.5916756825558425,0,68.288
-0.5923120982625834,0,68.374
-0.5914211162731464,0,68.497
-0.5916756825558425,0,68.586
-0.5921848151212327,0,68.701
-0.5933303633933658,0,68.769
-0.5938394959587596,0,68.888
-0.5937122128174106,0,68.98
-0.5940940622414519,0,69.099
-0.5932030802520204,0,69.187
-0.5924393814039306,0,69.306
-0.5923120982625834,0,69.359
-0.5926939476866265,0,69.493
-0.5946031948068475,0,69.576
-0.5949850442308926,0,69.7
-0.5953668936549357,0,69.783
-0.596003309361673,0,69.913
-0.5947304779481948,0,70.0
-0.5951123273722396,0,70.113
-0.5948577610895436,0,70.182
-0.5953668936549357,0,70.301
-0.597148857633806,0,70.386
-0.597148857633806,0,70.507
-0.597403423916502,0,70.598
-0.5971488576338042,0,70.721
-0.5965124419270669,0,70.768
-0.5971488576338042,0,70.894
-0.597148857633806,0,70.984
-0.5977852733405451,0,71.104
-0.5985489721886315,0,71.197
-0.5990581047540234,0,71.317
-0.5998218036021115,0,71.409
-0.5993126710367195,0,71.53
-0.598294405905939,0,71.578
-0.5973265436028021,0,71.705
-0.5931750175081163,1,71.798
-0.5813005541048328,0,71.916
-0.5890672782874617,0,72.003
-0.5813380053208754,0,72.132
-0.6017787217096995,0,72.176
-0.588708595950116,1,72.311
-0.537509351832962,1,72.391
-0.5067739204064345,1,72.507
-0.506623491315868,1,72.601
-0.46624390998376153,1,72.72
-0.3727547289779086,1,72.82
-0.27388332538547433,1,72.937
-0.1778731521220811,1,72.989
-0.006040375139090393,1,73.109
0.11858210141471814,1,73.2
0.27642664123350835,1,73.317
0.38563026545859347,1,73.416
0.44810046097599776,1,73.539
0.501510093784773,1,73.597
0.5860753457319996,1,73.714
0.6231123827690346,1,73.802
0.6901923382610076,1,73.921
0.7889047846129404,1,74.01
0.8362740422826265,1,74.135
0.8278493085360021,-1,74.215
0.7997138769670953,-1,74.347
0.789222699093943,-1,74.411
0.7567954220314723,-1,74.519
0.7436019710697825,-1,74.615
0.7137180098553504,-1,74.723
0.6281990144651071,-1,74.817
0.565887776188204,-1,74.939
0.4469877602924821,-1,74.997
0.2757908122714965,-1,75.131
0.17246860594500157,-1,75.217
0.06564934032745362,-1,75.332
-0.037672865999045735,-1,75.427
-0.2153870608806222,-1,75.539
-0.343029725003973,-1,75.636
-0.5013511365442693,-1,75.75
-0.6102368462883496,-1,75.815
-0.6688920680337007,-1,75.945
-0.7566364647909732,-1,76.024
-0.8354792560801154,-1,76.145
-0.8640915593705307,-1,76.233
-0.9182959783818168,-1,76.358
-0.9655062788110013,-1,76.415
-1.0,-1,76.536
-0.9908016810720808,1,76.627
-0.9757354690349684,1,76.753
-0.9548013638886675,0,76.841
-0.9695503925144721,-1,76.961
-1.0,-1,77.041
-1.0,0,77.165
-1.0,0,77.222
-1.0,0,77.344
-1.0,0,77.439
-1.0,0,77.559
-1.0,0,77.647
-1.0,0,77.768
-1.0,0,77.827
-1.0,0,77.953
-1.0,1,78.032
-0.9658565191894183,1,78.162
-0.9663777937056088,0,78.245
-0.9665081123346597,0,78.369
-0.9653352446732258,0,78.417
-0.9649442887860806,1,78.576
-0.9305401707174046,1,78.633
-0.8956147781325323,1,78.756
-0.8956147781325323,-1,78.847
-0.9293673030559707,0,78.97
-0.8947025477291966,1,79.054
-0.8950935036163418,0,79.179
-0.8952238222453909,0,79.226
-0.894441910471104,1,79.352
-0.8608197041767129,1,79.446
-0.8266762233661312,1,79.57
-0.7921417866684043,0,79.645
-0.8258943115918426,-1,79.77
-0.8601681110314714,0,79.824
-0.8258943115918426,1,79.997
-0.826545904737084,0,80.043
-0.8269368606242274,0,80.171
-0.8264155861080369,-1,80.247
-0.8600377924024262,0,80.368
-0.8261549488499407,1,80.464
-0.8252427184466029,-1,80.588
-0.8593861992571847,-1,80.645
-0.8939206359549098,0,80.758
-0.8599074737733771,1,80.848
-0.8605590669186167,-1,80.968
-0.8944419104711003,-1,81.052
-0.894050954583957,-1,81.176
-0.9276731608783462,0,81.236
-0.8935296800677663,1,81.396
-0.8596468365152808,0,81.448
-0.8933993614387155,-1,81.575
-0.9280641167654915,-1,81.659
-0.9281944353945405,0,81.779
-0.9283247540235895,-1,81.868
-0.9627288720922655,-1,81.996
-0.9624682348341693,0,82.062
-0.9625985534632184,1,82.169
-0.9280641167654933,1,82.264
-0.9284550726526348,-1,82.379
-0.9628591907213147,-1,82.472
-0.9968723529028473,-1,82.591
-0.9975239460480888,0,82.652
-0.9976542646771359,0,82.804
-0.9977845833061849,0,82.864
-0.9979149019352302,1,82.975
-0.9639017397536958,1,83.081
-0.9645533328989372,0,83.186
-0.9649442887860806,0,83.294
-0.9655958819313221,0,83.399
-0.9662474750765617,0,83.463
-0.9662474750765617,0,83.583
-0.9670293868508522,0,83.681
-0.9668990682218032,0,83.802
-0.9665081123346579,0,83.891
-0.9672900241089466,0,84.003
-0.9678112986251389,-1,84.056
-1.0,0,84.208
-0.9643205937886573,1,84.281
-0.9175727586431385,1,84.402
-0.92239078064978,1,84.49
-0.844651344488574,1,84.608
-0.7855329122989773,1,84.695
-0.6786249104759423,1,84.824
-0.5925515984113575,1,84.869
-0.4950192069796209,1,84.995
-0.35425483429910676,1,85.086
-0.20463571847125395,1,85.208
-0.0804088807865101,1,85.293
0.018165245133147767,1,85.424
0.14838205612344368,1,85.469
0.27091607526531525,1,85.598
0.35152028126831336,1,85.686
0.455303079627581,1,85.818
0.5494498339735676,1,85.9
0.6680773487857277,1,86.018
0.7781105540725302,1,86.109
0.8477765479523414,1,86.226
0.9070251969529277,1,86.278
0.9868481020899798,1,86.408
1.0,0,86.497
0.9744334689134206,0,86.616
0.98992833623862,0,86.702
0.9824391503647729,-1,86.826
0.9549357608625451,-1,86.88
0.8438892116986241,-1,87.007
0.7480792820711453,-1,87.096
0.6030731486861631,-1,87.214
0.4774355994576791,-1,87.305
0.3441797404609701,-1,87.427
0.17270320872877432,-1,87.514
0.03596100458389806,-1,87.641
-0.09251727032087254,-1,87.685
-0.20847052747110772,-1,87.802
-0.3091871650848972,-1,87.904
-0.3980244044160377,-1,88.024
-0.4427012718703577,-1,88.12
-0.5075214668474397,-1,88.234
-0.5268900510039375,-1,88.28
-0.5695009361482335,-1,88.414
-0.6038478920524255,-1,88.499
-0.5963587061785784,1,88.622
-0.5848666795790569,1,88.711
-0.568597068887599,0,88.838
-0.5813803344308879,-1,88.926
-0.5922267415585246,-1,89.048
-0.5997159274323718,0,89.092
-0.6047517593130599,0,89.221
-0.6101749628768792,0,89.309
-0.6150816708631917,0,89.431
-0.616889405384464,0,89.516
-0.6197301310607505,0,89.646
-0.6211504938988937,0,89.706
-0.621408741687649,0,89.82
-0.6220543611595317,0,89.923
-0.6216669894764006,0,90.028
-0.620375750532635,0,90.115
-0.620892246110142,0,90.242
-0.6221834850539094,0,90.333
-0.6219252372651559,0,90.446
-0.6221834850539076,0,90.512
-0.6226999806314145,0,90.626
-0.6220543611595336,0,90.731
-0.6219252372651559,0,90.838
-0.6205048744270127,0,90.941
-0.6196010071663764,0,91.059
-0.6199883788495058,0,91.122
-0.6220543611595336,0,91.24
-0.6226999806314164,0,91.329
-0.6228291045257922,0,91.451
-0.6233456001032973,0,91.537
-0.6236038478920507,0,91.651
-0.6237329717864266,0,91.75
-0.6226999806314145,0,91.856
-0.6234747239976731,0,91.923
-0.625024210730194,0,92.05
-0.6264445735683372,0,92.138
-0.6277358125121026,0,92.257
-0.6274775647233493,0,92.344
-0.6277358125121026,0,92.474
-0.6281231841952338,0,92.52
-0.627994060300858,0,92.656
-0.627477564723351,0,92.735
-0.6287688036671184,0,92.858
-0.630576538188391,0,92.947
-0.6303182903996375,0,93.071
-0.6316095293434049,0,93.153
-0.6321260249209117,0,93.279
-0.632513396604041,0,93.327
-0.633546387759055,0,93.464
-0.6336755116534327,0,93.554
-0.6331590160759257,0,93.665
-0.6339337594421843,0,93.757
-0.6354832461747033,0,93.878
-0.6356123700690791,0,93.929
-0.6363871134353396,0,94.059
-0.6378074762734828,0,94.14
-0.6379366001678586,0,94.275
-0.6383239718509897,0,94.361
-0.6378074762734828,0,94.477
-0.6388404674284949,0,94.556
-0.6397443346891329,0,94.688
-0.6407773258441449,0,94.745
-0.6419394408935346,0,94.866
-0.64219768868229,0,94.95
-0.6429724320485504,0,95.066
-0.6431015559429281,0,95.163
-0.6416811931047849,0,95.295
-0.6374201045903535,1,95.343
-0.6250242107301958,0,95.471
-0.6332881399703015,1,95.553
-0.5950674672348129,1,95.674
-0.5795725999096135,1,95.768
-0.5520692104073858,1,95.887
-0.47898508619019997,1,95.982
-0.4278520240170429,1,96.1
-0.3681967848150305,1,96.146
-0.265026793208084,1,96.264
-0.18458260701142692,1,96.358
-0.09664923494092625,1,96.488
0.02692233197753202,1,96.565
0.17864290787010062,1,96.694
0.2589579701723801,1,96.749
0.3663890502937561,1,96.871
0.46800955516818354,1,96.955
0.5631738653237779,1,97.077
0.6820969720446772,1,97.163
0.7937891406804829,1,97.304
0.8600296984957061,1,97.387
0.9434437342630255,1,97.509
0.9768868229065795,0,97.562
0.9549357608625471,-1,97.676
0.9422816192136358,-1,97.769
0.9059978048937973,-1,97.893
0.8826263800116216,-1,97.982
0.8061850345406423,-1,98.094
0.7138614500613345,-1,98.169
0.5724707857188975,-1,98.277
0.42036283814319764,-1,98.376
0.2945961650203377,-1,98.485
0.16431015559429274,-1,98.586
0.03441151785137908,-1,98.699
-0.089289172961455,-1,98.787
-0.2337788107689318,-1,98.911
-0.3333333333333315,-1,98.976
-0.41997546646006656,-1,99.099
-0.46194073213247977,-1,99.183
-0.5288269094195877,-1,99.301
-0.5497449803086045,-1,99.392
-0.5623991219575175,-1,99.513
-0.6006197946930061,-1,99.569
-0.6294144231390012,-1,99.702
-0.6208922461101403,1,99.788
-0.607721608883724,1,99.907
-0.5915811220866418,1,99.999
-0.5715669184582595,0,100.12
-0.5818968300083929,-1,100.207
-0.5911937504035125,-1,100.317
-0.5977790690167197,0,100.389
-0.6030731486861651,0,100.513
-0.605784750468072,0,100.593
-0.6094002195106206,0,100.721
-0.6140486797081794,0,100.81
-0.6166311575957124,0,100.928
-0.6196010071663747,0,100.983
-0.6215378655820247,0,101.102
-0.6226999806314145,0,101.189
-0.6238620956808043,0,101.31
-0.6233456001032973,0,101.409
-0.623474723997675,0,101.517
-0.6241203434695596,0,101.608
-0.6261863257795856,0,101.725
-0.6272193169345994,0,101.79
-0.6274775647233529,0,101.915
-0.6282523080896134,0,102.01
-0.6279940603008598,0,102.134
-0.6277358125121064,0,102.218
-0.6261863257795837,0,102.342
-0.6263154496739614,0,102.392
-0.6277358125121045,0,102.51
-0.6281231841952357,0,102.608
-0.6292852992446254,0,102.729
-0.6298017948221324,0,102.819
-0.6299309187165082,0,102.937
-0.6303182903996356,0,103.019
-0.6298017948221286,0,103.148
-0.6307056620827667,0,103.203
-0.6313512815546496,0,103.327
-0.632513396604041,0,103.419
-0.633546387759055,0,103.534
-0.6339337594421861,0,103.622
-0.6349667505971982,0,103.746
-0.6349667505971963,0,103.796
-0.634579378914067,0,103.929
-0.6350958744915722,0,104.016
-0.6354832461747015,0,104.131
-0.6361288656465842,0,104.222
-0.636645361224093,0,104.35
-0.6372909806959739,0,104.436
-0.6388404674284949,0,104.553
-0.6390987152172483,0,104.61
-0.6387113435341208,0,104.734
-0.6389695913228743,0,104.818
-0.6389695913228725,0,104.943
-0.6380657240622363,0,105.027
-0.6330298921815444,1,105.149
-0.6220543611595317,0,105.217
-0.6344502550196893,1,105.33
-0.5998450513267475,1,105.415
-0.5546516882949186,1,105.539
-0.5298599005746016,1,105.632
-0.46026212150558676,1,105.75
-0.41300277616373005,1,105.836
-0.3536057847504692,1,105.959
-0.2523726515591711,1,106.027
-0.1432629608108983,1,106.141
-0.06217315514235844,1,106.243
0.0208535089418298,1,106.352
0.16831299631997076,1,106.433
0.2763896959132297,1,106.561
0.3777519529989035,1,106.627
0.4702046613725872,1,106.752
0.5228872102782631,1,106.833
0.6026857770030358,1,106.946
0.7093421137581515,1,107.05
0.7731293175802194,1,107.158
0.7891406804829257,1,107.255
0.8221963974433486,1,107.361
0.8655820259539031,0,107.439
0.8170314416682791,-1,107.554
0.7804893795596872,-1,107.648
0.6933307508554434,-1,107.769
0.6571760604299806,-1,107.859
0.6035896442636683,-1,107.964
0.49861191813544936,-1,108.041
0.37775195299889996,-1,108.158
0.24643295241784302,-1,108.252
0.11330621731551349,-1,108.372
-0.01697979211052958,-1,108.464
-0.17141196978500883,-1,108.574
-0.245787332945962,-1,108.667
-0.3427593776228288,-1,108.784
-0.39595842210600984,-1,108.841
-0.4709794047388458,-1,108.966
-0.537219962554071,-1,109.061
-0.559041900703726,-1,109.178
-0.6034605203692944,-1,109.264
-0.638194847956614,-1,109.392
-0.6326425204984187,0,109.436
-0.6224417328426592,1,109.569
-0.6069468655174635,0,109.661
-0.6197301310607524,-1,109.779
-0.6296726709277547,-1,109.869
-0.6374201045903535,-1,109.986
-0.6780941313190011,-1,110.085
-0.7159274323713605,-1,110.202
-0.752211246691199,-1,110.251
-0.7881076893279101,-1,110.37
-0.8227128930208519,-1,110.466
-0.8232293885983588,0,110.592
-0.8232293885983588,-1,110.676
-0.8570598489250422,-1,110.804
-0.8928271676673774,-1,110.849
-0.9274323713603193,-1,110.975
-0.961521079475756,-1,111.066
-0.9621666989476387,0,111.185
-0.9621666989476387,0,111.276
-0.9622958228420164,1,111.395
-0.928077990832202,1,111.451
-0.9283362386209555,-1,111.607
-0.9629414423138992,-1,111.661
-0.9972883982180895,-1,111.785
-0.9981922654787239,0,111.874
-0.9980631415843481,0,111.994
-0.9979340176899721,0,112.081
-0.9976757699012188,1,112.204
-0.9638453095745354,1,112.257
-0.9641035573632889,0,112.383
-0.9641035573632889,0,112.468
-0.9646200529407959,0,112.59
-0.9652656724126787,0,112.678
-0.9652656724126787,0,112.804
-0.9660404157789391,0,112.867
-0.9659112918845633,1,113.023
-0.931564335980373,1,113.063
-0.9314352120859953,0,113.191
-0.931564335980373,-1,113.28
-0.9657821679901856,-1,113.403
-0.9665569113564461,0,113.494
-0.9672025308283306,-1,113.619
-1.0,-1,113.672
-1.0,0,113.784
-0.9996130030959741,0,113.889
-0.9987100103199166,0,114.0
-0.9984520123838999,0,114.1
-1.0,0,114.208
-1.0,0,114.272
-1.0,0,114.423
-1.0,0,114.49
-0.9994926433282576,0,114.598
-0.9988584474885829,0,114.696
-0.998097412480972,0,114.807
-0.9978437341451017,0,114.905
-0.9989852866565171,0,115.026
-1.0,0,115.09
-1.0,0,115.216
-1.0,0,115.295
-0.9998732171156866,0,115.42
-0.9991125198098242,0,115.508
-0.9989857369255162,0,115.655
-0.9986053882725868,0,115.677
-0.9992393026941376,0,115.831
-1.0,0,115.899
-1.0,0,116.019
-1.0,0,116.094
-0.9996197236658645,0,116.226
-0.9988591709975917,0,116.319
-0.9994929648878181,0,116.442
-0.9994929648878181,0,116.485
-1.0,0,116.621
-1.0,0,116.708
-1.0,0,116.829
-1.0,0,116.916
-0.9996200607902742,0,117.038
-0.9992401215805484,0,117.089
-0.9996200607902742,0,117.219
-0.9994934143870329,0,117.303
-0.9997467071935191,0,117.432
-0.9994934143870347,0,117.52
-0.999620060790276,0,117.636
-1.0,0,117.732
-0.9994935426690298,0,117.85
-0.9986072423398311,0,117.903
-0.9984806280070894,0,118.024
-0.9984806280070894,0,118.109
-0.9988604710053179,0,118.245
-0.9986072423398311,0,118.338
-0.9988604710053179,0,118.448
-0.999746771334515,0,118.494
-0.9991136996708031,0,118.623
-0.9981007850088645,0,118.714
-0.9974677133451508,0,118.834
-0.9975943276778942,0,118.928
-0.9991136996708031,0,119.048
-0.9993669283362899,0,119.13
-1.0,0,119.259
-1.0,0,119.311
-0.9984810126582269,0,119.437
-0.9983544303797467,0,119.529
-0.99746835443038,0,119.648
