0,-1,0.0
-1.0,-1,0.1
-1.0,0,0.217
-1.0,0,0.303
-1.0,1,0.429
-0.6914893617021536,1,0.489
-0.3805237315875708,1,0.622
0.10392798690671401,1,0.7
0.5965630114566158,1,0.816
0.3944353518821615,-1,0.917
0.32815057283142246,1,1.047
1.0,1,1.096
1.0,0,1.219
1.0,0,1.304
1.0,0,1.424
1.0,-1,1.52
0.9689564068692194,-1,1.634
0.9405548216644593,-1,1.733
0.8959709379128145,-1,1.837
0.8259577278731765,-1,1.905
0.7215984147952355,-1,2.025
0.613936591809767,-1,2.113
0.36261558784675896,-1,2.236
0.03863936591809236,-1,2.32
-0.19682959048876758,-1,2.446
-0.22556142668428303,-1,2.503
-0.31010568031705177,-1,2.628
-0.4197490092470251,-1,2.711
-0.3682298546895656,1,2.839
-0.22093791281373365,1,2.92
-0.26420079260237994,0,3.036
-0.23447820343461667,1,3.109
-0.2093791281373839,1,3.264
-0.18031704095112233,0,3.314
-0.20508586525759953,1,3.438
-0.14630118890357469,1,3.526
-0.11129458388375102,-1,3.648
-0.17536327608983626,0,3.735
-0.1228533685601102,1,3.857
-0.12648612945839288,-1,3.911
-0.24603698811096641,-1,4.039
-0.22391017173051475,0,4.126
-0.26122853368559895,-1,4.243
-0.2784015852047552,1,4.331
-0.21697490092470484,1,4.459
-0.2341479524438611,1,4.511
-0.15587846763540059,1,4.667
-0.10039630118890286,1,4.714
0.06935270805812221,1,4.842
0.24075297225891545,1,4.927
0.3913474240422745,1,5.051
0.5214663143989453,1,5.132
0.7242404227212702,1,5.262
0.8259577278731858,1,5.32
0.8418097754293248,-1,5.443
0.8094451783355312,1,5.536
0.8913474240422699,1,5.655
0.9828269484808436,1,5.742
1.0,1,5.858
1.0,-1,5.919
0.8890782339271912,-1,6.064
0.784972889233154,-1,6.127
0.669713400464762,-1,6.255
0.3279628195197546,-1,6.341
-0.036405886909373075,-1,6.464
-0.30410534469403794,-1,6.553
-0.5002323780015576,-1,6.673
-0.8577846630519046,-1,6.738
-1.0,-1,6.847
-1.0,0,6.935
-1.0,0,7.05
-1.0,0,7.151
-1.0,0,7.266
-1.0,0,7.328
-1.0,0,7.476
-1.0,0,7.547
-1.0,0,7.661
-1.0,0,7.752
-0.9956207043367163,0,7.864
-0.9856456419925789,0,7.957
-1.0,0,8.085
-1.0,1,8.145
-0.9492643942604614,1,8.264
-0.8687412968456754,1,8.351
-0.8113458860567901,1,8.467
-0.6771810861536594,1,8.572
-0.5897560089604648,1,8.683
-0.4960343888115303,1,8.745
-0.45207967548586236,1,8.89
-0.4166010776775474,1,8.956
-0.3432221347702388,1,9.083
-0.3401949506568982,-1,9.162
-0.37167766543561076,-1,9.29
-0.4215656596234185,-1,9.373
-0.46067687836774296,-1,9.484
-0.5633589634921612,-1,9.564
-0.7346975843070789,-1,9.673
-0.8424653387419063,-1,9.771
-0.8250287582490797,1,9.887
-0.8039595568202472,1,9.976
-0.7931827813767638,1,10.099
-0.7814373070170151,1,10.151
-0.7076951020161066,1,10.278
-0.5079009505358101,1,10.367
-0.32905491311981494,1,10.489
-0.1781800569110643,1,10.578
-0.05091723678634197,1,10.701
0.11993703457044136,1,10.784
0.21595931464551654,1,10.913
0.2251619543500658,-1,10.956
0.19210510383241575,-1,11.082
0.14451776957074536,-1,11.185
0.04050372343645847,-1,11.295
-0.20506145183750213,-1,11.384
-0.5580311194526868,-1,11.507
-0.8296300781013544,-1,11.563
-1.0,-1,11.681
-1.0,0,11.778
-1.0,0,11.891
-1.0,0,11.983
-1.0,0,12.105
-1.0,0,12.185
-1.0,0,12.32
-1.0,1,12.367
-0.9751066628171818,1,12.479
-0.9382799217271368,0,12.586
-0.9679209572386371,0,12.7
-0.9525230167131816,1,12.797
-0.9297468963526117,1,12.921
-0.9022872357488864,1,12.967
-0.8581464729092465,1,13.092
-0.8257466397202694,-1,13.187
-0.9232669297148169,-1,13.3
-0.9952523016713178,-1,13.396
-1.0,0,13.509
-1.0,0,13.608
-1.0,0,13.727
-1.0,0,13.788
-1.0,0,13.902
-1.0,0,13.988
-1.0,1,14.108
-0.9783138468278525,1,14.205
-0.898578899811069,1,14.328
-0.766654801347173,1,14.374
-0.6770625119794116,1,14.495
-0.5910845814736749,1,14.585
-0.48221571150844744,1,14.704
-0.39596396593740524,1,14.796
-0.3309055064209626,1,14.927
-0.30363352591659554,1,15.004
-0.2690780646751194,1,15.133
-0.23600120478628717,1,15.195
-0.22537718025245745,-1,15.307
-0.2905451657950229,-1,15.403
-0.38128747843706434,-1,15.52
-0.44218394896087154,-1,15.604
-0.5222474740560235,-1,15.725
-0.627611511185346,-1,15.795
-0.6916842364666911,-1,15.914
-0.6804030557761291,1,16.009
-0.6225185509706743,1,16.111
-0.5515456860436468,1,16.215
-0.5080090906601691,1,16.323
-0.4668820678513729,1,16.426
-0.38506612633827164,1,16.546
-0.2642041565126919,1,16.599
-0.18709783412283243,1,16.723
-0.08518386681635182,1,16.819
0.027792229128446477,1,16.935
0.11689165137865842,1,17.025
0.1374825442895855,1,17.132
0.16223542619314846,1,17.199
0.17411900002738112,1,17.335
0.1851811286656988,1,17.417
0.22137948029900612,1,17.538
0.23939651159606767,1,17.627
0.2602064565592406,1,17.745
0.3399961665890856,1,17.833
0.36672051696284313,1,17.954
0.37657785931382115,1,18.007
0.39552586183291716,1,18.136
0.42958845595684525,1,18.228
0.43249089564907783,1,18.353
0.4454149667314693,1,18.439
0.49459215246022814,1,18.558
0.515073519345034,1,18.606
0.5500123216779385,1,18.731
0.5648530982174651,-1,18.827
0.5287095095972176,-1,18.948
0.509104350921388,-1,19.031
0.4926754470030945,-1,19.16
0.4607486103885441,-1,19.25
0.4266312532515544,-1,19.372
0.42843843268256676,0,19.419
0.4363790695764078,1,19.54
0.44859122148900576,1,19.623
0.4656225185509699,-1,19.753
0.4309027682703097,-1,19.846
0.4028641055830875,-1,19.971
0.38588757153418496,0,20.016
0.4134881301169189,1,20.146
0.4398291393992484,1,20.232
0.46414391719832304,1,20.342
0.5110210563785214,1,20.447
0.5263547000355959,0,20.565
0.5129925248487179,-1,20.656
0.4808466361819217,-1,20.775
0.4724131321705325,1,20.827
0.507570986555681,1,20.949
0.5166616467238023,1,21.045
0.5824320254100386,1,21.166
0.6092111387968562,1,21.261
0.6376879055885647,1,21.376
0.6526382081542126,0,21.428
0.6471619068481143,1,21.549
0.6860984091344715,1,21.636
0.7221324717285946,1,21.769
0.7271159059171435,0,21.844
0.7236110730812402,0,21.964
0.7184633498535087,1,22.065
0.7405328441170829,-1,22.181
0.6985296130993119,-1,22.237
0.659264532734591,-1,22.359
0.657402590290519,1,22.44
0.6959009884723864,1,22.566
0.7203252922975822,0,22.651
0.6994605843213497,0,22.783
0.7109060540510941,1,22.844
0.7761288026067195,1,22.96
0.7518140248076448,-1,23.052
0.7100298458421179,-1,23.172
0.7073464582021309,0,23.259
0.6985843761123733,1,23.381
0.7241039401987912,0,23.469
0.6973795898250319,0,23.591
0.73533035787629,1,23.646
0.8204320801730507,1,23.766
0.8622710221516388,1,23.864
0.9055338024698119,1,23.983
0.9156649598860929,1,24.063
0.9573396128254961,1,24.191
1.0,1,24.255
0.9977206121784443,0,24.379
1.0,0,24.468
1.0,0,24.585
1.0,-1,24.675
0.9716864997948305,-1,24.784
0.9132642593352494,-1,24.894
0.9407570783750512,1,24.999
1.0,1,25.053
1.0,0,25.187
1.0,0,25.266
1.0,0,25.392
0.984653236218362,-1,25.487
0.9585393778470674,-1,25.611
0.9626805680738588,-1,25.656
0.9214148254610106,-1,25.787
0.8835594747996383,-1,25.873
0.8782002874473205,-1,25.993
0.8542301040169531,-1,26.09
0.7669240700591937,-1,26.211
0.6728946919685268,-1,26.296
0.684831063798689,0,26.415
0.6774256412754855,0,26.47
0.6921390465518502,1,26.596
0.7041728581520548,0,26.673
0.687997856325059,-1,26.8
0.677669240700592,0,26.896
0.6736742101288644,-1,27.012
0.6503373852037704,-1,27.067
0.6144308299432408,-1,27.195
0.597768629266034,1,27.278
0.6441986796911154,-1,27.408
0.5578670434337774,-1,27.488
0.5447126744780872,-1,27.616
0.5310223867871666,0,27.702
0.5319967844875888,0,27.827
0.5193296143821104,0,27.879
0.5326301429928622,1,27.992
0.5376482911500327,1,28.09
0.5786704343377742,1,28.216
0.6010328615624461,1,28.303
0.6115563567269982,1,28.434
0.6241748069474544,1,28.475
0.6409831672797248,0,28.593
0.635965019122555,1,28.692
0.6667559864558719,1,28.81
0.6686073420866725,0,28.896
0.6811770724221093,1,29.021
0.6885824949453114,1,29.116
0.7266814450317898,1,29.235
0.7054882950476242,-1,29.297
0.6801539548366666,-1,29.416
0.6516528220993392,-1,29.505
0.6401062093493457,-1,29.621
0.6289980755645406,0,29.707
0.6457089961267679,0,29.824
0.634162383376774,-1,29.885
0.5961608730603387,-1,30.002
0.5785242746827111,-1,30.097
0.5150909843852762,-1,30.223
0.41799225353828007,-1,30.308
0.3481766583030852,-1,30.435
0.35256144795498234,0,30.519
0.35178192979464473,-1,30.639
0.3331709337165951,-1,30.706
0.3256680714233502,-1,30.818
0.2743660324961632,-1,30.91
0.23841075735061223,0,31.029
0.2869357628315987,1,31.113
0.4305132639886957,1,31.237
0.5008160580741023,1,31.307
0.6015200604126565,1,31.413
0.6667559864558705,1,31.519
0.6540888163503922,-1,31.62
0.6409831672797248,0,31.731
0.6490219483082009,0,31.836
0.6353316606172796,1,31.926
0.6778641202406759,1,32.059
0.6947212004579657,0,32.105
0.6693868602470088,-1,32.228
0.5287325521911752,-1,32.33
0.5094394777228324,-1,32.438
0.4882950476236869,-1,32.536
0.4824486614211587,1,32.65
0.5287325521911765,1,32.714
0.5667340625076118,1,32.84
0.5632749506711168,-1,32.92
0.5376970110350525,-1,33.044
0.5174782587513092,-1,33.13
0.5213758495529945,0,33.257
0.5115344327787381,1,33.351
0.5432997978124763,1,33.462
0.5471973886141617,0,33.531
0.5331173418430724,1,33.65
0.6523349004896353,1,33.73
0.6517989817544034,1,33.856
0.6803001144917302,1,33.943
0.7047087768872864,1,34.072
0.7548902584589898,1,34.124
0.7952303232564366,1,34.25
0.8257289712796276,1,34.334
0.8370807044895374,0,34.457
0.8249981730043114,-1,34.547
0.8180312294462984,-1,34.668
0.7920635307300674,-1,34.754
0.647024433022338,-1,34.88
0.6115563567269982,-1,34.931
0.58529633870064,-1,35.059
0.5656622250371497,-1,35.146
0.5587927212491781,-1,35.261
0.5490974641299844,-1,35.34
0.5266375971352695,-1,35.47
0.5021314949696718,-1,35.531
0.4677352561447947,-1,35.647
0.47903826946968353,1,35.744
0.523714404034006,1,35.864
0.5514360186109959,1,35.952
0.5894862488124528,1,36.07
0.5860758568609776,0,36.125
0.5971352707607593,1,36.287
0.6191566587902839,1,36.333
0.6227132103968234,1,36.454
0.6353803805023011,1,36.551
0.6736742101288631,1,36.675
0.7233684928503561,1,36.76
0.7619546417870453,1,36.884
0.7888480183186768,1,36.942
0.8136464397944012,1,37.068
0.8222698594431319,1,37.152
0.8549121824072492,1,37.273
0.8675306326277061,0,37.354
0.8653382378017591,0,37.477
0.8657279968819265,0,37.536
0.872597500669898,1,37.694
0.8829261162943651,1,37.748
0.889308421232125,-1,37.877
0.8499914740201202,-1,37.952
0.8100898881878631,-1,38.081
0.786070984872475,-1,38.168
0.773842293732186,-1,38.296
0.7597135270760753,0,38.352
0.7668753501741727,0,38.468
0.765462473508562,0,38.555
0.7756936493629873,0,38.684
0.7575698521351488,-1,38.769
0.7328201505444452,-1,38.893
0.6893620131056499,-1,38.949
0.6445397188862636,-1,39.095
0.6121409953472514,-1,39.162
0.6082921244305866,-1,39.273
0.5773062775571847,-1,39.376
0.5660032642322956,-1,39.483
0.5449075540181716,-1,39.582
0.5488538647048786,-1,39.693
0.5112908333536321,-1,39.762
0.4936542349760047,0,39.887
0.5026186938198822,1,39.976
0.5357969355192314,1,40.08
0.5820321064042278,1,40.184
0.6409831672797248,1,40.289
0.6346008623419641,0,40.37
0.6345034225719219,0,40.509
0.6192053786753053,-1,40.577
0.5950403157048549,-1,40.698
0.5550412901025541,0,40.791
0.5844681006552808,1,40.904
0.6062946091447219,0,40.999
0.5887554505371351,-1,41.107
0.5879759323767988,0,41.174
0.5970378309907178,0,41.302
0.5776473167523319,0,41.387
0.5874887335265886,1,41.515
0.5951377554748964,0,41.592
0.5910452851331267,0,41.716
0.5936761589242654,0,41.762
0.583834742150009,-1,41.921
0.5433485176974993,-1,41.983
0.5362841343694431,0,42.104
0.5563567269981249,1,42.194
0.5521668168863108,-1,42.316
0.5382329297702844,-1,42.403
0.5181603371416039,-1,42.529
0.49691846727241695,-1,42.577
0.48337433923655926,-1,42.709
0.480353706365253,0,42.79
0.48810016808360257,0,42.918
0.48917200555406604,0,43.001
0.4888796862439386,-1,43.127
0.46369150568804485,-1,43.18
0.4377725268568362,-1,43.306
0.4080046771089607,-1,43.398
0.4029865289517902,1,43.516
0.4246181579011459,1,43.6
0.433290297434896,0,43.724
0.43791868651189914,0,43.811
0.4439112323694916,0,43.944
0.44298555455409105,0,43.985
0.43499549341063437,0,44.115
0.4489293805266621,1,44.204
0.4625709483325613,1,44.321
0.4662249397091407,1,44.412
0.5018391756595444,1,44.541
0.5210348103578459,0,44.584
0.5148473849601702,0,44.716
0.519378334267129,0,44.798
0.5230810455287329,0,44.929
0.528829991961218,0,45.015
0.530047989086746,1,45.133
0.5749677230761745,1,45.224
0.5790114735329215,1,45.345
0.5999610240919826,1,45.398
0.6154052276436628,0,45.513
0.6040047745487325,-1,45.61
0.5849552995054925,-1,45.736
0.575406202041362,-1,45.823
0.5602543177998089,-1,45.944
0.5314121458673355,-1,46.002
0.5298043896616389,0,46.116
0.528001753915859,-1,46.21
0.5011083773842282,-1,46.335
0.48590777325765533,-1,46.415
0.44688314535577645,-1,46.541
0.44108547903826967,0,46.624
0.43265693892962265,0,46.747
0.45204745316800987,1,46.818
0.4732406031521754,1,46.922
0.48892840612896027,1,47.033
0.5188911354169188,1,47.137
0.5151397042702976,1,47.224
0.535602055979147,1,47.347
0.541351002411635,0,47.422
0.5421792404569927,1,47.535
0.5682930988282873,1,47.628
0.5604491973398935,0,47.741
0.5795961121531747,0,47.832
0.5577696036637345,-1,47.944
0.5411074029865277,0,48.039
0.5444690750529828,0,48.156
0.5457357920635308,0,48.224
0.5495846629801948,0,48.351
0.5322403839126932,-1,48.439
0.5139704270297911,0,48.561
0.5360405349443358,1,48.65
0.5491949039000259,1,48.756
0.5615697546953784,0,48.823
0.5599619984896831,0,48.947
0.5522155367713337,0,49.033
0.5690726169886249,1,49.164
0.5775498769822904,1,49.247
0.5909965652481053,1,49.374
0.6004969428272144,1,49.457
0.6226157706267799,1,49.576
0.6776692407005913,1,49.622
0.6662687876056603,-1,49.755
0.6465372341721272,0,49.851
0.6521400209495494,0,49.962
0.6520913010645293,1,50.056
0.6795693162164134,1,50.176
0.6714818153029158,0,50.232
0.6693381403619894,0,50.356
0.6604711212881536,-1,50.451
0.6394241309590503,-1,50.553
0.6171591435044197,-1,50.645
0.5934325594991583,0,50.764
0.6119948356921863,1,50.865
0.6289493556795205,0,50.988
0.6186207400550536,-1,51.034
0.5876836130666729,-1,51.157
0.5683418187133074,-1,51.255
0.5477333073493935,-1,51.381
0.5101702759981472,-1,51.468
0.4763099559085031,-1,51.587
0.46247350856251823,-1,51.633
0.4534116099485994,0,51.755
0.447841593899889,-1,51.84
0.4145258807622638,-1,51.976
0.3447132372927426,-1,52.065
0.3047062477061626,-1,52.185
0.3139662911831955,0,52.271
0.3090539510459893,0,52.398
0.3081505321701805,1,52.448
0.3437226504051272,1,52.57
0.3949352079274999,1,52.66
0.4084300273848842,0,52.779
0.40357415092741644,-1,52.874
0.37737500352897957,-1,52.984
0.3749470653002456,-1,53.038
0.36054882696705426,0,53.159
0.3722932723525578,0,53.249
0.3673809322153516,0,53.381
0.36709861381666253,0,53.465
0.3725191270715116,0,53.591
0.3597046713048422,-1,53.672
0.31418701329117704,-1,53.798
0.2672996165784185,-1,53.854
0.257616864689556,-1,53.975
0.2501596627921807,-1,54.061
0.1961639058413236,-1,54.188
0.12533043635705332,-1,54.279
0.044072194451862945,-1,54.398
-0.03803499548180467,-1,54.466
-0.15756406228963848,-1,54.573
-0.2582300542215331,-1,54.673
-0.32485207100591773,-1,54.781
-0.40669759935444827,-1,54.868
-0.4284840140737364,-1,54.999
-0.4459271471997517,-1,55.09
-0.5178152336249209,-1,55.21
-0.5722894836853243,-1,55.267
-0.6010865347303087,-1,55.383
-0.7590158002653484,-1,55.48
-0.7846402385982367,-1,55.59
-0.7901219052406738,0,55.691
-0.7719766260162585,1,55.807
-0.6991869918699162,1,55.87
-0.6545985772357745,1,55.992
-0.5985772357723553,1,56.093
-0.6158536585365832,0,56.208
-0.6073424796747973,1,56.293
-0.5691056910569109,1,56.405
-0.49123475609756073,1,56.504
-0.4321646341463383,1,56.617
-0.4235264227642298,1,56.674
-0.3474339430894319,1,56.808
-0.31491361788618055,1,56.895
-0.2717225609756089,1,57.02
-0.21976626016260248,1,57.103
-0.17936991869918884,1,57.227
-0.02553353658536517,1,57.276
0.10391260162601834,1,57.411
0.25406504065040947,1,57.497
0.34845020325203424,1,57.619
0.3972306910569112,0,57.702
0.33418628454452337,-1,57.83
0.2262026612077812,-1,57.912
0.10900716479017536,-1,58.037
0.0075486182190382944,-1,58.086
-0.07523029682702098,-1,58.22
-0.11566018423746172,-1,58.305
-0.2674002047082924,-1,58.435
-0.4708290685772777,-1,58.514
-0.6146366427840313,-1,58.637
-0.749360286591606,-1,58.691
-0.8523541453428874,-1,58.803
-0.8043756397134085,1,58.909
-0.7249232343909917,1,59.034
-0.6426560900716491,1,59.112
-0.6595445240532254,0,59.242
-0.643551688843399,0,59.322
-0.6494370522006133,0,59.445
-0.6454708290685784,1,59.495
-0.5304503582395093,1,59.619
-0.5226458546571155,1,59.707
-0.4925793244626423,1,59.835
-0.5028147389969303,-1,59.916
-0.6243602865916081,-1,60.044
-0.7402763561924273,-1,60.098
-0.8624616171954959,-1,60.228
-0.8848515864892549,-1,60.318
-0.8866427840327546,-1,60.427
-0.9274564994882306,-1,60.518
-0.963024564994883,-1,60.647
-0.957906857727739,1,60.741
-0.9425537359263034,0,60.859
-0.9696775844421676,1,60.919
-0.9008444216990739,1,61.037
-0.7621545547594643,1,61.117
-0.6637666325486193,1,61.231
-0.5928863868986702,1,61.334
-0.4632804503582394,1,61.457
-0.4220829068577283,1,61.507
-0.40199590583418754,1,61.632
-0.3569600818833176,-1,61.717
-0.4210593654042988,-1,61.835
-0.5174002047082883,-1,61.926
-0.5500255885363352,-1,62.054
-0.5887922210849521,-1,62.141
-0.6274309109518931,-1,62.264
-0.6491811668372578,1,62.328
-0.5896878198567022,1,62.437
-0.6264073694984635,0,62.52
-0.582395087001023,1,62.648
-0.5470829068577263,1,62.729
-0.5299385875127944,1,62.854
-0.5125383828045035,1,62.92
-0.4639201637666338,1,63.042
-0.46164392505059926,-1,63.14
-0.5172877707520533,-1,63.242
-0.5441948069420153,1,63.343
-0.46971966616734473,1,63.459
-0.45224550898203586,0,63.549
-0.45838323353293486,-1,63.668
-0.5155688622754506,-1,63.736
-0.5800898203592811,-1,63.857
-0.6407185628742531,-1,63.948
-0.6519461077844347,-1,64.064
-0.685628742514971,-1,64.16
-0.6863772455089845,1,64.267
-0.5742514970059893,1,64.331
-0.4850299401197593,-1,64.452
-0.6152694610778444,-1,64.547
-0.7133233532934118,-1,64.664
-0.7613772455089788,-1,64.751
-0.7425149700598754,1,64.875
-0.6553892215568867,1,64.96
-0.6088323353293383,1,65.077
-0.6317365269461079,-1,65.147
-0.636377245508984,0,65.269
-0.6402694610778425,0,65.356
-0.6455089820359287,0,65.475
-0.6252994011976019,1,65.569
-0.4953592814371238,1,65.682
-0.42784431137724355,1,65.738
-0.42170658682634454,0,65.865
-0.42005988023951824,-1,65.945
-0.48757485029940273,-1,66.074
-0.44101796407185434,1,66.164
-0.4441616766467077,0,66.288
-0.4267964071856314,1,66.374
-0.3958083832335336,0,66.519
-0.4284431137724577,-1,66.553
-0.48667664670658994,-1,66.678
-0.4946107784431145,0,66.764
-0.49251497005988176,0,66.891
-0.5001497005988036,0,66.971
-0.5080838323353282,1,67.104
-0.4345808383233567,1,67.151
-0.47874251497006104,-1,67.276
-0.5224550898203631,0,67.362
-0.48383233532934367,1,67.478
-0.43727544910179517,1,67.566
-0.3223053892215536,1,67.692
-0.25299401197604343,1,67.779
-0.2657185628742478,0,67.907
-0.24071856287424975,1,67.953
-0.18997005988024007,0,68.077
-0.24071856287424975,-1,68.179
-0.34655688622754244,-1,68.299
-0.3580838323353269,1,68.385
-0.24700598802395224,1,68.507
-0.1694610778443103,1,68.556
-0.10733532934131551,1,68.686
-0.14486016916863653,-1,68.773
-0.23432142040692105,-1,68.894
-0.26617389316467466,-1,68.98
-0.295740303284316,-1,69.095
-0.3754476872666357,-1,69.154
-0.36874190352815683,1,69.312
-0.28141431075211776,1,69.365
-0.14272651070639542,1,69.481
-0.02933780385582352,1,69.578
0.007544006705781481,1,69.706
-0.003124285605428212,-1,69.791
-0.014097386268384748,-1,69.906
-0.06271431837232455,0,69.977
-0.010439686047396313,1,70.08
0.10371104168254064,1,70.181
0.2707460184409036,1,70.301
0.35182504000609516,1,70.388
0.4371713784957687,0,70.511
0.33887068505676865,-1,70.566
0.22807284919606907,-1,70.723
0.12535243465670898,-1,70.785
0.08085041530137804,-1,70.89
-0.027204145393582513,-1,70.989
0.055094109578605055,1,71.114
0.027661357921204832,-1,71.204
-0.04655947572963648,-1,71.32
-0.07704031090451835,-1,71.376
-0.08435571134649089,-1,71.508
-0.16833041225329715,-1,71.601
-0.16512992455993114,0,71.712
-0.1669587746704253,1,71.805
-0.1390688104854113,0,71.917
-0.17305494170540603,1,71.986
-0.04153013792578064,1,72.12
0.02933780385582363,1,72.2
0.0756686733216465,1,72.314
0.14577459422388372,1,72.406
0.1869237217099775,-1,72.528
0.08176484035662734,-1,72.613
0.05768498056847293,-1,72.719
0.00815362340928405,-1,72.79
0.020193553303361256,1,72.911
0.05646574716147246,1,73.006
0.12230435113922078,1,73.117
0.0864893698087319,-1,73.215
-0.02034595747923673,-1,73.34
-0.09167111178846343,-1,73.386
-0.18844776346871606,-1,73.547
-0.23386420787929418,1,73.59
-0.12230435113922089,1,73.729
7.62020879334635e-05,1,73.815
0.10553989179303036,1,73.937
0.09456679113007382,-1,74.022
0.033909929132056815,-1,74.149
-0.0014478396708051955,0,74.202
0.027508953745329245,1,74.319
0.10462546673778972,1,74.418
0.23736950392440703,1,74.543
0.24575173359750013,-1,74.615
0.19865884325230332,-1,74.744
0.21435647336736885,-1,74.802
0.13998323554065184,-1,74.953
0.13556351444029424,1,75.012
0.1745789834641469,1,75.132
0.24194162920063822,1,75.227
0.21085117732226055,-1,75.343
0.041834946277527596,-1,75.436
-0.10081536234093014,-1,75.549
-0.2530042221500489,-1,75.605
-0.29320692354527056,0,75.723
-0.2589967284623812,-1,75.817
-0.3185061625428599,-1,75.944
-0.40635714947642243,-1,76.035
-0.5359095542581833,-1,76.15
-0.49958298582152594,1,76.207
-0.5058845334074733,1,76.344
-0.3924882629108013,1,76.418
-0.20920187793427425,1,76.534
-0.13596244131455926,1,76.631
-0.11042253521126699,1,76.754
-0.06028169014084539,1,76.848
-0.0065727699530518935,1,76.971
0.04807511737088843,1,77.015
0.11098591549295622,1,77.131
0.1584976525821582,1,77.234
0.14704225352112177,-1,77.355
0.12431924882629142,-1,77.441
0.09934272300469371,-1,77.56
0.022723004694833016,-1,77.624
0.0606572769953031,1,77.739
0.18084507042253084,1,77.83
0.22478873239436625,1,77.95
0.2107042253521103,-1,78.036
0.16563380281690177,-1,78.156
0.1701408450704205,1,78.252
0.1853521126760549,1,78.381
0.19173708920187793,0,78.435
0.1907981220657311,1,78.547
0.2163380281690126,1,78.648
0.26892018779342775,1,78.757
0.29990610328638034,1,78.846
0.3427230046948373,1,78.966
0.4182159624413144,1,79.032
0.4257276995305157,0,79.16
0.4324882629107991,1,79.249
0.481690140845066,1,79.357
0.5412206572769906,-1,79.456
0.4242253521126744,-1,79.568
0.39211267605633826,-1,79.665
0.343098591549295,-1,79.785
0.3098591549295806,-1,79.85
0.3239436619718312,1,79.97
0.36882629107980813,1,80.059
0.4520187793427233,1,80.181
0.4833802816901387,1,80.264
0.5799061032863839,1,80.379
0.5703286384976494,-1,80.446
0.38948356807511586,-1,80.567
0.36957746478872866,-1,80.659
0.26723004694835484,-1,80.788
0.20375586854459793,-1,80.864
0.22460093896713462,1,80.99
0.23492957746478726,-1,81.08
0.1759624413145544,-1,81.2
0.14234741784037164,-1,81.254
0.13107981220657217,-1,81.379
0.023286384976527463,-1,81.469
0.030234741784034513,1,81.588
0.18234741784037745,1,81.671
0.36882629107980813,1,81.8
0.5889201877934267,1,81.848
0.8400000000000005,1,81.979
0.9718309859154934,1,82.066
1.0,1,82.187
1.0,-1,82.268
0.9511973049257965,-1,82.393
0.8821815533096631,-1,82.49
0.9198761722662296,1,82.612
0.9588454884821991,1,82.659
1.0,1,82.784
0.9773823091084413,-1,82.872
0.9722977119312672,-1,82.996
0.8620145524677798,-1,83.088
0.735425615849914,-1,83.211
0.5727185061804123,-1,83.263
0.5544840887174491,-1,83.371
0.48049443324273766,-1,83.483
0.4889103182256509,1,83.589
0.49662487945997813,0,83.688
0.49872885070570594,-1,83.807
0.46664328920838005,0,83.907
0.48803366353992983,0,84.019
0.45349346892259335,-1,84.065
0.44893486455685006,1,84.195
0.47313053388270343,1,84.281
0.5269571315858643,1,84.403
0.5662312615060892,1,84.48
0.6104146576663378,1,84.614
0.701937406855434,1,84.664
0.7669851845358067,1,84.793
0.809941264136051,1,84.879
0.8281756815990142,1,85.008
0.8735863943192719,1,85.101
0.9083019198737585,1,85.207
0.9053212939423099,0,85.304
0.9056719558166002,1,85.428
0.921627071096693,-1,85.479
0.8539493293591645,-1,85.607
0.8876128692907848,0,85.684
0.8429034803191005,-1,85.813
0.7983694222845614,-1,85.904
0.6945735074953947,-1,86.028
0.5900762689576544,-1,86.082
0.44718155518541036,-1,86.198
0.37617252564214776,-1,86.295
0.36232138160778504,1,86.41
0.4007188568422888,1,86.498
0.4948715700885409,1,86.622
0.5844656789690523,1,86.704
0.6291750679407366,1,86.827
0.6076093626720442,-1,86.893
0.5159112825458028,-1,87.006
0.41912860524239237,-1,87.104
0.30165687735600555,-1,87.218
0.30200753923029366,0,87.317
0.3156833523275133,1,87.419
0.3372490575962084,1,87.496
0.41579731743665804,1,87.617
0.49381958446567475,1,87.704
0.4869816779170635,-1,87.827
0.379503813447877,-1,87.907
0.3574121153677514,-1,88.023
0.33496975541333796,0,88.121
0.34496361883053805,1,88.238
0.43438239677390666,1,88.303
0.3798544753221649,-1,88.426
0.33900236696764563,-1,88.522
0.285000438327337,-1,88.641
0.14193039361795035,-1,88.728
0.003418953274299419,-1,88.847
-0.038835802577369294,0,88.902
0.005172262645741554,1,89.023
-0.016218111685810555,1,89.129
0.029893924783022996,1,89.237
0.15718418514946464,1,89.329
0.1990882791268478,1,89.449
0.33830104321907206,1,89.535
0.45524677829402815,1,89.659
0.523275181905847,1,89.707
0.5315157359516025,-1,89.84
0.4768124835627181,-1,89.928
0.5031121241342991,0,90.05
0.4824230735513251,1,90.124
0.524327167528706,1,90.254
0.575523801174711,1,90.309
0.54729552029455,1,90.431
0.6083106864206151,-1,90.528
0.5159112825458028,-1,90.644
0.38809502936792795,-1,90.738
0.36425002191636513,0,90.859
0.39545892872797217,1,90.945
0.49960550539142456,1,91.068
0.5309897431401718,1,91.124
0.5955115280091139,1,91.248
0.6747611115981369,1,91.34
0.7370035942842086,1,91.458
0.7946874726045368,0,91.544
0.7498027526957123,-1,91.671
0.7443674936442528,1,91.72
0.782589637941614,0,91.83
0.7529587095642987,0,91.929
0.7903041991759436,-1,92.059
0.7180678530726694,-1,92.141
0.6591566581923372,-1,92.257
0.6009467870605731,-1,92.352
0.5257298150258576,-1,92.474
0.5369509950030644,-1,92.525
0.49294292977995857,-1,92.658
0.5018848075742923,1,92.742
0.567633909003241,1,92.857
0.5925309020776701,1,92.939
0.5925309020776675,-1,93.072
0.5155606206715149,-1,93.131
0.44437626019110943,-1,93.249
0.42666783553957677,-1,93.338
0.4159726483738009,-1,93.461
0.37003594284211005,-1,93.548
0.2955202945559703,-1,93.668
0.2725519417901261,-1,93.761
0.19715963881826548,-1,93.89
0.13614447269220298,-1,93.944
0.10107828526342844,-1,94.06
0.06303147190321012,-1,94.14
0.06618742877180406,1,94.269
0.13912509862364675,1,94.357
0.15700885421232447,1,94.48
0.19873761725256234,1,94.535
0.24397299903567493,1,94.661
0.2543175243271629,-1,94.762
0.2066275094240324,-1,94.87
0.21749802752695113,0,94.97
0.21206276847549432,-1,95.082
0.17138599105812258,-1,95.174
0.17015867449811117,1,95.287
0.2406417112299406,1,95.352
0.2732532655387021,1,95.474
0.26606469711579783,0,95.568
0.2853511002016249,1,95.674
0.2883317261330711,-1,95.78
0.22345927938984378,-1,95.889
0.18260717103532698,-1,95.956
0.12369597615498718,-1,96.081
0.13491715613219135,0,96.173
0.13824844393793057,1,96.29
0.1561321995266034,-1,96.378
0.11142281055492154,-1,96.496
0.09353905496624382,1,96.586
0.1568335232751792,1,96.705
0.17594459542386343,1,96.764
0.2350311212413434,1,96.889
0.34058034540194515,1,96.975
0.4911896204085189,1,97.097
0.5464188656088365,1,97.184
0.5411589374945174,1,97.305
0.6162005785920877,1,97.359
0.6367142982379186,1,97.475
0.7206978171298277,1,97.575
0.7668098535986663,1,97.691
0.8630665380906437,1,97.787
0.906373279565176,1,97.912
0.8795476461821645,-1,97.994
0.8393968615762211,-1,98.119
0.7734724292101323,-1,98.163
0.8169545016218125,1,98.299
0.9086525817480491,1,98.386
0.8935741211536747,-1,98.504
0.8567546243534632,-1,98.591
0.7788204986659286,-1,98.723
0.7335323383084509,-1,98.772
0.5928358208955167,-1,98.887
0.47482587064676185,-1,98.978
0.4987064676616886,1,99.104
0.5554228855721319,1,99.188
0.5707462686567091,1,99.315
0.656119402985073,1,99.403
0.6865671641791014,1,99.531
0.8089552238805953,1,99.576
0.9074626865671651,1,99.703
0.9791044776119366,1,99.799
0.982288557213923,0,99.902
0.9876616915422807,0,100.001
0.9739303482586996,-1,100.129
0.9036815920397954,-1,100.18
0.8390049751243744,0,100.302
0.9038805970149213,-1,100.392
0.8097512437810903,-1,100.506
0.7490547263681568,-1,100.599
0.6181094527363133,-1,100.727
0.6017910447761152,-1,100.811
0.5343283582089513,-1,100.931
0.49671641791044063,-1,100.99
0.4447761194029769,-1,101.11
0.4097512437810864,-1,101.197
0.36736318407959323,-1,101.321
0.33492537313432,-1,101.414
0.20577114427859855,-1,101.533
0.24457711442785324,1,101.601
0.2720398009950211,1,101.71
0.2756218905472594,1,101.796
0.31582089552238135,1,101.913
0.3198009950248688,1,102.002
0.3526368159203912,1,102.136
0.38686567164178376,1,102.198
0.4485572139303411,1,102.342
0.5259701492537248,1,102.412
0.5477629987908039,1,102.518
0.6576750160565161,1,102.617
0.6423027166882258,-1,102.723
0.5243639499784363,-1,102.821
0.5472186287192722,1,102.934
0.5459249676584694,-1,103.0
0.5280293229840398,-1,103.128
0.513838748495782,-1,103.215
0.4330001123216827,-1,103.337
0.36358530832303204,-1,103.427
0.2829383353925634,-1,103.546
0.30832303717847687,-1,103.605
0.2045377962484538,-1,103.759
0.12478939683252799,-1,103.812
0.13310120184207586,-1,103.938
0.0392002695720548,-1,104.025
-0.02998989104796068,0,104.146
0.029765247669322425,0,104.234
-0.0439177805234241,-1,104.353
-0.05694709648433505,0,104.41
-0.05178029877569568,1,104.54
0.03627990564978423,1,104.625
0.032460968212961294,1,104.743
0.07379534988206249,1,104.843
0.10816578681343536,0,104.954
0.07222284623160813,-1,105.009
0.008873413456140122,-1,105.155
-0.046838144445694674,-1,105.222
-0.0737953498820626,0,105.344
-0.052004942154327494,0,105.44
-0.06099067729978991,0,105.56
-0.06054139054251351,0,105.649
-0.05829495675615115,-1,105.767
-0.079860721105248,-1,105.823
-0.09513647085252763,1,105.944
-0.024598449960689606,1,106.033
0.1115354374929789,1,106.143
0.22430641356845804,1,106.247
0.25890149387846595,0,106.367
0.22879928114118608,1,106.423
0.2856340559361956,1,106.579
0.3440413343816626,1,106.628
0.33370773896439054,-1,106.752
0.21150174098618235,-1,106.831
0.13377513197798385,-1,106.966
0.021004155902504706,-1,107.049
-0.1301808379198054,-1,107.177
-0.24048073683028404,-1,107.227
-0.23688644277209903,1,107.362
-0.2202628327530033,-1,107.448
-0.2544086263057411,-1,107.565
-0.4525440862630552,-1,107.657
-0.4179490059530475,1,107.773
-0.3871728630798629,0,107.832
-0.4064921936425909,-1,107.985
-0.4961249017185253,-1,108.037
-0.5610468381444478,-1,108.151
-0.6055262271144577,-1,108.245
-0.7070650342581186,-1,108.374
-0.9299112658654319,-1,108.464
-1.0,-1,108.573
-1.0,0,108.637
-1.0,0,108.76
-1.0,0,108.852
-1.0,0,108.976
-1.0,1,109.06
-0.9528152558980959,1,109.175
-0.8696012662998381,1,109.251
-0.8089997738750264,1,109.36
-0.7199065350116808,1,109.444
-0.6024722996909586,1,109.567
-0.4723750659531115,1,109.652
-0.3262983342127108,1,109.782
-0.1551971056003626,1,109.861
-0.05283786839526672,1,109.995
0.06323961709504733,1,110.056
0.19785935026757828,1,110.162
0.21760759779905037,1,110.264
0.2757970905253606,1,110.378
0.2684103414487069,-1,110.473
0.25589809301273525,-1,110.591
0.24700384412452037,-1,110.655
0.2286123464234564,0,110.776
0.25529509308811416,1,110.872
0.2623803422024573,1,110.97
0.2871033391120814,0,111.088
0.27127459109067664,-1,111.181
0.22197934725258128,-1,111.277
0.18097535237808016,-1,111.394
0.10605261174342484,-1,111.47
0.08479686440039558,-1,111.59
0.05117961860254794,-1,111.675
0.003693374538324745,-1,111.802
-0.0927866134016746,-1,111.887
-0.18610085173738955,-1,111.996
-0.3336850832893644,-1,112.066
-0.40303007462123797,-1,112.187
-0.36353357955830234,1,112.272
-0.26207884224014244,1,112.399
-0.1401221074847362,1,112.488
-0.024195371975579638,1,112.608
0.09519861310017186,1,112.7
0.21821059772367146,1,112.818
0.36911132886107967,1,112.866
0.5272480590939905,1,112.991
0.6905102886862131,1,113.085
0.8534710183161205,1,113.211
0.8866360141704939,-1,113.297
0.7838245270219322,-1,113.418
0.5206150599231176,-1,113.468
0.30881133639858294,-1,113.592
0.01138162357729744,-1,113.684
-0.275043340619582,-1,113.811
-0.46875706640536774,-1,113.9
-0.6000602999924656,-1,114.022
-0.6850832893645866,-1,114.104
-0.8287480214064986,-1,114.228
-0.9083440114569953,0,114.279
-0.8430692696163421,1,114.401
-0.7566895304138086,1,114.495
-0.5845330519333669,1,114.621
-0.45941056757367627,1,114.706
-0.32886108389236557,1,114.824
-0.15248360593955035,1,114.876
-0.04379286952589001,1,115.007
-0.059320117584984344,0,115.097
-0.05283786839526672,1,115.218
0.053591618301049415,1,115.304
0.08087736489032848,-1,115.425
0.02344162206979683,0,115.511
0.07077711615285831,1,115.633
0.11268561091429552,1,115.685
0.11720811034898393,1,115.808
0.20449234943845762,1,115.903
0.21187909851511133,1,116.023
0.2580085927489264,1,116.115
0.31288158588979886,1,116.231
0.29433933820758185,-1,116.286
0.22047184744101567,-1,116.408
0.1550463556192052,-1,116.493
0.11630361046204807,-1,116.61
-0.005351624331047744,-1,116.71
-0.17072435365945693,-1,116.827
-0.18926660134167816,-1,116.927
-0.232381095952362,-1,117.04
-0.24881284389839653,-1,117.097
-0.3525288309338963,-1,117.22
-0.3691113288610841,1,117.308
-0.2991633376045808,1,117.43
-0.2561995929750501,1,117.517
-0.08947011381623704,1,117.636
0.07575186553101898,1,117.71
0.1678601040174874,1,117.822
0.3870505766186778,1,117.918
0.44961181879852097,1,118.025
0.5286048089243967,1,118.119
0.5637295545338015,1,118.239
0.6201100474862375,1,118.33
0.5813673023290824,-1,118.448
0.5543830557021141,0,118.52
0.5884525514434298,-1,118.634
0.5371975578503054,-1,118.73
0.4835305645586814,0,118.838
0.534785558151806,1,118.936
0.5038818120147726,1,119.052
0.5703625537046808,0,119.116
0.6125725484284308,0,119.241
0.7069420366322432,0,119.32
0.7483982814502126,0,119.446
