0,1,0.0
1.0,1,0.12
1.0,0,0.171
1.0,0,0.329
1.0,0,0.381
1.0,0,0.5
1.0,0,0.597
1.0,0,0.724
1.0,0,0.806
1.0,0,0.93
1.0,0,0.994
1.0,-1,1.114
0.9665446941975937,0,1.192
1.0,1,1.319
1.0,0,1.407
0.998977156495058,-1,1.53
0.9788612342311682,0,1.578
1.0,1,1.7
1.0,0,1.785
1.0,0,1.91
1.0,0,2.004
1.0,-1,2.13
0.9367007672634271,-1,2.213
0.878196930946288,-1,2.336
0.8248081841432184,-1,2.404
0.6959718670076651,-1,2.516
0.5728900255754446,-1,2.602
0.4546035805626534,-1,2.727
0.3366368286444936,-1,2.812
0.2202685421994921,-1,2.937
0.10677749360614341,-1,2.99
-0.005115089514065252,-1,3.104
-0.11413043478261187,-1,3.208
-0.13746803069053948,-1,3.317
-0.15601023017902882,-1,3.417
-0.17391304347826408,-1,3.534
-0.1879795396419469,-1,3.619
-0.20236572890025684,-1,3.743
-0.21867007672634753,-1,3.813
-0.2356138107416923,-1,3.931
-0.2503196930946293,-1,4.023
-0.2634271099744264,-1,4.137
-0.27717391304347305,-1,4.232
-0.2893222506393843,-1,4.338
-0.304347826086953,-1,4.41
-0.3168158567774958,-1,4.531
-0.32480818414322765,-1,4.616
-0.33439897698209486,-1,4.747
-0.3436700767263441,-1,4.832
-0.3513427109974442,0,4.951
-0.3577365728900269,0,5.042
-0.36157289002557924,0,5.153
-0.36476982097187294,0,5.222
-0.36476982097187294,0,5.341
-0.36476982097187294,0,5.428
-0.36189258312020633,0,5.554
-0.3634910485933509,0,5.639
-0.36668797953963994,0,5.764
-0.3705242966751924,0,5.818
-0.37308184143222267,0,5.943
-0.36221227621483343,1,6.023
-0.3558184143222508,1,6.157
-0.29891304347826064,0,6.24
-0.3481457800511506,-1,6.364
-0.41176470588235503,-1,6.449
-0.4920076726342728,-1,6.575
-0.5095907928388718,-1,6.633
-0.549552429667517,-1,6.751
-0.6927749360613851,-1,6.827
-0.8554987212276237,-1,6.963
-0.9523657289002545,-1,7.049
-1.0,-1,7.168
-1.0,0,7.226
-1.0,0,7.348
-1.0,0,7.439
-1.0,0,7.56
-1.0,0,7.648
-1.0,0,7.774
-1.0,0,7.859
-1.0,0,7.984
-1.0,0,8.027
-1.0,0,8.157
-1.0,1,8.249
-0.9751731582261395,1,8.375
-0.945848700188902,1,8.453
-0.9107672933345339,1,8.575
-0.8729873167221396,1,8.631
-0.8316092470990386,0,8.761
-0.8756858864801709,-1,8.843
-0.905370153818479,0,8.97
-0.8729873167221396,1,9.051
-0.8665107493028753,1,9.182
-0.7868129891157702,1,9.267
-0.7283439776918268,1,9.395
-0.6011513897634297,1,9.438
-0.4998650715121027,1,9.569
-0.38382657191688596,1,9.654
-0.20752001439237766,1,9.779
-0.06233696141046019,1,9.857
0.14059548439326974,1,9.984
0.3879643788791898,1,10.048
0.5759647386884907,1,10.166
0.7846541333093437,1,10.25
0.9204821444634315,1,10.378
1.0,1,10.459
1.0,0,10.573
1.0,0,10.672
1.0,0,10.792
1.0,0,10.864
1.0,0,10.972
1.0,-1,11.078
0.9527149157689261,-1,11.189
0.8996457233750259,-1,11.271
0.8467211336851994,-1,11.39
0.7969778034849233,-1,11.458
0.7483912949172105,-1,11.586
0.6985033620128689,-1,11.67
0.6487600318125928,-1,11.776
0.5958354421227663,-1,11.88
0.5408864145759527,-1,11.999
0.4881064275901956,-1,12.098
0.4763936085604814,-1,12.204
0.4662714192755415,-1,12.267
0.4573060516231646,-1,12.391
0.4490636974911444,1,12.48
0.47538138963198584,1,12.601
0.4992408358036273,1,12.688
0.5232448846793423,1,12.805
0.5469597281469161,1,12.872
0.5703853662063487,1,12.992
0.5958354421227683,1,13.071
0.620851709926977,1,13.201
0.6434097317619836,1,13.288
0.6669799725254877,1,13.41
0.6922854457378376,1,13.496
0.7180247270623987,0,13.627
0.7063119080326803,-1,13.671
0.695900513339599,-1,13.806
0.685344515942446,-1,13.898
0.677391367218567,0,14.011
0.6698720266068987,-1,14.101
0.6603282481382413,-1,14.221
0.6506398669655122,-1,14.269
0.6412406912009245,-1,14.405
0.5938110042657792,-1,14.494
0.5456583038102814,-1,14.61
0.49822861687513575,-1,14.697
0.4510881353481315,-1,14.824
0.40582748897404275,-1,14.912
0.3612898561203064,-1,15.026
0.31574000433808025,-1,15.088
0.27004554985178064,-1,15.205
0.2255079169980463,-1,15.305
0.18169329766466413,-1,15.418
0.13816788373942535,-1,15.504
0.1322391728725314,0,15.632
0.12703347552599187,0,15.683
0.12370761333236757,0,15.811
0.12153857277131075,0,15.899
0.11806810787361499,0,16.009
0.11459764297592323,0,16.109
0.11156098619044053,0,16.227
0.1078013158846054,0,16.309
0.10418624828284195,0,16.443
0.10071578338515019,0,16.487
0.0975345238955958,0,16.623
0.0959438941508215,0,16.703
0.09493167522232793,0,16.821
0.09247342925312774,0,16.921
0.0895813751717145,0,17.034
0.08683392379437516,0,17.091
0.08365266430482055,0,17.214
0.08032680211120047,0,17.3
0.07815776155014165,0,17.43
0.07541031017280031,0,17.513
0.07425348854023484,0,17.64
0.07353047501988064,0,17.728
0.0715060371628935,0,17.848
0.06904779119369531,0,17.901
0.06644494252042543,0,18.019
0.0636974911430861,0,18.115
0.061962258694238104,0,18.233
0.06181765599016642,0,18.325
0.05386450726628733,0,18.455
0.07006001012218888,0,18.512
0.04113946930807555,-1,18.625
0.0036873689537981758,-1,18.72
-0.007157833851494044,-1,18.83
-0.027546815125443658,-1,18.923
-0.09435326440604741,-1,19.045
-0.1701250813390216,-1,19.142
-0.21567493312125174,-1,19.25
-0.27163617959656106,-1,19.323
-0.33497216397946683,-1,19.427
-0.43257898922709936,-1,19.533
-0.5617092039621172,-1,19.644
-0.6484708264044534,-1,19.743
-0.6941652808907531,-1,19.851
-0.8031957197599586,-1,19.925
-0.902103969344224,-1,20.04
-0.9535825319933481,-1,20.129
-0.9605234617887356,-1,20.251
-0.9963849323982366,-1,20.347
-1.0,0,20.451
-1.0,1,20.558
-0.9804919423240008,1,20.663
-0.954763924229574,1,20.731
-0.925219112242012,1,20.852
-0.9273395532937512,1,20.938
-0.8934124964659271,1,21.064
-0.8597681651116725,1,21.152
-0.8268306474413323,1,21.273
-0.8283856375459406,0,21.327
-0.8306474413344616,0,21.452
-0.8323437941758536,0,21.539
-0.8309301668080289,-1,21.666
-0.8543963811139369,0,21.755
-0.8254170200735076,1,21.875
-0.8162284421826387,1,21.962
-0.7551597398925631,1,22.083
-0.7151540853830911,1,22.135
-0.6618603336160578,1,22.261
-0.5619168787107716,1,22.345
-0.45094713033644085,1,22.476
-0.3662708510036715,1,22.558
-0.23607577042691097,1,22.682
-0.09951936669493511,1,22.734
0.06898501554990344,1,22.86
0.17684478371501533,1,22.955
0.25643200452361015,1,23.072
0.28739044387899493,1,23.161
0.3867684478371505,1,23.288
0.44628216002261745,1,23.369
0.4632456884365286,1,23.491
0.46988973706531123,1,23.543
0.5036754311563456,1,23.67
0.4936386768447827,-1,23.757
0.4746960701159162,-1,23.883
0.4506644048628774,-1,23.973
0.43483177834322784,0,24.09
0.46480067854113893,1,24.145
0.4884082555838327,0,24.272
0.4639525021204449,-1,24.347
0.4653661294882716,0,24.482
0.46154933559514055,0,24.574
0.45829799264913995,0,24.691
0.45320893412496566,1,24.782
0.48035057958722316,1,24.893
0.5073508623126972,1,24.955
0.5306757138818234,1,25.077
0.5527283008199046,1,25.171
0.5749222504947717,1,25.295
0.596974837432855,1,25.376
0.6188860616341545,1,25.501
0.6402318348883234,1,25.552
0.6610121571953638,1,25.682
0.6785411365564034,1,25.763
0.6947978512864039,-1,25.888
0.6389595702572823,-1,25.98
0.5832626519649444,-1,26.096
0.5279898218829537,-1,26.187
0.4741306191687875,-1,26.295
0.4212609556121012,-1,26.37
0.369098105739329,-1,26.485
0.317359344076904,-1,26.571
0.26661012157195474,-1,26.695
0.21670907548770146,-1,26.775
0.16737348035057908,-1,26.903
0.1198756007916324,-1,26.97
0.11026293469041448,-1,27.083
0.10192253322024558,0,27.181
0.09457167090754859,0,27.297
0.08679672038450836,0,27.381
0.0793044953350317,0,27.5
0.0728018094430325,0,27.569
0.06601639807746817,0,27.711
0.05880689850155685,0,27.776
0.052304212609555645,0,27.907
0.04707379134859968,0,27.994
0.04269154650833973,0,28.093
0.038309301668079776,0,28.188
0.03336160588068937,0,28.308
0.02855527283008441,0,28.369
0.02403166525304079,0,28.509
0.019790783149562508,0,28.595
0.01569126378286989,0,28.706
0.01243992083686929,0,28.802
0.009754028838001583,0,28.919
0.007492225049480883,0,28.981
0.0055131467345233,0,29.119
0.003392705682786268,0,29.191
0.0021204410517390304,0,29.314
0.0025445292620882576,0,29.412
0.009188577890870908,1,29.521
0.0438224484026033,1,29.61
0.06884365281312177,1,29.736
0.08679672038450836,0,29.78
0.062340966921120566,-1,29.915
0.02883799830364775,-1,30.002
0.023466214305910116,-1,30.122
0.010743567995477266,-1,30.212
-0.04707379134859768,-1,30.329
-0.11393836584675987,-1,30.391
-0.15366129488266655,-1,30.543
-0.20624823296578765,-1,30.595
-0.2916313259824692,-1,30.723
-0.3710771840542805,-1,30.81
-0.48416737348034844,-1,30.928
-0.5544246536612928,-1,31.026
-0.6143624540571089,-1,31.139
-0.7039864291772668,-1,31.191
-0.7873904438789909,-1,31.32
-0.8276788238620283,-1,31.412
-0.8604749787955889,-1,31.528
-0.9214023183488808,-1,31.625
-0.9770992366412207,-1,31.744
-1.0,-1,31.791
-1.0,0,31.949
-1.0,0,31.999
-1.0,1,32.126
-0.9612387341600616,1,32.22
-0.9093311648709088,1,32.338
-0.8768042285017302,1,32.433
-0.7946737141695477,1,32.546
-0.7334146506742563,1,32.605
-0.6621264484651352,1,32.728
-0.5446228908314701,1,32.814
-0.41654807887781997,1,32.937
-0.3128684692010577,1,33.032
-0.20146371213661485,1,33.151
-0.05129768923222966,1,33.198
0.06471505048451287,1,33.36
0.14196652436131885,1,33.41
0.2449684895303923,1,33.534
0.3017550992749214,1,33.619
0.3799552754624931,1,33.74
0.44704208172392823,1,33.839
0.47062411059158227,1,33.964
0.4858033475638688,1,34.032
0.5244290845022699,1,34.135
0.5535677983329947,0,34.22
0.5393372636714777,-1,34.343
0.5148065324930544,-1,34.428
0.5139933590838224,0,34.552
0.5062682116961437,-1,34.615
0.49610354408077484,0,34.726
0.5180592261299746,1,34.822
0.5368977434437894,1,34.941
0.5527546249237647,1,35.033
0.5656298705698983,1,35.159
0.5775564139052647,1,35.236
0.5897540150437075,1,35.363
0.6024937317883039,1,35.438
0.6142847462221328,1,35.555
0.6295995120959565,1,35.64
0.6461340380836207,0,35.749
0.6278376363759572,-1,35.848
0.5767432404960364,-1,35.963
0.5290370671545694,-1,36.034
0.4821440672223345,-1,36.149
0.43552212509317423,-1,36.241
0.39025547197939736,-1,36.362
0.34661516568408035,-1,36.449
0.3033814460933757,-1,36.578
0.2604187843057517,-1,36.656
0.21677847801043493,-1,36.779
0.17327370061665537,-1,36.843
0.16514196652435875,-1,36.96
0.1572812902351408,0,37.042
0.14955614284746033,0,37.174
0.14237311106593298,0,37.265
0.13627431049671057,0,37.385
0.12990445212441526,0,37.437
0.12353459375211817,0,37.56
0.11770685098597222,0,37.648
0.11228569492444263,0,37.768
0.1068645388629128,0,37.858
0.10063020939215295,0,37.981
0.09439587992139109,0,38.069
0.08883919495832204,0,38.192
0.08368909669986913,0,38.245
0.07840346953987654,0,38.378
0.07311784237988816,0,38.459
0.06878091753066307,0,38.577
0.06471505048451487,0,38.673
0.06092024124144313,0,38.795
0.05834519211221756,0,38.839
0.05536355627837608,1,38.958
0.08043640306295075,1,39.06
0.09615775564138862,0,39.17
0.06837433082604716,-1,39.271
0.06525716609066823,0,39.398
0.05482144067222272,-1,39.483
0.038151385783017355,-1,39.602
-0.022023446499967347,-1,39.649
-0.08965236836755597,-1,39.79
-0.13112421223826132,-1,39.866
-0.18032120349664527,-1,39.987
-0.268821576201123,-1,40.076
-0.38591854713017415,-1,40.203
-0.4982720065053883,-1,40.248
-0.5690180931083559,-1,40.384
-0.6663278444128229,-1,40.463
-0.758894084163449,-1,40.577
-0.8469878701633126,-1,40.68
-0.8591854713017575,-1,40.799
-0.8650132140678993,-1,40.899
-0.8982177949447726,-1,41.006
-0.9230195839262726,0,41.069
-0.9097377515755267,1,41.182
-0.8953716880124704,0,41.268
-0.9052652978247625,0,41.394
-0.9024191908924564,1,41.493
-0.8456325811479292,1,41.608
-0.8032120349664564,1,41.675
-0.7079352171850656,1,41.782
-0.6647014975943628,1,41.869
-0.5709154977298889,1,42.001
-0.46520295453005633,1,42.089
-0.384698787016334,1,42.204
-0.29416548078878013,1,42.29
-0.16066951277359842,1,42.421
0.006166565019992021,1,42.482
0.1645998509182094,1,42.6
0.2745137900657313,1,42.696
0.37209459917327314,1,42.809
0.4233245239547312,1,42.896
0.4989496510130771,1,43.014
0.5654943416683591,1,43.076
0.6266178762621131,1,43.2
0.7160669512773621,1,43.289
0.8010435725418468,1,43.403
0.8449549366402405,1,43.502
0.8848004336924835,1,43.621
0.9215287660093499,1,43.71
0.9540557023785305,1,43.82
1.0,1,43.891
1.0,0,44.011
1.0,0,44.105
1.0,0,44.215
0.9989778317255471,0,44.311
0.9922059669072998,-1,44.425
0.9794288634766484,-1,44.489
0.9298537021657163,-1,44.612
0.8769564939628163,-1,44.705
0.8211205519708653,-1,44.824
0.7634958154986218,-1,44.92
0.7056155369577686,-1,45.031
0.6496518239315154,-1,45.122
0.5945825081454021,-1,45.24
0.5397687344279039,-1,45.295
0.5172810323899559,-1,45.417
0.4949211013863135,-1,45.504
0.4734555676228167,0,45.628
0.4862326710534699,1,45.722
0.5010541110330307,1,45.843
0.5163866351498105,1,45.895
0.5342745799527244,1,46.019
0.5536957771673157,1,46.106
0.5728614323132937,1,46.233
0.5915160033220455,1,46.322
0.6109372005366367,0,46.441
0.597904555037372,-1,46.53
0.5852552226410244,-1,46.65
0.5733725164505183,-1,46.707
0.529163738580462,-1,46.835
0.48521050277902056,-1,46.91
0.4439404586980116,-1,47.039
0.40241487254839314,-1,47.119
0.3598671181243198,-1,47.25
0.3177026768031692,-1,47.304
0.27566600651632434,-1,47.43
0.2341404203667039,-1,47.523
0.19338146042292137,-1,47.629
0.1539002108222065,-1,47.733
0.1137801060499597,-1,47.85
0.10751932536893705,0,47.94
0.10151408675653117,0,48.051
0.0952533060755103,0,48.108
0.08886475436018548,0,48.229
0.08298728678208511,0,48.33
0.07710981920398674,0,48.452
0.07199897783172626,0,48.546
0.06701590749377129,0,48.659
0.0629272343959617,0,48.711
0.058071935092312676,0,48.836
0.05462211716603704,0,48.922
0.05117229923975963,0,49.053
0.047466939244870776,0,49.13
0.04465597649012909,0,49.258
0.04337826614706297,0,49.341
0.044655976490127314,0,49.466
0.04184501373538363,0,49.525
0.059988500606910744,0,49.639
0.03468983581421936,-1,49.733
0.003002619306202936,-1,49.843
-0.03341212547115502,-1,49.949
-0.04337826614706297,-1,50.067
-0.06113843991566925,-1,50.132
-0.1188909474222204,-1,50.239
-0.18494857215869265,-1,50.343
-0.22749632658276586,-1,50.454
-0.2774548009966149,-1,50.537
-0.3292020698907564,-1,50.659
-0.4429182904235607,-1,50.748
-0.5181754296301049,-1,50.878
-0.559189931642497,-1,50.935
-0.5994378074490532,-1,51.067
-0.6684341659745764,-1,51.154
-0.7318085989906108,-1,51.265
-0.7554462403373173,-1,51.36
-0.7707787644541009,-1,51.471
-0.8105155561234324,-1,51.536
-0.846163674694949,-1,51.657
-0.8756787836197539,-1,51.753
-0.8634127643263289,1,51.871
-0.8402862071168469,0,51.962
-0.865073787772312,0,52.066
-0.836964160224877,1,52.173
-0.8248259119657577,1,52.285
-0.7641346706701593,1,52.354
-0.6910496390468301,1,52.471
-0.6396856832556093,1,52.56
-0.5457739730403153,1,52.681
-0.44227943525203217,1,52.771
-0.36267808087906706,1,52.887
-0.27719925892800346,1,52.944
-0.19133712387401924,1,53.059
-0.047339168210568605,1,53.16
0.05589982750910294,1,53.28
0.18239315147256052,1,53.372
0.23311825209224923,1,53.494
0.2764326327221638,1,53.58
0.34261802849294365,1,53.703
0.3642113332907444,1,53.758
0.374433016035262,1,53.884
0.4063757746118952,1,53.972
0.46272280074107086,1,54.094
0.5094869992972575,1,54.181
0.5147256117038237,0,54.298
0.5102536255030972,-1,54.356
0.4983709193125909,0,54.477
0.5135756723950653,1,54.571
0.5232862710023636,-1,54.691
0.49645435379799285,-1,54.778
0.46885581038778246,-1,54.901
0.4440682297323173,-1,54.992
0.42030281735130326,-1,55.115
0.364850188462273,-1,55.168
0.31144189612214657,-1,55.29
0.2608445665367636,-1,55.378
0.21216380246597866,-1,55.499
0.1659106880470167,-1,55.585
0.12157413914265636,-1,55.712
0.07813198747843964,-1,55.766
0.0684213888711449,-1,55.885
0.0597329585382993,-1,55.978
0.05066121510253674,-1,56.096
0.04273941097553258,0,56.192
0.03609531719159098,0,56.293
0.028684597201813267,0,56.405
0.021401648246341498,1,56.52
0.04657254200472716,1,56.57
0.07148789369449804,1,56.691
0.09601993228134975,1,56.795
0.12106305500542991,1,56.895
0.1472561170382667,1,56.993
0.1748546604484753,1,57.121
0.20270874592729893,1,57.175
0.23107391554334522,1,57.297
0.25854468791924634,1,57.384
0.2879320258097493,1,57.503
0.31770267680316744,1,57.585
0.31463617197981075,0,57.723
0.312208522327988,0,57.797
0.30939755957324433,0,57.927
0.30658659681850087,0,57.995
0.30428671820098385,0,58.1
0.30237015268638556,0,58.193
0.30032581613748177,0,58.32
0.2987925637258044,0,58.402
0.2984092506228817,0,58.524
0.29764262441704226,0,58.589
0.2950872037309118,0,58.701
0.2888264230498927,-1,58.801
0.24155114035648162,-1,58.908
0.18558742733022116,-1,59.012
0.15364466875358973,-1,59.125
0.11211908260397307,-1,59.213
0.026895802721520923,-1,59.332
-0.03430652271130219,-1,59.402
-0.1033028812368254,-1,59.522
-0.1813709831981113,-1,59.608
-0.29892033476011004,-1,59.724
-0.4217082987286769,-1,59.823
-0.5124257330863085,-1,59.939
-0.5663451095636614,-1,60.002
-0.6138759343256877,-1,60.121
-0.6895163866351508,-1,60.21
-0.7574905768862195,-1,60.334
-0.7826614706446052,-1,60.419
-0.8649460167380063,-1,60.543
-0.9064716028876267,-1,60.589
-0.9396920718073223,-1,60.746
-0.9316424966460106,1,60.812
-0.9099214208139041,0,60.935
-0.9373921931898052,-1,61.015
-0.9496582124832339,1,61.138
-0.9127323835686476,1,61.232
-0.8892225132562468,1,61.352
-0.818309589216129,1,61.401
-0.7674567175621292,1,61.529
-0.6738005494154465,1,61.617
-0.5722225771417616,1,61.742
-0.4605506931578631,1,61.828
-0.37072765604037683,1,61.959
-0.24589535552290243,1,62.001
-0.09129240401200811,1,62.162
0.05653868268063689,1,62.213
0.1289848591324323,1,62.346
0.2200856065929846,1,62.43
0.2646776975659617,1,62.555
0.33047978023382063,1,62.639
0.3849102408484,1,62.76
0.427585766306777,1,62.809
0.45825081454034233,1,62.941
0.5070593496454348,1,63.028
0.5094869992972593,0,63.15
0.49888200344981914,-1,63.242
0.44815690283012866,-1,63.362
0.42375263527758267,-1,63.407
0.3956430077301476,-1,63.562
0.36676675397687286,-1,63.62
0.33571839264038683,-1,63.737
0.3045422602695953,-1,63.832
0.24180668242509107,-1,63.953
0.21203603143167116,-1,64.052
0.1840541749185436,-1,64.167
0.1591388232287747,-1,64.218
0.13767328946527768,0,64.341
0.15108924806746127,1,64.435
0.16706062735577687,1,64.559
0.18456525905577004,1,64.637
0.20270874592729715,1,64.768
0.22174663003896944,1,64.82
0.24193445345940034,1,64.977
0.26314444515428237,0,65.027
0.252283907238229,-1,65.145
0.24155114035648162,-1,65.244
0.2318405417491849,-1,65.37
0.22276879831342056,-1,65.455
0.213697054877658,-1,65.564
0.2050086245448124,-1,65.642
0.19734236248642323,0,65.747
0.19120935283971363,0,65.837
0.18507634319299826,0,65.965
0.17983773078643028,0,66.06
0.17562128665431498,-1,66.169
0.13895099980834202,-1,66.241
0.10291956813390479,-1,66.389
0.06688813645946379,-1,66.445
0.031751102025170175,-1,66.563
-0.0026193062032840997,-1,66.666
-0.00351370344343116,-1,66.779
-0.0378841116718871,-1,66.868
-0.07212674886603376,-1,66.982
-0.07238229093464876,0,67.048
-0.0673992205966939,0,67.171
-0.05896633233246151,1,67.266
-0.025618092378458468,1,67.377
-0.0354564620200607,0,67.472
-0.021273877212033887,1,67.591
-0.017185204114226194,-1,67.648
-0.05411103302881237,-1,67.771
-0.13588449498498711,-1,67.855
-0.1583721970229387,-1,67.986
-0.18814284801635683,-1,68.069
-0.29176515683894555,-1,68.19
-0.40893119529802724,-1,68.281
-0.5039928448220798,-1,68.4
-0.595604676419855,-1,68.454
-0.6470964032453851,-1,68.589
-0.72414233693222,-1,68.673
-0.8271257905832766,-1,68.792
-0.8907557656679242,-1,68.879
-0.9427585766306807,-1,69.006
-1.0,-1,69.068
-1.0,0,69.179
-0.9937702314786542,1,69.266
-0.9670188725340495,0,69.388
-0.9794784095767411,1,69.49
-0.9425884077444551,1,69.599
-0.9202345324619764,1,69.696
-0.8528064496427007,1,69.81
-0.7719416111891491,1,69.868
-0.6787393880168531,1,69.99
-0.5425395468148758,1,70.073
-0.3992548708239191,1,70.2
-0.283210163073354,1,70.289
-0.19855860257741398,1,70.41
-0.12123618151835291,1,70.464
0.005924387711476076,1,70.586
0.08923227264398692,1,70.679
0.19074085384474282,1,70.8
0.2490075123679214,1,70.89
0.32779576131435717,1,71.012
0.3944909301899464,1,71.095
0.3848408965980554,-1,71.221
0.36566298173822576,-1,71.268
0.3672509619495512,0,71.401
0.3608990411042565,0,71.495
0.376045929273805,0,71.61
0.3507603982165768,-1,71.692
0.32083307884932477,-1,71.82
0.28760764673547823,-1,71.875
0.22054602088804764,-1,71.999
0.15189641482929317,-1,72.083
0.08312465644658995,-1,72.209
0.04660111158614888,-1,72.302
0.01239846088071972,-1,72.418
-0.017284553838636252,-1,72.513
-0.04232578024796829,-1,72.632
-0.09509558419348763,-1,72.685
-0.14285714285714335,-1,72.806
-0.1874427410981483,-1,72.892
-0.22982959750809362,-1,73.021
-0.2386245648323474,-1,73.106
-0.24583155194527584,0,73.23
-0.25206132046662155,0,73.294
-0.257313870396383,0,73.407
-0.2612227447627169,0,73.494
-0.2641544005374682,0,73.62
-0.26708605631222115,0,73.696
-0.26904049349538806,0,73.822
-0.2712392353264511,0,73.907
-0.2727050632138276,0,74.037
-0.2741708911012042,0,74.101
-0.2760031759604221,0,74.213
-0.27746900384779694,0,74.309
-0.27832407011543403,0,74.421
-0.2790569840591206,0,74.508
-0.2806449642704443,0,74.634
-0.2824772491296623,0,74.7
-0.28455383863677985,0,74.824
-0.2867525804678429,0,74.914
-0.2888291699749588,0,75.025
-0.29139436877786673,0,75.123
-0.29347095828497916,0,75.232
-0.29493678617235386,0,75.33
-0.2961583094118343,0,75.448
-0.2970133756794697,0,75.509
-0.298479203566848,0,75.634
-0.29982287913027383,0,75.723
-0.3014108593415993,0,75.842
-0.3029988395529212,0,75.928
-0.30434251511635046,0,76.044
-0.3060526476516231,0,76.101
-0.30690771391925853,0,76.232
-0.3077627801868922,0,76.319
-0.3086178464545276,0,76.449
-0.3102058266658513,0,76.529
-0.3117938068771733,0,76.652
-0.31081658828559067,0,76.746
-0.30458681976424484,1,76.864
-0.2911500641299689,1,76.911
-0.24302204849446996,1,77.037
-0.23337201490258075,1,77.128
-0.2025896292676933,1,77.252
-0.17742625053441397,1,77.339
-0.15702681243510574,1,77.461
-0.14053624870213144,0,77.515
-0.15910340194221995,-1,77.643
-0.18194588652048893,-1,77.731
-0.2117510535637921,-1,77.851
-0.22066817321199483,-1,77.941
-0.24302204849447173,-1,78.06
-0.3040982104684544,-1,78.153
-0.36163195504794476,-1,78.272
-0.44628351554388135,-1,78.32
-0.5311793806877158,-1,78.439
-0.5846820985769251,-1,78.54
-0.6386734257619249,-1,78.664
-0.6612716056922978,-1,78.749
-0.6831368716789825,-1,78.877
-0.7346851523850233,-1,78.92
-0.8140841629511983,-1,79.047
-0.8877420142918181,-1,79.136
-0.9596897330971688,-1,79.256
-0.9975569535210375,-1,79.349
-1.0,0,79.476
-1.0,0,79.562
-1.0,0,79.683
-0.9982274741506644,0,79.73
-1.0,1,79.861
-0.968388271931373,1,79.945
-0.9216170162759273,1,80.072
-0.8613314530818504,1,80.153
-0.761678124449145,1,80.282
-0.6788295434514373,1,80.328
-0.5846994535519136,1,80.456
-0.4523767553910344,1,80.54
-0.3128855984487927,1,80.67
-0.23462013044244645,1,80.757
-0.16199541688700836,1,80.888
-0.033785768846584574,1,80.966
0.05858158528703017,1,81.079
0.1743345672483696,1,81.139
0.25412773958516843,1,81.265
0.2970209765556133,1,81.351
0.35953933838650864,1,81.466
0.41289147423467765,1,81.568
0.42769845466831,1,81.687
0.4309888947646734,1,81.748
0.4830483577178428,1,81.868
0.5265416495208959,1,81.963
0.5329637929001076,-1,82.086
0.5030252699015307,-1,82.163
0.4865816636308453,0,82.288
0.49377179870453447,1,82.376
0.5298034445226985,1,82.484
0.5635548523206775,1,82.55
0.5951070336391455,1,82.671
0.6237304755901083,1,82.769
0.6407614140546729,-1,82.883
0.5910977529698025,-1,82.981
0.507227708601689,-1,83.093
0.4280807213396316,-1,83.16
0.3894375268355541,-1,83.281
0.35723486474881816,-1,83.366
0.3294690138829246,-1,83.489
0.2692142550450858,-1,83.576
0.21396879919851242,-1,83.701
0.16158580220409502,-1,83.793
0.11206526406182937,-1,83.909
0.06469157005868142,-1,83.968
0.018462859596394043,-1,84.09
0.019463667820068364,0,84.178
0.018950119799609366,0,84.304
0.01900584795321625,1,84.387
0.038398080095995546,1,84.512
0.03491872366044557,0,84.559
0.02874774232390065,0,84.69
0.023479831426854725,0,84.776
0.01821192052980458,0,84.904
0.013094521372669199,0,84.991
0.008729680915111615,0,85.101
0.003762793497893213,0,85.204
-0.0016556291390739108,0,85.323
-0.006472004816377663,0,85.369
-0.010234798314269766,0,85.497
-0.012642986152920588,0,85.594
-0.013997591812163979,0,85.715
-0.01610475617098106,0,85.802
-0.0180614087898876,0,85.922
-0.019265502709212012,0,85.974
-0.020770620108370053,0,86.094
-0.022125225767611334,0,86.181
-0.023630343166769374,0,86.312
-0.024984948826010656,0,86.387
-0.025135460565925416,0,86.528
-0.024683925346179025,0,86.609
-0.025436484045757046,0,86.737
-0.026339554485247607,0,86.786
-0.027092113184827737,0,86.912
-0.028446718844068908,0,86.996
-0.03040337146297345,0,87.111
-0.03160746538229986,0,87.199
-0.028446718844068908,0,87.333
-0.023028296207101895,1,87.38
0.006773028296209294,1,87.508
0.026038531005420307,1,87.596
0.04214328717640026,0,87.714
0.01821192052980236,-1,87.808
-0.010385310054184527,-1,87.92
-0.04530403371462688,-1,88.024
-0.04906682721252109,-1,88.137
-0.06110776640577731,-1,88.197
-0.08097531607465147,-1,88.309
-0.1508127633955405,-1,88.402
-0.2284768211920517,-1,88.53
-0.33804936785069106,-1,88.612
-0.40397350993377334,-1,88.73
-0.4717037928958453,-1,88.789
-0.502709211318483,-1,88.91
-0.532811559301628,-1,89.003
-0.597381095725469,-1,89.113
-0.69491270319085,-1,89.211
-0.7841661649608689,-1,89.341
-0.8670981336544281,-1,89.425
-0.903822998193858,-1,89.552
-0.8922335942203503,1,89.615
-0.8648404575556877,0,89.722
-0.8919325707405166,0,89.807
-0.8565623118603256,1,89.926
-0.8344370860927154,1,90.015
-0.7507525586995782,1,90.142
-0.6468994581577353,1,90.208
-0.4841962673088479,1,90.324
-0.3467790487658039,1,90.424
-0.1970198675496697,1,90.524
0.00015051173991142974,1,90.629
0.16375677302829383,1,90.74
0.3240517760385282,1,90.833
0.5076760987356994,1,90.955
0.6002408187838661,1,91.015
0.713275135460566,1,91.143
0.7697170379289597,1,91.233
0.8494882600842879,1,91.344
0.8726670680313056,1,91.439
0.9181216134858525,1,91.545
0.9479229379891616,0,91.616
0.9301625526791089,-1,91.746
0.9035219747140244,-1,91.831
0.9065322095123405,0,91.951
0.9045755568934382,1,92.042
0.9334738109572545,1,92.166
0.9572546658639376,1,92.258
0.9765201685731486,1,92.363
1.0,1,92.43
1.0,0,92.555
1.0,0,92.644
1.0,0,92.759
1.0,0,92.851
1.0,-1,92.97
0.9448972232239445,-1,93.023
0.8909484313018405,-1,93.145
0.8390191128741442,-1,93.24
0.7882437793003954,-1,93.355
0.7386224305805982,-1,93.452
0.6866931121529039,-1,93.571
0.6349080418319482,-1,93.62
0.5839884601514587,-1,93.771
0.5335016227911991,-1,93.836
0.48373602596465726,-1,93.96
0.4351244139920667,-1,94.044
0.4251712946267592,-1,94.167
0.4157951676884244,-1,94.259
0.4052650558961419,-1,94.373
0.3948791922106023,-1,94.44
0.38521456905877804,-1,94.561
0.3755499459069578,-1,94.652
0.3666065632888551,-1,94.767
0.3585286693112144,0,94.853
0.3514605120807808,0,94.979
0.34540209159754975,0,95.037
0.34020915975478094,0,95.198
0.33429498737829055,0,95.241
0.3279480706815723,1,95.368
0.3588171655246999,1,95.464
0.38954201226108665,1,95.577
0.42084385142444836,1,95.662
0.4527226830147848,1,95.778
0.4847457627118661,1,95.841
0.5156148575549977,1,95.959
0.5469166967183574,1,96.044
0.5779300396682296,1,96.173
0.608510638297874,1,96.259
0.6389469888207715,1,96.394
0.6699603317706457,1,96.446
0.6641904075009022,0,96.6
0.659141723764874,0,96.647
0.6545257843490779,0,96.779
0.6496213487197964,0,96.861
0.6452939055174878,0,96.983
0.6421204471691286,0,97.071
0.6382257482870499,0,97.197
0.6351965380454374,-1,97.259
0.608510638297876,-1,97.372
0.6095203750450788,-1,97.464
0.5510998918139214,-1,97.583
0.5182113234763761,-1,97.664
0.4791200865488632,-1,97.787
0.3909844933285236,-1,97.86
0.29275153263613185,-1,98.009
0.22077172737107764,-1,98.074
0.13768481788676445,-1,98.183
0.0077172737107829015,-1,98.28
-0.13249188604399553,-1,98.388
-0.22134871979805248,-1,98.482
-0.3430941218896466,-1,98.602
-0.4052650558961399,-1,98.672
-0.5342228633249166,-1,98.794
-0.6581319870176692,-1,98.884
-0.7348719798052621,-1,98.995
-0.8026685899747543,-1,99.092
-0.8984493328525043,-1,99.203
-0.9831229715109973,-1,99.264
-1.0,-1,99.418
-1.0,0,99.469
-1.0,0,99.597
-0.9953216374269015,0,99.69
-1.0,1,99.81
-0.9246987951807248,1,99.895
-0.8651423877327507,1,100.009
-0.7905257393209228,1,100.086
-0.6671686746987953,1,100.198
-0.5673603504928812,1,100.293
-0.45454545454545436,1,100.418
-0.29805585980284865,1,100.503
-0.1686746987951807,1,100.62
-0.032174151150055064,1,100.676
0.10254654983570743,1,100.804
0.2639649507119399,1,100.891
0.38020262869660204,1,101.011
0.4823384446878396,1,101.113
0.5735213581599103,1,101.223
0.6187020810514765,1,101.311
0.689485213581599,1,101.433
0.7478094194961651,1,101.485
0.759994523548742,1,101.612
0.7972343921139105,1,101.698
0.8574753559693322,1,101.829
0.869797371303396,0,101.909
0.8728094194961651,0,102.037
0.8687020810514765,1,102.081
0.8944414019715214,1,102.217
0.9160733844468778,1,102.298
0.9382530120481909,1,102.421
0.959063526834609,1,102.516
0.9790525739320912,1,102.637
1.0,1,102.715
1.0,0,102.844
0.989448765640853,-1,102.892
0.9799797091646945,-1,103.007
0.9724044639837668,0,103.102
0.96848156915793,0,103.222
0.9661819411565788,0,103.313
0.9646939465674682,0,103.439
0.9613121406831249,0,103.488
0.9579303347987833,0,103.619
0.9538721677375719,0,103.708
0.9490023672641197,0,103.825
0.9433209333784249,0,103.911
0.9381805884342251,0,104.035
0.9345282380791342,0,104.127
0.9311464321947909,0,104.251
0.9250591816029756,-1,104.302
0.8832600608725063,-1,104.425
0.8418667568481575,-1,104.508
0.7999323638823155,-1,104.641
0.7579979709164715,-1,104.726
0.7168752113628702,-1,104.845
0.6758877240446417,-1,104.909
0.6359824146094015,-1,105.021
0.5968887385864041,-1,105.118
0.5573892458572882,-1,105.238
0.5172133919513004,-1,105.324
0.47771389922218255,-1,105.445
0.47297937098410503,0,105.531
0.46824484274602574,0,105.662
0.4641866756848163,0,105.719
0.4605343253297254,0,105.826
0.45634088603314105,0,105.928
0.45390598579641495,0,106.042
0.45147108555968907,0,106.126
0.4482245519107222,0,106.25
0.44484274602637863,0,106.322
0.44213730131890516,0,106.44
0.4392965843760568,0,106.534
0.4365911396685831,0,106.646
0.4337504227257367,0,106.748
0.43158606695975443,0,106.852
0.4294217111937777,0,106.953
0.42793371660466706,0,107.061
0.4248224551910713,0,107.125
0.42130537707135884,0,107.256
0.417517754480895,0,107.346
0.4130537707135613,0,107.463
0.4088603314169772,0,107.553
0.40480216435576577,0,107.672
0.4012850862360495,0,107.724
0.39790328035170797,0,107.852
0.39384511329049854,0,107.94
0.3899222184646618,0,108.064
0.38586405140345037,0,108.147
0.38194115657761385,0,108.271
0.3777477172810275,0,108.36
0.3739600946905637,0,108.483
0.37030774433547475,0,108.533
0.366384849509638,0,108.662
0.3625972269191762,1,108.751
0.38816367940480356,1,108.876
0.40277308082516194,0,108.959
0.37450118363206086,-1,109.076
0.336219141021306,-1,109.127
0.3229624619546836,-1,109.258
0.26533648968549306,-1,109.351
0.19770037199864876,-1,109.472
0.15644234020967462,-1,109.56
0.10639161312140977,-1,109.683
0.01535339871491459,-1,109.779
-0.07974298275278824,-1,109.889
-0.2085221508285412,-1,109.94
-0.3289144403111258,-1,110.066
-0.37504227257355405,-1,110.156
-0.41467703753804275,-1,110.28
-0.480419343929658,-1,110.356
-0.5031450794724373,-1,110.492
-0.5185661143050382,-1,110.542
-0.5611768684477519,-1,110.659
-0.5947243828204275,-1,110.76
-0.5875549543456221,1,110.879
-0.575921542103485,1,110.97
-0.5591477849171462,1,111.093
-0.5291173486641869,0,111.182
-0.5476496449103838,1,111.304
-0.510585052417992,1,111.35
-0.45201217450118414,1,111.473
-0.4079134257693616,1,111.555
-0.31011159959417944,1,111.679
-0.19783564423401956,1,111.77
-0.10815015218126212,1,111.897
0.02685153872167878,1,111.954
0.17240446398376874,1,112.081
0.29144403111261363,1,112.169
0.40791342576935974,1,112.287
0.5456205613797762,1,112.373
0.6328711531958058,1,112.5
0.7002367264119043,1,112.588
0.8191410213053765,1,112.707
0.8913763949949272,1,112.759
0.9487318227933703,1,112.886
1.0,1,112.971
0.998399039423653,-1,113.096
0.9821226068974698,0,113.177
0.9877259689146818,0,113.311
0.9834567407110921,0,113.374
0.9734507371089329,-1,113.486
0.9603762257354411,-1,113.577
0.9447668601160719,-1,113.696
0.9263558134880945,-1,113.781
0.9012740977920091,-1,113.908
0.8756587285704767,-1,113.987
0.849376292442134,-1,114.129
0.8544460009338952,0,114.171
0.8615169101460891,1,114.292
0.8703221933159928,1,114.392
0.8811286772063256,1,114.5
0.8935361216730051,0,114.594
0.8728570475618707,-1,114.709
0.8545794143152585,-1,114.777
0.8028150223467447,-1,114.901
0.7545193782936432,-1,114.991
0.7072910412914437,-1,115.104
0.6609965979587769,-1,115.204
0.6179040757787999,-1,115.315
0.5761456874124491,-1,115.413
0.5353211927156312,-1,115.527
0.49396304449336426,-1,115.584
0.45273830965245865,-1,115.712
0.4448669201520914,-1,115.801
0.43686211727036284,0,115.91
0.42979120805816895,0,116.009
0.42111933826962833,-1,116.122
0.4128477086251754,-1,116.184
0.40484290574344683,0,116.308
0.39750516976852857,0,116.4
0.39110132746314696,0,116.518
0.38549796544593473,0,116.615
0.3798946034287247,0,116.736
0.37455806817423887,0,116.808
0.3702888399706512,0,116.945
0.36548595824161434,0,116.991
0.3605496631312164,0,117.128
0.35574678140217597,0,117.208
0.3514775531985861,0,117.33
0.3482756320458924,0,117.451
0.3452071242745638,0,117.544
0.3413381362150618,0,117.591
0.33746914815555984,0,117.718
0.33413381362150685,0,117.807
0.33039823894336795,0,117.93
0.32599559735841876,1,118.022
0.35574678140217775,1,118.131
0.3858982055900224,1,118.225
0.41725035021012635,1,118.348
0.4149823227269711,1,118.404
0.4463344673470768,1,118.53
0.47782002534854584,1,118.622
0.4760856513908378,1,118.734
0.5083716896804764,1,118.828
0.5126409178840661,0,118.952
0.5153091855113088,1,118.999
0.5401240744446678,-1,119.122
0.48742578880661735,-1,119.213
0.4277900073377383,-1,119.337
0.3598825962244043,-1,119.422
0.35281168701221044,-1,119.548
0.30531652324728453,-1,119.644
0.21446201053966085,-1,119.761
0.1485558001467555,-1,119.81
0.07384430658395225,-1,119.938
0.020212127276368896,-1,120.019
-0.0698419051430832,-1,120.148
-0.18751250750450033,-1,120.234
-0.2651590954572748,-1,120.364
-0.3388032819691822,-1,120.41
-0.4063104529384305,-1,120.542
-0.46821426189046667,-1,120.621
-0.5251817757321049,-1,120.744
-0.5402574878260273,0,120.827
-0.546261089987325,0,120.958
-0.5786805416583269,0,121.046
-0.6054966313121204,0,121.172
