0.000000000000000000,999.000000000000000000,0.000000000000000000
1.000000000000000000,999.000000000000000000,0.115000000000000005
1.000000000000000000,999.000000000000000000,0.206999999999999990
1.000000000000000000,999.000000000000000000,0.326000000000000012
1.000000000000000000,999.000000000000000000,0.391000000000000014
1.000000000000000000,999.000000000000000000,0.511000000000000010
1.000000000000000000,999.000000000000000000,0.595999999999999974
1.000000000000000000,999.000000000000000000,0.719999999999999973
1.000000000000000000,999.000000000000000000,0.814999999999999947
1.000000000000000000,999.000000000000000000,0.931000000000000050
0.880905121079795572,999.000000000000000000,0.984999999999999987
0.922191345772138016,999.000000000000000000,1.137999999999999901
0.935688765383086540,999.000000000000000000,1.199000000000000066
0.942040492258846118,999.000000000000000000,1.320000000000000062
0.933306867804697848,999.000000000000000000,1.413999999999999924
0.677649861055980685,999.000000000000000000,1.532000000000000028
0.382294561333869742,999.000000000000000000,1.622999999999999998
0.054386661373565071,999.000000000000000000,1.745999999999999996
-0.267169511710991348,999.000000000000000000,1.794999999999999929
-0.566494640730428101,999.000000000000000000,1.919000000000000039
-0.833267169511716199,999.000000000000000000,2.003000000000000114
-0.868995633187750305,999.000000000000000000,2.137999999999999901
-0.891226677252881183,999.000000000000000000,2.216000000000000192
-0.896784438269155437,999.000000000000000000,2.346000000000000085
-0.874553394204058421,999.000000000000000000,2.395000000000000018
-0.623660182612141512,999.000000000000000000,2.553999999999999826
-0.340214370782064623,999.000000000000000000,2.611000000000000210
-0.025803890432708365,999.000000000000000000,2.721999999999999975
0.302897975387059315,999.000000000000000000,2.825000000000000178
0.651448987693524106,999.000000000000000000,2.943999999999999950
0.815799920603419215,999.000000000000000000,3.028000000000000025
1.000000000000000000,999.000000000000000000,3.157000000000000028
1.000000000000000000,999.000000000000000000,3.205999999999999961
1.000000000000000000,999.000000000000000000,3.334000000000000075
1.000000000000000000,999.000000000000000000,3.419999999999999929
1.000000000000000000,999.000000000000000000,3.537999999999999812
1.000000000000000000,999.000000000000000000,3.633000000000000007
0.966460723742280647,999.000000000000000000,3.754999999999999893
0.888790820829659101,999.000000000000000000,3.798999999999999932
0.870697263901148544,999.000000000000000000,3.967000000000000082
0.680052956751983073,999.000000000000000000,4.003999999999999559
0.654898499558702829,999.000000000000000000,4.139000000000000234
0.457193292144749019,999.000000000000000000,4.232999999999999652
0.204324801412183454,999.000000000000000000,4.352999999999999758
0.028684907325686959,999.000000000000000000,4.442999999999999616
-0.316416593115629086,-1.000000000000000000,4.549999999999999822
-0.796999117387473754,-1.000000000000000000,4.610999999999999766
-1.000000000000000000,-1.000000000000000000,4.725999999999999979
-1.000000000000000000,-1.000000000000000000,4.820000000000000284
-1.000000000000000000,-1.000000000000000000,4.948999999999999844
-1.000000000000000000,-1.000000000000000000,5.027999999999999581
-1.000000000000000000,-1.000000000000000000,5.160999999999999588
-1.000000000000000000,-1.000000000000000000,5.225999999999999979
-1.000000000000000000,-1.000000000000000000,5.365999999999999659
-1.000000000000000000,-1.000000000000000000,5.427999999999999936
-1.000000000000000000,-1.000000000000000000,5.549999999999999822
-1.000000000000000000,-1.000000000000000000,5.626000000000000334
-1.000000000000000000,-1.000000000000000000,5.759999999999999787
-0.934828951375491823,-1.000000000000000000,5.842999999999999972
-0.855446147599227658,-1.000000000000000000,5.971000000000000085
-0.760633438229618708,-1.000000000000000000,6.027000000000000135
-0.709674144756877956,-1.000000000000000000,6.147000000000000242
-0.654045274591414261,-1.000000000000000000,6.243999999999999773
-0.594152877880417929,-1.000000000000000000,6.355000000000000426
-0.584610699421379332,-1.000000000000000000,6.445999999999999730
-0.576489696477513469,-1.000000000000000000,6.559000000000000163
-0.523703177342403681,-1.000000000000000000,6.631999999999999673
-0.478834636077556053,-1.000000000000000000,6.769999999999999574
-0.443102223124556382,-1.000000000000000000,6.836000000000000298
-0.468886407471323929,-1.000000000000000000,6.947000000000000064
-0.503197644909145092,-1.000000000000000000,7.054000000000000270
-0.546238960511620908,-1.000000000000000000,7.163999999999999702
-0.542584509186879949,-1.000000000000000000,7.269999999999999574
-0.541366358745302478,0.000000000000000000,7.368000000000000327
-0.542990559334073364,0.000000000000000000,7.437999999999999723
-0.545629885290829231,0.000000000000000000,7.562000000000000277
-0.547457110953201154,0.000000000000000000,7.647999999999999687
-0.549487361689168452,0.000000000000000000,7.764999999999999680
-0.548878286468379661,0.000000000000000000,7.866999999999999993
-0.548269211247588095,0.000000000000000000,7.980000000000000426
-0.545426860217233966,0.000000000000000000,8.038999999999999702
-0.541569383818897743,0.000000000000000000,8.159000000000000696
-0.536087706831790634,0.000000000000000000,8.253999999999999559
-0.522078976753624246,0.000000000000000000,8.371999999999999886
-0.443508273271746911,0.000000000000000000,8.464000000000000412
-0.351334889858896715,0.000000000000000000,8.582000000000000739
-0.297127195208602757,0.000000000000000000,8.673000000000000043
-0.229113795553743338,0.000000000000000000,8.791999999999999815
-0.096944472642366719,0.000000000000000000,8.843999999999999417
0.051060806009545434,0.000000000000000000,8.968999999999999417
0.157648969647755655,1.000000000000000000,9.063000000000000611
0.273779311745001586,1.000000000000000000,9.176000000000000156
0.451832301289210925,1.000000000000000000,9.279999999999999361
0.635366967820521822,1.000000000000000000,9.391000000000000014
0.820728860014210193,1.000000000000000000,9.442000000000000171
0.900923764084864187,1.000000000000000000,9.569000000000000838
0.982945893817886995,1.000000000000000000,9.659000000000000696
1.000000000000000000,1.000000000000000000,9.785000000000000142
1.000000000000000000,1.000000000000000000,9.875999999999999446
1.000000000000000000,1.000000000000000000,9.990999999999999659
1.000000000000000000,1.000000000000000000,10.080999999999999517
1.000000000000000000,1.000000000000000000,10.205000000000000071
1.000000000000000000,1.000000000000000000,10.253000000000000114
0.984132286621012708,1.000000000000000000,10.374000000000000554
0.957908802405210258,1.000000000000000000,10.471000000000000085
0.920828461666946207,2.000000000000000000,10.585000000000000853
0.914815433439120085,2.000000000000000000,10.678000000000000824
0.936863203607816608,2.000000000000000000,10.803000000000000824
0.910472690830133491,2.000000000000000000,10.853999999999999204
0.930015032570566058,2.000000000000000000,10.986000000000000654
0.952897945548684566,2.000000000000000000,11.074999999999999289
0.976281944212456843,2.000000000000000000,11.192000000000000171
1.000000000000000000,2.000000000000000000,11.282999999999999474
1.000000000000000000,2.000000000000000000,11.401999999999999247
1.000000000000000000,2.000000000000000000,11.487999999999999545
1.000000000000000000,2.000000000000000000,11.617000000000000881
1.000000000000000000,2.000000000000000000,11.660999999999999588
1.000000000000000000,2.000000000000000000,11.788999999999999702
0.987467690138639442,2.000000000000000000,11.881000000000000227
0.977911803869353058,2.000000000000000000,11.997999999999999332
0.972742226051541481,2.000000000000000000,12.086999999999999744
0.969922456332733329,2.000000000000000000,12.201999999999999957
0.964909532388187996,2.000000000000000000,12.263999999999999346
0.958800031330775848,2.000000000000000000,12.382999999999999119
0.955040338372369568,2.000000000000000000,12.467999999999999972
0.958173415837705100,2.000000000000000000,12.587999999999999190
0.930915641889249024,2.000000000000000000,12.682000000000000384
0.913527061956611153,2.000000000000000000,12.804000000000000270
0.945797759849615005,2.000000000000000000,12.900000000000000355
0.989347536617844803,2.000000000000000000,13.021000000000000796
1.000000000000000000,2.000000000000000000,13.071999999999999176
1.000000000000000000,1.000000000000000000,13.198000000000000398
1.000000000000000000,1.000000000000000000,13.288000000000000256
1.000000000000000000,1.000000000000000000,13.412000000000000810
1.000000000000000000,1.000000000000000000,13.492000000000000881
1.000000000000000000,1.000000000000000000,13.615000000000000213
1.000000000000000000,1.000000000000000000,13.679999999999999716
1.000000000000000000,1.000000000000000000,13.798999999999999488
1.000000000000000000,1.000000000000000000,13.896000000000000796
1.000000000000000000,1.000000000000000000,14.000999999999999446
1.000000000000000000,1.000000000000000000,14.085000000000000853
0.984397792858499932,1.000000000000000000,14.214000000000000412
0.964609627703429062,2.000000000000000000,14.305999999999999162
0.946470476311282782,2.000000000000000000,14.419999999999999929
0.928458172131668258,2.000000000000000000,14.489000000000000767
0.905879368300882337,2.000000000000000000,14.602000000000000313
0.906006215513413871,2.000000000000000000,14.707000000000000739
0.924652755755692501,2.000000000000000000,14.810999999999999943
0.893321494260164384,2.000000000000000000,14.910999999999999588
0.813788292002282310,2.000000000000000000,15.022000000000000242
0.754550643749603234,2.000000000000000000,15.086999999999999744
0.653833956998792765,-1.000000000000000000,15.207000000000000739
0.582545823555526310,-1.000000000000000000,15.305999999999999162
0.537895604744086597,-1.000000000000000000,15.422000000000000597
0.488044650218809828,-1.000000000000000000,15.509999999999999787
0.435656751442886847,-1.000000000000000000,15.622999999999999332
0.380224519566181751,-1.000000000000000000,15.730000000000000426
0.294348956681675933,-1.000000000000000000,15.836000000000000298
0.179425382127228472,-1.000000000000000000,15.897999999999999687
0.105853998858377096,-1.000000000000000000,16.024000000000000909
0.043825711929979194,-1.000000000000000000,16.120999999999998664
-0.041923003741993203,-1.000000000000000000,16.234000000000001762
-0.085558444853173987,-1.000000000000000000,16.321999999999999176
-0.121836747637468434,-1.000000000000000000,16.446000000000001506
-0.183357645715735873,-1.000000000000000000,16.490999999999999659
-0.238536183167373905,-1.000000000000000000,16.617999999999998550
-0.287752901629985014,-1.000000000000000000,16.713999999999998636
-0.330880953891039109,-1.000000000000000000,16.833999999999999631
-0.337477008942728141,-1.000000000000000000,16.925999999999998380
-0.338872328280583890,-1.000000000000000000,17.042000000000001592
-0.338872328280583890,-1.000000000000000000,17.137000000000000455
-0.339887105980842819,-1.000000000000000000,17.256000000000000227
-0.340901883681103413,-1.000000000000000000,17.303000000000000824
-0.342297203018961049,-1.000000000000000000,17.434000000000001052
-0.343311980719219867,-1.000000000000000000,17.521000000000000796
-0.345722077757338098,-1.000000000000000000,17.644999999999999574
-0.316674066087394790,-1.000000000000000000,17.734000000000001762
-0.321367412951099607,0.000000000000000000,17.856999999999999318
-0.295871123232065103,0.000000000000000000,17.900999999999999801
-0.271770152850891678,0.000000000000000000,18.024999999999998579
-0.249064501807572336,0.000000000000000000,18.115999999999999659
-0.226232003551723015,0.000000000000000000,18.240999999999999659
-0.202384727595611214,0.000000000000000000,18.332000000000000739
-0.177649521151774015,0.000000000000000000,18.454000000000000625
-0.150250523244751522,0.000000000000000000,18.538000000000000256
-0.121963594850001966,0.000000000000000000,18.666000000000000369
-0.091393416629669377,0.000000000000000000,18.716999999999998749
-0.093042430392593856,0.000000000000000000,18.844000000000001194
-0.062852793809854646,0.000000000000000000,18.928999999999998494
-0.065009196422909477,0.000000000000000000,19.048999999999999488
-0.066658210185832178,0.000000000000000000,19.135999999999999233
-0.091773958267266198,0.000000000000000000,19.265000000000000568
-0.067672987886091107,0.000000000000000000,19.310999999999999943
-0.064501807572779124,0.000000000000000000,19.432999999999999829
-0.049660683706476472,0.000000000000000000,19.525999999999999801
0.011225978309125306,0.000000000000000000,19.646000000000000796
0.053592947294982096,0.000000000000000000,19.739000000000000767
0.138073190841628612,0.000000000000000000,19.861999999999998323
0.232574364178345094,1.000000000000000000,19.954000000000000625
0.302467178283756022,1.000000000000000000,20.073000000000000398
0.372613686814232015,1.000000000000000000,20.120000000000000995
0.464451068687764979,1.000000000000000000,20.243999999999999773
0.574300754740912689,1.000000000000000000,20.333999999999999631
0.635441111181579643,1.000000000000000000,20.460999999999998522
0.720809285215956885,1.000000000000000000,20.548999999999999488
0.796283376672797916,1.000000000000000000,20.667999999999999261
0.826599860468067105,1.000000000000000000,20.721000000000000085
0.874040717955222091,1.000000000000000000,20.852000000000000313
0.879495148094120438,1.000000000000000000,20.931000000000000938
0.877592439906132560,1.000000000000000000,21.056999999999998607
0.902200799137438114,1.000000000000000000,21.149000000000000909
0.928204477706602971,-1.000000000000000000,21.268999999999998352
0.931248810807379757,-1.000000000000000000,21.356999999999999318
0.943426143210500667,-1.000000000000000000,21.484000000000001762
0.931248810807379757,-1.000000000000000000,21.542000000000001592
0.924272214118091906,-1.000000000000000000,21.649999999999998579
0.959028350351998959,-1.000000000000000000,21.743999999999999773
0.999746305574932936,-1.000000000000000000,21.855000000000000426
1.000000000000000000,-1.000000000000000000,21.952999999999999403
1.000000000000000000,0.000000000000000000,22.077999999999999403
1.000000000000000000,0.000000000000000000,22.131000000000000227
1.000000000000000000,0.000000000000000000,22.253000000000000114
1.000000000000000000,0.000000000000000000,22.350000000000001421
1.000000000000000000,0.000000000000000000,22.460000000000000853
1.000000000000000000,0.000000000000000000,22.559000000000001052
1.000000000000000000,0.000000000000000000,22.678999999999998494
1.000000000000000000,0.000000000000000000,22.762000000000000455
1.000000000000000000,0.000000000000000000,22.887000000000000455
1.000000000000000000,0.000000000000000000,22.954000000000000625
1.000000000000000000,0.000000000000000000,23.076000000000000512
1.000000000000000000,0.000000000000000000,23.161999999999999034
1.000000000000000000,0.000000000000000000,23.275999999999999801
1.000000000000000000,0.000000000000000000,23.370999999999998664
1.000000000000000000,0.000000000000000000,23.483000000000000540
1.000000000000000000,0.000000000000000000,23.553000000000000824
0.981585981585982426,0.000000000000000000,23.672999999999998266
0.984753984753986122,0.000000000000000000,23.766999999999999460
0.982377982377982351,0.000000000000000000,23.879000000000001336
0.976041976041974735,0.000000000000000000,23.972999999999998977
0.964359964359962518,0.000000000000000000,24.097000000000001307
0.946044946044945823,0.000000000000000000,24.179999999999999716
0.916839916839916613,1.000000000000000000,24.295000000000001705
0.901890901890899821,1.000000000000000000,24.361000000000000654
0.851202851202850219,1.000000000000000000,24.481000000000001648
0.816255816255814670,1.000000000000000000,24.571999999999999176
0.749133749133745086,1.000000000000000000,24.695000000000000284
0.697554697554696013,1.000000000000000000,24.783999999999998920
0.614196614196612423,1.000000000000000000,24.908000000000001251
0.503910503910502960,2.000000000000000000,24.952999999999999403
0.393228393228392648,2.000000000000000000,25.077000000000001734
0.282645282645281881,2.000000000000000000,25.169000000000000483
0.199188199188197412,2.000000000000000000,25.289999999999999147
0.122958122958121363,2.000000000000000000,25.382000000000001450
0.053262053262051801,2.000000000000000000,25.507999999999999119
0.017721017721016530,2.000000000000000000,25.585999999999998522
-0.033759033759034440,2.000000000000000000,25.716000000000001080
-0.049302049302049400,2.000000000000000000,25.762000000000000455
-0.080982080982081817,2.000000000000000000,25.897999999999999687
-0.106128106128106303,-1.000000000000000000,25.981000000000001648
-0.101277101277101766,-1.000000000000000000,26.103000000000001535
-0.093258093258094976,-1.000000000000000000,26.184999999999998721
-0.080982080982080373,-1.000000000000000000,26.321999999999999176
-0.067221067221066910,-1.000000000000000000,26.361999999999998323
-0.053757053757051865,-1.000000000000000000,26.492999999999998550
-0.064053064053061659,-1.000000000000000000,26.582000000000000739
-0.098802098802095673,-1.000000000000000000,26.698000000000000398
-0.133353133353130593,-1.000000000000000000,26.792000000000001592
-0.167904167904167068,-1.000000000000000000,26.917000000000001592
-0.201564201564201295,-1.000000000000000000,27.009000000000000341
-0.235224235224234191,-1.000000000000000000,27.123999999999998778
-0.267597267597266986,-1.000000000000000000,27.172000000000000597
-0.299772299772299466,-1.000000000000000000,27.285000000000000142
-0.332937332937332187,0.000000000000000000,27.390999999999998238
-0.364617364617364603,0.000000000000000000,27.516999999999999460
-0.394911394911393265,0.000000000000000000,27.600999999999999091
-0.424116424116422364,0.000000000000000000,27.721000000000000085
-0.428373428373427290,0.000000000000000000,27.774000000000000909
-0.432135432135430597,0.000000000000000000,27.907000000000000028
-0.435798435798433137,0.000000000000000000,27.980000000000000426
-0.439065439065436380,0.000000000000000000,28.112999999999999545
-0.441342441342440828,0.000000000000000000,28.190999999999998948
-0.444015444015443128,0.000000000000000000,28.321000000000001506
-0.445104445104444246,0.000000000000000000,28.408000000000001251
-0.446490446490446447,0.000000000000000000,28.530000000000001137
-0.448470448470448368,0.000000000000000000,28.579999999999998295
-0.450747450747451373,0.000000000000000000,28.704999999999998295
-0.454113454113454051,0.000000000000000000,28.797999999999998266
-0.456291456291456288,0.000000000000000000,28.922999999999998266
-0.457875457875456027,0.000000000000000000,29.016999999999999460
-0.459261459261458338,0.000000000000000000,29.132999999999999119
-0.459360459360459217,0.000000000000000000,29.189000000000000057
-0.458469458469459856,0.000000000000000000,29.314000000000000057
-0.423918423918424825,0.000000000000000000,29.390999999999998238
-0.402237402237402564,0.000000000000000000,29.519999999999999574
-0.371943371943373791,0.000000000000000000,29.606999999999999318
-0.306108306108308525,0.000000000000000000,29.725999999999999091
-0.255618255618256462,0.000000000000000000,29.809000000000001052
-0.167904167904168511,1.000000000000000000,29.940000000000001279
-0.096327096327096462,1.000000000000000000,30.013000000000001677
-0.015543015543014294,1.000000000000000000,30.114000000000000767
0.063360063360062613,1.000000000000000000,30.214999999999999858
0.133551133551133683,1.000000000000000000,30.326000000000000512
0.224235224235226571,1.000000000000000000,30.410000000000000142
0.277497277497279038,1.000000000000000000,30.533999999999998920
0.340362340362342364,1.000000000000000000,30.597000000000001307
0.393624393624394830,1.000000000000000000,30.719000000000001194
0.410652410652411426,1.000000000000000000,30.806999999999998607
0.442827442827443907,1.000000000000000000,30.922999999999998266
0.439659439659440210,1.000000000000000000,31.012000000000000455
0.453519453519451776,1.000000000000000000,31.135000000000001563
0.457479457479456730,1.000000000000000000,31.231000000000001648
0.463518463518461710,2.000000000000000000,31.347000000000001307
0.477774477774475459,2.000000000000000000,31.407000000000000028
0.471141471141470758,2.000000000000000000,31.530000000000001137
0.471933471933472237,2.000000000000000000,31.618999999999999773
0.458271458271458210,2.000000000000000000,31.736999999999998323
0.451539451539451298,2.000000000000000000,31.830999999999999517
0.444807444807445718,2.000000000000000000,31.943000000000001393
0.469656469656470454,2.000000000000000000,32.009999999999998010
0.500643500643501049,2.000000000000000000,32.140000000000000568
0.512028512028513516,2.000000000000000000,32.219000000000001194
0.524304524304525232,2.000000000000000000,32.344000000000001194
0.559548559548559199,2.000000000000000000,32.432999999999999829
0.594594594594594295,2.000000000000000000,32.542000000000001592
0.627462627462627376,2.000000000000000000,32.628999999999997783
0.648450648450647815,2.000000000000000000,32.750999999999997669
0.687654687654686958,2.000000000000000000,32.814000000000000057
0.723888723888722607,2.000000000000000000,32.942999999999997840
0.765072765072763561,2.000000000000000000,33.027000000000001023
0.753489753489753555,2.000000000000000000,33.152999999999998693
0.758241758241757324,2.000000000000000000,33.243999999999999773
0.774378774378776003,2.000000000000000000,33.368000000000002103
0.757944757944758907,2.000000000000000000,33.414000000000001478
0.712305712305712602,-1.000000000000000000,33.543999999999996930
0.663795663795663904,-1.000000000000000000,33.631999999999997897
0.616572616572615084,-1.000000000000000000,33.750000000000000000
0.599841599841598017,-1.000000000000000000,33.838999999999998636
0.577566577566577699,-1.000000000000000000,33.968000000000003524
0.548163548163548286,-1.000000000000000000,34.015999999999998238
0.483318483318481817,-1.000000000000000000,34.168999999999996930
0.432135432135433373,-1.000000000000000000,34.231000000000001648
0.375012375012373944,-1.000000000000000000,34.357999999999996987
0.291951291951291658,-1.000000000000000000,34.439000000000000057
0.235719235719235698,-1.000000000000000000,34.558999999999997499
0.206118206118206082,-1.000000000000000000,34.655000000000001137
0.174933174933175062,-1.000000000000000000,34.774999999999998579
0.141372141372141824,-1.000000000000000000,34.819000000000002615
0.082665082665083878,-1.000000000000000000,34.947000000000002728
0.026829026829027214,-1.000000000000000000,35.029000000000003467
-0.023265023265022777,-1.000000000000000000,35.158999999999998920
-0.041877041877042109,-1.000000000000000000,35.246999999999999886
-0.052272052272052894,-1.000000000000000000,35.374000000000002331
-0.080289080289078552,-1.000000000000000000,35.421999999999997044
-0.075933075933074190,-1.000000000000000000,35.585000000000000853
-0.066528066528065088,-1.000000000000000000,35.628000000000000114
-0.105237105237104056,-1.000000000000000000,35.759000000000000341
-0.140679140679141335,-1.000000000000000000,35.853999999999999204
-0.174933174933175062,-1.000000000000000000,35.972999999999998977
-0.206316206316206285,-1.000000000000000000,36.058999999999997499
-0.236808236808238148,-1.000000000000000000,36.179999999999999716
-0.269181269181268168,-1.000000000000000000,36.240000000000001990
-0.302247302247300009,-1.000000000000000000,36.359999999999999432
-0.335214335214332415,-1.000000000000000000,36.453000000000002956
-0.367191367191364582,-1.000000000000000000,36.567000000000000171
-0.399663399663396923,-1.000000000000000000,36.648000000000003240
-0.431343431343429340,-1.000000000000000000,36.783999999999998920
-0.436392436392435523,-1.000000000000000000,36.835999999999998522
-0.440946440946440199,-1.000000000000000000,36.993999999999999773
-0.443817443817444146,0.000000000000000000,37.039999999999999147
-0.447282447282446372,0.000000000000000000,37.159999999999996589
-0.450054450054448107,0.000000000000000000,37.252000000000002444
-0.451638451638450733,0.000000000000000000,37.375000000000000000
-0.452529452529450094,0.000000000000000000,37.466000000000001080
-0.454608454608454227,0.000000000000000000,37.591000000000001080
-0.457380457380457406,0.000000000000000000,37.651000000000003354
-0.459756459756458402,0.000000000000000000,37.767000000000003013
-0.462132462132462396,0.000000000000000000,37.863999999999997215
-0.463716463716463578,0.000000000000000000,37.972999999999998977
-0.465003465003466343,0.000000000000000000,38.058999999999997499
-0.466191466191466897,0.000000000000000000,38.189999999999997726
-0.466092466092467461,0.000000000000000000,38.247999999999997556
-0.466587466587467525,0.000000000000000000,38.401000000000003354
-0.467676467676468643,0.000000000000000000,38.463000000000000966
-0.469458469458470140,0.000000000000000000,38.573000000000000398
-0.471141471141472201,0.000000000000000000,38.670999999999999375
-0.472131472131472441,0.000000000000000000,38.784999999999996589
-0.473022473022473244,0.000000000000000000,38.884000000000000341
-0.473715473715475066,0.000000000000000000,38.999000000000002331
-0.474210474210473798,0.000000000000000000,39.052999999999997272
-0.471438471438470619,0.000000000000000000,39.182999999999999829
-0.432927432927433298,0.000000000000000000,39.273000000000003240
-0.407385407385408183,-1.000000000000000000,39.389000000000002899
-0.347391347391347582,-1.000000000000000000,39.481000000000001648
-0.278091278091279981,-1.000000000000000000,39.593000000000003524
-0.223344223344223103,-1.000000000000000000,39.661000000000001364
-0.134442134442135930,-1.000000000000000000,39.804999999999999716
-0.038214038214039681,1.000000000000000000,39.860999999999997101
0.038115038115038802,1.000000000000000000,39.991999999999997328
0.119790119790118998,1.000000000000000000,40.081000000000003070
0.201168201168200556,1.000000000000000000,40.201999999999998181
0.275319275319274137,1.000000000000000000,40.286000000000001364
0.310068310068310815,1.000000000000000000,40.404000000000003467
0.378576378576379824,1.000000000000000000,40.460000000000000853
0.409167409167409790,1.000000000000000000,40.593000000000003524
0.428274428274427743,1.000000000000000000,40.677999999999997272
0.462132462132462285,1.000000000000000000,40.801000000000001933
0.461835461835461203,1.000000000000000000,40.889000000000002899
0.452826452826451176,1.000000000000000000,41.015000000000000568
0.466785466785466507,1.000000000000000000,41.054999999999999716
0.478863478863477798,2.000000000000000000,41.192999999999997840
0.471438471438472062,2.000000000000000000,41.281999999999996476
0.476685476685477116,2.000000000000000000,41.411999999999999034
0.518859518859518420,2.000000000000000000,41.493000000000002103
0.544005544005544239,2.000000000000000000,41.613999999999997215
0.549648549648548590,2.000000000000000000,41.698999999999998067
0.558063558063557563,2.000000000000000000,41.826999999999998181
0.566280566280564779,2.000000000000000000,41.877000000000002444
0.576081576081575841,2.000000000000000000,42.000000000000000000
0.589347589347589240,1.000000000000000000,42.085999999999998522
0.602217602217602010,1.000000000000000000,42.216999999999998749
0.613602613602612923,1.000000000000000000,42.298000000000001819
0.647361647361648140,1.000000000000000000,42.420999999999999375
0.702009702009702696,1.000000000000000000,42.475999999999999091
0.725274725274724918,1.000000000000000000,42.600000000000001421
0.745569745569744757,2.000000000000000000,42.689999999999997726
0.789822789822790083,2.000000000000000000,42.804000000000002046
0.833778833778832995,2.000000000000000000,42.896000000000000796
0.878031878031876767,2.000000000000000000,43.030999999999998806
0.920700920700918246,2.000000000000000000,43.115000000000001990
0.959805959805959175,2.000000000000000000,43.237000000000001876
0.994455994455993642,2.000000000000000000,43.279000000000003467
0.997722997722995553,2.000000000000000000,43.409999999999996589
0.993561692067802094,2.000000000000000000,43.496999999999999886
0.955053873781425144,2.000000000000000000,43.621000000000002217
0.934500341691635317,2.000000000000000000,43.710999999999998522
0.906030257830811925,2.000000000000000000,43.826999999999998181
0.840631419612931419,2.000000000000000000,43.881000000000000227
0.764104817887160115,2.000000000000000000,44.005000000000002558
0.709627671293235673,-1.000000000000000000,44.090000000000003411
0.647273128725987412,-1.000000000000000000,44.222000000000001307
0.548128788300061620,-1.000000000000000000,44.311999999999997613
0.449480064505366927,-1.000000000000000000,44.432000000000002160
0.407885224934661395,-1.000000000000000000,44.509000000000000341
0.367513762998388227,-1.000000000000000000,44.639000000000002899
0.327253517210699396,-1.000000000000000000,44.689999999999997726
0.260968692654172107,-1.000000000000000000,44.816000000000002501
0.198354001000945468,-1.000000000000000000,44.905000000000001137
0.139854306845352827,-1.000000000000000000,45.036999999999999034
0.087137852416169004,-1.000000000000000000,45.115999999999999659
0.010287493744091547,-1.000000000000000000,45.234000000000001762
-0.061780570538842894,-1.000000000000000000,45.296999999999997044
-0.073791914585998430,-1.000000000000000000,45.414999999999999147
-0.082202447163515768,-1.000000000000000000,45.511000000000002785
-0.118317850586860951,-1.000000000000000000,45.618999999999999773
-0.154706897511552088,-1.000000000000000000,45.720999999999996533
-0.188809629959877490,-1.000000000000000000,45.844000000000001194
-0.252330189205783650,-1.000000000000000000,45.920000000000001705
-0.317122366651727439,-1.000000000000000000,46.036000000000001364
-0.375751675161790200,-1.000000000000000000,46.115999999999999659
-0.440465690597989346,-1.000000000000000000,46.231999999999999318
-0.487933094384709221,-1.000000000000000000,46.322000000000002728
-0.538067662298081784,-1.000000000000000000,46.429999999999999716
-0.651770978799036671,-1.000000000000000000,46.533999999999998920
-0.781706992821060709,-1.000000000000000000,46.648000000000003240
-0.830231321457062021,-1.000000000000000000,46.710000000000000853
-0.875697952672163549,0.000000000000000000,46.832999999999998408
-0.919436320127630213,0.000000000000000000,46.923999999999999488
-0.926349375166182654,0.000000000000000000,47.033000000000001251
-0.932464770007978339,0.000000000000000000,47.137000000000000455
-0.936054240893378742,0.000000000000000000,47.246999999999999886
-0.938978994948151402,0.000000000000000000,47.343000000000003524
-0.942036692369052964,0.000000000000000000,47.457000000000000739
-0.946423823451212010,0.000000000000000000,47.518000000000000682
-0.950810954533371055,0.000000000000000000,47.640000000000000568
-0.954134538686521094,0.000000000000000000,47.728999999999999204
-0.957059292741295642,0.000000000000000000,47.850000000000001421
-0.958920499867059406,0.000000000000000000,47.942999999999997840
-0.959718160063816050,0.000000000000000000,48.058999999999997499
-0.959718160063816050,0.000000000000000000,48.110999999999997101
-0.959718160063816050,0.000000000000000000,48.244999999999997442
-0.961180537091202436,0.000000000000000000,48.337000000000003297
-0.963174687583093214,0.000000000000000000,48.451999999999998181
-0.964504121244352475,0.000000000000000000,48.542999999999999261
-0.963573517681468705,0.000000000000000000,48.662999999999996703
-0.911858548258442592,0.000000000000000000,48.752000000000002444
-0.876894442967297572,0.000000000000000000,48.871000000000002217
-0.793140122307897322,0.000000000000000000,48.926000000000001933
-0.729194363201276063,0.000000000000000000,49.039000000000001478
-0.655011964902952326,0.000000000000000000,49.139000000000002899
-0.535229992023398049,0.000000000000000000,49.261000000000002785
-0.439510768412656794,1.000000000000000000,49.353000000000001535
-0.334618452539220068,1.000000000000000000,49.476999999999996760
-0.188114863068336358,1.000000000000000000,49.521999999999998465
-0.034698218558896543,1.000000000000000000,49.646000000000000796
0.123903217229458962,1.000000000000000000,49.744999999999997442
0.233448550917306985,1.000000000000000000,49.862000000000001876
0.355091730922624915,1.000000000000000000,49.957999999999998408
0.423823451209782709,1.000000000000000000,50.073000000000000398
0.507311885136930707,1.000000000000000000,50.164000000000001478
0.539351236373303067,1.000000000000000000,50.281999999999996476
0.521536825312414853,1.000000000000000000,50.329999999999998295
0.525658069662321425,1.000000000000000000,50.460000000000000853
0.518213241159262816,1.000000000000000000,50.551000000000001933
0.467960648763622977,2.000000000000000000,50.670000000000001705
0.442701409199677931,2.000000000000000000,50.756999999999997897
0.409066737569792283,2.000000000000000000,50.878999999999997783
0.373437915448017632,2.000000000000000000,50.930999999999997385
0.341132677479391244,2.000000000000000000,51.057999999999999829
0.313347513959052915,2.000000000000000000,51.149000000000000909
0.289417708056366907,2.000000000000000000,51.268000000000000682
0.303908534964103305,2.000000000000000000,51.357999999999996987
0.321988832757241772,2.000000000000000000,51.481000000000001648
0.341930337676146001,2.000000000000000000,51.560000000000002274
0.367322520606218283,2.000000000000000000,51.682000000000002160
0.397899494815207921,2.000000000000000000,51.743000000000002103
0.365328370114327505,2.000000000000000000,51.871000000000002217
0.344057431534162017,2.000000000000000000,51.954000000000000625
0.369183727731985822,2.000000000000000000,52.079000000000000625
0.404413719755382983,2.000000000000000000,52.164000000000001478
0.410263227864928304,2.000000000000000000,52.295999999999999375
0.422494017548523448,2.000000000000000000,52.340000000000003411
0.439909598511034172,2.000000000000000000,52.465000000000003411
0.460648763626693158,2.000000000000000000,52.557000000000002160
0.483515022600371935,1.000000000000000000,52.670000000000001705
0.542541877160329866,1.000000000000000000,52.759000000000000341
0.604626429141185362,1.000000000000000000,52.887999999999998124
0.700611539484178980,1.000000000000000000,52.972000000000001307
0.790082424886995760,1.000000000000000000,53.098999999999996646
0.804706195160858950,1.000000000000000000,53.155000000000001137
0.810555703270406269,2.000000000000000000,53.276000000000003354
0.844988035097046675,2.000000000000000000,53.362999999999999545
0.875432065939907522,2.000000000000000000,53.487000000000001876
0.904280776389254859,2.000000000000000000,53.570000000000000284
0.931932996543468173,2.000000000000000000,53.691000000000002501
0.955596915713903705,2.000000000000000000,53.762000000000000455
0.937383674554636004,-1.000000000000000000,53.875000000000000000
0.942568465833553581,-1.000000000000000000,53.966999999999998749
0.936718957724008261,-1.000000000000000000,54.091999999999998749
0.882345120978461850,-1.000000000000000000,54.176999999999999602
0.845785695293803430,-1.000000000000000000,54.286999999999999034
0.828901887795796988,-1.000000000000000000,54.383000000000002672
0.767083222547193744,-1.000000000000000000,54.502000000000002444
0.728928476469023812,-1.000000000000000000,54.570999999999997954
0.681068864663652240,-1.000000000000000000,54.695999999999997954
0.588407338473808661,-1.000000000000000000,54.777000000000001023
0.490428077638922488,-1.000000000000000000,54.887000000000000455
0.387131082158997275,-1.000000000000000000,54.984000000000001762
0.280244615793667773,-1.000000000000000000,55.106999999999999318
0.172294602499329486,-1.000000000000000000,55.170000000000001705
0.068731720287153797,-1.000000000000000000,55.289000000000001478
-0.035927741588879902,-1.000000000000000000,55.383000000000002672
-0.157074743133436834,-1.000000000000000000,55.502000000000002444
-0.200456651668794117,-1.000000000000000000,55.591000000000001080
-0.272312134846552034,-1.000000000000000000,55.713000000000000966
-0.342018668994695241,-1.000000000000000000,55.799999999999997158
-0.371835336780606429,-1.000000000000000000,55.914999999999999147
-0.397354106507286198,-1.000000000000000000,55.979999999999996874
-0.450540594990264331,-1.000000000000000000,56.100999999999999091
-0.530588946343428791,-1.000000000000000000,56.189999999999997726
-0.600967027063328274,-1.000000000000000000,56.311999999999997613
-0.633201262507558038,-1.000000000000000000,56.401000000000003354
-0.663420858236517419,-1.000000000000000000,56.520000000000003126
-0.688939627963199186,-1.000000000000000000,56.573999999999998067
-0.748170035591967264,-1.000000000000000000,56.707999999999998408
-0.804042710361962287,-1.000000000000000000,56.795000000000001705
-0.855617487072726113,-1.000000000000000000,56.912999999999996703
-0.904371768182120950,-1.000000000000000000,56.996999999999999886
-0.949096769860986678,-1.000000000000000000,57.121000000000002217
-0.957558256665097196,0.000000000000000000,57.207000000000000739
-0.966422671412259904,0.000000000000000000,57.335000000000000853
-0.976495869988580956,0.000000000000000000,57.386000000000002785
-0.984688738163987498,0.000000000000000000,57.514000000000002899
-0.991941441138939672,0.000000000000000000,57.598999999999996646
-0.998656906856487669,0.000000000000000000,57.723999999999996646
-1.000000000000000000,0.000000000000000000,57.817000000000000171
-1.000000000000000000,0.000000000000000000,57.942000000000000171
-1.000000000000000000,0.000000000000000000,57.979999999999996874
-0.999732584570129479,0.000000000000000000,58.101999999999996760
-0.999064045995454286,0.000000000000000000,58.198000000000000398
-0.996657307126621927,0.000000000000000000,58.317999999999997840
-0.946918037170743743,0.000000000000000000,58.414999999999999147
-0.908410215269421784,0.000000000000000000,58.539999999999999147
-0.820296831127156012,0.000000000000000000,58.625999999999997669
-0.731247492980344527,0.000000000000000000,58.744999999999997442
-0.643267816553014904,0.000000000000000000,58.786000000000001364
-0.555020724695814760,0.000000000000000000,58.920999999999999375
-0.467308463698355658,1.000000000000000000,59.021999999999998465
-0.383072603289210889,1.000000000000000000,59.134000000000000341
-0.300976066319027957,1.000000000000000000,59.222000000000001307
-0.220350314213133558,1.000000000000000000,59.332999999999998408
-0.142799839550743046,1.000000000000000000,59.396999999999998465
-0.111779649685790572,1.000000000000000000,59.521999999999998465
-0.068993180906537166,1.000000000000000000,59.606000000000001648
-0.068190934616927712,2.000000000000000000,59.729999999999996874
-0.085572937558497264,2.000000000000000000,59.814000000000000057
-0.049471854526005776,2.000000000000000000,59.942000000000000171
-0.030752774435083841,2.000000000000000000,60.029000000000003467
0.034229175023398062,2.000000000000000000,60.154000000000003467
0.110175157106563892,2.000000000000000000,60.201999999999998181
0.164193073940363865,2.000000000000000000,60.326000000000000512
0.227704238534563119,1.000000000000000000,60.408999999999998920
0.334536702767747052,1.000000000000000000,60.539000000000001478
0.445647813878858434,1.000000000000000000,60.628999999999997783
0.558497125284129092,1.000000000000000000,60.750000000000000000
0.668271159245886315,1.000000000000000000,60.810000000000002274
0.764005883139456055,1.000000000000000000,60.935999999999999943
0.810536167936888319,1.000000000000000000,61.009000000000000341
0.880064179703166527,1.000000000000000000,61.131000000000000227
0.908410215269418009,1.000000000000000000,61.225999999999999091
0.967191161700703628,1.000000000000000000,61.348999999999996646
1.000000000000000000,1.000000000000000000,61.435000000000002274
1.000000000000000000,1.000000000000000000,61.560999999999999943
1.000000000000000000,1.000000000000000000,61.619999999999997442
1.000000000000000000,-1.000000000000000000,61.732999999999996987
0.988685974297482950,-1.000000000000000000,61.832000000000000739
0.968148558076615151,-1.000000000000000000,61.941000000000002501
0.969255364938817587,-1.000000000000000000,62.043999999999996930
0.992006394884092035,-1.000000000000000000,62.161000000000001364
1.000000000000000000,-1.000000000000000000,62.219000000000001194
0.961895396718087214,-1.000000000000000000,62.341000000000001080
0.906828099071965932,-1.000000000000000000,62.432000000000002160
0.804560260586316911,-1.000000000000000000,62.551000000000001933
0.692950648392846924,-1.000000000000000000,62.642000000000003013
0.604941306619140029,-1.000000000000000000,62.750999999999997669
0.510417306864973552,-1.000000000000000000,62.847000000000001307
0.411591174482209166,-1.000000000000000000,62.963999999999998636
0.312642124024337553,-1.000000000000000000,63.033999999999998920
0.246143445393644633,-1.000000000000000000,63.155999999999998806
0.149775674512935497,-1.000000000000000000,63.243000000000002103
0.056972527810211560,-1.000000000000000000,63.359999999999999432
-0.030176387437773400,-1.000000000000000000,63.445999999999997954
-0.140188064654908517,-1.000000000000000000,63.560999999999999943
-0.210005531313378624,-1.000000000000000000,63.634999999999998010
-0.272816667690984227,-1.000000000000000000,63.752000000000002444
-0.331448589515086933,-1.000000000000000000,63.840000000000003411
-0.386270051011000426,-1.000000000000000000,63.960999999999998522
-0.406551533402986109,-1.000000000000000000,64.049999999999997158
-0.423882981992502850,-1.000000000000000000,64.174999999999997158
-0.468748079405077567,-1.000000000000000000,64.263000000000005230
-0.541023907565608031,-1.000000000000000000,64.384000000000000341
-0.609980947698361309,-1.000000000000000000,64.432000000000002160
-0.644029254501875092,0.000000000000000000,64.558999999999997499
-0.673283756376377163,0.000000000000000000,64.656000000000005912
-0.699588224448408513,0.000000000000000000,64.777000000000001023
-0.722450986417553342,0.000000000000000000,64.864999999999994884
-0.772970315284863596,0.000000000000000000,64.986000000000004206
-0.821522954950525519,0.000000000000000000,65.045000000000001705
-0.866388052363100125,0.000000000000000000,65.162000000000006139
-0.907811443672791984,0.000000000000000000,65.254000000000004889
-0.947391063855940962,0.000000000000000000,65.371999999999999886
-0.954028639911498999,0.000000000000000000,65.454999999999998295
-0.958576608690306475,0.000000000000000000,65.584999999999993747
-0.962755823243807485,0.000000000000000000,65.670000000000001705
-0.965214184745867954,0.000000000000000000,65.793000000000006366
-0.966074611271588335,0.000000000000000000,65.847999999999998977
-0.963370413619321742,0.000000000000000000,65.966999999999998749
-0.916415708929998352,0.000000000000000000,66.055000000000006821
-0.886300780529777676,0.000000000000000000,66.183999999999997499
-0.807141540163479609,0.000000000000000000,66.269999999999996021
-0.738922008481347925,0.000000000000000000,66.391999999999995907
-0.622518591358859119,1.000000000000000000,66.442999999999997840
-0.508081863438018755,1.000000000000000000,66.561999999999997613
-0.396595169319647445,1.000000000000000000,66.665000000000006253
-0.286952246327822236,1.000000000000000000,66.783000000000001251
-0.180996865589084344,1.000000000000000000,66.873000000000004661
-0.076393583676478749,1.000000000000000000,66.992999999999994998
0.024767992133242211,1.000000000000000000,67.048000000000001819
0.084260340483068852,1.000000000000000000,67.198999999999998067
0.160961219347304674,1.000000000000000000,67.251000000000004775
0.188126113945054518,1.000000000000000000,67.382999999999995566
0.225861963001658950,1.000000000000000000,67.468999999999994088
0.215413926617908036,2.000000000000000000,67.590000000000003411
0.206686743285599661,2.000000000000000000,67.679000000000002046
0.200786675680658000,2.000000000000000000,67.799999999999997158
0.199188740704321354,2.000000000000000000,67.853999999999999204
0.200663757605557658,2.000000000000000000,67.972999999999998977
0.202507528732102093,2.000000000000000000,68.060000000000002274
0.203982545633336620,2.000000000000000000,68.191000000000002501
0.202015856431688290,2.000000000000000000,68.269999999999996021
0.199434576854525591,2.000000000000000000,68.393000000000000682
0.196730379202260774,2.000000000000000000,68.466999999999998749
0.194394935775304312,2.000000000000000000,68.608000000000004093
0.192919918874069785,2.000000000000000000,68.671999999999997044
0.191199065822627468,2.000000000000000000,68.780000000000001137
0.189109458545876796,2.000000000000000000,68.876000000000004775
0.186036506668303847,2.000000000000000000,68.998999999999995225
0.182226046340112857,2.000000000000000000,69.079999999999998295
0.178907258312337225,2.000000000000000000,69.201999999999998181
0.175096797984144459,2.000000000000000000,69.275000000000005684
0.172023846106571510,2.000000000000000000,69.384000000000000341
0.169811320754716943,2.000000000000000000,69.480000000000003979
0.167967549628170731,2.000000000000000000,69.600999999999999091
0.133427570524243144,2.000000000000000000,69.688999999999992951
0.098518837195008979,2.000000000000000000,69.807000000000002160
0.063364267715565248,2.000000000000000000,69.867000000000004434
0.027840944010815161,2.000000000000000000,70.013999999999995794
-0.008788642369861321,2.000000000000000000,70.087000000000003297
-0.045664064900743928,2.000000000000000000,70.200999999999993406
-0.082539487431626424,2.000000000000000000,70.296000000000006480
-0.118554483436790425,2.000000000000000000,70.394000000000005457
-0.154569479441952651,2.000000000000000000,70.489999999999994884
-0.191690738123042936,2.000000000000000000,70.603999999999999204
-0.228934914879231899,2.000000000000000000,70.671000000000006480
-0.235326654784585698,2.000000000000000000,70.801000000000001933
-0.239628787413188826,2.000000000000000000,70.887000000000000455
-0.198942904554113453,2.000000000000000000,71.016999999999995907
-0.171286337655951582,2.000000000000000000,71.097999999999998977
-0.094708376866817878,2.000000000000000000,71.212000000000003297
-0.038043144244359950,2.000000000000000000,71.278000000000005798
0.026365927109584186,2.000000000000000000,71.426000000000001933
0.127773339069512826,2.000000000000000000,71.483000000000004093
0.233605801733146823,2.000000000000000000,71.611999999999994770
0.344109151250690415,1.000000000000000000,71.698999999999998067
0.457193780345400258,1.000000000000000000,71.822000000000002728
0.573597197467887288,1.000000000000000000,71.909999999999996589
0.657058570462786928,1.000000000000000000,72.039000000000001478
0.697006944871242373,1.000000000000000000,72.075999999999993406
0.750967979841435485,1.000000000000000000,72.218999999999994088
0.758097228197405659,1.000000000000000000,72.301000000000001933
0.789441337348656402,1.000000000000000000,72.421000000000006480
0.815499969270481628,1.000000000000000000,72.510999999999995680
0.803699834060600304,1.000000000000000000,72.631000000000000227
0.785385040870261175,1.000000000000000000,72.680999999999997385
0.788703828898040138,1.000000000000000000,72.843999999999994088
0.781574580542066411,1.000000000000000000,72.893000000000000682
0.730809415524550143,-1.000000000000000000,73.022999999999996135
0.727859381722081089,-1.000000000000000000,73.112999999999999545
0.679306742056419166,-1.000000000000000000,73.233999999999994657
0.617847704504945971,-1.000000000000000000,73.322000000000002728
0.576178477045048210,-1.000000000000000000,73.447000000000002728
0.490381660623193882,-1.000000000000000000,73.492999999999994998
0.394259725892690760,-1.000000000000000000,73.617999999999994998
0.320508880830923992,-1.000000000000000000,73.710999999999998522
0.240612132014011326,-1.000000000000000000,73.829999999999998295
0.097412574519080808,-1.000000000000000000,73.915000000000006253
-0.043820293774201158,-1.000000000000000000,74.040000000000006253
-0.149161084137421351,-1.000000000000000000,74.093999999999994088
-0.244299674267103750,-1.000000000000000000,74.204999999999998295
-0.298752381537705447,-1.000000000000000000,74.301000000000001933
-0.343371642800075816,-1.000000000000000000,74.427000000000006708
-0.409870321430768625,-1.000000000000000000,74.525000000000005684
-0.438018560629342635,-1.000000000000000000,74.638999999999995794
-0.491487923299123719,-1.000000000000000000,74.736999999999994770
-0.567820047938047967,-1.000000000000000000,74.853999999999999204
-0.637268760371211496,-1.000000000000000000,74.903000000000005798
-0.669350377973082278,-1.000000000000000000,75.030000000000001137
-0.696023600270418208,-1.000000000000000000,75.120000000000004547
-0.716919673037919924,-1.000000000000000000,75.230000000000003979
-0.765103558478273604,-1.000000000000000000,75.328000000000002956
-0.808001966689199880,-1.000000000000000000,75.439999999999997726
-0.848442013398069239,-1.000000000000000000,75.504999999999995453
-0.887652879355908309,-1.000000000000000000,75.623000000000004661
-0.924774138036996929,0.000000000000000000,75.703999999999993520
-0.929813779116218209,0.000000000000000000,75.835999999999998522
-0.933378403294205072,0.000000000000000000,75.924999999999997158
-0.935836764796263765,0.000000000000000000,76.043000000000006366
-0.937680535922808200,0.000000000000000000,76.140000000000000568
-0.938049290148116444,0.000000000000000000,76.260999999999995680
-0.938909716673838490,0.000000000000000000,76.308000000000006935
-0.939278470899146622,0.000000000000000000,76.438999999999992951
-0.940630569725277255,0.000000000000000000,76.522999999999996135
-0.942843095077129933,0.000000000000000000,76.646000000000000796
-0.940630569725277255,0.000000000000000000,76.730000000000003979
-0.890111240857967001,0.000000000000000000,76.858999999999994657
-0.821154200725215500,0.000000000000000000,76.924999999999997158
-0.767684838055434415,0.000000000000000000,77.039000000000001478
-0.666646180320813908,0.000000000000000000,77.126999999999995339
-0.559215782680843265,0.000000000000000000,77.245000000000004547
-0.452645811566591116,0.000000000000000000,77.326999999999998181
-0.347182103128266917,0.000000000000000000,77.453000000000002956
-0.242578821215661433,1.000000000000000000,77.540000000000006253
-0.139327638129186471,1.000000000000000000,77.665000000000006253
-0.036322291192919409,1.000000000000000000,77.730000000000003979
0.061274660438819906,1.000000000000000000,77.841999999999998749
0.111302317005718132,1.000000000000000000,77.947000000000002728
0.144858951508821665,1.000000000000000000,78.061000000000007049
0.192428246573659312,1.000000000000000000,78.159000000000006025
0.193411591174480035,1.000000000000000000,78.268000000000000682
0.187019851269128123,1.000000000000000000,78.328000000000002956
0.180505193288672316,1.000000000000000000,78.456000000000003070
0.175957224509864618,2.000000000000000000,78.548000000000001819
0.172146764181673628,2.000000000000000000,78.668999999999996930
0.169196730379202798,2.000000000000000000,78.750000000000000000
0.167107123102452348,2.000000000000000000,78.870000000000004547
0.165877942351422059,2.000000000000000000,78.962000000000003297
0.131337963247494249,2.000000000000000000,79.072000000000002728
0.096429229918258530,2.000000000000000000,79.138999999999995794
0.061889250814330721,2.000000000000000000,79.269000000000005457
0.026611763259786647,2.000000000000000000,79.353999999999999204
-0.008296970069447518,2.000000000000000000,79.474000000000003752
-0.043820293774199381,2.000000000000000000,79.558000000000006935
-0.079958207854463836,2.000000000000000000,79.677999999999997272
-0.117202384610656241,2.000000000000000000,79.739000000000004320
-0.153831970991332723,2.000000000000000000,79.867000000000004434
-0.191444901972833370,2.000000000000000000,79.954999999999998295
-0.228689078729025885,2.000000000000000000,80.067999999999997840
-0.233605801733143381,2.000000000000000000,80.159999999999996589
-0.239505869338086708,2.000000000000000000,80.283000000000001251
-0.244791346567512336,2.000000000000000000,80.373999999999995225
-0.250199741872041859,2.000000000000000000,80.486000000000004206
-0.255608137176569605,2.000000000000000000,80.543000000000006366
-0.261016532481099128,2.000000000000000000,80.662000000000006139
-0.266793682010936894,2.000000000000000000,80.759000000000000341
-0.272447913465672431,2.000000000000000000,80.882000000000005002
-0.278962571446128349,2.000000000000000000,80.977999999999994429
-0.284862639051070010,2.000000000000000000,81.093999999999994088
-0.292237723557249640,2.000000000000000000,81.141999999999995907
-0.300104480363837856,2.000000000000000000,81.269999999999996021
-0.277856308770205507,2.000000000000000000,81.361999999999994770
-0.285845983651895952,2.000000000000000000,81.481999999999999318
-0.284125130600457076,2.000000000000000000,81.576999999999998181
-0.235203736709481803,2.000000000000000000,81.697000000000002728
-0.201155429905967909,2.000000000000000000,81.784999999999996589
-0.121504517239261256,2.000000000000000000,81.905000000000001137
-0.062626759264948872,2.000000000000000000,81.953000000000002956
0.004240673591052069,2.000000000000000000,82.081999999999993634
0.075533157150760255,2.000000000000000000,82.177999999999997272
0.140065146579804622,2.000000000000000000,82.283000000000001251
0.207793005961525834,1.000000000000000000,82.385999999999995680
0.251183086472866135,1.000000000000000000,82.506000000000000227
0.362423944441027768,1.000000000000000000,82.549999999999997158
0.470960604756930135,1.000000000000000000,82.682000000000002160
0.536230102636594541,1.000000000000000000,82.754999999999995453
0.617724786429845629,1.000000000000000000,82.894000000000005457
0.652756437834185466,1.000000000000000000,82.983000000000004093
0.707577899330095406,1.000000000000000000,83.090000000000003411
0.753549259418596407,1.000000000000000000,83.183999999999997499
0.792022616925819101,1.000000000000000000,83.310000000000002274
0.799274783356891394,1.000000000000000000,83.365999999999999659
0.823858398377480317,1.000000000000000000,83.487999999999999545
0.794849732653187813,1.000000000000000000,83.581999999999993634
0.745436666461803954,1.000000000000000000,83.700999999999993406
0.676848380554360585,1.000000000000000000,83.789000000000001478
0.563026243009036031,-1.000000000000000000,83.911000000000001364
0.470223096306312094,-1.000000000000000000,83.963999999999998636
0.372134472374162417,-1.000000000000000000,84.085999999999998522
0.268883289287689120,-1.000000000000000000,84.174000000000006594
0.129002519820541339,-1.000000000000000000,84.298000000000001819
-0.012476184622948527,-1.000000000000000000,84.385999999999995680
-0.087824964661052052,-1.000000000000000000,84.504000000000004889
-0.187265687419335913,-1.000000000000000000,84.599000000000003752
-0.241103804314423353,-1.000000000000000000,84.721999999999994202
-0.315592157826808273,-1.000000000000000000,84.781999999999996476
-0.379509556880340271,-1.000000000000000000,84.894999999999996021
-0.402495236924590771,-1.000000000000000000,84.983999999999994657
-0.448097842787783529,-1.000000000000000000,85.096000000000003638
-0.520496589023417999,-1.000000000000000000,85.206999999999993634
-0.586995267654109032,-1.000000000000000000,85.317999999999997840
-0.616987277979227589,-1.000000000000000000,85.376999999999995339
-0.642185483375332433,-1.000000000000000000,85.498999999999995225
-0.695040255669595819,-1.000000000000000000,85.593999999999994088
-0.744207485710773664,-1.000000000000000000,85.706999999999993634
-0.790178845799271112,-1.000000000000000000,85.807000000000002160
-0.832216827484480670,-1.000000000000000000,85.909999999999996589
-0.872656874193346477,-1.000000000000000000,86.004000000000004889
-0.911867740151189099,0.000000000000000000,86.125000000000000000
-0.949849425357997990,0.000000000000000000,86.191999999999993065
-0.954889066437219269,0.000000000000000000,86.310000000000002274
-0.917521971605924636,0.000000000000000000,86.400000000000005684
-0.895396718087392740,0.000000000000000000,86.515000000000000568
-0.861840083584289207,0.000000000000000000,86.611999999999994770
-0.785630877020463636,0.000000000000000000,86.722999999999998977
-0.730563579374345906,0.000000000000000000,86.786000000000001364
-0.665416999569787171,0.000000000000000000,86.911000000000001364
-0.564132505684960650,1.000000000000000000,87.001000000000004775
-0.461004240673593135,1.000000000000000000,87.125000000000000000
-0.357015549136503574,1.000000000000000000,87.215000000000003411
-0.253641447974926493,1.000000000000000000,87.335999999999998522
-0.151127773339071458,1.000000000000000000,87.423000000000001819
-0.090774998463522882,1.000000000000000000,87.537999999999996703
-0.013336611148670574,1.000000000000000000,87.602000000000003865
0.053776657857538268,1.000000000000000000,87.722999999999998977
0.078606109028331428,1.000000000000000000,87.813000000000002387
0.092864605740273332,1.000000000000000000,87.936000000000007049
0.096429229918258530,1.000000000000000000,88.019000000000005457
0.061520496589022589,1.000000000000000000,88.146000000000000796
0.025013828283446449,2.000000000000000000,88.198999999999998067
-0.012844938848258547,2.000000000000000000,88.328000000000002956
-0.050334951754657076,2.000000000000000000,88.411000000000001364
-0.087087456210439118,2.000000000000000000,88.537000000000006139
-0.124454551041730310,2.000000000000000000,88.620999999999995111
-0.162067482023232734,2.000000000000000000,88.745000000000004547
-0.201401266056175698,2.000000000000000000,88.831000000000003070
-0.240980886239321235,2.000000000000000000,88.938999999999992951
-0.249585151496529378,2.000000000000000000,89.001000000000004775
-0.258189416753735745,2.000000000000000000,89.123000000000004661
-0.266793682010942113,2.000000000000000000,89.209000000000003183
-0.277241718394689474,2.000000000000000000,89.338999999999998636
-0.287689754778438611,2.000000000000000000,89.432000000000002160
-0.299121135763011914,2.000000000000000000,89.554000000000002046
-0.310183762522280526,2.000000000000000000,89.608000000000004093
-0.316944256652939016,2.000000000000000000,89.731999999999999318
-0.277979226845307625,2.000000000000000000,89.819999999999993179
-0.245405936943028369,2.000000000000000000,89.941000000000002501
-0.164894597750599559,2.000000000000000000,90.033000000000001251
-0.102575133673406094,2.000000000000000000,90.144999999999996021
0.002273984389405515,2.000000000000000000,90.243999999999999773
0.117325302685761912,1.000000000000000000,90.367000000000004434
0.210988875914204455,1.000000000000000000,90.412999999999996703
0.311535861348412935,1.000000000000000000,90.540999999999996817
0.416384979411222877,1.000000000000000000,90.635999999999995680
0.525413312027533719,1.000000000000000000,90.751000000000004775
0.664925327269375144,1.000000000000000000,90.841999999999998749
0.759572245098640186,1.000000000000000000,90.962000000000003297
0.861225493208776616,1.000000000000000000,91.012000000000000455
0.914817773953659819,1.000000000000000000,91.135000000000005116
0.955011984512321499,1.000000000000000000,91.225999999999999091
0.948497326531865470,1.000000000000000000,91.349000000000003752
0.927724171839467759,1.000000000000000000,91.439999999999997726
0.955503656812733526,1.000000000000000000,91.558000000000006935
0.967426710097720743,1.000000000000000000,91.647000000000005571
0.933624239444411197,1.000000000000000000,91.772999999999996135
0.914817773953659819,1.000000000000000000,91.817999999999997840
0.851514965275642188,-1.000000000000000000,91.945999999999997954
0.744822076086289586,-1.000000000000000000,92.033000000000001251
0.660500276565671562,-1.000000000000000000,92.159999999999996589
0.568311720238463547,-1.000000000000000000,92.248999999999995225
0.469485587855693831,-1.000000000000000000,92.362999999999999545
0.365988568619016519,-1.000000000000000000,92.435000000000002274
0.293098150082969910,-1.000000000000000000,92.537999999999996703
0.188986540470778230,-1.000000000000000000,92.635999999999995680
0.055005838608568336,-1.000000000000000000,92.751999999999995339
-0.042099440722757064,-1.000000000000000000,92.843000000000003524
-0.164157089299981518,-1.000000000000000000,92.962999999999993861
-0.248355970745499088,-1.000000000000000000,93.051000000000001933
-0.292483559707455654,-1.000000000000000000,93.176000000000001933
-0.359965582938970963,-1.000000000000000000,93.242999999999994998
-0.422776719316576455,-1.000000000000000000,93.358000000000004093
-0.447360334337163712,-1.000000000000000000,93.456000000000003070
-0.495790055927723405,-1.000000000000000000,93.570999999999997954
-0.570524245590314338,-1.000000000000000000,93.652000000000001023
-0.639727121873270299,-1.000000000000000000,93.772000000000005571
-0.670948312949418924,-1.000000000000000000,93.840000000000003411
-0.696761108721038136,-1.000000000000000000,93.965999999999993975
-0.715813410361993530,-1.000000000000000000,94.049000000000006594
-0.762030606600700655,-1.000000000000000000,94.162999999999996703
-0.805297769036936950,-1.000000000000000000,94.262000000000000455
-0.846721160346630475,-1.000000000000000000,94.371999999999999886
-0.885809108229365649,0.000000000000000000,94.471999999999994202
-0.922561612685146026,0.000000000000000000,94.582999999999998408
-0.926617909163543141,0.000000000000000000,94.646000000000000796
-0.928584598365189806,0.000000000000000000,94.772000000000005571
-0.927724171839469536,0.000000000000000000,94.864000000000004320
-0.891463339684101186,0.000000000000000000,94.980999999999994543
-0.854833753303422927,0.000000000000000000,95.075000000000002842
-0.818450003072952459,0.000000000000000000,95.180999999999997385
-0.781697498617172082,0.000000000000000000,95.246999999999999886
-0.745313748386701724,0.000000000000000000,95.376000000000004775
-0.709052916231333485,0.000000000000000000,95.459999999999993747
-0.671808739475140970,0.000000000000000000,95.584999999999993747
-0.635670825394874850,0.000000000000000000,95.671999999999997044
-0.598500215133076052,0.000000000000000000,95.796000000000006480
-0.562469257255288291,0.000000000000000000,95.879999999999995453
-0.528499322910254810,0.000000000000000000,96.004999999999995453
-0.542732103782432640,0.000000000000000000,96.058000000000006935
-0.555486089402936756,0.000000000000000000,96.185000000000002274
-0.558737105345420870,0.000000000000000000,96.272000000000005571
-0.519224757736794329,0.000000000000000000,96.391000000000005343
-0.500969052829007611,0.000000000000000000,96.480000000000003979
-0.471584870271960055,0.000000000000000000,96.599000000000003752
-0.399312285089090002,0.000000000000000000,96.655000000000001137
-0.350422006877148307,1.000000000000000000,96.784999999999996589
-0.295279774929665506,1.000000000000000000,96.871999999999999886
-0.234260706470771796,1.000000000000000000,96.993999999999999773
-0.137980618943419620,1.000000000000000000,97.090000000000003411
-0.048452641450453915,1.000000000000000000,97.203999999999993520
0.064082525789310063,1.000000000000000000,97.296999999999997044
0.165989371678651354,1.000000000000000000,97.415000000000006253
0.225633010315725802,1.000000000000000000,97.468000000000003524
0.306408252578933782,1.000000000000000000,97.590999999999993975
0.374679587371054001,1.000000000000000000,97.677000000000006708
0.400062519537355499,1.000000000000000000,97.799999999999997158
0.448077524226319968,1.000000000000000000,97.896000000000000796
0.487964989059080034,1.000000000000000000,98.012000000000000455
0.489840575179742999,1.000000000000000000,98.061000000000007049
0.454704595185994487,2.000000000000000000,98.188999999999992951
0.417317911847453038,2.000000000000000000,98.281000000000005912
0.378180681462956469,2.000000000000000000,98.403000000000005798
0.339668646452015555,2.000000000000000000,98.486999999999994770
0.299906220693967107,2.000000000000000000,98.608999999999994657
0.259643638637073293,2.000000000000000000,98.703000000000002956
0.220256330103156817,2.000000000000000000,98.822999999999993292
0.181869334166925967,2.000000000000000000,98.871999999999999886
0.144857768052516267,2.000000000000000000,99.000000000000000000
0.107971241012814634,2.000000000000000000,99.096999999999994202
0.102969678024381173,2.000000000000000000,99.203000000000002956
0.097592997811815740,2.000000000000000000,99.302999999999997272
0.091216005001562683,2.000000000000000000,99.424000000000006594
0.084213816817756193,2.000000000000000000,99.471000000000003638
0.075461081587996581,2.000000000000000000,99.597999999999998977
0.065708033760551343,2.000000000000000000,99.680000000000006821
0.056080025007815948,2.000000000000000000,99.808999999999997499
0.047327289778056336,2.000000000000000000,99.893000000000000682
0.059885568976478787,2.000000000000000000,100.021000000000000796
0.095994914176731116,2.000000000000000000,100.091999999999998749
0.142021614748885083,2.000000000000000000,100.228999999999999204
0.195931341385884972,2.000000000000000000,100.284999999999996589
0.224539097266367671,2.000000000000000000,100.411000000000001364
0.261157024793387871,2.000000000000000000,100.490999999999999659
0.337062937062935886,2.000000000000000000,100.614000000000004320
0.420216147488873037,1.000000000000000000,100.697999999999993292
0.508455181182451144,1.000000000000000000,100.834000000000003183
0.599618563254926018,1.000000000000000000,100.894999999999996021
0.693706293706292110,1.000000000000000000,101.003000000000000114
0.753973299427844301,1.000000000000000000,101.093999999999994088
0.775079465988559146,1.000000000000000000,101.222999999999998977
0.788302606484424517,1.000000000000000000,101.299000000000006594
0.796821360457725003,1.000000000000000000,101.423000000000001819
0.834710743801651001,1.000000000000000000,101.486999999999994770
0.867387158296245797,1.000000000000000000,101.635999999999995680
0.860139860139858436,1.000000000000000000,101.697000000000002728
0.842975206611569217,1.000000000000000000,101.811999999999997613
0.817927527018436074,1.000000000000000000,101.911000000000001364
0.819071837253655177,1.000000000000000000,102.025999999999996248
0.811824539097266040,-1.000000000000000000,102.123000000000004661
0.791608391608391804,-1.000000000000000000,102.227999999999994429
0.755626191989827944,-1.000000000000000000,102.298000000000001819
0.739605848696756052,-1.000000000000000000,102.424999999999997158
0.715702479338842013,-1.000000000000000000,102.510999999999995680
0.647425301970754097,-1.000000000000000000,102.631000000000000227
0.601398601398601684,-1.000000000000000000,102.718999999999994088
0.547361729179909995,-1.000000000000000000,102.834999999999993747
0.458105530832802810,-1.000000000000000000,102.897000000000005571
0.365543547361728338,-1.000000000000000000,103.043999999999996930
0.269675778766688357,-1.000000000000000000,103.105999999999994543
0.173172282263192034,-1.000000000000000000,103.233999999999994657
0.111379529561346446,-1.000000000000000000,103.322000000000002728
0.024030514939606951,-1.000000000000000000,103.444000000000002615
-0.089256198347106297,-1.000000000000000000,103.528999999999996362
-0.205373058314234469,-1.000000000000000000,103.659000000000006025
-0.255323230385572586,-1.000000000000000000,103.701999999999998181
-0.327450604258581746,-1.000000000000000000,103.832999999999998408
-0.391776967836819923,-1.000000000000000000,103.915999999999996817
-0.416203082038493655,-1.000000000000000000,104.040000000000006253
-0.435258008824092490,-1.000000000000000000,104.129000000000004889
-0.481040987275400567,-1.000000000000000000,104.257000000000005002
-0.522987403286656161,-1.000000000000000000,104.301000000000001933
-0.592429183451626873,-1.000000000000000000,104.465999999999993975
-0.623633224630730565,-1.000000000000000000,104.512000000000000455
-0.651512245028453951,-1.000000000000000000,104.647000000000005571
-0.672613338448749376,0.000000000000000000,104.731999999999999318
-0.723255962657458396,0.000000000000000000,104.855999999999994543
-0.770829336914124141,0.000000000000000000,104.938999999999992951
-0.815972888292088694,0.000000000000000000,105.067999999999997840
-0.863802033378093470,0.000000000000000000,105.105000000000003979
-0.909457126414732087,0.000000000000000000,105.230999999999994543
-0.954344906963361383,0.000000000000000000,105.325000000000002842
-0.997058635462622633,0.000000000000000000,105.453999999999993520
-1.000000000000000000,0.000000000000000000,105.545000000000001705
-1.000000000000000000,0.000000000000000000,105.664000000000001478
-1.000000000000000000,0.000000000000000000,105.715000000000003411
-1.000000000000000000,0.000000000000000000,105.840000000000003411
-1.000000000000000000,0.000000000000000000,105.930999999999997385
-1.000000000000000000,0.000000000000000000,106.048000000000001819
-1.000000000000000000,0.000000000000000000,106.141000000000005343
-1.000000000000000000,0.000000000000000000,106.257000000000005002
-1.000000000000000000,0.000000000000000000,106.352000000000003865
-0.999749640107654547,0.000000000000000000,106.474999999999994316
-0.998372660699753944,0.000000000000000000,106.519000000000005457
-0.994867622206921820,0.000000000000000000,106.641000000000005343
-0.986856105651872317,0.000000000000000000,106.730000000000003979
-0.933404268636162437,0.000000000000000000,106.855000000000003979
-0.893847405645614712,0.000000000000000000,106.941000000000002501
-0.806471803217124417,0.000000000000000000,107.069000000000002615
-0.735995493521937494,0.000000000000000000,107.118999999999999773
-0.626337860674720082,0.000000000000000000,107.245000000000004547
-0.517681667396880929,0.000000000000000000,107.331000000000003070
-0.444826938724417031,1.000000000000000000,107.453000000000002956
-0.371721850159602463,1.000000000000000000,107.542000000000001592
-0.301871440195280005,1.000000000000000000,107.671000000000006480
-0.236652688239343156,1.000000000000000000,107.763000000000005230
-0.176566314076484487,1.000000000000000000,107.882000000000005002
-0.162796519997495892,1.000000000000000000,107.936999999999997613
-0.133003692808410179,1.000000000000000000,108.060000000000002274
-0.150403705326404458,1.000000000000000000,108.135000000000005116
-0.151279964949616041,1.000000000000000000,108.263000000000005230
-0.192964887025098841,2.000000000000000000,108.355000000000003979
-0.234149089315892622,2.000000000000000000,108.477999999999994429
-0.240032546786003498,1.000000000000000000,108.537999999999996703
-0.246166364148463268,2.000000000000000000,108.662000000000006139
-0.249546222695125386,2.000000000000000000,108.754000000000004889
-0.247918883394881107,2.000000000000000000,108.859999999999999432
-0.245540464417598914,2.000000000000000000,108.956000000000003070
-0.242661325655631144,2.000000000000000000,109.075999999999993406
-0.239281467108969026,2.000000000000000000,109.162999999999996703
-0.200475683795455772,2.000000000000000000,109.286000000000001364
-0.148400826187644719,2.000000000000000000,109.350999999999999091
-0.115979220128934912,2.000000000000000000,109.465999999999993975
-0.041872691994740530,2.000000000000000000,109.561999999999997613
0.040746072479188822,2.000000000000000000,109.679000000000002046
0.096826688364524571,2.000000000000000000,109.777000000000001023
0.158665581773801190,1.000000000000000000,109.881000000000000227
0.221756274644804741,1.000000000000000000,109.953000000000002956
0.288352006008638639,1.000000000000000000,110.072999999999993292
0.389121862677598518,1.000000000000000000,110.159999999999996589
0.495024097139636687,1.000000000000000000,110.283000000000001251
0.566376666458031419,1.000000000000000000,110.367999999999994998
0.623333541966575311,1.000000000000000000,110.483999999999994657
0.696438630531386327,1.000000000000000000,110.582999999999998408
0.725605557989609462,1.000000000000000000,110.689999999999997726
0.712336483695311662,1.000000000000000000,110.771000000000000796
0.722476059335292575,1.000000000000000000,110.878000000000000114
0.723101959066155375,-1.000000000000000000,110.966999999999998749
0.718219941165424203,-1.000000000000000000,111.096000000000003638
0.705576766601989203,-1.000000000000000000,111.189999999999997726
0.688051574137823030,-1.000000000000000000,111.302000000000006708
0.659260186518119129,-1.000000000000000000,111.353999999999999204
0.621330662827815461,-1.000000000000000000,111.483999999999994657
0.545221255554859674,-1.000000000000000000,111.570999999999997954
0.463979470488827372,-1.000000000000000000,111.688999999999992951
0.408274394442008859,-1.000000000000000000,111.780000000000001137
0.378231207360579580,-1.000000000000000000,111.911000000000001364
0.313012455404644507,-1.000000000000000000,111.990999999999999659
0.245164924579083454,-1.000000000000000000,112.108000000000004093
0.175064154722415655,-1.000000000000000000,112.171000000000006480
0.139012330224699943,-1.000000000000000000,112.299999999999997158
0.069287100206549379,-1.000000000000000000,112.373999999999995225
0.000062589973085947,-1.000000000000000000,112.504999999999995453
-0.066407961444576280,-1.000000000000000000,112.587000000000003297
-0.127996494961507334,-1.000000000000000000,112.715000000000003411
-0.185078550416223009,-1.000000000000000000,112.763999999999995794
-0.271077173436816254,-1.000000000000000000,112.891000000000005343
-0.322901671152279968,-1.000000000000000000,112.978999999999999204
-0.339675783939411668,-1.000000000000000000,113.105999999999994543
-0.352944858233711134,-1.000000000000000000,113.191000000000002501
-0.365212492958627233,-1.000000000000000000,113.316000000000002501
-0.408775114226701430,-1.000000000000000000,113.403000000000005798
-0.448957876948111845,-1.000000000000000000,113.527000000000001023
-0.485260061338172788,-1.000000000000000000,113.570999999999997954
-0.516805407773672787,-1.000000000000000000,113.701999999999998181
-0.513675909119356122,-1.000000000000000000,113.792000000000001592
-0.506039932402827408,-1.000000000000000000,113.909000000000006025
-0.525693183951928544,-1.000000000000000000,114.003000000000000114
-0.573136383551353878,-1.000000000000000000,114.115999999999999659
-0.616949364711771864,-1.000000000000000000,114.171000000000006480
-0.659635726356636254,-1.000000000000000000,114.296000000000006480
-0.699192589347185756,-1.000000000000000000,114.391999999999995907
-0.736621393252798407,-1.000000000000000000,114.513000000000005230
-0.773048757589034796,0.000000000000000000,114.602999999999994429
-0.807973962571196913,0.000000000000000000,114.722999999999998977
-0.843274707391876266,0.000000000000000000,114.814999999999997726
-0.879076171997244638,0.000000000000000000,114.927000000000006708
-0.914126556925580314,0.000000000000000000,114.980999999999994543
-0.917381235526068872,0.000000000000000000,115.102999999999994429
-0.918758214933967698,0.000000000000000000,115.191999999999993065
-0.918883394880141258,0.000000000000000000,115.316000000000002501
-0.918758214933965922,0.000000000000000000,115.411000000000001364
-0.918007135256929674,0.000000000000000000,115.531000000000005912
-0.919133754772483158,0.000000000000000000,115.578000000000002956
-0.919509294611002170,0.000000000000000000,115.706000000000003070
-0.920260374288038419,0.000000000000000000,115.793000000000006366
-0.920635914126555543,0.000000000000000000,115.917000000000001592
-0.884834449521185396,0.000000000000000000,116.000000000000000000
-0.848031545346435434,0.000000000000000000,116.135999999999995680
-0.807348062840332448,0.000000000000000000,116.216999999999998749
-0.763660261626088133,0.000000000000000000,116.337999999999993861
-0.723727858797021506,0.000000000000000000,116.409000000000006025
-0.682919196344744961,0.000000000000000000,116.504999999999995453
-0.643612693246540912,0.000000000000000000,116.603999999999999204
-0.602804030794267920,0.000000000000000000,116.721999999999994202
-0.562871627965201071,0.000000000000000000,116.822999999999993292
-0.523439944920823463,0.000000000000000000,116.930999999999997385
-0.484008261876447521,0.000000000000000000,117.004000000000004889
-0.481129123114476198,0.000000000000000000,117.117999999999994998
-0.479501783814232030,0.000000000000000000,117.215000000000003411
-0.481629842899167104,0.000000000000000000,117.322000000000002728
-0.486386680853728048,0.000000000000000000,117.427000000000006708
-0.488639919884834906,0.000000000000000000,117.531000000000005912
-0.491644238592976235,0.000000000000000000,117.620000000000004547
-0.493396757839392297,0.000000000000000000,117.740999999999999659
-0.496901796332227974,0.000000000000000000,117.808000000000006935
-0.499029855417161272,0.000000000000000000,117.939999999999997726
-0.501157914502098123,0.000000000000000000,118.022999999999996135
-0.503536333479375098,0.000000000000000000,118.125000000000000000
-0.503160793640859638,0.000000000000000000,118.230000000000003979
-0.503661513425552210,0.000000000000000000,118.341999999999998749
-0.503285973587033197,0.000000000000000000,118.406999999999996476
-0.503911873317892334,0.000000000000000000,118.540000000000006253
-0.505038492833445707,0.000000000000000000,118.623999999999995225
-0.505414032671962943,0.000000000000000000,118.743999999999999773
-0.506540652187516427,0.000000000000000000,118.829999999999998295
-0.505664392564306620,0.000000000000000000,118.951999999999998181
-0.505539212618136613,0.000000000000000000,119.040000000000006253
-0.504537773048755023,0.000000000000000000,119.159999999999996589
-0.503786693371718775,0.000000000000000000,119.215000000000003411
-0.505163672779619377,0.000000000000000000,119.343999999999994088
-0.505414032671966496,0.000000000000000000,119.430000000000006821
-0.506415472241346420,0.000000000000000000,119.551000000000001933
-0.507041371972209109,0.000000000000000000,119.647999999999996135
-0.507166551918382558,0.000000000000000000,119.766999999999995907
-0.507416911810728011,0.000000000000000000,119.814999999999997726
-0.507166551918382558,0.000000000000000000,119.942999999999997840
-0.508042811541588923,0.000000000000000000,120.034000000000006025
-0.509044251110970514,0.000000000000000000,120.153999999999996362
-0.500657194717403775,0.000000000000000000,120.240999999999999659
-0.466608249358451466,0.000000000000000000,120.361999999999994770
-0.444201038993550901,0.000000000000000000,120.454999999999998295
-0.374225449083056549,0.000000000000000000,120.579999999999998295
-0.319271452713274284,0.000000000000000000,120.628000000000000114
-0.219377855667522437,0.000000000000000000,120.757999999999995566
-0.111097202228203962,1.000000000000000000,120.838999999999998636
-0.026725918507854884,1.000000000000000000,120.956000000000003070
0.061901483382362565,1.000000000000000000,121.054000000000002046
0.150403705326406234,1.000000000000000000,121.174999999999997158
0.239782186893659821,1.000000000000000000,121.225999999999999091
0.321149151905864016,1.000000000000000000,121.352999999999994429
0.377855667522064120,1.000000000000000000,121.436000000000007049
0.446579457970833094,1.000000000000000000,121.561000000000007049
0.465857169681417105,1.000000000000000000,121.650000000000005684
0.499155035363333166,1.000000000000000000,121.772999999999996135
0.486011141015209036,1.000000000000000000,121.856999999999999318
0.460224072103648130,1.000000000000000000,121.983999999999994657
0.456719033610816005,1.000000000000000000,122.031999999999996476
0.450710396194527796,2.000000000000000000,122.162000000000006139
0.445578018401451503,2.000000000000000000,122.251000000000004775
0.440320460662199764,2.000000000000000000,122.359999999999999432
0.432809663891844609,2.000000000000000000,122.454999999999998295
0.423796707767415182,2.000000000000000000,122.575000000000002842
0.411779432934844536,2.000000000000000000,122.629000000000004889
0.425048507229142336,2.000000000000000000,122.760000000000005116
0.393878700632157797,2.000000000000000000,122.849999999999994316
0.381360706014894468,2.000000000000000000,122.966999999999998749
0.361832634411966891,2.000000000000000000,123.052000000000006708
0.297490142079237962,2.000000000000000000,123.179000000000002046
0.253176441134129293,2.000000000000000000,123.277000000000001023
0.199849784064594971,2.000000000000000000,123.391000000000005343
0.104713024973400515,2.000000000000000000,123.439999999999997726
0.004443888089129544,-1.000000000000000000,123.570999999999997954
-0.069161920260372156,-1.000000000000000000,123.656000000000005912
-0.143393628340738433,-1.000000000000000000,123.780000000000001137
-0.244288664955871870,-1.000000000000000000,123.865999999999999659
-0.300244100895035726,-1.000000000000000000,123.992999999999994998
-0.374976528760091021,-1.000000000000000000,124.049999999999997158
-0.472867246667081353,-1.000000000000000000,124.162999999999996703
-0.525442824059583202,-1.000000000000000000,124.256000000000000227
-0.602052951117229895,-1.000000000000000000,124.381000000000000227
-0.669900481942790837,-1.000000000000000000,124.459000000000003183
-0.697064530262252458,-1.000000000000000000,124.590000000000003411
-0.719096200788632345,-1.000000000000000000,124.668000000000006366
-0.766914940226574915,-1.000000000000000000,124.801000000000001933
-0.809976841709958317,-1.000000000000000000,124.862999999999999545
-0.850910684108403093,-1.000000000000000000,124.974999999999994316
-0.890843086937469830,-1.000000000000000000,125.070999999999997954
-0.928897790573948723,0.000000000000000000,125.183999999999997499
-0.934530888151715922,0.000000000000000000,125.265000000000000568
