0.000000000000000000,999.000000000000000000,0.000000000000000000
1.000000000000000000,999.000000000000000000,0.095000000000000001
1.000000000000000000,999.000000000000000000,0.190000000000000002
1.000000000000000000,999.000000000000000000,0.317000000000000004
1.000000000000000000,999.000000000000000000,0.362999999999999989
1.000000000000000000,999.000000000000000000,0.488999999999999990
1.000000000000000000,999.000000000000000000,0.578999999999999959
1.000000000000000000,999.000000000000000000,0.704999999999999960
1.000000000000000000,999.000000000000000000,0.794000000000000039
1.000000000000000000,999.000000000000000000,0.913000000000000034
1.000000000000000000,999.000000000000000000,0.994999999999999996
1.000000000000000000,999.000000000000000000,1.122000000000000108
1.000000000000000000,999.000000000000000000,1.179999999999999938
1.000000000000000000,999.000000000000000000,1.302000000000000046
1.000000000000000000,999.000000000000000000,1.397000000000000020
1.000000000000000000,999.000000000000000000,1.508999999999999897
1.000000000000000000,999.000000000000000000,1.606000000000000094
0.966188524590164022,999.000000000000000000,1.717999999999999972
0.932633196721309954,999.000000000000000000,1.776999999999999913
0.890624999999997113,999.000000000000000000,1.899000000000000021
0.846311475409835534,999.000000000000000000,1.987999999999999989
0.799692622950818333,999.000000000000000000,2.117999999999999883
0.809426229508190653,999.000000000000000000,2.198999999999999844
0.820184426229505492,999.000000000000000000,2.321000000000000174
0.832479508196719342,999.000000000000000000,2.407999999999999918
0.837858606557372987,999.000000000000000000,2.537999999999999812
0.826844262295080012,999.000000000000000000,2.583000000000000185
0.810450819672129397,999.000000000000000000,2.709000000000000075
0.855788934426225945,999.000000000000000000,2.801000000000000156
0.892674180327863498,999.000000000000000000,2.924999999999999822
0.857069672131143045,999.000000000000000000,3.011000000000000121
0.817110655737700142,999.000000000000000000,3.125999999999999890
0.774334016393441349,999.000000000000000000,3.180000000000000160
0.664702868852460105,999.000000000000000000,3.301000000000000156
0.552254098360655643,999.000000000000000000,3.388999999999999790
0.430327868852460771,999.000000000000000000,3.513999999999999790
0.367827868852460549,999.000000000000000000,3.597999999999999865
0.303790983606557763,999.000000000000000000,3.722999999999999865
0.234118852459019422,999.000000000000000000,3.818999999999999950
0.162909836065578295,999.000000000000000000,3.940999999999999837
0.097848360655740541,999.000000000000000000,3.992999999999999883
0.101178278688527801,999.000000000000000000,4.107000000000000206
0.037909836065574520,999.000000000000000000,4.203999999999999737
-0.024590163934425702,999.000000000000000000,4.320999999999999730
-0.085553278688523138,999.000000000000000000,4.415000000000000036
-0.147284836065577407,999.000000000000000000,4.538000000000000256
-0.206454918032783041,999.000000000000000000,4.599999999999999645
-0.328893442622949173,999.000000000000000000,4.714000000000000412
-0.390624999999996114,999.000000000000000000,4.796000000000000263
-0.459784836065567082,-1.000000000000000000,4.918999999999999595
-0.606813524590153364,-1.000000000000000000,5.014999999999999680
-0.772028688524585616,-1.000000000000000000,5.139000000000000234
-0.879354508196718454,-1.000000000000000000,5.222999999999999865
-0.927766393442623905,-1.000000000000000000,5.346000000000000085
-0.983862704918031516,-1.000000000000000000,5.410000000000000142
-1.000000000000000000,-1.000000000000000000,5.522000000000000242
-1.000000000000000000,-1.000000000000000000,5.608999999999999986
-1.000000000000000000,-1.000000000000000000,5.735000000000000320
-1.000000000000000000,-1.000000000000000000,5.823000000000000398
-1.000000000000000000,-1.000000000000000000,5.951999999999999957
-1.000000000000000000,-1.000000000000000000,6.000000000000000000
-1.000000000000000000,-1.000000000000000000,6.125000000000000000
-1.000000000000000000,-1.000000000000000000,6.222000000000000419
-1.000000000000000000,-1.000000000000000000,6.341000000000000192
-1.000000000000000000,-1.000000000000000000,6.429000000000000270
-0.998237419582274854,-1.000000000000000000,6.541999999999999815
-0.945360007050328854,-1.000000000000000000,6.634000000000000341
-0.880673305719580024,-1.000000000000000000,6.748999999999999666
-0.850356922534597603,-1.000000000000000000,6.817999999999999616
-0.817925442848335904,-1.000000000000000000,6.940000000000000391
-0.783555124702574601,-1.000000000000000000,7.027999999999999581
-0.747951000264396537,-1.000000000000000000,7.142999999999999794
-0.709703005199615711,-1.000000000000000000,7.240999999999999659
-0.664933462589237578,-1.000000000000000000,7.352000000000000313
-0.618930113686442906,-1.000000000000000000,7.421999999999999709
-0.576980699744432224,-1.000000000000000000,7.543999999999999595
-0.537498898387244739,-1.000000000000000000,7.633000000000000007
-0.497312064862969194,-1.000000000000000000,7.748000000000000220
-0.513704062747869505,-1.000000000000000000,7.834999999999999964
-0.491848065567994097,-1.000000000000000000,7.955000000000000071
-0.472635939014721451,-1.000000000000000000,8.053000000000000824
-0.457301489380458226,-1.000000000000000000,8.164999999999999147
-0.443377104080376117,-1.000000000000000000,8.228999999999999204
-0.388208337005381376,-1.000000000000000000,8.349999999999999645
-0.387679562880062778,-1.000000000000000000,8.442000000000000171
-0.437208072618317956,0.000000000000000000,8.555999999999999162
-0.485326518022386799,0.000000000000000000,8.653999999999999915
-0.533973737551779348,0.000000000000000000,8.772000000000000242
-0.583325989248264953,0.000000000000000000,8.819000000000000838
-0.585793601833088262,0.000000000000000000,8.962999999999999190
-0.588789988543235054,0.000000000000000000,9.032000000000000028
-0.590200052877416281,0.000000000000000000,9.163000000000000256
-0.592667665462244475,0.000000000000000000,9.255000000000000782
-0.594959020005293215,0.000000000000000000,9.371000000000000441
-0.642548691284043683,0.000000000000000000,9.461000000000000298
-0.645545077994185479,0.000000000000000000,9.583000000000000185
-0.646602626244827561,0.000000000000000000,9.641999999999999460
-0.647307658411920617,0.000000000000000000,9.759000000000000341
-0.647131400370146159,0.000000000000000000,9.849000000000000199
-0.645016303868871876,0.000000000000000000,9.958999999999999631
-0.643782497576455226,0.000000000000000000,10.060999999999999943
-0.642548691284043683,0.000000000000000000,10.179000000000000270
-0.642019917158725084,0.000000000000000000,10.237999999999999545
-0.641843659116950516,0.000000000000000000,10.362000000000000099
-0.641138626949857460,0.000000000000000000,10.445000000000000284
-0.642019917158725084,0.000000000000000000,10.570000000000000284
-0.640257336740994942,0.000000000000000000,10.657999999999999474
-0.638494756323264689,0.000000000000000000,10.785999999999999588
-0.637260950030853035,0.000000000000000000,10.868999999999999773
-0.636203401780210953,0.000000000000000000,10.990000000000000213
-0.637084691989078467,0.000000000000000000,11.042999999999999261
-0.638142240239720659,0.000000000000000000,11.169999999999999929
-0.638847272406808719,0.000000000000000000,11.262999999999999901
-0.640257336740994942,0.000000000000000000,11.380000000000000782
-0.640081078699225370,0.000000000000000000,11.464999999999999858
-0.639904820657445805,0.000000000000000000,11.589000000000000412
-0.638318498281490232,0.000000000000000000,11.640000000000000568
-0.587203666167269378,0.000000000000000000,11.772000000000000242
-0.527099673922628131,0.000000000000000000,11.853999999999999204
-0.497840838988287793,0.000000000000000000,11.974000000000000199
-0.457301489380458226,0.000000000000000000,12.067000000000000171
-0.360888340530540752,0.000000000000000000,12.188000000000000611
-0.254075967216011778,0.000000000000000000,12.278000000000000469
-0.181986428130788025,0.000000000000000000,12.400999999999999801
-0.101789019124006508,0.000000000000000000,12.448999999999999844
-0.009077289151323997,1.000000000000000000,12.571999999999999176
0.140037014188769904,1.000000000000000000,12.660999999999999588
0.299198025909928722,1.000000000000000000,12.789999999999999147
0.371111306953380460,1.000000000000000000,12.875999999999999446
0.438089362827178030,1.000000000000000000,12.993000000000000327
0.542434123556881254,1.000000000000000000,13.063000000000000611
0.636732175905522002,1.000000000000000000,13.176000000000000156
0.677800299638670056,1.000000000000000000,13.265000000000000568
0.755882612144177513,1.000000000000000000,13.387000000000000455
0.870626597338502339,1.000000000000000000,13.474999999999999645
0.988366969242971738,1.000000000000000000,13.595000000000000639
1.000000000000000000,1.000000000000000000,13.679999999999999716
1.000000000000000000,1.000000000000000000,13.807999999999999829
1.000000000000000000,1.000000000000000000,13.871999999999999886
1.000000000000000000,1.000000000000000000,13.974999999999999645
1.000000000000000000,1.000000000000000000,14.074999999999999289
1.000000000000000000,1.000000000000000000,14.189999999999999503
1.000000000000000000,1.000000000000000000,14.275999999999999801
1.000000000000000000,1.000000000000000000,14.401999999999999247
1.000000000000000000,1.000000000000000000,14.461000000000000298
1.000000000000000000,1.000000000000000000,14.598000000000000753
1.000000000000000000,1.000000000000000000,14.676000000000000156
1.000000000000000000,1.000000000000000000,14.789999999999999147
1.000000000000000000,1.000000000000000000,14.890000000000000568
1.000000000000000000,1.000000000000000000,15.009999999999999787
1.000000000000000000,1.000000000000000000,15.102999999999999758
0.991698205347332218,1.000000000000000000,15.217000000000000526
0.983030155048222110,1.000000000000000000,15.284000000000000696
0.972530826516907476,2.000000000000000000,15.394999999999999574
0.993285313148577709,2.000000000000000000,15.492000000000000881
1.000000000000000000,2.000000000000000000,15.615000000000000213
1.000000000000000000,2.000000000000000000,15.702999999999999403
1.000000000000000000,2.000000000000000000,15.808999999999999275
1.000000000000000000,2.000000000000000000,15.875999999999999446
1.000000000000000000,2.000000000000000000,15.987999999999999545
1.000000000000000000,2.000000000000000000,16.094000000000001194
1.000000000000000000,2.000000000000000000,16.211999999999999744
1.000000000000000000,2.000000000000000000,16.298999999999999488
1.000000000000000000,2.000000000000000000,16.420000000000001705
1.000000000000000000,2.000000000000000000,16.507999999999999119
0.971893338824256325,2.000000000000000000,16.635000000000001563
0.937094615463810898,2.000000000000000000,16.682999999999999829
0.921033666220528513,2.000000000000000000,16.814000000000000057
0.895912694327189563,2.000000000000000000,16.902000000000001023
0.834139812622259003,-1.000000000000000000,17.024999999999998579
0.789972202203231388,-1.000000000000000000,17.109999999999999432
0.737671162359722521,-1.000000000000000000,17.230000000000000426
0.651806856789867606,-1.000000000000000000,17.280999999999998806
0.559559353443835450,-1.000000000000000000,17.413000000000000256
0.485843714609282884,-1.000000000000000000,17.503000000000000114
0.406259652012763040,-1.000000000000000000,17.623000000000001108
0.324204674148045990,-1.000000000000000000,17.713999999999998636
0.240708329043547664,-1.000000000000000000,17.835000000000000853
0.159065170390195521,-1.000000000000000000,17.917999999999999261
0.080407701019249656,-1.000000000000000000,18.047999999999998266
0.035107587768966608,-1.000000000000000000,18.094000000000001194
-0.030062802429735247,-1.000000000000000000,18.224000000000000199
-0.114382785956966493,-1.000000000000000000,18.312000000000001165
-0.166992690208999539,-1.000000000000000000,18.431999999999998607
-0.215587357150213155,-1.000000000000000000,18.518999999999998352
-0.283228662617112326,-1.000000000000000000,18.643999999999998352
-0.345825182744777249,-1.000000000000000000,18.689000000000000057
-0.377329352414293773,-1.000000000000000000,18.818000000000001393
-0.402965098321840132,-1.000000000000000000,18.902000000000001023
-0.450530217234637487,-1.000000000000000000,19.030999999999998806
-0.493565324822406448,-1.000000000000000000,19.123999999999998778
-0.533923607536291978,-1.000000000000000000,19.231000000000001648
-0.571605065376302623,0.000000000000000000,19.332000000000000739
-0.583753732111606416,0.000000000000000000,19.454999999999998295
-0.568001647276849653,0.000000000000000000,19.501000000000001222
-0.549778647173896906,0.000000000000000000,19.625000000000000000
-0.531246782662414319,0.000000000000000000,19.716000000000001080
-0.510964686502626275,0.000000000000000000,19.832999999999998408
-0.490167816328635264,0.000000000000000000,19.929999999999999716
-0.468547307731908336,0.000000000000000000,20.053999999999998494
-0.446103160712448599,0.000000000000000000,20.099000000000000199
-0.422732420467416325,0.000000000000000000,20.225999999999999091
-0.400185318645117083,0.000000000000000000,20.310999999999999943
-0.378050036034184300,0.000000000000000000,20.445000000000000284
-0.353855657366419218,0.000000000000000000,20.528999999999999915
-0.357047256254505729,0.000000000000000000,20.649999999999998579
-0.359312261917019926,0.000000000000000000,20.736999999999998323
-0.361062493565328158,0.000000000000000000,20.859000000000001762
-0.362915680016478781,0.000000000000000000,20.908999999999998920
-0.364665911664784126,0.000000000000000000,21.033000000000001251
-0.365695459693195835,0.000000000000000000,21.117999999999998550
-0.367754555750028245,0.000000000000000000,21.243999999999999773
-0.370534335426748296,0.000000000000000000,21.333999999999999631
-0.372387521877898919,0.000000000000000000,21.449999999999999289
-0.374961391948937184,0.000000000000000000,21.509000000000000341
-0.377638216822814954,0.000000000000000000,21.625000000000000000
-0.379079584062596120,0.000000000000000000,21.728999999999999204
-0.380829815710904351,0.000000000000000000,21.841999999999998749
-0.381550499330797988,0.000000000000000000,21.923999999999999488
-0.382991866570576267,0.000000000000000000,22.057999999999999829
-0.383918459796154465,0.000000000000000000,22.114000000000000767
-0.385256872233093350,0.000000000000000000,22.265000000000000568
-0.386698239472874516,0.000000000000000000,22.329000000000000625
-0.387213013487080371,0.000000000000000000,22.442000000000000171
-0.388139606712655683,0.000000000000000000,22.539000000000001478
-0.388242561515498075,0.000000000000000000,22.653999999999999915
-0.387830742304131615,0.000000000000000000,22.757999999999999119
-0.388036651909813401,0.000000000000000000,22.859999999999999432
-0.386801194275716909,0.000000000000000000,22.931999999999998607
-0.408009883661074269,0.000000000000000000,23.050999999999998380
-0.421702872439001619,0.000000000000000000,23.146999999999998465
-0.402347369504791885,0.000000000000000000,23.260000000000001563
-0.377741171625660233,0.000000000000000000,23.353000000000001535
-0.347163595181719020,0.000000000000000000,23.463999999999998636
-0.338309482137344242,0.000000000000000000,23.535000000000000142
-0.324719448162259283,0.000000000000000000,23.681999999999998607
-0.306702357664986880,1.000000000000000000,23.739999999999998437
-0.257901781118091589,1.000000000000000000,23.864000000000000767
-0.204571193246165017,1.000000000000000000,23.952999999999999403
-0.173890661999382967,1.000000000000000000,24.068000000000001393
-0.117986204056419575,1.000000000000000000,24.155999999999998806
-0.065376299804387972,1.000000000000000000,24.280999999999998806
-0.042829197982087286,1.000000000000000000,24.344000000000001194
0.004324101719343609,1.000000000000000000,24.466000000000001080
0.050962627406567096,1.000000000000000000,24.551999999999999602
0.122413260578602578,1.000000000000000000,24.676999999999999602
0.168331102645935538,1.000000000000000000,24.763000000000001677
0.213219396684853679,1.000000000000000000,24.887000000000000455
0.230309893956550660,1.000000000000000000,24.932999999999999829
0.247400391228247862,1.000000000000000000,25.094999999999998863
0.316071244723563183,1.000000000000000000,25.143999999999998352
0.385874601050137267,1.000000000000000000,25.271000000000000796
0.454442499742611750,1.000000000000000000,25.358000000000000540
0.521569031195304955,1.000000000000000000,25.486000000000000654
0.558632760218263025,1.000000000000000000,25.571000000000001506
0.565736641614329683,1.000000000000000000,25.690000000000001279
0.570781426953566706,1.000000000000000000,25.739000000000000767
0.597240811283844542,1.000000000000000000,25.868999999999999773
0.620302687120354079,1.000000000000000000,25.960000000000000853
0.640481828477296844,1.000000000000000000,26.082999999999998408
0.658087099763204231,1.000000000000000000,26.175999999999998380
0.646144342633582225,2.000000000000000000,26.295999999999999375
0.631112941418717543,2.000000000000000000,26.338999999999998636
0.614949037372592766,2.000000000000000000,26.500000000000000000
0.598064449706579015,2.000000000000000000,26.556000000000000938
0.581797590857613400,2.000000000000000000,26.681000000000000938
0.591063523113353195,2.000000000000000000,26.771999999999998465
0.597961494903736623,2.000000000000000000,26.888000000000001677
0.602594461031607409,2.000000000000000000,26.978999999999999204
0.603726963862864396,2.000000000000000000,27.099000000000000199
0.625759291670956230,2.000000000000000000,27.149999999999998579
0.640481828477298398,2.000000000000000000,27.278999999999999915
0.620714506331720539,2.000000000000000000,27.364000000000000767
0.592813754761660094,2.000000000000000000,27.489000000000000767
0.583444867703076353,2.000000000000000000,27.583999999999999631
0.567383918459795522,2.000000000000000000,27.704999999999998295
0.545763409863067261,-1.000000000000000000,27.748999999999998778
0.493668279625240070,-1.000000000000000000,27.882000000000001450
0.438175640893644580,-1.000000000000000000,27.955999999999999517
0.379697312879641480,-1.000000000000000000,28.083999999999999631
0.346339956758978884,-1.000000000000000000,28.181000000000000938
0.287037990322244196,-1.000000000000000000,28.301999999999999602
0.231030577576442742,-1.000000000000000000,28.385000000000001563
0.177288170493152597,-1.000000000000000000,28.507999999999999119
0.124884175846800005,-1.000000000000000000,28.559999999999998721
0.049212395758258864,-1.000000000000000000,28.687999999999998835
0.001956141253985688,-1.000000000000000000,28.772999999999999687
-0.044064655616189663,-1.000000000000000000,28.893999999999998352
-0.062596520127666477,-1.000000000000000000,28.992999999999998550
-0.079687017399363569,-1.000000000000000000,29.106999999999999318
-0.120045300113253428,-1.000000000000000000,29.176999999999999602
-0.183362503860807546,-1.000000000000000000,29.283000000000001251
-0.242870379903225353,-1.000000000000000000,29.382000000000001450
-0.302893029959850568,-1.000000000000000000,29.489000000000000767
-0.333161741995267602,-1.000000000000000000,29.582999999999998408
-0.358488623494289893,-1.000000000000000000,29.705999999999999517
-0.381653454133637382,-1.000000000000000000,29.795999999999999375
-0.427983115412335247,-1.000000000000000000,29.914999999999999147
-0.471327087408631384,-1.000000000000000000,29.971000000000000085
-0.511891279728201587,-1.000000000000000000,30.085999999999998522
-0.550190466385260479,-1.000000000000000000,30.187000000000001165
-0.559662308246680729,-1.000000000000000000,30.301999999999999602
-0.569134150108103753,0.000000000000000000,30.396999999999998465
-0.578400082363842216,0.000000000000000000,30.518000000000000682
-0.584062596520130484,0.000000000000000000,30.577000000000001734
-0.589519201070734189,0.000000000000000000,30.710000000000000853
-0.593946257592920190,0.000000000000000000,30.797999999999998266
-0.597446720889533767,0.000000000000000000,30.911999999999999034
-0.600638319777623164,0.000000000000000000,30.992000000000000881
-0.604447647482758033,0.000000000000000000,31.112999999999999545
-0.607742201173686825,0.000000000000000000,31.210000000000000853
-0.585092144548548188,0.000000000000000000,31.320000000000000284
-0.562545042726245947,0.000000000000000000,31.388000000000001677
-0.564501183980236076,0.000000000000000000,31.507000000000001450
-0.541027488932361411,0.000000000000000000,31.606000000000001648
-0.543395449397718000,0.000000000000000000,31.719000000000001194
-0.518789251518586347,0.000000000000000000,31.810999999999999943
-0.494388963245139479,0.000000000000000000,31.931000000000000938
-0.495624420879235972,0.000000000000000000,31.978999999999999204
-0.496345104499126499,0.000000000000000000,32.107999999999996987
-0.470297539380216678,0.000000000000000000,32.198000000000000398
-0.444352929064146140,0.000000000000000000,32.317000000000000171
-0.470091629774531894,0.000000000000000000,32.408999999999998920
-0.470915268197264925,0.000000000000000000,32.531999999999996476
-0.445073612684036779,0.000000000000000000,32.621999999999999886
-0.444661793472667322,0.000000000000000000,32.729999999999996874
-0.444249974261303748,0.000000000000000000,32.795000000000001705
-0.468650262534750728,0.000000000000000000,32.917000000000001592
-0.492844641202515921,0.000000000000000000,33.003999999999997783
-0.490991454751365297,0.000000000000000000,33.136000000000002785
-0.488932358694535774,0.000000000000000000,33.225999999999999091
-0.509935138474214456,0.000000000000000000,33.345999999999996533
-0.524245856069190053,0.000000000000000000,33.396000000000000796
-0.478636878410382716,0.000000000000000000,33.520000000000003126
-0.451868629671579258,0.000000000000000000,33.609999999999999432
-0.445176567486876174,0.000000000000000000,33.725999999999999091
-0.433336765160099446,0.000000000000000000,33.829000000000000625
-0.364254092453417666,1.000000000000000000,33.939999999999997726
-0.291465046844435971,1.000000000000000000,34.018999999999998352
-0.214763718727480124,1.000000000000000000,34.152999999999998693
-0.160506537629982682,1.000000000000000000,34.204999999999998295
-0.103366622052921353,1.000000000000000000,34.335000000000000853
-0.044991248841760534,1.000000000000000000,34.420000000000001705
0.008854113044372003,1.000000000000000000,34.539999999999999147
0.059199011633890741,1.000000000000000000,34.622999999999997556
0.105837537321115782,1.000000000000000000,34.756999999999997897
0.172964068773806101,1.000000000000000000,34.802999999999997272
0.236487182127044893,1.000000000000000000,34.936999999999997613
0.268712035416449169,1.000000000000000000,35.011000000000002785
0.297745289817766601,1.000000000000000000,35.137999999999998124
0.301348707917221237,1.000000000000000000,35.231000000000001648
0.334706064037885387,1.000000000000000000,35.350999999999999091
0.396273036137134049,1.000000000000000000,35.442000000000000171
0.457531143827858866,1.000000000000000000,35.554999999999999716
0.519921754349837562,1.000000000000000000,35.609999999999999432
0.553485020076184941,1.000000000000000000,35.735999999999997101
0.560382991866566815,1.000000000000000000,35.829999999999998295
0.570472562545041084,1.000000000000000000,35.950000000000002842
0.582209410068978528,1.000000000000000000,36.037999999999996703
0.595284670029855967,1.000000000000000000,36.152999999999998693
0.608565839596416858,1.000000000000000000,36.210000000000000853
0.644085246576752812,1.000000000000000000,36.338000000000000966
0.700092659322555599,1.000000000000000000,36.423999999999999488
0.726757953258518219,1.000000000000000000,36.545999999999999375
0.752393699166064467,1.000000000000000000,36.631000000000000227
0.775146710594048383,1.000000000000000000,36.759000000000000341
0.796149490373725621,1.000000000000000000,36.844999999999998863
0.838463914341604166,1.000000000000000000,36.960999999999998522
0.842890970863789946,1.000000000000000000,37.024999999999998579
0.838978688355811464,1.000000000000000000,37.134999999999998010
0.853495315556471734,2.000000000000000000,37.225000000000001421
0.856686914444559688,2.000000000000000000,37.353999999999999204
0.823638422732419606,2.000000000000000000,37.439000000000000057
0.780500360341808364,2.000000000000000000,37.564999999999997726
0.729640687738083438,2.000000000000000000,37.631999999999997897
0.671985998146813257,2.000000000000000000,37.743999999999999773
0.582621229280344988,-1.000000000000000000,37.845999999999996533
0.489755997117264474,-1.000000000000000000,37.957999999999998408
0.394934623700193832,-1.000000000000000000,38.057000000000002160
0.354988160197671876,-1.000000000000000000,38.161000000000001364
0.315865335117881507,-1.000000000000000000,38.252000000000002444
0.252754040976009176,-1.000000000000000000,38.374000000000002331
0.167816328631728018,-1.000000000000000000,38.435000000000002274
0.113662102337071635,-1.000000000000000000,38.564999999999997726
0.038711005868421022,-1.000000000000000000,38.649999999999998579
-0.007927519818802464,-1.000000000000000000,38.761000000000002785
-0.052403994646352703,-1.000000000000000000,38.866999999999997328
-0.068464943889635088,-1.000000000000000000,38.978000000000001535
-0.083496345104499770,-1.000000000000000000,39.036999999999999034
-0.095027283022756759,-1.000000000000000000,39.167000000000001592
-0.128796458354785925,-1.000000000000000000,39.252000000000002444
-0.158653351178836499,-1.000000000000000000,39.371999999999999886
-0.213837125501907810,-1.000000000000000000,39.459000000000003183
-0.238649232986721138,-1.000000000000000000,39.582000000000000739
-0.260063831977766280,-1.000000000000000000,39.662999999999996703
-0.278904560897770160,-1.000000000000000000,39.780000000000001137
-0.321116030062804758,-1.000000000000000000,39.844000000000001194
-0.361577267579534012,-1.000000000000000000,39.972999999999998977
-0.399361680222384163,-1.000000000000000000,40.051000000000001933
-0.434366313188514264,0.000000000000000000,40.185000000000002274
-0.467414804900651348,0.000000000000000000,40.274999999999998579
-0.501286935035524239,0.000000000000000000,40.389000000000002899
-0.534747245959024897,0.000000000000000000,40.445000000000000284
-0.539689076495422637,0.000000000000000000,40.570000000000000284
-0.544322042623290425,0.000000000000000000,40.662999999999996703
-0.547925460722743396,0.000000000000000000,40.780999999999998806
-0.551117059610832793,0.000000000000000000,40.868999999999999773
-0.553896839287552956,0.000000000000000000,40.990999999999999659
-0.556058890147227647,0.000000000000000000,41.082999999999998408
-0.557294347781324140,0.000000000000000000,41.204000000000000625
-0.560074127458047188,0.000000000000000000,41.264000000000002899
-0.563677545557503157,0.000000000000000000,41.378000000000000114
-0.565736641614335456,0.000000000000000000,41.468000000000003524
-0.568310511685373720,0.000000000000000000,41.588999999999998636
-0.569751878925157884,0.000000000000000000,41.679999999999999716
-0.570781426953572590,0.000000000000000000,41.807999999999999829
-0.571605065376302623,0.000000000000000000,41.857999999999996987
-0.572119839390511475,0.000000000000000000,41.972000000000001307
-0.571913929784826802,0.000000000000000000,42.066000000000002501
-0.573252342221768574,0.000000000000000000,42.191000000000002501
-0.575311438278597986,0.000000000000000000,42.286000000000001364
-0.575620302687125052,0.000000000000000000,42.408000000000001251
-0.576958715124063937,0.000000000000000000,42.494999999999997442
-0.577782353546793859,0.000000000000000000,42.612999999999999545
-0.578297127561002711,0.000000000000000000,42.661000000000001364
-0.579120765983738628,0.000000000000000000,42.790999999999996817
-0.579532585195102201,0.000000000000000000,42.884999999999998010
-0.579635539997944482,0.000000000000000000,42.999000000000002331
-0.580973952434886254,0.000000000000000000,43.079000000000000625
-0.582106455266140466,0.000000000000000000,43.206000000000003070
-0.578091217955321035,0.000000000000000000,43.265999999999998238
-0.541439308143730869,0.000000000000000000,43.390000000000000568
-0.496448059301971778,0.000000000000000000,43.469999999999998863
-0.470091629774531894,0.000000000000000000,43.603999999999999204
-0.437249047668076596,0.000000000000000000,43.697000000000002728
-0.371460928652323608,0.000000000000000000,43.813000000000002387
-0.302069391537117649,0.000000000000000000,43.902999999999998693
-0.227736023885516836,1.000000000000000000,44.024000000000000909
-0.174920210027799117,1.000000000000000000,44.070000000000000284
-0.117634940255460729,1.000000000000000000,44.195999999999997954
-0.074597196066122473,1.000000000000000000,44.280000000000001137
-0.008160435223212970,1.000000000000000000,44.405999999999998806
0.039134413522096123,1.000000000000000000,44.496999999999999886
0.079323655738594567,1.000000000000000000,44.618999999999999773
0.144191669414220458,1.000000000000000000,44.679000000000002046
0.206379195376749980,1.000000000000000000,44.786000000000001364
0.209066876652228117,1.000000000000000000,44.875999999999997669
0.209015691868757125,1.000000000000000000,45.006999999999997897
0.212740315638448863,1.000000000000000000,45.097000000000001307
0.246944045911046572,1.000000000000000000,45.215000000000003411
0.279426111908177566,1.000000000000000000,45.301999999999999602
0.341979913916786282,1.000000000000000000,45.426999999999999602
0.375954088952655141,1.000000000000000000,45.487000000000001876
0.410502152080345573,1.000000000000000000,45.609000000000001762
0.447345767575324071,1.000000000000000000,45.701999999999998181
0.481090387374463857,1.000000000000000000,45.805999999999997385
0.511736011477761377,1.000000000000000000,45.908999999999998920
0.568321377331421518,1.000000000000000000,46.017000000000003013
0.593572453371595143,1.000000000000000000,46.094000000000001194
0.617560975609757090,1.000000000000000000,46.219000000000001194
0.639598278335725245,1.000000000000000000,46.299999999999997158
0.661750358680053496,1.000000000000000000,46.415999999999996817
0.653256814921087559,1.000000000000000000,46.512999999999998124
0.645451936872306842,1.000000000000000000,46.619999999999997442
0.634662840746052836,1.000000000000000000,46.722999999999998977
0.619167862266855273,1.000000000000000000,46.829999999999998295
0.603213773314201340,1.000000000000000000,46.904000000000003467
0.582783357245336253,1.000000000000000000,47.015000000000000568
0.554433285509323470,1.000000000000000000,47.115000000000001990
0.576585365853655052,1.000000000000000000,47.232999999999996987
0.558335724533713051,1.000000000000000000,47.317000000000000171
0.527919655667142829,-1.000000000000000000,47.432999999999999829
0.514577594123047488,-1.000000000000000000,47.502000000000002444
0.460946473696300707,-1.000000000000000000,47.621000000000002217
0.396265440965238414,-1.000000000000000000,47.709000000000003183
0.325669617197377859,-1.000000000000000000,47.826999999999998181
0.278643288301235748,-1.000000000000000000,47.926000000000001933
0.228054038516813273,-1.000000000000000000,48.046999999999997044
0.177349813164699777,-1.000000000000000000,48.137999999999998124
0.100201207243458157,-1.000000000000000000,48.256999999999997897
-0.002703480011505555,-1.000000000000000000,48.302999999999997272
-0.069772792637332381,-1.000000000000000000,48.432000000000002160
-0.129019269485189492,-1.000000000000000000,48.515000000000000568
-0.181938452689099139,-1.000000000000000000,48.646000000000000796
-0.199539833189531279,-1.000000000000000000,48.729999999999996874
-0.211849295369572088,-1.000000000000000000,48.854999999999996874
-0.223468507333909328,-1.000000000000000000,48.908000000000001251
-0.260166810468795640,-1.000000000000000000,49.030000000000001137
-0.324436263230554967,-1.000000000000000000,49.119999999999997442
-0.386412011735605354,-1.000000000000000000,49.244999999999997442
-0.416369287441001767,-1.000000000000000000,49.322000000000002728
-0.468508546007961102,-1.000000000000000000,49.460000000000000853
-0.523741265006268497,-1.000000000000000000,49.542999999999999261
-0.561319901067741323,-1.000000000000000000,49.664000000000001478
-0.633449562610872929,-1.000000000000000000,49.713999999999998636
-0.741772151898732912,-1.000000000000000000,49.841000000000001080
-0.813268442622948506,-1.000000000000000000,49.930999999999997385
-0.859118852459016313,-1.000000000000000000,50.051999999999999602
-0.904328893442627568,-1.000000000000000000,50.143000000000000682
-0.914318647540989238,0.000000000000000000,50.264000000000002899
-0.923283811475412164,0.000000000000000000,50.310999999999999943
-0.931224385245907227,0.000000000000000000,50.436999999999997613
-0.937884221311474420,0.000000000000000000,50.529000000000003467
-0.943007172131149818,0.000000000000000000,50.648000000000003240
-0.949154713114756743,0.000000000000000000,50.743000000000002103
-0.955686475409834757,0.000000000000000000,50.859999999999999432
-0.959400614754100323,0.000000000000000000,50.947000000000002728
-0.964139344262297415,0.000000000000000000,51.069000000000002615
-0.967725409836066586,0.000000000000000000,51.118000000000002103
-0.969902663934429587,0.000000000000000000,51.256000000000000227
-0.972464139344263567,0.000000000000000000,51.338999999999998636
-0.974129098360655421,0.000000000000000000,51.460000000000000853
-0.974897540983608590,0.000000000000000000,51.551999999999999602
-0.977074795081967817,0.000000000000000000,51.664000000000001478
-0.979892418032787593,0.000000000000000000,51.719000000000001194
-0.980917008196726226,0.000000000000000000,51.843000000000003524
-0.983222336065578406,0.000000000000000000,51.924999999999997158
-0.985143442622952170,0.000000000000000000,52.061999999999997613
-0.985911885245905228,0.000000000000000000,52.149000000000000909
-0.987192622950818666,0.000000000000000000,52.268000000000000682
-0.987704918032786261,0.000000000000000000,52.354999999999996874
-0.987576844262297082,0.000000000000000000,52.481999999999999318
-0.988729508196721341,0.000000000000000000,52.530999999999998806
-0.990778688524591500,0.000000000000000000,52.658000000000001251
-0.991675204918033737,0.000000000000000000,52.743000000000002103
-0.992699795081968817,0.000000000000000000,52.865000000000001990
-0.993852459016393075,0.000000000000000000,52.951999999999998181
-0.993980532786885917,0.000000000000000000,53.084000000000003183
-0.994748975409835423,0.000000000000000000,53.146999999999998465
-0.994492827868853402,0.000000000000000000,53.258000000000002672
-0.995645491803281324,0.000000000000000000,53.350000000000001421
-0.996798155737705582,0.000000000000000000,53.459000000000003183
-0.998206967213115415,0.000000000000000000,53.545999999999999375
-0.999871926229507157,0.000000000000000000,53.673999999999999488
-1.000000000000000000,0.000000000000000000,53.768000000000000682
-1.000000000000000000,0.000000000000000000,53.889000000000002899
-1.000000000000000000,0.000000000000000000,53.947000000000002728
-0.999744049142562652,0.000000000000000000,54.064999999999997726
-1.000000000000000000,0.000000000000000000,54.158000000000001251
-1.000000000000000000,0.000000000000000000,54.276000000000003354
-1.000000000000000000,0.000000000000000000,54.371000000000002217
-1.000000000000000000,0.000000000000000000,54.481999999999999318
-0.999863322626938000,0.000000000000000000,54.540999999999996817
-1.000000000000000000,0.000000000000000000,54.665999999999996817
-0.999017957351291064,0.000000000000000000,54.750999999999997669
-0.997334455667788333,0.000000000000000000,54.884000000000000341
-0.994668911335576555,0.000000000000000000,54.970999999999996533
-0.987233445566779610,0.000000000000000000,55.079999999999998295
-0.936026936026934653,0.000000000000000000,55.148000000000003240
-0.874719416386085080,0.000000000000000000,55.298999999999999488
-0.840628507295175020,0.000000000000000000,55.356000000000001648
-0.799803591470257813,0.000000000000000000,55.481000000000001648
-0.749017957351287622,0.000000000000000000,55.570000000000000284
-0.657126823793488968,0.000000000000000000,55.695000000000000284
-0.557379349046014827,1.000000000000000000,55.780999999999998806
-0.485549943883275881,1.000000000000000000,55.901000000000003354
-0.408249158249157973,1.000000000000000000,55.954000000000000625
-0.324354657687988546,1.000000000000000000,56.076999999999998181
-0.204405162738495072,1.000000000000000000,56.165999999999996817
-0.124719416386082638,1.000000000000000000,56.295999999999999375
-0.049382716049382602,1.000000000000000000,56.384000000000000341
0.022446689113354346,1.000000000000000000,56.502000000000002444
0.091750841750841028,1.000000000000000000,56.554999999999999716
0.157407407407406996,1.000000000000000000,56.709000000000003183
0.186026936026936207,1.000000000000000000,56.759999999999998010
0.250701459034791352,1.000000000000000000,56.895000000000003126
0.353815937149269066,1.000000000000000000,56.984000000000001762
0.422138047138044925,1.000000000000000000,57.100000000000001421
0.489758698092028766,1.000000000000000000,57.192000000000000171
0.521043771043767645,1.000000000000000000,57.308999999999997499
0.541245791245790864,1.000000000000000000,57.362000000000001876
0.550925925925926929,1.000000000000000000,57.490999999999999659
0.591189674523007858,1.000000000000000000,57.579999999999998295
0.630611672278337254,1.000000000000000000,57.701000000000000512
0.669753086419751842,1.000000000000000000,57.789999999999999147
0.746773288439954497,2.000000000000000000,57.917999999999999261
0.785213243546577067,2.000000000000000000,57.963000000000000966
0.812991021324354746,2.000000000000000000,58.130000000000002558
0.866021324354656175,2.000000000000000000,58.170999999999999375
0.908950617283948770,2.000000000000000000,58.292999999999999261
0.905303030303028056,2.000000000000000000,58.387999999999998124
0.897867564534231333,2.000000000000000000,58.500999999999997669
0.923681257014589141,2.000000000000000000,58.603999999999999204
0.938973063973063571,2.000000000000000000,58.722000000000001307
0.907968574635239944,2.000000000000000000,58.773000000000003240
0.866863075196407484,2.000000000000000000,58.896999999999998465
0.775533108866441223,-1.000000000000000000,58.988999999999997215
0.707351290684622880,-1.000000000000000000,59.107999999999996987
0.631032547699214019,-1.000000000000000000,59.210999999999998522
0.514029180695847465,-1.000000000000000000,59.317000000000000171
0.394360269360269022,-1.000000000000000000,59.375000000000000000
0.310044893378226938,-1.000000000000000000,59.521999999999998465
0.267115600448932344,-1.000000000000000000,59.581000000000003070
0.188973063973063127,-1.000000000000000000,59.710000000000000853
0.115460157126821450,-1.000000000000000000,59.795000000000001705
0.044612794612793438,-1.000000000000000000,59.912999999999996703
-0.026374859708194087,-1.000000000000000000,60.015999999999998238
-0.094696969696971833,-1.000000000000000000,60.131999999999997897
-0.161054994388327710,-1.000000000000000000,60.183999999999997499
-0.223344556677890327,-1.000000000000000000,60.310999999999999943
-0.245931537598202188,-1.000000000000000000,60.392000000000003013
-0.264169472502805536,-1.000000000000000000,60.515000000000000568
-0.278900112233443687,-1.000000000000000000,60.603999999999999204
-0.328282828282830397,-1.000000000000000000,60.722000000000001307
-0.406986531986533895,-1.000000000000000000,60.792999999999999261
-0.482323232323231932,-1.000000000000000000,60.909999999999996589
-0.518658810325477004,-1.000000000000000000,61.003000000000000114
-0.550785634118967193,-1.000000000000000000,61.113999999999997215
-0.579966329966328686,-1.000000000000000000,61.200000000000002842
-0.640011223344554070,-1.000000000000000000,61.323999999999998067
-0.696127946127947816,-1.000000000000000000,61.412999999999996703
-0.749298540965210647,-1.000000000000000000,61.536999999999999034
-0.801907968574639307,-1.000000000000000000,61.595999999999996533
-0.851992143658811707,-1.000000000000000000,61.718000000000003524
-0.898989898989897784,0.000000000000000000,61.814999999999997726
-0.908670033670035626,0.000000000000000000,61.921999999999997044
-0.916526374859707227,0.000000000000000000,62.015999999999998238
-0.923681257014593027,0.000000000000000000,62.133000000000002672
-0.929573512906842758,0.000000000000000000,62.192999999999997840
-0.933080808080803847,0.000000000000000000,62.322000000000002728
-0.936447811447809420,0.000000000000000000,62.406999999999996476
-0.940796857463523928,0.000000000000000000,62.524000000000000909
-0.945005611672278811,0.000000000000000000,62.627000000000002444
-0.948372615039280387,0.000000000000000000,62.731000000000001648
-0.950757575757572915,0.000000000000000000,62.829999999999998295
-0.952861952861950412,0.000000000000000000,62.948000000000000398
-0.954826038159368284,0.000000000000000000,63.015999999999998238
-0.956088664421996359,0.000000000000000000,63.131000000000000227
-0.956930415263745782,0.000000000000000000,63.225000000000001421
-0.958754208754208137,0.000000000000000000,63.343000000000003524
-0.961279461279460290,0.000000000000000000,63.430999999999997385
-0.962401795735128740,0.000000000000000000,63.548999999999999488
-0.959876543209872590,0.000000000000000000,63.600999999999999091
-0.907547699214367176,0.000000000000000000,63.734999999999999432
-0.843574635241301829,0.000000000000000000,63.825000000000002842
-0.806257014590349819,0.000000000000000000,63.942000000000000171
-0.758978675645344603,0.000000000000000000,64.022000000000005571
-0.666526374859707782,0.000000000000000000,64.152000000000001023
-0.567620650953982953,0.000000000000000000,64.242999999999994998
-0.495791245791244117,1.000000000000000000,64.362999999999999545
-0.412738496071827998,1.000000000000000000,64.417000000000001592
-0.286195286195285115,1.000000000000000000,64.543000000000006366
-0.151936026936024038,1.000000000000000000,64.632999999999995566
-0.050925925925923821,1.000000000000000000,64.746999999999999886
0.006172839506174865,1.000000000000000000,64.837999999999993861
0.059062850729520555,1.000000000000000000,64.956999999999993634
0.183641975308643568,1.000000000000000000,65.022000000000005571
0.308922558922558377,1.000000000000000000,65.138000000000005230
0.359988776655441933,1.000000000000000000,65.231999999999999318
0.412738496071826111,1.000000000000000000,65.352999999999994429
0.535493827160492764,1.000000000000000000,65.436000000000007049
0.654040404040402645,1.000000000000000000,65.563000000000002387
0.671997755331086744,1.000000000000000000,65.650000000000005684
0.709736251402917517,1.000000000000000000,65.772999999999996135
0.778619528619529655,1.000000000000000000,65.823999999999998067
0.812850729517395232,1.000000000000000000,65.950000000000002842
0.846801346801345778,1.000000000000000000,66.034000000000006025
0.832912457912454940,1.000000000000000000,66.155000000000001137
0.803310886644218902,1.000000000000000000,66.254999999999995453
0.801487093153756547,-1.000000000000000000,66.373999999999995225
0.792789001122331527,-1.000000000000000000,66.421000000000006480
0.743125701459035781,-1.000000000000000000,66.546999999999997044
0.686728395061727115,-1.000000000000000000,66.637000000000000455
0.684483726150391991,-1.000000000000000000,66.760000000000005116
0.685044893378226272,-1.000000000000000000,66.855999999999994543
0.680976430976430791,-1.000000000000000000,66.969999999999998863
0.704124579124578931,-1.000000000000000000,67.058999999999997499
0.693462401795734040,-1.000000000000000000,67.180999999999997385
0.684904601571268756,-1.000000000000000000,67.227999999999994429
0.710858585858586078,-1.000000000000000000,67.361000000000004206
0.729797979797981222,-1.000000000000000000,67.444000000000002615
0.703142536475870106,-1.000000000000000000,67.570999999999997954
0.664281705948374768,-1.000000000000000000,67.656000000000005912
0.654461279461279188,-1.000000000000000000,67.786000000000001364
0.641414141414141659,-1.000000000000000000,67.831999999999993634
0.592312008978676197,-1.000000000000000000,67.959999999999993747
0.505611672278341473,-1.000000000000000000,68.036000000000001364
0.416806958473625366,-1.000000000000000000,68.162000000000006139
0.350729517396184631,-1.000000000000000000,68.248000000000004661
0.278900112233445796,-1.000000000000000000,68.379999999999995453
0.208333333333330817,-1.000000000000000000,68.468000000000003524
0.139309764309763384,-1.000000000000000000,68.590000000000003411
0.108164983164982020,-1.000000000000000000,68.650999999999996248
0.044191919191916673,-1.000000000000000000,68.759000000000000341
-0.053731762065097111,-1.000000000000000000,68.855000000000003979
-0.117564534231198836,-1.000000000000000000,68.977000000000003865
-0.182519640852975118,-1.000000000000000000,69.063000000000002387
-0.209595959595959003,-1.000000000000000000,69.188000000000002387
-0.238075196408530587,-1.000000000000000000,69.239000000000004320
-0.300364758698093093,-1.000000000000000000,69.367999999999994998
-0.359988776655443821,-1.000000000000000000,69.469999999999998863
-0.452160493827161614,-1.000000000000000000,69.575000000000002842
-0.539141414141415476,-1.000000000000000000,69.670000000000001705
-0.620791245791247892,-1.000000000000000000,69.778000000000005798
-0.662457912457912412,-1.000000000000000000,69.867999999999994998
-0.699354657687993875,-1.000000000000000000,70.001000000000004775
-0.764590347923683189,-1.000000000000000000,70.058000000000006935
-0.825617283950617620,-1.000000000000000000,70.183999999999997499
-0.882295173961841650,0.000000000000000000,70.268000000000000682
-0.934483726150391547,0.000000000000000000,70.379999999999995453
-0.948232323232324759,0.000000000000000000,70.483999999999994657
-0.958473625140288998,0.000000000000000000,70.594999999999998863
-0.965628507295170802,0.000000000000000000,70.668999999999996930
-0.972362514029181835,0.000000000000000000,70.777000000000001023
-0.978395061728391080,0.000000000000000000,70.873999999999995225
-0.981200897867562372,0.000000000000000000,70.989000000000004320
-0.984708193041523461,0.000000000000000000,71.078000000000002956
-0.987233445566775614,0.000000000000000000,71.195999999999997954
-0.988355780022444175,0.000000000000000000,71.293999999999996930
-0.989197530864197594,0.000000000000000000,71.405000000000001137
-0.987514029180694752,0.000000000000000000,71.466999999999998749
-0.981621773288441135,0.000000000000000000,71.585999999999998522
-0.971801346801343557,0.000000000000000000,71.683999999999997499
-0.919612794612789664,0.000000000000000000,71.799000000000006594
-0.858866442199774371,0.000000000000000000,71.891999999999995907
-0.792648709315376010,0.000000000000000000,72.003000000000000114
-0.755050505050504750,0.000000000000000000,72.055000000000006821
-0.707772166105499645,1.000000000000000000,72.182000000000002160
-0.615881032547699103,1.000000000000000000,72.272999999999996135
-0.513608305274972698,1.000000000000000000,72.403000000000005798
-0.437991021324353635,1.000000000000000000,72.486999999999994770
-0.354377104377105345,1.000000000000000000,72.614999999999994884
-0.229096520763188427,1.000000000000000000,72.697000000000002728
-0.100028058361391281,1.000000000000000000,72.823999999999998067
-0.042929292929292706,1.000000000000000000,72.879999999999995453
0.013047138047137530,1.000000000000000000,73.000000000000000000
0.106481481481481177,1.000000000000000000,73.090999999999993975
0.234287317620648361,1.000000000000000000,73.212999999999993861
0.360409652076316478,1.000000000000000000,73.289000000000001478
0.412317620650953343,1.000000000000000000,73.418999999999996930
0.461279461279459291,1.000000000000000000,73.475999999999999091
0.542648709315374456,1.000000000000000000,73.600999999999999091
0.655583613916943753,1.000000000000000000,73.692999999999997840
0.725729517396181967,1.000000000000000000,73.813000000000002387
0.791245791245788421,1.000000000000000000,73.903000000000005798
0.892255892255890748,1.000000000000000000,74.034999999999996589
0.956088664421996359,1.000000000000000000,74.111000000000004206
0.981481481481479623,1.000000000000000000,74.233999999999994657
1.000000000000000000,1.000000000000000000,74.280000000000001137
1.000000000000000000,1.000000000000000000,74.400000000000005684
1.000000000000000000,1.000000000000000000,74.501000000000004775
1.000000000000000000,1.000000000000000000,74.623999999999995225
1.000000000000000000,1.000000000000000000,74.707999999999998408
1.000000000000000000,2.000000000000000000,74.829999999999998295
1.000000000000000000,2.000000000000000000,74.888000000000005230
0.988823494441473105,2.000000000000000000,75.010000000000005116
0.966232685333809016,2.000000000000000000,75.093999999999994088
0.992271565305272496,2.000000000000000000,75.222999999999998977
1.000000000000000000,2.000000000000000000,75.307000000000002160
0.969772403982930076,2.000000000000000000,75.430000000000006821
0.925082977714557053,2.000000000000000000,75.512000000000000455
0.869132290184923217,-1.000000000000000000,75.647999999999996135
0.770270270270271729,-1.000000000000000000,75.688999999999992951
0.662162162162161172,-1.000000000000000000,75.808999999999997499
0.578473210052157905,-1.000000000000000000,75.905000000000001137
0.492294926505452368,-1.000000000000000000,76.033000000000001251
0.435395922238029254,-1.000000000000000000,76.117999999999994998
0.347439544807966350,-1.000000000000000000,76.240999999999999659
0.232574679943103879,-1.000000000000000000,76.301000000000001933
0.148767188240875869,-1.000000000000000000,76.412000000000006139
0.100995732574683750,-1.000000000000000000,76.501999999999995339
0.059269796111901751,-1.000000000000000000,76.626000000000004775
-0.042081555239448565,-1.000000000000000000,76.709999999999993747
-0.109767662399240629,-1.000000000000000000,76.835999999999998522
-0.175320056899002985,-1.000000000000000000,76.920000000000001705
-0.236486486486484293,-1.000000000000000000,77.046000000000006480
-0.294215267899477273,-1.000000000000000000,77.111000000000004206
-0.347913703176860101,-1.000000000000000000,77.227999999999994429
-0.368776671408249435,-1.000000000000000000,77.317999999999997840
-0.388217164532952075,-1.000000000000000000,77.433999999999997499
-0.463015647226171945,-1.000000000000000000,77.519999999999996021
-0.535798956851586627,-1.000000000000000000,77.644000000000005457
-0.605855855855854775,-1.000000000000000000,77.710999999999998522
-0.640943575154099499,-1.000000000000000000,77.828000000000002956
-0.672712185870078860,-1.000000000000000000,77.924999999999997158
-0.700331910858225104,0.000000000000000000,78.040999999999996817
-0.755689900426742223,0.000000000000000000,78.134000000000000341
-0.809388335704123385,0.000000000000000000,78.236000000000004206
-0.860834518729254983,0.000000000000000000,78.341999999999998749
-0.908250355618772987,0.000000000000000000,78.454999999999998295
-0.954599336178281965,0.000000000000000000,78.519999999999996021
-0.967757230915125000,0.000000000000000000,78.646000000000000796
-0.978899952584161293,0.000000000000000000,78.733999999999994657
-0.988383119962068291,0.000000000000000000,78.852999999999994429
-0.995258416311048166,0.000000000000000000,78.941000000000002501
-0.999525841631104472,0.000000000000000000,79.043999999999996930
-0.973802750118535343,0.000000000000000000,79.117000000000004434
-0.947605500237077347,0.000000000000000000,79.239999999999994884
-0.950213371266001028,0.000000000000000000,79.332999999999998408
-0.923304883831198131,0.000000000000000000,79.456999999999993634
-0.895922238027499596,0.000000000000000000,79.543999999999996930
-0.866998577524889957,0.000000000000000000,79.659999999999996589
-0.838193456614508281,0.000000000000000000,79.748000000000004661
-0.838430535798954324,0.000000000000000000,79.870999999999995111
-0.838549075391179066,0.000000000000000000,79.924000000000006594
-0.838786154575625220,0.000000000000000000,80.043000000000006366
-0.839615931721194864,0.000000000000000000,80.146000000000000796
-0.869250829777146183,0.000000000000000000,80.263000000000005230
-0.897581792318632221,0.000000000000000000,80.350999999999999091
-0.894025604551917596,0.000000000000000000,80.466999999999998749
-0.915244191559981046,0.000000000000000000,80.536000000000001364
-0.898530109056423276,0.000000000000000000,80.653999999999996362
-0.873281175912753005,0.000000000000000000,80.748000000000004661
-0.872095779990515907,0.000000000000000000,80.864999999999994884
-0.833333333333331816,0.000000000000000000,80.950000000000002842
-0.755689900426742223,0.000000000000000000,81.078999999999993520
-0.672119487908960367,1.000000000000000000,81.162000000000006139
-0.610478899952581866,1.000000000000000000,81.280000000000001137
-0.539947842579421633,1.000000000000000000,81.337999999999993861
-0.433499288762445367,1.000000000000000000,81.459000000000003183
-0.323494547178756142,1.000000000000000000,81.543999999999996930
-0.211119013750590945,1.000000000000000000,81.679000000000002046
-0.162517780938832401,1.000000000000000000,81.751000000000004775
-0.117946894262682456,1.000000000000000000,81.881000000000000227
-0.045400663821715481,1.000000000000000000,81.932000000000002160
0.053579895685158974,1.000000000000000000,82.055999999999997385
0.114153627311523342,1.000000000000000000,82.153000000000005798
0.172119487908962476,1.000000000000000000,82.272000000000005571
0.256045519203415006,1.000000000000000000,82.361999999999994770
0.334044570886677272,1.000000000000000000,82.480000000000003979
0.348862019914652821,1.000000000000000000,82.573999999999998067
0.362494073020389607,1.000000000000000000,82.697999999999993292
0.374466571834992212,1.000000000000000000,82.740999999999999659
0.414888572783310705,1.000000000000000000,82.871999999999999886
0.483878615457562944,1.000000000000000000,82.954999999999998295
0.552157420578475389,1.000000000000000000,83.079999999999998295
0.590682788051211771,1.000000000000000000,83.168000000000006366
0.630630630630632849,1.000000000000000000,83.287000000000006139
0.667852062588905726,1.000000000000000000,83.346000000000003638
0.703888098624943170,1.000000000000000000,83.457999999999998408
0.709340919867236464,1.000000000000000000,83.551000000000001933
0.742887624466573415,1.000000000000000000,83.680999999999997385
0.771574205784731904,1.000000000000000000,83.769000000000005457
0.792437174016121126,1.000000000000000000,83.884000000000000341
0.835941204362257162,1.000000000000000000,83.972999999999998977
0.840445708866761176,1.000000000000000000,84.093999999999994088
0.804765291607396183,1.000000000000000000,84.150000000000005684
0.756875296348979321,1.000000000000000000,84.275000000000005684
0.728544333807493283,-1.000000000000000000,84.359999999999999432
0.689663347558084450,-1.000000000000000000,84.481999999999999318
0.607633949739213808,-1.000000000000000000,84.575000000000002842
0.546823138928403285,-1.000000000000000000,84.707999999999998408
0.506756756756757243,-1.000000000000000000,84.768000000000000682
0.462422949265053340,-1.000000000000000000,84.873000000000004661
0.416785206258889263,-1.000000000000000000,84.969999999999998863
0.309625414888573092,-1.000000000000000000,85.081000000000003070
0.204836415362732893,-1.000000000000000000,85.173000000000001819
0.131460407776198052,-1.000000000000000000,85.289000000000001478
0.091156946420105855,-1.000000000000000000,85.381000000000000227
0.025486012328118868,-1.000000000000000000,85.498000000000004661
-0.033546704599334287,-1.000000000000000000,85.572999999999993292
-0.057373162636317976,-1.000000000000000000,85.680999999999997385
-0.110004741583686783,-1.000000000000000000,85.781999999999996476
-0.189307728781412332,-1.000000000000000000,85.887000000000000455
-0.267188240872449634,-1.000000000000000000,85.992999999999994998
-0.344357515410147141,-1.000000000000000000,86.102999999999994429
-0.358463726884779454,-1.000000000000000000,86.168999999999996930
-0.371266002844950038,-1.000000000000000000,86.293000000000006366
-0.380986249407301414,-1.000000000000000000,86.379999999999995453
-0.418444760550021999,-1.000000000000000000,86.500000000000000000
-0.452702702702702076,-1.000000000000000000,86.590999999999993975
-0.487553342816500646,-1.000000000000000000,86.703999999999993520
-0.549905168326220828,-1.000000000000000000,86.805000000000006821
-0.578473210052156350,-1.000000000000000000,86.909999999999996589
-0.605381697486960912,-1.000000000000000000,86.977000000000003865
-0.629445234708392420,-1.000000000000000000,87.099000000000003752
-0.651137980085348067,-1.000000000000000000,87.180000000000006821
-0.700450450450449846,-1.000000000000000000,87.310000000000002274
-0.747155049786629610,-1.000000000000000000,87.406999999999996476
-0.791607396870553259,-1.000000000000000000,87.525000000000005684
-0.835111427216692515,-1.000000000000000000,87.569999999999993179
-0.878259838786154212,0.000000000000000000,87.703999999999993520
-0.917496443812233942,0.000000000000000000,87.793999999999996930
-0.925912754860121701,0.000000000000000000,87.918000000000006366
-0.933025130393547730,0.000000000000000000,88.006000000000000227
-0.938833570412515361,0.000000000000000000,88.125000000000000000
-0.943930772878137869,0.000000000000000000,88.171000000000006480
-0.947961119013748132,0.000000000000000000,88.335999999999998522
-0.951161688003788641,0.000000000000000000,88.387000000000000455
-0.955310573731623647,0.000000000000000000,88.513999999999995794
-0.959459459459458541,0.000000000000000000,88.603999999999999204
-0.961711711711711437,0.000000000000000000,88.725999999999999091
-0.965030820293976688,0.000000000000000000,88.811999999999997613
-0.967401612138454214,0.000000000000000000,88.933999999999997499
-0.968349928876245269,0.000000000000000000,88.986000000000004206
-0.969061166429586840,0.000000000000000000,89.111000000000004206
-0.969179706021808252,0.000000000000000000,89.203999999999993520
-0.968587008060691312,0.000000000000000000,89.316999999999993065
-0.969061166429586840,0.000000000000000000,89.414000000000001478
-0.970246562351823938,0.000000000000000000,89.534000000000006025
-0.970246562351823938,0.000000000000000000,89.579999999999998295
-0.971194879089614993,0.000000000000000000,89.731999999999999318
-0.972380275011852091,0.000000000000000000,89.798000000000001819
-0.972498814604076833,0.000000000000000000,89.920000000000001705
-0.973210052157418404,0.000000000000000000,90.013000000000005230
-0.972617354196298134,0.000000000000000000,90.129999999999995453
-0.971313418681839735,0.000000000000000000,90.222999999999998977
-0.963489805595068693,0.000000000000000000,90.343999999999994088
-0.916311047889993402,0.000000000000000000,90.391999999999995907
-0.860004741583688670,0.000000000000000000,90.524000000000000909
-0.826813655761022614,0.000000000000000000,90.608999999999994657
-0.786865813181601426,0.000000000000000000,90.718000000000003524
-0.709577999051682617,0.000000000000000000,90.808999999999997499
-0.626126126126123728,0.000000000000000000,90.930999999999997385
-0.566856330014224641,0.000000000000000000,90.990999999999999659
-0.499762920815552625,1.000000000000000000,91.150999999999996248
-0.396159317211947859,1.000000000000000000,91.203999999999993520
-0.288288288288288341,1.000000000000000000,91.331000000000003070
-0.180891417733522797,1.000000000000000000,91.421000000000006480
-0.138098624940730108,1.000000000000000000,91.542000000000001592
-0.098269321953533662,1.000000000000000000,91.623999999999995225
-0.029397818871501058,1.000000000000000000,91.751999999999995339
0.069582740635375062,1.000000000000000000,91.802999999999997272
0.135609293504032946,1.000000000000000000,91.921999999999997044
0.198909435751543962,1.000000000000000000,92.012000000000000455
0.261261261261262367,1.000000000000000000,92.138000000000005230
0.319938359412043072,1.000000000000000000,92.224000000000003752
0.343172119487910043,1.000000000000000000,92.349000000000003752
0.364714251837801706,1.000000000000000000,92.415999999999996817
0.414749822148447800,1.000000000000000000,92.560000000000002274
0.492530234764052555,1.000000000000000000,92.623999999999995225
0.567702157932181262,1.000000000000000000,92.731999999999999318
0.639198482333414253,1.000000000000000000,92.823999999999998067
0.675717334598057384,1.000000000000000000,92.947999999999993292
0.709627697415226022,1.000000000000000000,93.034000000000006025
0.711761916054068466,1.000000000000000000,93.152000000000001023
0.740692435380604142,1.000000000000000000,93.216999999999998749
0.764880246620821103,2.000000000000000000,93.343999999999994088
0.815034384633625875,2.000000000000000000,93.429000000000002046
0.858074460516958570,2.000000000000000000,93.540999999999996817
0.863291439411907779,2.000000000000000000,93.646000000000000796
0.860564382262274385,2.000000000000000000,93.753000000000000114
0.818354280294050218,2.000000000000000000,93.820999999999997954
0.765354517429454706,2.000000000000000000,93.938999999999992951
0.730732748399338217,2.000000000000000000,94.030000000000001137
0.687455537111692605,2.000000000000000000,94.153000000000005798
0.635522883566516761,-1.000000000000000000,94.248000000000004661
0.576831870998340435,-1.000000000000000000,94.353999999999999204
0.543514346691960970,-1.000000000000000000,94.451999999999998181
0.476286459568413090,-1.000000000000000000,94.560000000000002274
0.406568650699549394,-1.000000000000000000,94.632999999999995566
0.304600426843727456,-1.000000000000000000,94.751999999999995339
0.202157932179275246,-1.000000000000000000,94.834999999999993747
0.132202987906093972,-1.000000000000000000,94.971999999999994202
0.095565567939293494,-1.000000000000000000,95.055999999999997385
0.034147498221483774,-1.000000000000000000,95.174999999999997158
-0.023239269622953751,-1.000000000000000000,95.222999999999998977
-0.079440360445812819,-1.000000000000000000,95.352000000000003865
-0.134337206544936305,-1.000000000000000000,95.435000000000002274
-0.218994545885700664,-1.000000000000000000,95.563000000000002387
-0.301043395778988865,-1.000000000000000000,95.646000000000000796
-0.350011856770213625,-1.000000000000000000,95.772000000000005571
-0.364832819539953834,-1.000000000000000000,95.867000000000004434
-0.379298079203222449,-1.000000000000000000,95.981999999999999318
-0.391866255631962979,-1.000000000000000000,96.030000000000001137
-0.430756461939764579,-1.000000000000000000,96.164000000000001478
-0.468105288119514573,-1.000000000000000000,96.248999999999995225
-0.533673227412852169,-1.000000000000000000,96.370999999999995111
-0.565923642399808635,-1.000000000000000000,96.459000000000003183
-0.595565567939293938,-1.000000000000000000,96.587999999999993861
-0.621650462414037430,-1.000000000000000000,96.629999999999995453
-0.644771164334834834,-1.000000000000000000,96.765000000000000568
-0.698008062603744595,-1.000000000000000000,96.849000000000003752
-0.750414986957552377,-1.000000000000000000,96.972999999999998977
-0.798434906331513039,-1.000000000000000000,97.057000000000002160
-0.844676310173111289,-1.000000000000000000,97.186000000000007049
-0.889257766184492260,-1.000000000000000000,97.269999999999996021
-0.931586435854871886,0.000000000000000000,97.396000000000000796
-0.942138961346928760,0.000000000000000000,97.438999999999992951
-0.950082997391511141,0.000000000000000000,97.570999999999997954
-0.956485653308038586,0.000000000000000000,97.662000000000006139
-0.962888309224566030,0.000000000000000000,97.780000000000001137
-0.969409532843252264,0.000000000000000000,97.870999999999995111
-0.973796537823096053,0.000000000000000000,97.992999999999994998
-0.977353568887834645,0.000000000000000000,98.052000000000006708
-0.980792032250414336,0.000000000000000000,98.173000000000001819
-0.983519089400047730,0.000000000000000000,98.265000000000000568
-0.986246146549677682,0.000000000000000000,98.376999999999995339
-0.987906094379888189,0.000000000000000000,98.471999999999994202
-0.990514583827362682,0.000000000000000000,98.587000000000003297
-0.993360208679151535,0.000000000000000000,98.683999999999997499
-0.995731562722311669,0.000000000000000000,98.802999999999997272
-0.998458619871945063,0.000000000000000000,98.852000000000003865
-0.999999999999996669,0.000000000000000000,98.980000000000003979
-1.000000000000000000,0.000000000000000000,99.072000000000002728
-1.000000000000000000,0.000000000000000000,99.186999999999997613
-1.000000000000000000,0.000000000000000000,99.274000000000000909
-1.000000000000000000,0.000000000000000000,99.397000000000005571
-1.000000000000000000,0.000000000000000000,99.451999999999998181
-1.000000000000000000,0.000000000000000000,99.575000000000002842
-0.971041900596888663,0.000000000000000000,99.668999999999996930
-0.971987471189647234,0.000000000000000000,99.784000000000006025
-0.973878612375154162,0.000000000000000000,99.871999999999999886
-0.973996808699249428,0.000000000000000000,100.001000000000004775
-0.973878612375154162,0.000000000000000000,100.081999999999993634
-0.973169434430589453,0.000000000000000000,100.209000000000003183
-0.971396489569174348,0.000000000000000000,100.275000000000005684
-0.967614207198160381,0.000000000000000000,100.391999999999995907
-0.957567519650142529,0.000000000000000000,100.474999999999994316
-0.909343419419658683,0.000000000000000000,100.596999999999994202
-0.851781809585725025,0.000000000000000000,100.682000000000002160
-0.845399208084629317,0.000000000000000000,100.799000000000006594
-0.769398971691983125,0.000000000000000000,100.864999999999994884
-0.685597777909108475,0.000000000000000000,100.983999999999994657
-0.621771762898176039,0.000000000000000000,101.070999999999997954
-0.549553808876545591,1.000000000000000000,101.194000000000002615
-0.437858282607411664,1.000000000000000000,101.293999999999996930
-0.319661958513090094,1.000000000000000000,101.406999999999996476
-0.232196678683293301,1.000000000000000000,101.487999999999999545
-0.145558773122156482,1.000000000000000000,101.612999999999999545
-0.091424856686957878,1.000000000000000000,101.668999999999996930
-0.007505466579989628,1.000000000000000000,101.810000000000002274
0.105372022930088294,1.000000000000000000,101.894000000000005457
0.155960049642458465,1.000000000000000000,101.996999999999999886
0.204302346197032358,1.000000000000000000,102.105000000000003979
0.274747355357251033,1.000000000000000000,102.212000000000003297
0.367649666095385186,1.000000000000000000,102.283000000000001251
0.422256367826963075,1.000000000000000000,102.400999999999996248
0.469180308492407550,1.000000000000000000,102.495000000000004547
0.544234974292300278,1.000000000000000000,102.611999999999994770
0.613616216535666892,1.000000000000000000,102.700000000000002842
0.645883813013412800,1.000000000000000000,102.823999999999998067
0.638673837243662224,1.000000000000000000,102.918000000000006366
0.623781100407776679,1.000000000000000000,103.024000000000000909
0.628863542343831350,1.000000000000000000,103.084999999999993747
0.625790437917380427,1.000000000000000000,103.212999999999993861
0.615034572424796311,1.000000000000000000,103.299000000000006594
0.594823001004668672,1.000000000000000000,103.414000000000001478
0.563973760416050185,1.000000000000000000,103.507999999999995566
0.494001536552212572,1.000000000000000000,103.629999999999995453
0.445068258377163906,-1.000000000000000000,103.691999999999993065
0.389397789728739063,-1.000000000000000000,103.813000000000002387
0.327581112227410376,-1.000000000000000000,103.900999999999996248
0.259263636900890937,-1.000000000000000000,104.027000000000001023
0.187163879203357419,-1.000000000000000000,104.109999999999999432
0.142367472371608628,-1.000000000000000000,104.237999999999999545
0.094497961113408691,-1.000000000000000000,104.325999999999993406
0.015542816618401956,-1.000000000000000000,104.447000000000002728
-0.093906979492937692,-1.000000000000000000,104.496999999999999886
-0.170616393830151813,-1.000000000000000000,104.621999999999999886
-0.214467230069145476,-1.000000000000000000,104.697999999999993292
-0.283493883340228070,-1.000000000000000000,104.826999999999998181
-0.381596832338515601,-1.000000000000000000,104.923000000000001819
-0.446486614266296766,-1.000000000000000000,105.043999999999996930
-0.506766739554400658,-1.000000000000000000,105.096999999999994202
-0.565392116305181380,-1.000000000000000000,105.218000000000003524
-0.650020684356714229,-1.000000000000000000,105.313000000000002387
-0.730394184740853936,-1.000000000000000000,105.427999999999997272
-0.775190591572602727,-1.000000000000000000,105.521000000000000796
-0.811831452041840707,-1.000000000000000000,105.641000000000005343
-0.870338632468529494,-1.000000000000000000,105.730000000000003979
-0.894568878907864962,-1.000000000000000000,105.853999999999999204
-0.914898646652091196,-1.000000000000000000,105.906000000000005912
-0.927900242302466483,0.000000000000000000,106.028999999999996362
-0.906743100289580273,0.000000000000000000,106.117999999999994998
-0.912771112818390296,0.000000000000000000,106.240999999999999659
-0.916553395189411035,0.000000000000000000,106.328000000000002956
-0.919153714319486115,0.000000000000000000,106.451999999999998181
-0.917498965782166165,0.000000000000000000,106.500000000000000000
-0.913834879735240690,0.000000000000000000,106.629000000000004889
-0.910879971632883367,0.000000000000000000,106.716999999999998749
-0.909698008391937707,0.000000000000000000,106.834999999999993747
-0.937474144554103384,0.000000000000000000,106.927000000000006708
-0.966432243957214721,0.000000000000000000,107.052999999999997272
-0.966668636605401810,0.000000000000000000,107.134000000000000341
-0.967141421901782761,0.000000000000000000,107.254000000000004889
-0.938537911470953778,0.000000000000000000,107.311000000000007049
-0.909225223095563417,0.000000000000000000,107.435000000000002274
-0.881212694285207321,0.000000000000000000,107.519999999999996021
-0.856509662549494233,0.000000000000000000,107.653999999999996362
-0.833106790378818740,0.000000000000000000,107.730999999999994543
-0.810767685124990312,0.000000000000000000,107.861000000000004206
-0.787364812954318039,0.000000000000000000,107.921999999999997044
-0.763607351811360191,0.000000000000000000,108.028999999999996362
-0.738904320075643772,0.000000000000000000,108.126000000000004775
-0.712782932450801376,0.000000000000000000,108.250000000000000000
-0.716328822173631585,0.000000000000000000,108.329999999999998295
-0.719992908220553729,0.000000000000000000,108.456999999999993634
-0.724247975887952089,0.000000000000000000,108.537000000000006139
-0.727912061934877563,0.000000000000000000,108.668999999999996930
-0.730394184740853936,0.000000000000000000,108.736999999999994770
-0.732994503870932346,0.000000000000000000,108.846999999999994202
-0.734058270787779410,0.000000000000000000,108.948999999999998067
-0.735476626676912160,0.000000000000000000,109.048000000000001819
-0.735240234028721629,0.000000000000000000,109.138999999999995794
-0.735949411973286338,0.000000000000000000,109.259000000000000341
-0.737367767862419199,0.000000000000000000,109.322000000000002728
-0.738786123751551949,0.000000000000000000,109.441000000000002501
-0.739377105372024834,0.000000000000000000,109.542000000000001592
-0.737604160510606288,0.000000000000000000,109.655000000000001137
-0.761834406949945087,0.000000000000000000,109.760000000000005116
-0.779445659239997646,0.000000000000000000,109.864999999999994884
-0.758406713551210143,0.000000000000000000,109.957999999999998408
-0.730157792092666846,0.000000000000000000,110.079999999999998295
-0.723302405295196849,0.000000000000000000,110.141999999999995907
-0.709000650079784078,0.000000000000000000,110.257999999999995566
-0.655930500561430763,0.000000000000000000,110.352000000000003865
-0.593641037763722901,1.000000000000000000,110.477000000000003865
-0.555936410377634527,1.000000000000000000,110.563999999999992951
-0.511849181490452221,1.000000000000000000,110.671000000000006480
-0.465398026121383479,1.000000000000000000,110.736000000000004206
-0.355239052065477567,1.000000000000000000,110.864000000000004320
-0.244961881685478056,1.000000000000000000,110.948999999999998067
-0.198510726316411090,1.000000000000000000,111.075999999999993406
-0.155014479049701448,1.000000000000000000,111.159999999999996589
-0.086578807399090074,1.000000000000000000,111.284999999999996589
-0.023343774008628748,1.000000000000000000,111.370999999999995111
0.002895809940312244,1.000000000000000000,111.490999999999999659
0.021452632823120155,1.000000000000000000,111.546999999999997044
0.096507298623012661,1.000000000000000000,111.676000000000001933
0.167425093079603959,1.000000000000000000,111.754999999999995453
0.235742568406123620,1.000000000000000000,111.884000000000000341
0.268246557532061836,1.000000000000000000,111.975999999999999091
0.296377282666509867,1.000000000000000000,112.087999999999993861
0.352520536611313995,1.000000000000000000,112.156000000000005912
0.406181667750135089,1.000000000000000000,112.271000000000000796
0.456178712842030709,1.000000000000000000,112.361000000000004206
0.503220849831572226,1.000000000000000000,112.486000000000004206
0.521304887418000629,1.000000000000000000,112.573999999999998067
0.540570888245374803,1.000000000000000000,112.697000000000002728
0.528633059511848247,1.000000000000000000,112.781000000000005912
0.514331304296437031,1.000000000000000000,112.903000000000005798
0.498611193191891511,1.000000000000000000,112.959000000000003183
0.503660146405855658,1.000000000000000000,113.069999999999993179
0.515010129535269590,1.000000000000000000,113.170000000000001705
0.563254725927798905,1.000000000000000000,113.293999999999996930
0.566590563165904504,1.000000000000000000,113.382999999999995566
0.559741248097412214,-1.000000000000000000,113.498999999999995225
0.545915778792490203,-1.000000000000000000,113.555999999999997385
0.520547945205478202,-1.000000000000000000,113.688999999999992951
0.515347539320140324,-1.000000000000000000,113.771000000000000796
0.500634195839672946,-1.000000000000000000,113.891000000000005343
0.446347031963469032,-1.000000000000000000,113.977999999999994429
0.386225266362250519,-1.000000000000000000,114.090000000000003411
0.321029934043631560,-1.000000000000000000,114.183000000000006935
0.286022323693554625,-1.000000000000000000,114.313000000000002387
0.214485032978182444,-1.000000000000000000,114.362999999999999545
0.139903602232368529,-1.000000000000000000,114.480999999999994543
0.032343987823438169,-1.000000000000000000,114.573999999999998067
-0.072425164890919103,-1.000000000000000000,114.700999999999993406
-0.140537798072045250,-1.000000000000000000,114.799999999999997158
-0.236047691527145442,-1.000000000000000000,114.906999999999996476
-0.294013191273465702,-1.000000000000000000,114.965000000000003411
-0.318493150684932447,-1.000000000000000000,115.091999999999998749
-0.341324200913243225,-1.000000000000000000,115.168000000000006366
-0.394723490613902106,-1.000000000000000000,115.290999999999996817
-0.478183663115170354,-1.000000000000000000,115.384000000000000341
-0.556950786402842790,-1.000000000000000000,115.510999999999995680
-0.630644342973111449,-1.000000000000000000,115.596000000000003638
-0.669837645865043685,-1.000000000000000000,115.722999999999998977
-0.707128361237951530,-1.000000000000000000,115.778999999999996362
-0.739979705733130211,-1.000000000000000000,115.893000000000000682
-0.770928462709286388,-1.000000000000000000,115.983000000000004093
-0.830542871638764391,-1.000000000000000000,116.094999999999998863
-0.885464231354645026,-1.000000000000000000,116.194999999999993179
-0.937468290208018251,-1.000000000000000000,116.322000000000002728
-0.953069507864032328,-1.000000000000000000,116.384000000000000341
-0.965246067985795042,-1.000000000000000000,116.490999999999999659
-0.944824961948250941,0.000000000000000000,116.587000000000003297
-0.924023338406902428,0.000000000000000000,116.703000000000002956
-0.900050735667174417,0.000000000000000000,116.790999999999996817
-0.875570776255709449,0.000000000000000000,116.912999999999996703
-0.849695585996955272,0.000000000000000000,117.001000000000004775
-0.821790969051242493,0.000000000000000000,117.123000000000004661
-0.793886352105529713,0.000000000000000000,117.188000000000002387
-0.763825469304925786,0.000000000000000000,117.302999999999997272
-0.732623033992897521,0.000000000000000000,117.403999999999996362
-0.702815829528162128,0.000000000000000000,117.509000000000000341
-0.674403855910708727,0.000000000000000000,117.611999999999994770
-0.676940639269407951,0.000000000000000000,117.716999999999998749
-0.679096905124306205,0.000000000000000000,117.789000000000001478
-0.680618975139527960,0.000000000000000000,117.914000000000001478
-0.681253170979200906,0.000000000000000000,118.010000000000005116
-0.682267884322681928,0.000000000000000000,118.125000000000000000
-0.682267884322681928,0.000000000000000000,118.212999999999993861
-0.684043632673775770,0.000000000000000000,118.331000000000003070
-0.686326737696602907,0.000000000000000000,118.421000000000006480
-0.688990360223238119,0.000000000000000000,118.533000000000001251
-0.691780821917809430,0.000000000000000000,118.605999999999994543
-0.693683409436835596,0.000000000000000000,118.722999999999998977
-0.696347031963470808,0.000000000000000000,118.810000000000002274
-0.699137493658038567,0.000000000000000000,118.930999999999997385
-0.701166920345000833,0.000000000000000000,119.022999999999996135
-0.703830542871639597,0.000000000000000000,119.144000000000005457
-0.706113647894470287,0.000000000000000000,119.195999999999997954
-0.708777270421109162,0.000000000000000000,119.325999999999993406
-0.710045662100458719,0.000000000000000000,119.415000000000006253
-0.712582445459158054,0.000000000000000000,119.536000000000001364
-0.714992389649924731,0.000000000000000000,119.629999999999995453
-0.717148655504819432,0.000000000000000000,119.743999999999999773
-0.719431760527650122,0.000000000000000000,119.831999999999993634
