529071
526451
523329
520779
518013
514519
513455
512491
512525
513687
514052
512820
511921
509986
506320
507661
510210
512501
516982
522743
530006
543793
548630
550880
554821
559277
560628
561840
564665
571660
574124
579585
587144
593373
598548
601947
609972
615548
621242
627425
633322
637628
641367
644743
649043
650560
649729
643468
634334
623931
613258
594489
586286
579854
575294
571391
568144
564796
562269
554343
550060
546923
542749
538013
532724
528578
519163
516806
514836
512668
511164
510431
509868
507710
507494
507439
507428
507699
508307
507708
505523
506997
507316
507879
508589
509131
507080
505911
507084
508094
508633
509661
509348
506898
507210
508166
508857
509379
510149
508835
506778
507833
508365
508814
510061
510536
508268
507078
508267
508397
509053
510460
510467
507752
507332
508341
508542
509242
509681
509867
507363
507913
508615
508829
509405
510126
508796
507229
508274
508345
508918
509483
510364
507512
507541
508361
508421
508969
509444
510407
509208
507830
508125
508528
508983
509577
510106
507780
508137
508270
508961
509696
510860
510501
507866
508176
508875
509443
510021
510878
509212
507237
508160
508793
509224
509824
510053
507523
506839
507816
507764
508898
509872
509146
506823
507618
508296
508700
510527
512403
513028
514384
518394
522591
527619
532865
545857
551455
557812
564198
569401
574597
579966
589092
593007
597663
601283
604371
607256
607595
603181
588313
582293
575623
568952
562796
556363
549300
538859
534064
529497
525443
522000
517648
513858
512425
510033
509230
508941
508959
507225
505582
506431
506880
507314
507873
508633
507613
505501
506163
506862
507817
508223
509132
508544
507100
509249
513191
528948
539350
549105
556755
561859
564252
564190
564482
565239
564377
561992
562076
563253
563405
563390
563306
561260
558990
559788
560808
561148
561712
562582
559703
558192
558898
559276
559946
560596
561097
556691
555998
557160
557774
558340
558641
559056
558460
559940
569615
579141
588071
596419
604200
610358
620558
627085
632217
634994
636854
639644
641098
643140
645061
639259
627699
614191
603284
594335
587846
577788
571476
565664
562290
559182
555224
552699
550010
542439
538363
534739
529654
522957
519495
517264
512816
511545
510883
509091
506623
507004
507659
507713
508516
508885
507477
505280
506044
506720
506867
508037
509022
507939
505980
506931
507471
507853
508374
509507
507960
506288
507401
507662
507879
508202
508823
506582
506005
507103
507152
507567
508013
509112
510819
517705
528432
540040
551044
561658
571881
586883
587666
584946
584580
583513
581105
578919
578392
578119
577812
576861
574590
573476
574171
574138
573332
572062
569527
568723
569380
569924
570424
570646
566929
565770
566908
567576
567878
568097
568522
565589
564982
566537
567326
567761
567560
567661
568280
564550
565655
567419
570011
574791
583845
593141
609203
618773
627941
635567
641814
646669
650432
654763
659366
656740
647300
634756
622320
611500
602793
590047
586201
581656
577384
573661
570578
567185
562174
555630
552007
547541
542881
538672
534418
528185
522009
519815
517722
516212
515586
514793
512012
510539
510964
510952
510861
511036
511424
509528
508047
509446
509731
509879
510186
510799
509300
507014
507688
508424
508780
509383
510451
509330
507125
507928
509025
509485
509953
510868
511626
519303
535413
550714
573829
582162
588121
587545
581541
578948
578019
575134
574341
572184
571239
572356
572850
572596
572277
569222
567296
568003
568614
568692
568845
568870
565268
566068
566998
567385
567319
567068
566214
563591
564942
565350
565674
565934
566481
565838
563662
572960
581065
590494
598423
606315
615382
623642
632531
648603
654435
658015
657600
649817
638512
629082
609542
600967
593384
586240
578841
573314
569433
566079
558322
552599
545713
537917
532845
529179
525484
521469
519735
517341
513946
513169
513081
512406
512004
512064
511034
508418
508355
508633
508627
508819
510060
508893
506472
507097
507724
508144
508800
509433
508188
506302
507274
507648
508314
508767
509513
507957
506982
508059
508448
508993
509348
510204
510081
507719
509637
515107
528865
544330
557302
568986
591837
599685
596976
590101
586393
583694
582280
582700
581160
580383
579560
577669
577425
578152
578138
576986
575276
574051
575110
575660
575568
575494
573528
571698
572500
573546
573830
574105
574559
574745
571416
572661
573420
573993
574642
575375
575036
572840
581378
594035
604669
613796
622805
631224
638902
652287
657893
660545
658346
647909
634249
619870
599887
593767
587591
582130
577070
572257
567373
562585
553959
548556
542672
536692
531147
524926
519068
514115
512376
511248
510394
510174
509937
507545
505999
507232
507682
508088
508692
509959
509700
507259
508452
508829
509518
509726
510392
511339
509595
507771
509021
509371
509774
510210
511197
510938
508232
508874
509109
509555
509714
510561
512288
514855
523206
550985
563690
576500
589760
603573
615469
622116
610712
606633
603609
601026
598410
595919
594329
593670
591856
590813
589851
587763
587094
588359
588518
588948
589151
587444
586112
586883
587531
587563
587469
591875
601171
614028
626711
636628
645047
651557
662113
664443
662458
654808
643691
632061
621459
611906
594409
588080
582759
577256
572318
567770
563862
551562
546678
542650
537232
531426
525661
521178
517759
509441
508761
507825
507091
506468
506418
506846
503267
504227
504741
505284
505879
506442
507475
506583
505008
505532
505741
506167
506527
507390
506896
504893
505700
506044
506642
506964
507923
507729
505115
505840
505959
506337
506589
507483
507003
504766
506100
506478
507211
507790
509281
510265
513945
524523
548152
561317
575721
590247
603877
615029
619403
601845
597927
595650
593136
591913
591157
589967
589154
587092
585677
585878
585986
585746
585411
584118
580563
581048
580850
580287
579949
580100
578905
578621
579846
578220
576136
578041
585585
595381
606237
628944
638557
647141
654980
661685
664400
662394
656970
635764
622872
611486
602107
594174
587134
581847
572874
568467
563856
559164
553413
547407
543220
539461
530901
526368
522416
517967
512524
509993
508692
506416
505835
505992
506825
505536
504361
505066
505123
505677
506367
508126
508482
506440
506695
507278
507575
507664
508341
508692
506663
506175
507061
507196
507841
508516
509111
507328
506413
507265
507402
509119
514333
527510
540796
552924
565858
578629
591497
612607
612790
604778
600139
598300
596545
595173
592590
590583
589978
590098
589503
588704
587506
584651
582115
582756
582970
583250
582834
580743
579633
581429
581919
582243
582198
581711
579262
578484
581483
600988
614344
625614
635455
643868
651138
658035
659524
650007
637262
624718
612920
602104
594087
587935
576252
570971
565984
561042
553898
547246
541425
530287
525499
521874
518898
513858
508766
506636
504113
513448
517108
519912
520915
520679
522957
524849
526535
527393
529128
530630
531861
534727
537672
538662
535683
534793
534021
532397
531403
531090
530900
537416
541577
542715
543028
547080
550012
553656
566146
561625
554120
551847
552449
553121
553134
557093
573799
582765
592838
605403
617246
627114
635403
640353
639928
637277
635109
631459
628737
626504
624217
619841
618373
617569
616891
616319
615201
614013
612602
611170
611267
611599
612276
613117
615142
618167
632961
642917
652193
660434
666441
672298
678377
679960
669350
659082
648579
638182
628433
619833
611724
597815
591419
585269
579114
572784
565544
556875
549040
536988
531860
527399
523751
520583
516029
512560
510442
509336
508925
509405
510571
510269
509263
510521
512212
512961
514244
516259
517118
516942
519938
526478
529449
531021
532045
533692
535495
538460
540183
536514
534222
533236
532401
530259
530196
531615
542029
549403
558945
570241
580295
590525
600438
612939
607598
601102
598424
596998
595836
594452
592983
590241
588745
588010
589302
593004
594967
591884
587870
588087
589626
590288
590235
589245
587495
585914
584911
590099
600782
612716
623251
631993
638346
648897
655750
661737
667005
670376
671618
669236
662339
642780
631634
621568
612472
604280
597146
590380
579649
575065
570380
564986
559241
553971
547658
541007
532708
528805
525459
522607
520584
518666
515359
513518
512930
512495
511933
511747
512148
511080
509194
509707
509727
509690
509809
510607
510799
508621
509247
509364
509666
509527
509670
510316
508995
507630
510358
511256
511833
513241
519800
531650
543839
572697
585770
598090
608799
616090
616281
611457
607002
600545
598947
597511
595918
593777
593094
593192
592248
591668
590706
589769
590536
590347
589468
589739
588978
587294
586056
584746
583589
583366
585355
603181
615899
626902
636434
644555
651275
656537
661096
667566
667591
662918
655287
646144
636398
627222
611177
605370
599119
592631
586337
580503
574822
568266
555749
549633
543443
538121
533653
530518
527199
522990
522587
521812
521208
520773
520969
520831
518653
518379
518366
518608
518428
518567
519218
518270
516563
516981
517293
517556
517836
518907
520143
519307
520990
523415
526398
528064
527715
527846
526635
522975
523476
524150
524530
524490
525042
525128
522535
522254
522714
523178
523683
524659
525752
524621
531772
541971
552009
562816
573477
583150
592155
601815
616395
618445
621119
620213
615772
612229
610064
604478
601678
600182
599122
597290
595262
594360
593884
593855
594663
595341
595852
598668
600318
598028
593488
589942
587062
585001
583581
582555
582141
585588
613235
627092
638381
648898
658084
665288
670590
668142
660940
651343
641050
631820
622939
614795
607082
593656
586161
579137
573512
567280
560220
552791
539362
532853
526485
522446
519451
516730
514543
512868
511136
507430
506178
506827
506789
506829
506648
507287
505476
504981
506094
506407
506814
507079
507593
507076
505708
506614
507115
507641
507925
508358
507931
506321
507311
508000
508767
509549
510778
513909
529004
541207
552869
564335
575170
584917
592716
586945
582630
580282
579094
578393
577318
575540
575385
575565
575694
575920
574772
573097
574312
577166
581832
580587
577319
574562
572919
571471
569844
568460
566774
568869
578613
593160
604182
612844
621033
634307
638802
643384
648179
652192
655589
656812
653446
629813
619636
610767
602597
595474
588528
581753
567697
560983
554849
548210
542267
536706
531887
527813
517809
515883
514228
512615
511127
510180
510091
508053
508789
509097
508965
508921
508855
509522
509298
506744
507277
507379
507600
507756
508544
508948
506624
507652
508231
508973
509540
510660
511574
510534
516844
528250
542497
555913
568756
581109
592795
614814
617218
611735
604667
599673
596190
594434
593854
592535
591875
590846
589351
588980
589031
589024
589851
589819
589294
589730
590236
591496
592471
590491
584730
583408
582609
581959
581283
580683
580148
578147
577546
576796
576253
575564
574453
573269
571789
571201
570569
570321
570977
575792
585860
597330
619466
629229
637666
644980
651313
656059
659658
661731
655919
645479
634195
623617
614018
604670
596469
584331
577832
571056
565135
559997
554610
548934
544390
536145
532770
529999
527975
526177
523480
522372
521806
521505
520996
521012
520842
518751
517834
518040
517873
517382
517480
517838
516290
515196
515984
516509
516443
517085
517565
515706
514549
515135
514574
514488
516830
523179
532114
543803
557698
571532
597434
608439
619219
628138
632710
633060
629092
620308
617662
614819
612743
611712
610718
609706
608523
605519
604297
604250
604157
604121
604248
605581
604970
606263
616495
630675
641271
650415
658238
663643
671685
673376
670762
663358
653590
642868
632762
618281
612229
606533
600362
594966
589756
584614
580173
570854
565561
559994
554149
547399
540750
536367
527957
524928
522872
521661
519732
517278
517231
517228
517062
517239
517774
517369
515503
515464
515735
515414
515351
515950
515530
513390
513536
514421
514630
514874
516953
523192
535945
553548
571119
584386
593382
592186
589259
585818
583881
582227
580901
579824
577329
575060
573997
574321
574059
574191
575451
575558
573508
573196
572870
572269
571853
570674
569061
570641
579739
591524
602817
612186
620264
627007
637107
642290
646763
650130
652569
653432
651985
647240
632663
623237
612940
603171
595580
588861
582737
572565
567241
561768
556172
550484
544558
537684
532373
525155
522513
520277
518946
517978
515544
514185
514186
513867
513422
513469
513890
512599
511209
511905
512206
512056
512042
512761
512357
510497
510767
511458
511627
511596
512269
512262
510282
510607
511666
512301
512218
512700
512791
510808
510731
511970
515281
518976
525210
533225
541625
551741
562270
572537
593351
603418
609485
605454
595399
590194
588790
587467
586790
587385
587810
587556
587346
586933
585695
586446
588317
588863
586371
582933
580356
578558
576489
575722
578608
587383
598618
608759
617979
625963
636418
640261
642316
642075
640969
637920
630578
609214
599926
592268
585350
578954
573475
567832
561855
551366
546736
540652
533696
528884
525626
522682
519235
518988
518180
516026
515853
516388
516689
516426
516195
517457
516618
516980
517774
517741
517317
517927
516903
515070
