559483
558652
555847
553873
551942
551424
559792
564699
567315
570464
575596
581137
582913
583770
577073
567592
559568
553326
548027
544250
543320
541477
543300
539655
534732
534343
533065
532402
530643
531045
538096
546111
553583
561439
567652
573768
583989
588174
591551
594162
594645
587616
576201
559262
553869
550397
546868
543843
540390
536652
534645
533249
532768
531822
529791
530761
531604
532101
535126
541285
551979
558886
565378
569260
573707
577241
583930
586595
583706
575349
567957
557645
549190
535044
528757
527075
526600
526769
529592
526709
527034
528928
533425
542611
555297
566388
578230
589319
608072
616827
624479
631491
640603
653238
664999
674282
691720
699486
707416
711090
708830
704368
700711
695138
690557
685003
679522
673044
665481
657391
649324
630527
620565
609305
597167
587646
579130
570594
559032
554186
550834
548852
546231
543871
541795
538296
537133
537584
538135
538657
537297
536443
537797
537705
537171
534624
533698
535039
535589
536916
537017
532789
533230
534393
535833
533759
530204
530329
529826
528982
526353
526512
529384
530662
531220
530670
529133
535360
543768
553235
562810
571188
578188
591607
597281
602771
607716
612242
617669
623079
627785
637319
641853
646754
652308
656093
655607
649938
637376
634092
632814
632828
633560
632620
631465
630945
633319
633400
634082
634807
634522
632690
630180
631575
631669
631879
631678
631904
632274
630373
630381
631962
631900
631745
631818
630697
627469
627158
628658
629771
631284
632178
630793
627636
627159
628272
628532
628639
628824
627519
625204
626281
628014
628468
629223
629417
628252
625549
625710
627108
627025
626997
627272
626283
623841
624153
625518
625631
625975
626418
626588
624634
624629
625813
625683
625534
625861
625413
621159
615153
607564
599678
593507
588340
577635
569900
563611
558330
552656
547351
542368
535087
530584
528153
527626
526982
526325
526117
526929
524620
524732
525744
526028
526747
527431
528555
526429
526735
527554
528698
535634
550041
566748
582124
610399
622072
630466
636569
642685
649293
654984
667541
672749
677584
681124
680406
676176
671693
671161
665212
660989
658335
656684
654616
653266
652457
652246
651643
650366
649461
647995
648117
649605
650382
651366
651793
651201
648285
646962
648028
648442
649080
649637
649877
647844
645762
646687
647723
648029
648613
649026
648271
645778
645623
647070
647291
647392
647833
647922
645913
643606
644622
645914
646352
646640
647175
647103
644907
644632
646175
646484
646875
647338
647258
645225
644095
645152
645503
645776
646557
646596
644790
642841
643759
644546
644590
644853
644836
643030
641418
642761
643715
643693
643722
643800
641640
640456
642314
643432
643719
644054
644705
642680
642205
643804
644381
644580
644787
645134
642197
642517
643800
643774
643669
643677
643991
634717
626862
619690
613308
607681
602534
597335
591315
581640
577274
572909
568464
563662
559108
555542
551326
548221
546463
545181
543661
541282
541792
552363
586754
601142
611808
618558
624569
632441
641079
656848
663966
668902
670609
673878
676963
677770
672409
649208
637284
634403
636161
639262
642498
645265
644077
644907
646027
646430
647171
647064
647250
646658
642454
643645
643846
644221
644690
644975
644817
640887
642445
643264
643442
643550
643386
643202
642065
640638
642036
642432
642730
642634
642854
642475
639244
641097
641951
642268
642330
642637
642846
641564
640233
641402
641537
641664
641776
642444
642129
639271
640648
640726
640813
640798
640988
640889
638893
638606
639589
639718
639565
639628
640069
639010
636706
638212
638577
638699
638619
638859
638491
636575
630831
621473
613167
606640
601323
596466
590579
580202
575494
570557
565805
561194
557448
553158
549148
542990
539142
536660
535830
535278
533089
534278
557908
572410
585996
598835
610125
619091
627392
635378
650158
656398
660683
664021
668292
672526
675907
669378
658971
651669
648118
644978
643288
643336
642610
644564
645202
645090
644562
644133
642003
640308
641959
642053
642107
641972
641738
639656
638045
639362
640500
640921
641190
641722
641407
638625
637385
639679
640261
640447
640530
640823
639709
637886
638799
640691
640896
640914
641386
640877
638365
638055
639706
639905
640246
640788
640419
638047
637515
638977
640044
640865
643462
643701
634308
619564
608254
590306
583396
577158
571995
565775
559828
553507
541231
529500
531665
534712
535248
540816
552744
568342
601261
613686
624503
634883
644891
653263
660668
667652
678309
681992
684718
682395
674985
668142
662665
654126
652988
652283
652593
652346
650136
648782
650258
650053
649313
648981
647666
647220
648442
648599
647962
647857
647343
645474
645919
647678
648064
648600
648859
648624
646482
645122
646437
647147
647465
648198
648549
647066
644816
645738
646753
647024
647198
647510
646367
644048
644785
646240
646517
646756
647377
646613
643846
644104
645688
645921
645959
645901
645573
643227
643613
645074
645340
645662
645869
646377
646444
646635
642483
629614
617076
606136
597443
581229
574763
569121
563327
558326
552941
547763
538419
537614
537434
538367
544621
558597
573110
584683
608164
617682
626028
633973
641822
649112
656149
666186
670226
673441
675218
676530
676019
670964
664115
653046
647658
643568
641609
640298
638763
637050
633499
633751
635096
635437
635630
635654
635423
633102
632549
633805
634595
635358
635508
635816
635298
632006
633658
634156
634650
634880
635266
635220
633029
633492
633785
633968
633980
633979
634056
632234
632003
632911
633233
633406
633514
633865
632604
630663
632652
632793
633039
633062
633169
631879
629621
632657
633019
633402
634293
631284
621672
611844
604466
593355
587648
582085
576746
571435
565834
561810
555298
553622
552111
549664
546266
542429
540685
538885
534421
535134
538288
545349
556235
569112
581388
602533
611659
620334
628877
637205
644614
651365
657294
668571
674047
678074
679807
677504
668866
660067
648126
643617
640561
638077
636763
637564
638229
637785
636193
634517
632794
633954
635628
636500
637114
637745
637518
635508
635531
636605
636554
636939
637119
637018
634194
633967
635428
635782
636387
636655
636382
633812
633166
634685
635020
635306
635365
635699
633188
632415
634226
634856
635129
635034
635035
633128
631453
632874
633744
633836
633966
634109
634462
630638
631157
632146
632517
633019
633330
633856
632961
630547
631902
632277
632653
632643
633135
633078
629611
631050
631725
632102
632132
632523
632651
630484
630008
630932
631176
631329
631568
632017
630708
628861
629704
629733
629971
629926
630249
630130
628185
623151
614262
605462
598329
592343
586932
580484
567560
562595
558093
554511
551558
549458
547648
543718
537970
535012
533326
532415
532082
533433
537449
564896
581697
595916
607975
618634
628612
637760
645480
659806
665843
671483
675793
678598
677997
671311
657795
652215
646684
642365
640381
640126
639743
639387
638155
637250
639048
640718
641153
642598
646225
644783
643358
644742
646483
647177
646474
646507
647071
642640
642275
642995
643254
642222
640571
640883
640175
638507
639012
639358
638078
637006
636160
636129
633344
631857
632579
631735
624887
616448
608346
594489
587573
582128
576997
570944
565719
560959
557519
548984
546232
545265
543224
540896
538984
537934
538099
547809
562655
576613
589354
600401
610410
619468
636502
644516
651308
657220
662731
667902
672177
676627
670312
659507
647357
638348
634709
634292
634643
635788
635171
633603
634577
636434
637243
637530
636573
634075
633453
634791
635079
635279
635214
635324
632830
632345
633920
634299
634402
634388
634571
632935
630982
632148
633361
633478
633655
633791
634344
631447
631603
633018
633410
634525
636167
637637
634844
634231
638441
640732
635409
624607
614327
605300
589954
585567
581209
575874
570882
566356
562285
553065
550309
547940
544632
540999
537187
533454
529536
526989
531153
544723
562053
578603
593114
605969
628517
638356
645372
651087
656173
661204
666624
671218
678583
671993
659782
648725
641013
636117
633283
629405
629095
631250
632472
632615
632182
631376
629347
630544
631429
631836
631980
632147
631658
629132
629981
630376
630590
630951
631534
631704
629868
627367
629241
629272
629563
629781
630091
629571
627054
628314
628892
629232
629414
629690
630117
628870
626985
628614
628569
628665
628878
629364
628376
625751
627519
627674
627603
627572
628023
627784
625644
625623
627559
627601
627238
627333
626677
624387
624456
626343
626660
627255
629097
630065
628357
626748
618708
600870
595047
589957
584080
578098
573272
568083
557524
553220
548377
543072
540105
537639
533989
532136
533179
532653
537012
546724
559261
575462
590638
612898
622622
630697
637484
644665
651271
654940
654883
661061
662321
658982
652227
643223
634370
627953
623770
623016
623506
626705
629180
630313
630881
630808
627152
627864
629043
629302
629728
629833
630135
626703
627977
630364
630742
630946
630736
630899
630728
626706
628035
628988
629263
629457
629788
629612
625883
627500
628531
628806
628777
628866
628890
626937
627243
627953
628195
628291
628814
628965
627066
630214
635834
637487
632455
620822
609843
600164
592278
581157
574877
569428
564814
559813
555067
552029
545940
542610
540271
539111
537140
535732
536064
537283
554568
568976
582679
595483
607023
616195
624160
637764
643666
649522
655894
661539
666403
670462
671936
663516
660320
657925
654450
650110
646183
643270
640639
639912
639424
638466
636999
637037
637913
637745
637330
636890
635286
633409
633908
634973
634924
634351
634568
633873
631659
631550
632819
633000
633073
633354
633025
630701
630451
632077
632685
633019
633460
633321
631222
630702
632362
632936
633184
633078
632880
631160
629419
630165
631123
631519
631682
632460
631267
629096
629243
630022
630273
630393
630524
629773
628041
628652
629480
629480
629523
629729
626733
620411
613482
607525
601659
596244
591589
586730
574334
569713
564991
560531
557014
553969
550859
546205
546575
545616
543929
541874
540887
540494
543819
574489
588656
599655
609065
617846
624928
629485
636496
638880
643043
646771
646124
642539
638882
636687
628033
625299
622119
619837
619075
618048
616994
615162
613292
612918
613426
613119
612930
613211
614081
612126
612598
613316
613607
614063
615699
617016
613196
614040
614451
614474
614551
615114
615867
608827
588464
580735
573479
566569
560386
554784
548991
542761
539802
536883
534433
532761
531423
527876
525506
523238
527345
538110
550641
562524
573706
585264
605137
614210
623092
631122
638223
644685
651331
657613
665202
664135
658811
651476
644331
638981
634655
626806
621843
618348
617294
616836
616231
616142
616329
614577
615666
616482
616688
616759
617000
616215
614425
615810
616326
616467
616299
616233
615307
613653
615183
615216
615064
615218
615757
614721
612784
614261
614252
614472
614772
614866
613982
615143
614776
597834
590333
584505
580075
575038
569393
564892
556571
552296
547792
544101
540708
536936
534730
533612
529020
526763
525716
524393
522735
523147
523224
522379
527652
542116
558659
572399
584600
595316
605472
622895
631531
640067
649161
657160
663295
668310
671907
669493
664629
659925
654253
647646
639395
631471
622917
620885
619952
618499
616626
617131
618797
619320
618856
617727
615499
615353
617192
618487
618908
618730
617656
614723
614077
615411
615691
615728
615269
615487
613532
612293
613863
614656
614736
614556
613949
612598
610038
610349
610741
610169
611384
608634
602265
595779
590797
586297
581519
577329
572718
562386
556468
552053
547525
542023
536872
532270
523698
519914
515256
506507
500512
503867
511320
514827
514598
519505
528588
543176
560693
576588
589990
612653
622453
630640
638271
644221
648682
652155
653868
652655
648014
643010
638881
635715
633305
631209
624189
620366
618984
618525
617800
616759
615722
614864
614834
616176
616724
616397
615934
615360
612866
612882
613912
613963
613670
614125
615309
615207
613021
611914
612627
608766
601761
595300
589530
584344
576318
572607
568099
563590
558749
554604
550381
544858
536903
533157
529615
526417
525860
527707
527648
536943
549477
562702
574178
584342
594717
604201
613833
630256
636957
643979
650098
654621
657661
659029
650598
644324
638340
632785
627347
623230
621509
620074
617916
617481
616305
614602
615069
617034
618769
618361
616080
614591
613541
614036
614510
614593
614329
614050
612169
611200
612349
613208
613462
613220
612876
611065
610203
610885
611238
611409
611375
611535
610089
608504
609198
610101
610115
606998
601771
596231
582730
578309
573933
568639
563658
559751
559371
562182
561388
558004
552661
547097
542317
538004
533361
528785
526463
