570224
569569
568961
572022
574451
576740
579934
583653
585630
587496
590374
596621
600343
603900
606138
609719
615676
619319
620529
617087
610508
603020
596186
590395
584925
580138
571218
565614
560539
557147
554370
552147
550276
548678
543542
542814
543382
545033
549293
555220
562024
572084
576996
582988
587911
592310
596718
600852
603716
607777
610633
613095
615325
616890
616912
615201
611230
609673
607396
605827
603719
598624
590515
582475
571988
567590
564476
562182
562308
564602
567335
571703
571765
569932
567900
566048
564039
563667
563536
565477
563719
561537
560381
558397
557934
559006
566022
570883
577361
580390
583887
589289
594031
598893
605997
607606
609508
612222
614451
616004
617169
610739
603905
598393
593088
587006
581439
577196
573150
564476
561730
558985
556311
553774
551888
549407
546004
544966
543856
543033
542519
542239
540409
539201
539794
540001
540250
541030
541749
540096
539417
540565
545048
548760
553635
558945
563286
569597
576826
587930
592747
597080
600375
603590
607885
611984
615545
621528
623701
624665
623597
618266
610482
602960
589096
582325
576815
572740
568681
564862
561278
557924
550840
549082
547460
546119
544880
544042
542253
540452
540318
540264
540303
540661
541180
539685
539308
540268
540766
540979
541945
542350
542655
547618
564553
571688
578225
583828
587553
591113
595694
599702
606259
608942
611044
612418
614588
616037
614332
600842
591643
582957
576959
573229
569656
565803
562175
554664
550869
548540
546596
544950
543687
542813
541622
539531
539536
539388
539516
539782
540343
538886
538859
538755
538997
539204
539957
539791
538223
538940
544309
550943
558771
566246
571571
576771
582440
591220
595126
598585
601175
603507
606496
609289
611285
608252
602020
593390
585044
578617
572650
567045
557900
553389
549590
547635
545936
544349
543082
542303
539378
539123
539238
539055
539340
539549
540348
537982
538561
538655
539035
539567
540200
541709
542826
554621
562974
570125
576446
581873
586536
589876
597293
600793
603849
606700
609352
611268
612710
614880
616711
613315
606638
597982
587756
579035
572797
562308
557952
554858
551855
548936
547443
546277
545281
543553
542623
540603
540018
540044
539795
539971
540118
540154
538268
538584
538961
539893
542737
548459
560633
566269
572413
577688
582696
587110
590984
594019
600345
603564
606517
609269
611221
611136
608319
600638
597140
595071
593589
591747
588543
583450
578558
571292
567589
564607
560772
559365
558813
558023
557204
556697
555113
554349
553587
553411
555003
555281
556862
555277
555484
557391
560178
563641
566927
572713
573968
576764
580648
584456
588069
591254
593816
597101
598493
598481
597342
594687
591037
586787
580643
578617
575912
572316
569221
566748
562935
558959
554828
553464
552984
552450
552330
550981
549949
550347
550289
550801
553523
557058
557645
558596
559874
561260
560466
560437
562460
565893
570496
576071
581628
592492
596624
599703
602301
605728
609049
611114
613471
612394
606147
601115
597294
590252
583465
578468
566881
558802
553995
550387
546062
542251
539332
532644
531211
530580
529896
529480
529747
529230
527539
527920
527979
527969
528489
528967
527422
527137
527765
528383
529470
531225
531961
534456
539771
546196
560967
567789
573088
577111
581653
585916
589572
595249
597096
599201
601946
604082
605219
604359
600155
585326
578937
572688
566832
561429
556221
550634
543162
540032
537408
535486
533575
530765
529459
529060
528223
528144
528941
528674
526768
526819
527151
527780
528264
529314
529163
527106
527067
527402
527521
528728
529953
530889
531377
536088
543973
551726
565717
571678
576588
579747
583281
587310
590730
593923
598980
599843
599017
597275
592986
585843
577634
569957
557247
550936
546791
543949
540896
538183
536244
532319
530215
529759
529271
528935
528873
529341
529620
527407
527840
527920
528388
528823
529906
529569
527896
528202
528426
528998
529542
530647
529966
528346
529064
529977
532383
536643
542375
547731
554252
569284
574943
579933
584255
587663
590458
594326
597761
601566
602396
601639
597838
592568
586248
578919
566594
560892
554923
550275
546545
542902
539756
537253
531821
530516
530024
529314
529004
529056
529559
527138
527614
527613
527887
528343
528816
529726
528946
527610
527645
527754
528297
528690
529648
531275
539863
549040
556714
563312
569333
574648
578987
582092
589100
592286
594972
597706
599844
599214
593573
586217
572541
565932
560032
555082
550184
544395
539949
534970
532991
531359
530403
529850
527810
526624
526980
526897
527045
527566
528310
526768
525690
526406
526848
527432
528200
529224
527849
526095
526867
527130
528987
531160
534737
537937
543020
551754
560303
572849
577884
582367
585484
588485
592390
595741
598666
603564
603932
600843
595885
590044
582686
575288
563660
558715
552803
548078
544455
541173
538326
535936
532547
529918
529009
528835
528500
528574
528553
529390
527585
527219
527575
527560
528028
528457
529463
527503
527212
527815
528165
529214
531063
534905
543983
551172
558866
565382
571285
576596
581281
584739
591876
595613
598680
601561
604034
605120
604033
596388
588382
580003
572656
566041
559283
553100
548907
541913
539000
536918
534768
531692
530220
529852
529374
529189
529974
529475
527758
528010
528268
528581
529668
530807
530045
528222
528590
528736
529031
529699
536410
543460
550089
557578
564219
569753
574880
583544
586278
588951
592210
594708
596589
597384
595581
579613
569932
562798
556744
551519
547068
543471
535304
533174
531783
530482
529623
529263
529225
527568
526923
526746
526970
527331
528061
527630
525844
526338
526549
527031
527540
528404
527002
525449
525915
528794
533880
541527
549633
555718
562312
569226
579879
584791
589206
592632
595862
600093
603259
604415
596610
587104
575776
566361
559345
553175
548096
540805
537177
533449
531613
530505
529298
528344
527723
526494
525170
525621
525616
525812
526184
526918
527700
524885
525572
525588
526064
526486
527210
527973
525081
525902
526848
531105
538746
547640
555747
561610
573417
578694
583430
587876
591664
594385
596223
602338
604154
604783
601861
594870
585290
575936
568488
557033
551900
548300
545346
541411
539341
538555
536628
536251
536057
534199
532947
533771
534720
535704
539465
537895
537433
539965
542239
545932
550061
558117
561252
564885
569101
572738
576329
579727
582694
587466
589559
591228
592626
594666
595991
594692
582885
575865
569790
565026
561338
556514
553003
550375
545548
543354
540373
538304
536784
536220
540436
540722
543361
547270
549704
550551
551965
555989
558261
558286
558346
558487
559103
560376
563344
568713
574609
588398
594671
599381
603229
606391
609068
610920
614519
615936
616688
614442
606938
597736
589439
583234
575256
571023
567714
564970
561805
557190
552488
546387
543975
541776
540179
539192
537368
534960
533878
532206
531494
530922
531206
531761
529874
527988
528102
527486
528637
532324
537915
543032
546937
550786
557130
558961
562894
567794
570116
572534
574724
579087
582787
586688
589662
591121
592768
591830
588660
583567
581169
578328
575389
573560
571511
568435
563416
561138
557379
553984
551687
549263
547066
545637
542621
541028
540760
540382
540380
541934
545112
550202
552468
555170
557517
560610
564838
568963
571819
578577
581921
583627
585782
588007
589513
590135
592609
592765
592193
593182
595949
599341
599418
599348
596746
590572
585128
580676
575017
567783
560906
556165
548594
544776
541596
538993
535686
533048
532801
532473
532358
532685
532632
530792
528341
527939
527263
526895
526959
527529
528784
531215
537178
543380
555139
561173
565797
569093
572549
576091
579013
581521
584441
585489
586901
587725
585418
580885
576527
566468
561888
557668
552983
548720
544772
540323
535416
532780
531747
531439
532853
532292
530243
529359
529308
529187
529417
528439
527527
528528
528922
528219
529917
530962
532334
538019
546010
553298
559655
570920
574808
578544
583616
587912
591077
593908
595416
588279
582313
576045
569221
563286
558145
553541
543380
539872
537118
534111
531268
529072
527658
525621
522526
522349
521791
521333
521097
521299
520517
517092
517918
518109
518414
518582
519227
519304
517176
521067
526080
532504
539086
545632
550878
554551
558928
566913
570264
573380
576029
577659
579461
582788
587696
588825
586900
581280
573577
566793
561056
555477
546469
542615
538047
534400
531874
529170
526766
523078
520543
519281
518964
518035
517421
517195
517609
514782
515179
515475
515690
516182
517294
519721
529733
537907
544717
550790
556205
560923
564369
567116
574357
576745
578975
580380
580518
577825
573458
562891
556955
551789
547317
542219
537015
533872
531359
526659
525134
523667
521063
519340
519132
518574
517899
518425
518196
516341
516465
517063
517270
517729
519043
517791
516319
516968
517302
517950
518723
520315
518416
517976
519202
521078
525313
531346
537660
546057
551184
556229
560444
564115
567358
569736
572534
574919
576027
575339
571089
564422
555943
548166
538769
534270
530654
528074
525131
522077
521061
520425
518934
518810
518632
516823
516108
516509
516620
517484
518723
518328
516874
517850
518503
518951
519298
521736
522916
527287
533017
537357
541239
544888
551165
554314
558923
562988
566476
569787
572758
574782
579847
581636
581488
578990
574795
569369
564565
557624
553531
549694
545880
541047
537539
535417
533101
529393
527993
525176
523243
523017
522488
521986
521252
520244
518218
518214
518542
518821
519382
520143
520322
520217
523474
527510
532470
537928
543667
553667
559145
564732
569056
572825
576195
579192
581138
584520
584396
580129
573689
566867
559872
552166
542243
537940
533973
530568
528103
525078
521624
520253
518561
518156
517875
518316
517224
515835
516632
517053
517347
517835
518454
516755
515690
516532
517297
523819
529709
534682
538208
543359
548829
554239
564108
568430
571487
574897
578504
580931
583137
585045
581991
576624
571341
565277
559347
553904
549335
543658
534720
531119
527996
525888
524117
521081
519625
518801
518636
519480
519851
517785
517315
517583
517191
517930
519143
518224
517051
517411
517318
517838
519624
519312
519549
522798
526692
531839
538661
546277
558213
564997
570705
575597
580068
583937
586757
593214
595691
597697
598991
596701
589301
581689
574896
561403
555259
549344
542966
537968
534196
530493
525050
522932
519674
517692
517190
516609
516141
515972
515510
513653
513990
514403
514650
515261
516045
514552
513899
514863
515327
515985
516651
517574
517099
515918
518330
522745
529959
537898
545110
550089
560742
565700
570044
573944
577378
579565
581314
584660
591229
594103
596322
594622
587657
579767
571742
556094
549895
543844
537509
533098
529885
526758
524256
520681
518306
517826
517666
517145
516719
516677
516811
513864
514512
514665
515127
515528
516423
515762
514132
514735
515273
516152
517511
520146
523551
529906
545269
551616
557227
562251
566610
570530
575024
583305
587433
590861
593096
594210
595894
595800
590483
574611
566564
558448
551269
546152
541741
537361
530476
527351
523356
521123
520047
518819
517851
517363
516848
515386
515883
516036
515892
516312
516546
516409
514365
515007
515456
516025
517150
519195
523629
533711
541156
548138
554039
559281
564065
568395
574222
577735
581027
584139
587264
590041
591856
591608
581970
573189
565585
558794
552988
546899
540954
533509
530160
527241
524960
522796
519531
517749
517302
516324
516181
516692
515893
513944
514148
514443
514853
515321
516333
515437
513399
513828
514243
514786
517970
523143
529383
536192
544481
551704
557634
567773
571831
574635
577996
582600
586629
590041
592693
592289
585981
577571
569072
561261
554306
548126
542395
531947
529116
526393
523968
522197
520814
518212
516526
516259
516204
516411
517049
515961
514237
514611
515259
515779
516654
516516
514344
514418
515208
516606
517761
519581
521166
525701
533834
541037
547325
559292
563853
567269
571225
575217
579182
583480
589938
591876
594613
596351
595131
590645
584760
578341
566636
561766
556559
551703
547199
542662
538115
531679
528624
526056
524102
521518
519112
518557
518123
517673
518023
518035
516003
515500
515972
515860
516268
517102
517194
515067
514849
515584
516124
517855
524931
530831
535896
542323
549642
555762
561259
570954
574860
577534
580522
584116
587222
590149
592812
594703
591762
587532
581845
574470
567022
559965
546702
540055
535337
531506
527862
524893
522508
520944
515974
515338
515140
514760
514852
514982
515769
513251
513193
513915
514184
514771
515193
516075
516107
513534
514531
515199
516551
517578
519654
523369
527043
542787
550270
556653
562349
567478
571749
575242
582600
585899
589452
592280
594452
595508
597027
598924
598182
593146
586883
580796
574477
570303
566346
556369
551046
545161
539056
534712
531251
527857
524957
520504
517695
516914
516476
515955
515789
515947
513611
513241
513896
514186
514894
515414
516541
515714
514403
514895
515709
517107
519519
522015
521159
525593
525488
522175
527525
537377
547814
554199
559277
564722
566047
568059
569202
568553
568990
570033
566654
563217
558083
551246
544439
539977
536246
532299
526859
524102
520505
519270
518814
517996
517677
521595
522940
524176
525885
525837
525479
525898
528416
532042
531725
532306
532481
533289
535874
540982
552312
559303
565782
571131
576171
579993
582163
583545
584875
585231
585684
585265
583763
581300
579229
578836
580451
581947
582641
582381
582632
582427
578915
565245
558435
551926
547361
544674
542127
539504
535638
533298
530320
529740
529487
528743
528156
528072
530085
529641
529398
528965
528178
528102
528011
528033
527601
525826
525981
525876
525913
526327
526997
530013
532030
538006
545508
552678
558674
564248
569278
575281
578804
581909
584613
587505
590456
592996
594633
595570
595448
592638
584612
575559
568188
561216
552404
549186
546223
543594
541167
539058
536084
532156
531275
530404
528833
527568
527275
525790
524155
523990
524078
523870
523835
524593
523490
522212
528158
531990
535540
540001
545182
549069
553365
558747
567521
571466
575165
577808
579786
582158
584229
587917
589475
590410
590955
592379
593126
593389
593819
590212
584369
578114
572682
567627
563584
560146
553235
549878
549253
548672
548136
548841
549978
549781
547876
550534
552795
554343
556097
557587
558137
556890
558888
560287
561548
562711
563217
563798
563519
565760
570095
575543
581957
587714
592016
595518
601696
602177
602262
602739
600440
594446
588502
584287
578118
574294
571668
569595
565093
558470
553588
545891
541796
537751
533889
530382
526006
523211
522484
524514
525042
526288
526313
522814
519483
517985
516928
517109
517653
516195
514414
515567
517268
518397
519780
521487
523935
529611
537433
544363
550317
555969
564808
569407
573284
576334
579117
580889
581690
583357
580292
575676
570029
562787
556524
552767
548967
541432
537247
533312
530899
528028
525504
523693
518712
517031
517039
516254
515833
515738
516074
514482
514083
514267
514668
514980
515862
516400
514937
515962
516976
519069
522408
527460
532979
538096
543905
554592
560526
565593
569966
573171
576137
579407
585708
588292
590190
590659
590648
590229
587122
582694
572751
565450
557823
552397
548447
544406
541077
534553
530917
529227
528111
526796
525463
524300
522877
519505
519349
518683
518363
517961
518351
517876
515634
515908
515747
516079
516478
517450
517005
515021
518382
522253
528526
536110
543598
549239
553867
566180
572437
579109
585930
592110
597189
602328
607544
616540
620847
625529
628603
628013
624403
617920
600598
592182
584755
578985
575117
571409
567818
564236
555913
551666
548502
545740
543036
540286
538014
535833
530756
530269
529359
528988
528421
528112
528422
524985
525033
525069
524884
524760
524405
524708
525462
522289
522971
524834
527840
534138
542888
552937
568369
574428
580920
586269
591562
596794
601186
604307
608523
610908
612795
613706
610676
603117
593892
575782
569629
564540
559433
554580
550158
546063
541264
532594
530393
528329
526729
525365
524686
524177
520670
521293
521285
521457
521523
521878
522686
521380
520179
520292
520542
521094
522229
525768
531563
547781
555472
562036
567968
572868
577172
580670
584083
592912
596268
599063
601060
602905
604034
606232
608340
603214
596218
587975
579289
570530
564159
559527
549788
545544
541620
536863
533049
530907
528701
525470
524705
523356
521084
520920
520871
520339
520276
520726
519592
517790
518406
518724
519124
519743
520968
519085
518369
520115
523541
530323
537626
544614
556077
562255
568254
572924
577331
581602
585304
591447
595073
597882
600360
602723
604866
606218
607087
598298
591735
584246
576278
567907
560889
556245
552005
544803
542051
538595
537125
536505
536325
536487
538986
538494
537086
537549
537353
536619
536718
537091
534382
534454
534855
536717
541064
543132
543894
540419
541918
545529
550987
556587
560015
562654
566447
577024
581563
584836
588112
590876
593239
595223
598509
594882
587993
579543
570918
562378
553546
546929
536655
532279
529040
526757
523724
519823
518131
517592
517080
516671
516755
516652
514663
513929
515201
515611
515491
515785
516213
515090
512455
512545
513271
514107
515699
519164
524635
530715
538431
547978
562482
568525
574408
579580
583437
586201
589317
594811
596656
598106
599068
599192
598983
597852
593883
580365
572948
565820
558586
551425
546058
543019
541064
541978
544857
548326
553162
559610
564177
566795
563492
561300
559004
559056
561389
563061
562645
561581
560752
560349
561635
561832
561605
561845
563982
576750
586217
596251
603833
609593
614125
617277
619772
618718
615050
607954
598932
588578
578159
568096
549425
542566
536284
531224
527254
524428
522795
520742
517794
517668
517621
518391
520078
523144
526518
526091
531233
539140
546252
548108
546928
545555
541912
537750
536198
534776
533600
533658
533336
531738
532633
533018
533589
535092
540118
548006
558823
570063
589715
597081
603685
609492
614929
619374
622159
614500
603533
592009
582387
574292
567432
561439
556058
545862
541815
537349
533365
530121
527532
524284
519350
518097
516900
516166
515721
516131
515706
514325
516308
516437
516756
517298
518346
518385
516587
518200
518814
520985
526242
534164
542111
549463
558007
572468
578352
583328
587540
591475
595817
599861
604351
601880
595561
588216
582595
578211
573608
569049
560192
556072
553065
550033
546916
544218
541790
536014
534787
533492
532507
531878
531153
528978
527158
525566
524657
524121
524305
523758
521906
521879
521864
521818
521648
522188
521617
520679
526117
536444
553884
561120
567834
572984
577390
582780
588055
597239
601220
603682
601585
593142
583492
575145
566991
554264
549126
543281
538618
535527
532536
529951
527965
525262
522835
522371
523638
524559
524928
525108
523274
522545
524030
524055
523035
522722
522849
521930
521437
522446
523154
525610
530586
536416
543050
561485
568722
575415
581445
586783
592473
597956
602603
608245
607128
601406
594026
587297
581034
575077
563902
558998
555709
552218
548578
545148
542022
538368
534480
533236
532710
532775
532587
530670
529208
528810
528590
528185
528337
527928
525714
525509
526532
526646
526652
527064
526912
524599
524257
526655
537974
546483
555303
562283
567136
572676
578355
583380
592674
596687
599528
601484
603897
605666
605112
589803
580041
570983
563703
559055
555199
551036
547268
541172
537363
533947
532385
530949
529620
528573
527397
525434
523617
523721
523665
523513
523316
523362
522911
520803
521020
521350
521240
521162
521272
521125
519070
519539
519997
520127
521298
525661
534072
548082
555379
562430
568657
574360
579561
583973
589989
593463
596571
598270
595390
587424
576838
566993
555482
550668
546595
543240
539409
535336
532965
529503
528026
526984
525821
523494
522658
522918
522910
523268
523804
522475
520975
521549
521907
522137
522299
522566
520416
520044
520994
521305
521527
521630
520905
519128
519611
520148
520538
520960
521707
521967
526381
535774
545167
553171
559908
565687
570134
580501
585550
590341
594847
598013
598011
593462
584179
563674
556122
549366
543170
538942
535711
532503
527556
525420
522421
521077
520519
519837
519297
518893
516818
516141
517411
517957
517754
517609
517726
515695
515050
516507
517115
517841
518857
520159
521394
520377
522278
522921
523616
524430
527837
535517
550982
558023
563363
567662
571770
575960
579657
582637
589896
591189
590291
586026
579468
571323
564068
555960
551710
547512
543776
539880
535482
532876
531413
528495
527453
526512
524169
522893
523010
522969
522650
523146
522727
520396
519814
520050
519990
520331
521549
520907
519074
519432
519796
519942
520518
521579
521897
524604
534751
546815
556926
565119
572015
582048
586477
591905
596516
600219
603273
603684
589354
581991
575547
568676
562611
557241
552508
547063
538427
535756
533450
531667
530359
528793
526077
524982
524539
524301
524215
524649
523305
521980
522745
523892
524438
525352
525218
523308
523362
524126
525807
527067
528608
527549
526906
528326
529107
530386
533357
536271
539260
544939
551510
557381
562886
567904
575445
579153
582724
585324
588041
590524
591765
589604
587552
583904
579685
573949
566188
557945
552146
543546
539456
536116
532457
528733
527033
525952
524308
523972
522895
520594
520133
520217
520249
520443
521453
519771
518418
519020
519208
519781
520389
521081
518967
519026
519748
520428
521822
524015
528466
540850
548698
555758
562178
567978
573176
577082
584410
589084
593062
596432
598464
597674
592173
584951
570646
563833
557735
552420
546635
541751
538672
533235
531015
529498
526924
523996
523166
522563
521850
521246
520905
518724
518187
518854
518951
519350
520415
519389
517497
518100
518515
518828
519188
519801
518543
518813
522974
529756
538608
546538
553002
561541
566333
570789
574757
578471
581432
583673
584781
585075
579949
572719
565425
558835
551780
546428
539696
536725
534600
532527
529027
526992
526332
525370
524301
524006
521843
520970
521431
521758
522670
524297
523014
520988
521626
521664
521784
522517
523369
521189
521412
522882
524454
527369
531465
539041
556393
564887
572798
580257
586808
591961
596266
599435
595430
589842
583933
578353
575510
574478
571659
556510
546656
537601
530244
524473
522131
521297
520887
521854
521461
518941
518933
519331
519768
520497
520784
519482
520959
522133
523988
528211
536379
546443
567729
577279
585737
592693
599009
604169
608832
612670
616813
618173
618309
616367
612833
606711
598666
584826
579288
573846
569140
564243
558598
553007
548008
538978
535961
534164
531514
529002
526623
524898
519796
519241
519454
519191
519236
519645
519984
518335
520401
520885
520622
519759
520139
519026
519634
522895
524844
529261
535961
543128
551871
560037
566188
576122
579536
583525
588155
592038
595208
597693
595511
592200
587958
583925
581097
577303
570595
564607
554864
551089
547337
543404
540722
538469
536316
533234
530480
528258
527491
526445
525744
525411
