0.7794752229295476
0.7667860913934852
0.7582269802226964
0.7554193801714273
0.7556960711909722
0.7575494941233676
0.759994954457879
0.7590936741515661
0.7598728848904326
0.7619663779721404
0.7648716336773664
0.769005723028221
0.7740451616709705
0.7744866466065676
0.7735243315165314
0.7709669740785272
0.7670566789346591
0.7656813618080947
0.7653700844111062
0.7627964510307761
0.7600865066334639
0.7555556911884083
0.7465937504450453
0.7365514940297813
0.7278560718420093
0.7205644496798731
0.717795504991628
0.720080240395669
0.7219662152127164
0.7247412633793335
0.725709681947742
0.7235632920534745
0.7192318569019158
0.71504283624571
0.7098650520931882
0.7077186621989207
0.7097633274536492
0.7125933069256178
0.7159319095952787
0.7184974050044453
0.7179460574581458
0.7127031695363188
0.7052284430230131
0.6975685776657459
0.6925738978643938
0.6919961019118133
0.6922483790178697
0.6943744239842295
0.6955605332812509
0.6928912787397541
0.6868874905141782
0.6817015683904928
0.676133161622142
0.6780516883238423
0.6849201359854988
0.6914773062501658
0.6971891768652652
0.7003208028969421
0.6952387407788536
0.6877314757533022
0.6795455842303211
0.6714608229985779
0.6690373767831568
0.6687466571581391
0.6676938268062422
0.6658519011605399
0.6620076989538157
0.6524815886555946
0.6425651504714001
0.6341551669390175
0.6298130329426193
0.6290070586050951
0.6277748884136969
0.6255616238062038
0.6219642776138525
0.6122735966393833
0.5976922127476869
0.5856806632620233
0.5787138379675101
0.5770976695315333
0.578215906177836
0.5826044575444584
0.586503516643265
0.5850709078077181

-0.921296186524402
-0.9156668642560752
-0.9157241651847459
-0.9165323058684045
-0.9170717249555423
-0.9220134360798257
-0.9257913455838764
-0.9328887571626161
-0.9340150167950998
-0.9342501481920562
-0.9352301916617269
-0.9366508595139293
-0.9339458605018771
-0.9367298952776124
-0.9391582691167751
-0.9393598103141672
-0.942171507607192
-0.9410867417506414
-0.9378561549100961
-0.933827030885424
-0.9323644016607376
-0.9285247942204783
-0.9288249280234764
-0.9306128326170025
-0.9330591762795147
-0.9381100830902391
-0.938893656208794
-0.9365187742079594
-0.9338348738804259
-0.9316027435969892
-0.9258915855284928
-0.9233745207385552
-0.9237133562534057
-0.9220758496995971
-0.9240395850668928
-0.9247936782963612
-0.9216357594954261
-0.9181987119392463
-0.9168274431272911
-0.9112380804455504
-0.907026643220484
-0.9072574069040498
-0.9067648151949005
-0.9114777196554077
-0.9166499326014717
-0.9180855489790368
-0.9188222176611879
-0.9213450860093959
-0.9188732519373607
-0.9169325172442115
-0.9175723218007501
-0.9182669546609507
-0.9232442278771981
-0.9250374077072134
-0.9218475919737293
-0.9200135975765898
-0.9201255535003635
-0.9166738955325606
-0.9162102119724613
-0.9173917250564915
-0.9224919647131229
-0.9264013312361802
-0.9238642321457066
-0.9215687615400394
-0.9228863206364398
-0.9212724247190496
-0.9201072661398446
-0.9220998494616768
-0.9270777663975457
-0.9255122534574605
-0.9215023431196963
-0.917730463989197
-0.916917953618246
-0.9139974938060381

-1.0
-1.0
-1.0
-1.0
-1.0

0.16589261344251005
0.17763135448652245
0.1853399010576584
0.19259638348686448
0.19049812350733486

-0.613331627430912
-0.6218526100307067
-0.6268509041282848
-0.6260384680996249
-0.6161890139884009
-0.5992216820197892
-0.5806188161037191
-0.5634808938928693
-0.5541581371545558
-0.5536037188672818

-0.2492874269045493
-0.2643242053754039
-0.27843904514683715
-0.2863714724633395
-0.280176545003437
-0.26912162394704553

-1.0
-1.0
-1.0
-1.0
-1.0
-1.0
-1.0

-1.0
-1.0
-1.0
-1.0
-1.0
-1.0

-0.770677609299203
-0.7727609517126557
-0.7760777374378366
-0.7862155082614544
-0.793315434603532
-0.7956602844328993
-0.7959806310173947
-0.7962661099464341
-0.7956384921482397

-0.5184316139648855
-0.5124459861014092
-0.5020942594324533
-0.4981354106240159
-0.5048834483656726

-0.7045113119301681
-0.717550626360517
-0.7286683901830737
-0.7298442182522556
-0.7327961655627799
-0.7430568126085904
-0.7484872817175756
-0.7346713019046871
-0.7248314775362692
-0.7138622393645581

-0.9672013320715386
-0.9788389894464483
-0.9919171288587559
-0.9941003126534818
-0.9910336731393534
-0.9872363109284966
-0.9822110950059296
-0.9763413553109165
-0.9806328537716069
-0.9801866337641809
-0.9791833874387578
-0.9786682878328685
-0.9830586135435255
-0.9823009379604452
-0.9913960397225653
-1.0
-1.0
-1.0
-1.0
-1.0
-1.0

-0.8805586930448654
-0.8799386345905289
-0.8892453335506941
-0.9000949009653127
-0.9005053621956477
-0.9029768627953294
-0.9085661221020283
-0.9092269355721418
-0.9104641414082602
-0.9124232932381617
-0.9118847448153808
-0.9065341934582374
-0.9065603931112383
-0.9061004436474581
-0.9026333562337705
-0.8992798006497524
-0.8989916044667501
-0.897099407305628
-0.896051421185622
-0.8991720909651959
-0.9094685545942558
-0.917037343238744
-0.9187403206837538
-0.9162717311566271
-0.9149966813772866
-0.913022974184609
-0.9118963891056021
-0.9146997519766179
-0.921962878002771
-0.9238463419462267
-0.918009641472304
-0.9141408260459494
-0.9115587046891563
-0.9102690995470382
-0.9114044178437114
-0.9170082325131882
-0.9255842522619038
-0.9290688061109242
-0.9268389245333547
-0.926873857404022
-0.928649611662921
-0.9286961888238112
-0.9302041244075974
-0.9368530141245237
-0.9455134549773515
-0.9458132954505768
-0.9435659474376746
-0.9449923729899051
-0.9502468589527132
-0.9533122183537306
-0.9620512581655593
-0.9770782146974242
-0.988093713247709
-0.9888651474749357
-0.9894822948567173
-0.9904720595256119
-0.9916044667497302
-0.9943728967500789
-1.0
-1.0
-1.0
-0.9982145638516956
-0.9989154701263929
-0.998029963022145
-0.9965387344459379
-1.0
-1.0
-1.0
-0.9960073079754802
-0.9949538802450713
-0.9926862837681699
-0.9955222145519416
-1.0
-1.0
-1.0
-0.9986232268723405
-0.9924831025937274
-0.9836887868215834
-0.9767538244486514
-0.9770263403667045

1.0
1.0
1.0
1.0
1.0
1.0
1.0
1.0
0.9977607393600565
0.9907643789560541
0.9835787553070794
0.9779476421308491
0.973203301686675
0.9700113451619314
0.962002745380329
0.9564737067631841
0.9515656217138098
0.9472061874195226

0.8677411431712647
0.8612232572629765
0.8561790728014886
0.8507350963169154
0.8505947437981729
0.8546351950953173
0.8601769930323473
0.8650255345889206
0.8687236108024654
0.8629500185541774
0.8523257581960026
0.8446978114576567
0.8385733379125115

0.7414812932421324
0.7322796970512144
0.7220212038630971
0.7160711076897224
0.7143719915916082
0.7143060684388647
0.7163666986004087
0.7184783660414951
0.7144272819777793
0.7050789536081763
0.6973319198842307
0.6919304744659431
0.686720418845941

0.6232342962012314
0.6171183288693438
0.6085419393528253
0.6000187136691653
0.5937751531384206
0.5887160828037326
0.5843821671492169
0.5809924411662437
0.5746042750101279
0.5666445859547538
0.5604286706170933
0.5561883233084066
0.5541999959595487
0.553334488760634
0.5489920668928607
0.5414236636473158
0.5337893372490272
0.5272097812946244
0.5214489483662217
0.5206897688330223
0.5216339585045648

-0.9847989230262483
-0.9726562615914639
-0.9612000621178827
-0.9607035147050237
-0.9669528903114896
-0.9729134375423473
-0.9812518731806036
-0.9866941119566038
-0.9863479135611839
-0.9796138602011314
-0.9728699154583513
-0.9650577013811329
-0.9558092585320586
-0.9534234570184796
-0.951336375263234
-0.9468536006116831
-0.9411739686502509
-0.9393440628458887
-0.9367960426555985
-0.9375695487847933
-0.9442106231472197
-0.9523314483654978
-0.9572890093879114
-0.9605136001566795
-0.9630992076013289
-0.9648717433858794
-0.9670280648202091
-0.9710558358663509
-0.9782369797256322
-0.9826228188264661
-0.9824902742979337
-0.980238995589432
-0.9793092056131614
-0.9763912477089081
-0.9761736372889298
-0.9782706104269018
-0.9814615704944003
-0.9811569159064315
-0.9792142483389893
-0.9766029232992507
-0.9751963686755726
-0.9739480761755162
-0.973042025517789
-0.9755148711993596
-0.976183528671656
-0.9730341124116074
-0.9685968381205973
-0.9675404384454298
-0.9655265529223589
-0.9666570290159296
-0.9709249998509887

0.7061322580807345
0.6959143417848588
0.6848216096276674
0.6766616892660764
0.6717479725891029
0.6686710340424038
0.6669046433952239
0.6658756454280821
0.6620412034918892
0.6590413559981025
0.6575481358210282
0.6539784848926675
0.6516456425958232
0.6492641994177952
0.6437270507476993
0.6367067372552573
0.6313287983683511
0.6237889582149732
0.6160211966877658
0.6093612000730693
0.6059323241108969
0.6032927934948555
0.6015012644608573
0.600118653185788
0.5983522625386082
0.5930246004253419
0.5861651726085431
0.5789487796989092
0.5731518676983458
0.567938166271994
0.5630412085195668
0.5572459724114585
0.5511809176181544
0.5446751031092838
0.5366743925308826
0.5298970834443608
0.5257643326512451
0.5226756628573634
0.5186216790096145
0.5140381131462031
0.5084707984119241
0.5032973184044838
0.4989601087319022
0.4972305877187253
0.49768978225129334
0.4983433803085988
0.49714344131108446
0.49294030303487424
0.4854008873468765
0.47727851607387684
0.47248598597080194
0.47030846032757223
0.4707769991269677
0.47174609916168664
0.4713618299305278
0.46614048748259806
0.45942757367688336
0.45273488456754585
0.44700727269356033
0.4418230472476177
0.43713458437798103
0.43277365546466817
0.42817636184060537
0.42207815230329015
0.4167633229501688
0.41553760309300114
0.41516954947197826
0.4134744768320373
0.41089303652678977
0.40644093836790196
0.399549218730215
0.3931049037235881
0.38934163986459724
0.3867331864495491
0.38492161977359607
0.3830897932652937
0.38008458480006047
0.373852998033108
0.36789998396096646
0.3642937338026859
0.36400958006589845
0.36561029642160703
0.3679599129408804
0.36918961878274303
0.3672606022011393
0.36116105852673464
0.35413585715817986
0.3499905817282152
0.3482860154858409
0.3483670413950284
0.34923371890752586
0.34850743425981157
0.34511979887502076
0.34149684049248563
0.33991560538534116
0.3402963898544127
0.3412614430762513
0.34219602093319
0.3403556475083853
0.3344654367035136
0.32648427725132567
0.3201572528828851
0.31729171501115405

-0.9941770280130859
-0.9816177714205653
-0.9706580199962302
-0.9708103447440709
-0.9825095809123495
-1.0
-1.0
-1.0
-0.9939703001718075
-0.9801216883159494
-0.9676409756951652
-0.9633889545591983
-0.9745489385642893
-0.9961463915823979
-1.0
-1.0
-0.9972032271383394
-0.9866954399296639
-0.9744682716911652
-0.9685700721065755
-0.9806333046009718
-1.0
-1.0
-1.0
-1.0
-0.9958595378503108
-0.9881773255390212
-0.9961001337097014
-1.0
-1.0
-1.0
-1.0
-1.0
-1.0
-1.0
-1.0
-1.0
-1.0
-1.0
-1.0
-1.0
-1.0
-1.0
-1.0
-1.0
-1.0
-1.0
-1.0
-1.0
-1.0

-0.20819531719466722
-0.22104570507190602
-0.2312846853068895
-0.235527542954719
-0.22534947018661067
-0.2026831914425009
-0.1828860894415274
-0.17259707807303992
-0.1702303879316206
-0.181021885901825
-0.19881121676260494

-0.26140560294313553
-0.26542875865688165
-0.27426360425373386
-0.2802390618074836
-0.28550864532548803
-0.28977543090673274
-0.2924956018826931
-0.2899722925407384

-0.9554393289520073
-0.9671290647957684
-0.9741398625403406
-0.9780629331547662
-0.9805233071823477
-0.9785719177474133

-0.958703682082989
-0.9589625666458546
-0.9612062328573578
-0.96411656911964
-0.9631199481554056
-0.9600505586322773

-0.9631995017295055
-0.973762207479756
-0.9788726237104847
-0.9823797721041223
-0.9807411380647415
-0.9726285242174987
-0.9717640170504396

-0.8661507130710544
-0.8803816799142571
-0.895773837065941
-0.9027940282202653
-0.9040121974102123

-0.9613422791198465
-0.9689381461048058
-0.9734273137714925
-0.9711763058287226
-0.9638117067830889
-0.9681030118794635
-0.9794454194814982
-0.9837649906593452
-0.9828913117774486
-0.9795302177259173

-1.0
-1.0
-1.0
-1.0
-0.9979223616673184
-0.9954848375792205
-0.9849103220849904
-0.9737538636671085
-0.9682177487486963
-0.9720259015648649
-0.9805942454012474
-0.981625407423857
-0.9712295586167127

-0.974418091519694
-0.984401412137804
-0.9894631931666891
-0.9864264985265306
-0.9832495624467085
-0.9796593815913479
-0.9707138476267417

-1.0
-1.0
-1.0
-1.0
-0.9989334661887564
-0.9957154126129615

-0.8471263177839545
-0.853683739664296
-0.8632786328058608
-0.8669294583925033
-0.864017002025632
-0.8605165849837577
-0.8542521667620553
-0.8439872719210684
-0.8357226153897243
-0.8353241304139747
-0.8413990729364237
-0.84382318987223
-0.8424812331156643
-0.8421335354407451
-0.8368594695852427
-0.8251276030933369
-0.8162124784398133
-0.8101668362832282
-0.8120537798448642
-0.8161245773422215
-0.816273032529266
-0.8174489538792709
-0.8192812034246266
-0.8130910127964459
-0.8060569716313857
-0.8031386551913405
-0.8036289479801305
-0.8089577078519119
-0.8095769222505026
-0.7957920767903988
-0.7818490093546302
-0.7689236412932008
-0.7575160321835217
-0.7519626361734505
-0.7587466475498056
-0.7719532991235278
-0.7815345187610236
-0.777537948857188
-0.7695897362771731
-0.7615790162499828
-0.74726285748888
-0.7356755394685688
-0.7383614063394264
-0.7487317824975237
-0.7580317186227257
-0.7606140575341979
-0.7606531246886831
-0.7525330166289335
-0.7391388427136828
-0.7276140321405481
-0.7290985840109858
-0.7313312718898148
-0.7274948773193676
-0.7245648407329774
-0.7218946007239135
-0.7136006438267055
-0.7028864767091388
-0.705873160669533
-0.7086000480525997
-0.7088442177681322
-0.7069377406292547
-0.7061485841086532
-0.6992786249924302
-0.6929849064048639
-0.6962020865767204
-0.7022145216519929
-0.7033123086930273
-0.7044452561730983
-0.7068263992389717
-0.7028220159042384
-0.6996106958055544
-0.7089946263129004
-0.7159935070389243
-0.7188493160317928
-0.7227638449112093
-0.7264986648799949
-0.7209921494553063
-0.7192614745116112
-0.7277996011243528
-0.7318703986217102
-0.7311515629791827
-0.7309777141417231
-0.7296650577510213
-0.7236819230416116
-0.7260005586603087
-0.7375331826643408
-0.7460771693502538
-0.7484309654079873

1.0
1.0
0.9952395040837723
0.9884950219617379
0.9827304844433795
0.9781614257926248
0.9754652394103738
0.977332756790334
0.9792083065031107
0.9811427599898797
0.9831187138628694
0.9835015883938159
0.9817732981160163
0.9781426836827181
0.9714704925560358
0.9620418725509765
0.9556816036820213
0.9522102971829278
0.9495917566845755
0.9483641484857048
0.9488179752898673
0.9466412130964519
0.9414509873745116
0.9387414137709003
0.941639747195713
0.9498005973378181
0.9607607154666589
0.9739658706178611
0.984859052639893
0.9903089904562512
0.9894870150646411
0.9876007555747743
0.9928043685180747
1.0
1.0
1.0
1.0
0.9996344040323775
0.9949502881872909
0.988003964802479
0.9812384596399211
0.976307533520663
0.97134973705992
0.964964144727922
0.9585616538223956
0.9527490557592528
0.9444830579213239
0.9363740060724777
0.9288582345918375
0.9234202746249593
0.9218588012653566
0.9227426396209337
0.9234876061709125
0.9253447608796641
0.9278549587139924

0.9667444922367823
0.9840194883633886
0.9976515218729742
1.0
0.9915426783623995
0.9788546800181157

0.9356910128902947
0.9323568246368954
0.9296373646206939
0.9235552190155929
0.9138620538979609
0.9039938337194038
0.8974381971169523
0.8952420340026985
0.8952163355438558
0.8941353206682641
0.8936063185003127
0.8914246971565107
0.8839380178958554
0.8731187616701697
0.8640273058069943
0.8574277645489268
0.8533304709997294
0.8457635183731733

-1.0
-1.0
-1.0
-1.0
-1.0
-1.0

-0.8947930850690701
-0.8863044691107602
-0.8793932095005892
-0.874245494602176
-0.874982380942703
-0.8757035330553181
-0.8744421724510711
-0.873721020338456
-0.8733473324255554
-0.8681943727845056
-0.8630269901012038
-0.8597844279657545
-0.8604137970822187
-0.8638058343828284
-0.8644876509256646
-0.8649832791048799
-0.865874885353204
-0.862165944817409
-0.8524470565219514
-0.8430891428837045
-0.8432130962349874
-0.8466964671182042
-0.8473120081921897
-0.8478627554689131
-0.8492628649140883
-0.8481979929417022
-0.8430961856877547
-0.8402551185339135
-0.8423200686814247
-0.8458231594159824
-0.846214739321172
-0.846897891314039
-0.8483149034889349
-0.8459485213280759
-0.8409875701551319
-0.8395705579802368
-0.8424750103705286
-0.8431990106268871
-0.8418298895195327
-0.8413256247495403
-0.8403354065000858

-0.9280080571601182
-0.9326511663808016
-0.9375481028638685
-0.9395965334024053
-0.9412664496022995
-0.942219415113706
-0.9385916149425586
-0.9344650664663757
-0.9373521660297482
-0.9402496561828084
-0.9403594995595129
-0.9393204405906899
-0.939154191155678
-0.9353749852490734
-0.9318941377035163
-0.9340034274102267
-0.9387563800076145
-0.9394246050560408
-0.9378664193969575
-0.9379955777076989
-0.9364387015844152
-0.9331052674308836
-0.9324860191568985
-0.9376230736045817
-0.9421424716761571
-0.9427633118480183
-0.9422586802211463
-0.9419307492585729
-0.9372808155611198
-0.9324573649951204
-0.9301618482571101
-0.9340811008292192
-0.9396224973375501
-0.941133208422413
-0.9417253944324963
-0.9423653373788765
-0.9375912356470504
-0.9307158287181554
-0.9266931027840702
-0.9266150997881181
-0.9329206072772013
-0.9373540428634415
-0.94021149955188
-0.9433077409218037
-0.9440782194940627
-0.9383633061171857
-0.9344742996047316
-0.9321182907474118
-0.9349821150273561
-0.940458243722748
-0.9440193192726295
-0.9463960228023445
-0.9494747532956263
-0.9476170084736719
-0.9418607057520044
-0.9380847239887863
-0.9356936933781819
-0.9392101957875196
-0.9434096223859043
-0.9456621578812473
-0.9471696851703568
-0.9487233774978863
-0.9438075968550462
-0.9376246655024579
-0.9331786476139913
-0.9287026990038802
-0.9295394359774586
-0.9325727155716012
-0.9316397819667501
-0.9311873516175979
-0.931283730735535
-0.9223631127535556
-0.907373853405689
-0.8946659665812151

-1.0
-0.9330979636960243
-0.6617809635890193
-0.49980385863557353
-0.39495738383082246
-0.531899718269681

1.0
1.0
1.0
1.0
1.0

-1.0
-1.0
-1.0
-1.0
-1.0
-1.0
-1.0

0.20515346968269665
0.20632815585692899
0.21302158260406445
0.21397143119940054
0.20724433893243055
0.1985742652350002
0.19211289010672616
0.1886958398435037
0.18790950948736418
0.18677329819294308
0.1815707730384879
0.17331430429902706
0.16430998008323816
0.15526477630765023
0.14856052850056822
0.14417198752211613
0.14059382369968443
0.13609707212176336
0.13180592068283348
0.12711078300588663
0.12270781394750507
0.11960697910272988
0.11776379189177999
0.11571620688183382
0.11243862805792637
0.10815469065896055
0.1030736018439089
0.09838086884695052
0.09521270296250606
0.09402599338833273
0.09342482339128444
0.09203732303809686
0.08901584263293238
0.08361372903945696

0.014223080960165113
0.008454253668489509
0.0017764573412779594
-0.005340193083779532
-0.010420079558837392
-0.012798308067160091
-0.013674813922856743
-0.013796250262260168
-0.01439140855933796

0.861229249783779
0.8809799405466932
0.9299960456866467
0.9819674305642785
0.9841355177760849

0.7199481631124676
0.7128992385283306
0.7058139248247755
0.6968422461242656
0.6882285894051328
0.6829333856084554
0.6805857004846796
0.678000899163403
0.6747376168413546
0.6692252521707291
0.6598321639905012
0.6503580806735041

0.6044291427545163
0.5936192266020901
0.5842120523111201
0.5785717388012488
0.5747919657519696
0.5715533341237207
0.5674084960376946
0.5623445392257098
0.5559740956423447
0.5505016416188238
0.5460433875687729
0.5445244352936898

-0.9108863407483887
-0.9094323715533749
-0.9088744531413346
-0.9084754569436329
-0.9091359421748566
-0.9068062101391249
-0.9023101767136127
-0.8968053817148163
-0.8910965801855563
-0.8805231809464664
-0.8697660631191702
-0.8632716673814412
-0.8608799444110384
-0.8569159059157949
-0.8524852447486637
-0.8490092439754675
-0.844262992595465
-0.8360632826003285
-0.8292961267500464
-0.8270069705988271
-0.8266181183722536
-0.8239513810734913
-0.8211155775892629
-0.8195263554458756
-0.8150213051571387
-0.8080230921867194
-0.8031280625635054
-0.8025171700800194
-0.8034008226760585
-0.8020539287318402
-0.8002809880002459
-0.798904789250547
-0.792180463500583
-0.7830993551252131
-0.7757551200285385
-0.770110563649756
-0.7676534684209728
-0.765050976272688
-0.7611038443959912
-0.7570552728080151
-0.7523078943201091
-0.7444880196883212
-0.7390339445451642
-0.7358678984453236
-0.738144656409609
-0.7408745117509452
-0.7403988722158321
-0.7388614970359884
-0.7374357055385521
-0.7319793761795887
-0.7258805953158525
-0.7225635167569953
-0.7213079185529288
-0.7240535534049088
-0.7228734714303509
-0.7217226942612737
-0.7208469314205566
-0.718622020419814
-0.7121772174298223
-0.7096051571949216
-0.7065337881589426
-0.7068031669477866
-0.7076586418462478
-0.7070353511758273
-0.706333162952189
-0.7061686051983342
-0.7030735668963901
-0.6995840408283571
-0.6976228730769429
-0.695501656003287
-0.6981537408993083
-0.6982641974738131
-0.6980646993749622
-0.698112037906893
-0.6988976321153619
-0.6944610122315458
-0.6914235481317348
-0.6894416498479792
-0.6912918001655936
-0.6945446120192764
-0.6951817724417328
-0.6951919942666922
-0.6936418701473676
-0.6864135026981923
-0.6757869342454986
-0.6641148371578576
-0.6509602209637164
-0.6432562102674411
-0.6406566708581288
-0.6367851553278085
-0.6352333873099334
-0.6354426138385498
-0.6316186983845054
-0.6233159527829475
-0.6175675187930458
-0.6118750131909417

-0.7922867493756194
-0.793755880431487
-0.7919512456876835
-0.7894693519464943
-0.7895579165846139
-0.7888775317764711
-0.7872198101382548
-0.786507125285621
-0.7846649808127317
-0.7788540986151615
-0.7730525938498632
-0.7686181103223646
-0.7654151962331897
-0.7669687241795006
-0.7680492127645607
-0.7678231124531256
-0.7682138387977713
-0.767275053633703
-0.7615704490018766
-0.7563222127405962
-0.7521846812350288
-0.7491443093052257
-0.750581140316603
-0.749897629697703
-0.7496017196126912
-0.749925761994517
-0.7496913261877296
-0.7452047458142789
-0.7433646852152278
-0.7409077979600955
-0.743111494543897
-0.7441284249768951
-0.7440846636262947
-0.7440804958786182
-0.744786929109738
-0.7410526271918445
-0.7382800330502393
-0.7364618531264882
-0.7368463278496191
-0.7391740149267884
-0.7400231935158182
-0.7406806557117418
-0.7419434832576366
-0.7414277244827043
-0.7389218661923769
-0.7377965743197974
-0.7380289262527466
-0.7411359821453689
-0.7424196484296448
-0.7426874262178421
-0.7427614037390948
-0.7418132411427547
-0.737840335670398
-0.7346415893288989
-0.7344206987020592
-0.737127650817764
-0.7378049098151498

0.7269802278029622
0.7184658746120078
0.7100869509958501
0.7037998934273424
0.6991515337138909
0.6953720068110658
0.690749691246614
0.6863523971295176
0.6821384538213793
0.6767046025740993
0.6713468002418985
0.666268191186973
0.6600373889803033
0.654638957775663
0.6482550159728762
0.6395593955048842

0.6080699358324262
0.5981856604040907
0.588756636700269
0.581555950384854
0.5751522150288282
0.5693193674188735
0.5640792846401503

-1.0
-1.0
-1.0
-1.0
-1.0
-1.0
-1.0
-1.0
-0.9980895085948558
-1.0
-1.0

0.4470424439817009
0.4495870182072841
0.4479231865955995
0.4409646689216904
0.4287449464253661
0.4156444813151432

0.25400077564872214
0.2472961573767074
0.24138857861906637
0.23588928498022255
0.23035558006712953
0.22468516009147832
0.2206804317963893
0.2175527259774428
0.21384467866845092
0.2091563750605685
0.20459920630860973
0.20079629548682165
0.1973328472353333
0.19634050048873308
0.19704453655918885
0.19733935747640707
0.19664741185366097
0.19544580735824635
0.1920344410353516
0.1874372808025082
0.18536609410646476
0.18486387550931016
0.18501919126065247
0.18527774083474324
0.1853921350707617
0.18664907636965333
0.19487053943351507

0.2508208093172444
0.2573991807965412
0.26450291104133905
0.2706785563555456
0.27625119644064533
0.2806588513742896
0.28308604917896596
0.28552762023892475
0.28774969504857584
0.28834154809654655
0.2880710587426616
0.28929232925628634
0.28770442472971225
0.28550267499002113
0.2843182685278527
0.2853324996894886
0.287151429952486
0.2893352199552637
0.2922677295261007
0.29582708389418033
0.2992975313120767
0.30210225114963896
0.3058352255572123
0.3091066817867436
0.3118079794093713

-0.9721854576420741
-0.9654925940745757
-0.957977799893525
-0.9507742221583833
-0.9474158205113297

-0.7549097606430863
-0.7620191353489758
-0.764222277365733
-0.7582288821287715
-0.7533405975443331

-0.7497396358655113
-0.75290036263329
-0.7503917190131499
-0.7457415217462696
-0.7414760066240391
-0.7377054179196204

-0.9093451213809044
-0.9139411615490691
-0.916322735070684
-0.9179661530434493
-0.9189339302695473
-0.9236477867956716
-0.9246239794759097
-0.9218528906483868
-0.9176271304623812
-0.9126283507032317
-0.9029854424665461
-0.8970850069066834
-0.8966365834217959
-0.9008911965934245
-0.9062626607502019
-0.9100159532966343
-0.9115187129644884
-0.907908483138436
-0.9009356782795932
-0.8928772798366921
-0.8853346285117994
-0.8790266445300152
-0.8767172034724574
-0.8782247719712482
-0.8798441457893278
-0.8827522862985592
-0.8883076882386818
-0.893597402269528
-0.8927714855560753
-0.8924024077816503
-0.8959673114485847
-0.8967518668663146
-0.9000596359184843
-0.9036165450652223
-0.9095448127814421
-0.9090598016316555
-0.9075804568464673
-0.9017542452150734
-0.8966646670592947
-0.8924405724590248
-0.8907181143155476
-0.8927432485900948
-0.8937740492292396
-0.8936464147161379
-0.8942821561480633
-0.8932817446787046
-0.8886054592320171
-0.885169051912603
-0.8831901091761314
-0.8856042248239407
-0.8857586018064536
-0.8853963629026033
-0.8850985490386993
-0.8847411724020151
-0.8796503786794445
-0.8764339889492825
-0.873037695333986
-0.8735458022528103
-0.8723727802990663
-0.8705591546462308
-0.8678472251345175

-0.039019086221975696
-0.03785335766898068
-0.037536094736413284
-0.04499238143513473
-0.05498836405417762
-0.06330880742597511

-0.0949991629162028
-0.11621904811681616
-0.12891434111141964
-0.13337805795211244
-0.1348159919245827
-0.13380156761038087
-0.13129174193645132
-0.12902802659490742
-0.13014614206437858
-0.13299702418877313
-0.13566550982317527
-0.13701349484167757
-0.1373183218523486
-0.13595159746843688
-0.132890834451449
-0.13033228642745276
-0.1292791340914029
-0.1294490376711218
-0.13265846632036293
-0.13831150821908544
-0.14440679914148724
-0.14965007358324178
-0.1540913031854425
-0.15591526808536182
-0.15570163931968584
-0.15026709163326635

1.0
1.0
1.0
1.0
1.0
1.0

0.8167215600786668
0.8106307608463852
0.8015875648650563
0.7906937895410271
0.7822903585053196
0.7783299319869186
0.7764722205515688
0.7745726336097076
0.7755659321317723
0.7753961988103129
0.7698989907441549
0.7612473725700186
0.7529662989709021
0.7456462506566706
0.7427870809036257
0.7440122686113473
0.7466789753941039
0.7479791821525761
0.7460364939879616
0.7393478394989628
0.729613361135087
0.7192577865977723

0.6321566515702708
0.6276120367094764
0.6238186613901657
0.6190837125165574
0.6147064422530115
0.6106311543092438
0.6038846794151269

0.5697241991317572
0.5575096279620455
0.5480925311079472
0.5392846315771498
0.5325053510202158
0.5322751736100517
0.5343657411649716

-1.0
-1.0
-1.0
-1.0
-1.0
-1.0
-1.0
-1.0
-1.0
-1.0
-1.0
-1.0
-0.9969658068528573

-1.0
-1.0
-1.0
-1.0
-1.0
-1.0
-1.0
-0.9971282155157651
-0.9960368041502946
-0.9964299254602015

1.0
1.0
1.0
1.0
1.0
1.0
1.0
1.0
1.0
1.0
1.0
0.999306809135255
0.9926293086814659

-1.0
-1.0
-1.0
-1.0
-1.0
-1.0
-1.0
-1.0
-0.9965962245698844

