0.7814905777570105, 0.6884044014154742, 0.5833835738992195, 0.4502789348620142, 0.3135455783553387, 0.17217603382548186, 0.028793827533349692, -0.12233587280708247, -0.25615071386643307, -0.39136653931153365
0.6884044014154742, 0.5833835738992195, 0.4502789348620142, 0.3135455783553387, 0.17217603382548186, 0.028793827533349692, -0.12233587280708247, -0.25615071386643307, -0.39136653931153365, -0.5355527248281285
0.5833835738992195, 0.4502789348620142, 0.3135455783553387, 0.17217603382548186, 0.028793827533349692, -0.12233587280708247, -0.25615071386643307, -0.39136653931153365, -0.5355527248281285, -0.693889596854657
0.4502789348620142, 0.3135455783553387, 0.17217603382548186, 0.028793827533349692, -0.12233587280708247, -0.25615071386643307, -0.39136653931153365, -0.5355527248281285, -0.693889596854657, -0.7922013454642449
0.3135455783553387, 0.17217603382548186, 0.028793827533349692, -0.12233587280708247, -0.25615071386643307, -0.39136653931153365, -0.5355527248281285, -0.693889596854657, -0.7922013454642449, -0.8714943346274298
0.17217603382548186, 0.028793827533349692, -0.12233587280708247, -0.25615071386643307, -0.39136653931153365, -0.5355527248281285, -0.693889596854657, -0.7922013454642449, -0.8714943346274298, -0.9301114305189233
0.028793827533349692, -0.12233587280708247, -0.25615071386643307, -0.39136653931153365, -0.5355527248281285, -0.693889596854657, -0.7922013454642449, -0.8714943346274298, -0.9301114305189233, -0.9697566902765024
-0.12233587280708247, -0.25615071386643307, -0.39136653931153365, -0.5355527248281285, -0.693889596854657, -0.7922013454642449, -0.8714943346274298, -0.9301114305189233, -0.9697566902765024, -0.9837225498621942
-0.25615071386643307, -0.39136653931153365, -0.5355527248281285, -0.693889596854657, -0.7922013454642449, -0.8714943346274298, -0.9301114305189233, -0.9697566902765024, -0.9837225498621942, -0.9823444862638185
-0.39136653931153365, -0.5355527248281285, -0.693889596854657, -0.7922013454642449, -0.8714943346274298, -0.9301114305189233, -0.9697566902765024, -0.9837225498621942, -0.9823444862638185, -0.9709124855525593
-0.5355527248281285, -0.693889596854657, -0.7922013454642449, -0.8714943346274298, -0.9301114305189233, -0.9697566902765024, -0.9837225498621942, -0.9823444862638185, -0.9709124855525593, -0.9606733248377449
-0.8714943346274298, -0.9301114305189233, -0.9697566902765024, -0.9837225498621942, -0.9823444862638185, -0.9709124855525593, -0.9606733248377449, -0.9511676495865812, -0.9363769275602852, -0.9199093145244939
-0.9301114305189233, -0.9697566902765024, -0.9837225498621942, -0.9823444862638185, -0.9709124855525593, -0.9606733248377449, -0.9511676495865812, -0.9363769275602852, -0.9199093145244939, -0.9057483527447676
-0.9697566902765024, -0.9837225498621942, -0.9823444862638185, -0.9709124855525593, -0.9606733248377449, -0.9511676495865812, -0.9363769275602852, -0.9199093145244939, -0.9057483527447676, -0.8829831372432811
-0.9837225498621942, -0.9823444862638185, -0.9709124855525593, -0.9606733248377449, -0.9511676495865812, -0.9363769275602852, -0.9199093145244939, -0.9057483527447676, -0.8829831372432811, -0.8435601458080193
-0.9823444862638185, -0.9709124855525593, -0.9606733248377449, -0.9511676495865812, -0.9363769275602852, -0.9199093145244939, -0.9057483527447676, -0.8829831372432811, -0.8435601458080193, -0.7614863329678256
-0.9709124855525593, -0.9606733248377449, -0.9511676495865812, -0.9363769275602852, -0.9199093145244939, -0.9057483527447676, -0.8829831372432811, -0.8435601458080193, -0.7614863329678256, -0.6587637929842248
-0.9606733248377449, -0.9511676495865812, -0.9363769275602852, -0.9199093145244939, -0.9057483527447676, -0.8829831372432811, -0.8435601458080193, -0.7614863329678256, -0.6587637929842248, -0.5359481966630124
-0.9511676495865812, -0.9363769275602852, -0.9199093145244939, -0.9057483527447676, -0.8829831372432811, -0.8435601458080193, -0.7614863329678256, -0.6587637929842248, -0.5359481966630124, -0.39394837447766906
-0.9363769275602852, -0.9199093145244939, -0.9057483527447676, -0.8829831372432811, -0.8435601458080193, -0.7614863329678256, -0.6587637929842248, -0.5359481966630124, -0.39394837447766906, -0.240956148929655
-0.9199093145244939, -0.9057483527447676, -0.8829831372432811, -0.8435601458080193, -0.7614863329678256, -0.6587637929842248, -0.5359481966630124, -0.39394837447766906, -0.240956148929655, -0.10918066957097339
-0.9057483527447676, -0.8829831372432811, -0.8435601458080193, -0.7614863329678256, -0.6587637929842248, -0.5359481966630124, -0.39394837447766906, -0.240956148929655, -0.10918066957097339, 0.030233431131395427
-0.8829831372432811, -0.8435601458080193, -0.7614863329678256, -0.6587637929842248, -0.5359481966630124, -0.39394837447766906, -0.240956148929655, -0.10918066957097339, 0.030233431131395427, 0.1970334587914535
-0.8435601458080193, -0.7614863329678256, -0.6587637929842248, -0.5359481966630124, -0.39394837447766906, -0.240956148929655, -0.10918066957097339, 0.030233431131395427, 0.1970334587914535, 0.35206314396072225
-0.7614863329678256, -0.6587637929842248, -0.5359481966630124, -0.39394837447766906, -0.240956148929655, -0.10918066957097339, 0.030233431131395427, 0.1970334587914535, 0.35206314396072225, 0.49206008159717074
-0.6587637929842248, -0.5359481966630124, -0.39394837447766906, -0.240956148929655, -0.10918066957097339, 0.030233431131395427, 0.1970334587914535, 0.35206314396072225, 0.49206008159717074, 0.6131493939483754
-0.5359481966630124, -0.39394837447766906, -0.240956148929655, -0.10918066957097339, 0.030233431131395427, 0.1970334587914535, 0.35206314396072225, 0.49206008159717074, 0.6131493939483754, 0.7113870531171904
-0.39394837447766906, -0.240956148929655, -0.10918066957097339, 0.030233431131395427, 0.1970334587914535, 0.35206314396072225, 0.49206008159717074, 0.6131493939483754, 0.7113870531171904, 0.7672480218119313
-0.240956148929655, -0.10918066957097339, 0.030233431131395427, 0.1970334587914535, 0.35206314396072225, 0.49206008159717074, 0.6131493939483754, 0.7113870531171904, 0.7672480218119313, 0.8146998389789493
-0.10918066957097339, 0.030233431131395427, 0.1970334587914535, 0.35206314396072225, 0.49206008159717074, 0.6131493939483754, 0.7113870531171904, 0.7672480218119313, 0.8146998389789493, 0.8557602070552903
0.030233431131395427, 0.1970334587914535, 0.35206314396072225, 0.49206008159717074, 0.6131493939483754, 0.7113870531171904, 0.7672480218119313, 0.8146998389789493, 0.8557602070552903, 0.8870555868377641
0.1970334587914535, 0.35206314396072225, 0.49206008159717074, 0.6131493939483754, 0.7113870531171904, 0.7672480218119313, 0.8146998389789493, 0.8557602070552903, 0.8870555868377641, 0.9030750143180704
0.35206314396072225, 0.49206008159717074, 0.6131493939483754, 0.7113870531171904, 0.7672480218119313, 0.8146998389789493, 0.8557602070552903, 0.8870555868377641, 0.9030750143180704, 0.9029301098279452
0.49206008159717074, 0.6131493939483754, 0.7113870531171904, 0.7672480218119313, 0.8146998389789493, 0.8557602070552903, 0.8870555868377641, 0.9030750143180704, 0.9029301098279452, 0.8851822250838082
0.7672480218119313, 0.8146998389789493, 0.8557602070552903, 0.8870555868377641, 0.9030750143180704, 0.9029301098279452, 0.8851822250838082, 0.8483917031127652, 0.7952868441725471, 0.7262689529045459
0.8146998389789493, 0.8557602070552903, 0.8870555868377641, 0.9030750143180704, 0.9029301098279452, 0.8851822250838082, 0.8483917031127652, 0.7952868441725471, 0.7262689529045459, 0.6430012910197564
0.9030750143180704, 0.9029301098279452, 0.8851822250838082, 0.8483917031127652, 0.7952868441725471, 0.7262689529045459, 0.6430012910197564, 0.5257687294348774, 0.3994056578287217, 0.26530891724899597
0.9029301098279452, 0.8851822250838082, 0.8483917031127652, 0.7952868441725471, 0.7262689529045459, 0.6430012910197564, 0.5257687294348774, 0.3994056578287217, 0.26530891724899597, 0.12416074378673381
0.8851822250838082, 0.8483917031127652, 0.7952868441725471, 0.7262689529045459, 0.6430012910197564, 0.5257687294348774, 0.3994056578287217, 0.26530891724899597, 0.12416074378673381, -0.02002014339407443
0.8483917031127652, 0.7952868441725471, 0.7262689529045459, 0.6430012910197564, 0.5257687294348774, 0.3994056578287217, 0.26530891724899597, 0.12416074378673381, -0.02002014339407443, -0.14372647810557426
0.7952868441725471, 0.7262689529045459, 0.6430012910197564, 0.5257687294348774, 0.3994056578287217, 0.26530891724899597, 0.12416074378673381, -0.02002014339407443, -0.14372647810557426, -0.26895165958908895
0.7262689529045459, 0.6430012910197564, 0.5257687294348774, 0.3994056578287217, 0.26530891724899597, 0.12416074378673381, -0.02002014339407443, -0.14372647810557426, -0.26895165958908895, -0.40245829084919704
0.6430012910197564, 0.5257687294348774, 0.3994056578287217, 0.26530891724899597, 0.12416074378673381, -0.02002014339407443, -0.14372647810557426, -0.26895165958908895, -0.40245829084919704, -0.5179877521192274
0.5257687294348774, 0.3994056578287217, 0.26530891724899597, 0.12416074378673381, -0.02002014339407443, -0.14372647810557426, -0.26895165958908895, -0.40245829084919704, -0.5179877521192274, -0.6166878931727842
0.3994056578287217, 0.26530891724899597, 0.12416074378673381, -0.02002014339407443, -0.14372647810557426, -0.26895165958908895, -0.40245829084919704, -0.5179877521192274, -0.6166878931727842, -0.6991313939402992
0.26530891724899597, 0.12416074378673381, -0.02002014339407443, -0.14372647810557426, -0.26895165958908895, -0.40245829084919704, -0.5179877521192274, -0.6166878931727842, -0.6991313939402992, -0.769351913062207
0.12416074378673381, -0.02002014339407443, -0.14372647810557426, -0.26895165958908895, -0.40245829084919704, -0.5179877521192274, -0.6166878931727842, -0.6991313939402992, -0.769351913062207, -0.8101092947197659
-0.02002014339407443, -0.14372647810557426, -0.26895165958908895, -0.40245829084919704, -0.5179877521192274, -0.6166878931727842, -0.6991313939402992, -0.769351913062207, -0.8101092947197659, -0.8405982762334088
-0.14372647810557426, -0.26895165958908895, -0.40245829084919704, -0.5179877521192274, -0.6166878931727842, -0.6991313939402992, -0.769351913062207, -0.8101092947197659, -0.8405982762334088, -0.865489933905266
-0.26895165958908895, -0.40245829084919704, -0.5179877521192274, -0.6166878931727842, -0.6991313939402992, -0.769351913062207, -0.8101092947197659, -0.8405982762334088, -0.865489933905266, -0.8857229648386977
-0.40245829084919704, -0.5179877521192274, -0.6166878931727842, -0.6991313939402992, -0.769351913062207, -0.8101092947197659, -0.8405982762334088, -0.865489933905266, -0.8857229648386977, -0.8952892095896493
-0.5179877521192274, -0.6166878931727842, -0.6991313939402992, -0.769351913062207, -0.8101092947197659, -0.8405982762334088, -0.865489933905266, -0.8857229648386977, -0.8952892095896493, -0.9006549715465215
-0.6166878931727842, -0.6991313939402992, -0.769351913062207, -0.8101092947197659, -0.8405982762334088, -0.865489933905266, -0.8857229648386977, -0.8952892095896493, -0.9006549715465215, -0.9057219439744728
-0.6991313939402992, -0.769351913062207, -0.8101092947197659, -0.8405982762334088, -0.865489933905266, -0.8857229648386977, -0.8952892095896493, -0.9006549715465215, -0.9057219439744728, -0.9125418149720943
-0.769351913062207, -0.8101092947197659, -0.8405982762334088, -0.865489933905266, -0.8857229648386977, -0.8952892095896493, -0.9006549715465215, -0.9057219439744728, -0.9125418149720943, -0.9118197402772019
-0.8101092947197659, -0.8405982762334088, -0.865489933905266, -0.8857229648386977, -0.8952892095896493, -0.9006549715465215, -0.9057219439744728, -0.9125418149720943, -0.9118197402772019, -0.9027315587725228
-0.8405982762334088, -0.865489933905266, -0.8857229648386977, -0.8952892095896493, -0.9006549715465215, -0.9057219439744728, -0.9125418149720943, -0.9118197402772019, -0.9027315587725228, -0.8879016384870798
-0.865489933905266, -0.8857229648386977, -0.8952892095896493, -0.9006549715465215, -0.9057219439744728, -0.9125418149720943, -0.9118197402772019, -0.9027315587725228, -0.8879016384870798, -0.8404638209453952
-0.8857229648386977, -0.8952892095896493, -0.9006549715465215, -0.9057219439744728, -0.9125418149720943, -0.9118197402772019, -0.9027315587725228, -0.8879016384870798, -0.8404638209453952, -0.7659332628688033
-0.8952892095896493, -0.9006549715465215, -0.9057219439744728, -0.9125418149720943, -0.9118197402772019, -0.9027315587725228, -0.8879016384870798, -0.8404638209453952, -0.7659332628688033, -0.6732363014338161
-0.9006549715465215, -0.9057219439744728, -0.9125418149720943, -0.9118197402772019, -0.9027315587725228, -0.8879016384870798, -0.8404638209453952, -0.7659332628688033, -0.6732363014338161, -0.5645366708123718
-0.9125418149720943, -0.9118197402772019, -0.9027315587725228, -0.8879016384870798, -0.8404638209453952, -0.7659332628688033, -0.6732363014338161, -0.5645366708123718, -0.44013316053338836, -0.320908668755703
-0.9118197402772019, -0.9027315587725228, -0.8879016384870798, -0.8404638209453952, -0.7659332628688033, -0.6732363014338161, -0.5645366708123718, -0.44013316053338836, -0.320908668755703, -0.19484936650395068
-0.9027315587725228, -0.8879016384870798, -0.8404638209453952, -0.7659332628688033, -0.6732363014338161, -0.5645366708123718, -0.44013316053338836, -0.320908668755703, -0.19484936650395068, -0.03534804622771914
-0.8879016384870798, -0.8404638209453952, -0.7659332628688033, -0.6732363014338161, -0.5645366708123718, -0.44013316053338836, -0.320908668755703, -0.19484936650395068, -0.03534804622771914, 0.12047816284278379
-0.8404638209453952, -0.7659332628688033, -0.6732363014338161, -0.5645366708123718, -0.44013316053338836, -0.320908668755703, -0.19484936650395068, -0.03534804622771914, 0.12047816284278379, 0.27146149163202615
-0.7659332628688033, -0.6732363014338161, -0.5645366708123718, -0.44013316053338836, -0.320908668755703, -0.19484936650395068, -0.03534804622771914, 0.12047816284278379, 0.27146149163202615, 0.41843357099550516
-0.6732363014338161, -0.5645366708123718, -0.44013316053338836, -0.320908668755703, -0.19484936650395068, -0.03534804622771914, 0.12047816284278379, 0.27146149163202615, 0.41843357099550516, 0.5630277836913216
-0.5645366708123718, -0.44013316053338836, -0.320908668755703, -0.19484936650395068, -0.03534804622771914, 0.12047816284278379, 0.27146149163202615, 0.41843357099550516, 0.5630277836913216, 0.6763935107894155
-0.44013316053338836, -0.320908668755703, -0.19484936650395068, -0.03534804622771914, 0.12047816284278379, 0.27146149163202615, 0.41843357099550516, 0.5630277836913216, 0.6763935107894155, 0.7946195475579558
-0.320908668755703, -0.19484936650395068, -0.03534804622771914, 0.12047816284278379, 0.27146149163202615, 0.41843357099550516, 0.5630277836913216, 0.6763935107894155, 0.7946195475579558, 0.9206141120784426
-0.19484936650395068, -0.03534804622771914, 0.12047816284278379, 0.27146149163202615, 0.41843357099550516, 0.5630277836913216, 0.6763935107894155, 0.7946195475579558, 0.9206141120784426, 1.0
-0.03534804622771914, 0.12047816284278379, 0.27146149163202615, 0.41843357099550516, 0.5630277836913216, 0.6763935107894155, 0.7946195475579558, 0.9206141120784426, 1.0, 1.0
0.12047816284278379, 0.27146149163202615, 0.41843357099550516, 0.5630277836913216, 0.6763935107894155, 0.7946195475579558, 0.9206141120784426, 1.0, 1.0, 1.0
0.27146149163202615, 0.41843357099550516, 0.5630277836913216, 0.6763935107894155, 0.7946195475579558, 0.9206141120784426, 1.0, 1.0, 1.0, 1.0
0.41843357099550516, 0.5630277836913216, 0.6763935107894155, 0.7946195475579558, 0.9206141120784426, 1.0, 1.0, 1.0, 1.0, 1.0
0.5630277836913216, 0.6763935107894155, 0.7946195475579558, 0.9206141120784426, 1.0, 1.0, 1.0, 1.0, 1.0, 1.0
0.6763935107894155, 0.7946195475579558, 0.9206141120784426, 1.0, 1.0, 1.0, 1.0, 1.0, 1.0, 1.0
0.7946195475579558, 0.9206141120784426, 1.0, 1.0, 1.0, 1.0, 1.0, 1.0, 1.0, 0.987139971069513
0.9206141120784426, 1.0, 1.0, 1.0, 1.0, 1.0, 1.0, 1.0, 0.987139971069513, 0.9649639996500676
1.0, 1.0, 1.0, 1.0, 1.0, 1.0, 1.0, 0.987139971069513, 0.9649639996500676, 0.9412723311014952
1.0, 1.0, 1.0, 1.0, 1.0, 1.0, 0.987139971069513, 0.9649639996500676, 0.9412723311014952, 0.9207239539146697
1.0, 1.0, 1.0, 1.0, 1.0, 0.987139971069513, 0.9649639996500676, 0.9412723311014952, 0.9207239539146697, 0.9046575643459209
1.0, 1.0, 1.0, 1.0, 0.987139971069513, 0.9649639996500676, 0.9412723311014952, 0.9207239539146697, 0.9046575643459209, 0.8948574125727584
1.0, 1.0, 1.0, 0.987139971069513, 0.9649639996500676, 0.9412723311014952, 0.9207239539146697, 0.9046575643459209, 0.8948574125727584, 0.8906989093084154
1.0, 1.0, 0.987139971069513, 0.9649639996500676, 0.9412723311014952, 0.9207239539146697, 0.9046575643459209, 0.8948574125727584, 0.8906989093084154, 0.884807018186331
1.0, 0.987139971069513, 0.9649639996500676, 0.9412723311014952, 0.9207239539146697, 0.9046575643459209, 0.8948574125727584, 0.8906989093084154, 0.884807018186331, 0.8715584011328066
0.987139971069513, 0.9649639996500676, 0.9412723311014952, 0.9207239539146697, 0.9046575643459209, 0.8948574125727584, 0.8906989093084154, 0.884807018186331, 0.8715584011328066, 0.8567005002817771
0.9649639996500676, 0.9412723311014952, 0.9207239539146697, 0.9046575643459209, 0.8948574125727584, 0.8906989093084154, 0.884807018186331, 0.8715584011328066, 0.8567005002817771, 0.8414072179735239
0.9412723311014952, 0.9207239539146697, 0.9046575643459209, 0.8948574125727584, 0.8906989093084154, 0.884807018186331, 0.8715584011328066, 0.8567005002817771, 0.8414072179735239, 0.8277455988834712
0.9207239539146697, 0.9046575643459209, 0.8948574125727584, 0.8906989093084154, 0.884807018186331, 0.8715584011328066, 0.8567005002817771, 0.8414072179735239, 0.8277455988834712, 0.8180634476921735
0.9046575643459209, 0.8948574125727584, 0.8906989093084154, 0.884807018186331, 0.8715584011328066, 0.8567005002817771, 0.8414072179735239, 0.8277455988834712, 0.8180634476921735, 0.8112540003214501
0.8948574125727584, 0.8906989093084154, 0.884807018186331, 0.8715584011328066, 0.8567005002817771, 0.8414072179735239, 0.8277455988834712, 0.8180634476921735, 0.8112540003214501, 0.8021272656620348
0.8906989093084154, 0.884807018186331, 0.8715584011328066, 0.8567005002817771, 0.8414072179735239, 0.8277455988834712, 0.8180634476921735, 0.8112540003214501, 0.8021272656620348, 0.7915397651788423
0.884807018186331, 0.8715584011328066, 0.8567005002817771, 0.8414072179735239, 0.8277455988834712, 0.8180634476921735, 0.8112540003214501, 0.8021272656620348, 0.7915397651788423, 0.7794752229295476
0.8715584011328066, 0.8567005002817771, 0.8414072179735239, 0.8277455988834712, 0.8180634476921735, 0.8112540003214501, 0.8021272656620348, 0.7915397651788423, 0.7794752229295476, 0.7667860913934852
0.8567005002817771, 0.8414072179735239, 0.8277455988834712, 0.8180634476921735, 0.8112540003214501, 0.8021272656620348, 0.7915397651788423, 0.7794752229295476, 0.7667860913934852, 0.7582269802226964
0.8414072179735239, 0.8277455988834712, 0.8180634476921735, 0.8112540003214501, 0.8021272656620348, 0.7915397651788423, 0.7794752229295476, 0.7667860913934852, 0.7582269802226964, 0.7554193801714273
0.8277455988834712, 0.8180634476921735, 0.8112540003214501, 0.8021272656620348, 0.7915397651788423, 0.7794752229295476, 0.7667860913934852, 0.7582269802226964, 0.7554193801714273, 0.7556960711909722
0.8180634476921735, 0.8112540003214501, 0.8021272656620348, 0.7915397651788423, 0.7794752229295476, 0.7667860913934852, 0.7582269802226964, 0.7554193801714273, 0.7556960711909722, 0.7575494941233676
0.8112540003214501, 0.8021272656620348, 0.7915397651788423, 0.7794752229295476, 0.7667860913934852, 0.7582269802226964, 0.7554193801714273, 0.7556960711909722, 0.7575494941233676, 0.759994954457879
0.8021272656620348, 0.7915397651788423, 0.7794752229295476, 0.7667860913934852, 0.7582269802226964, 0.7554193801714273, 0.7556960711909722, 0.7575494941233676, 0.759994954457879, 0.7590936741515661
0.7915397651788423, 0.7794752229295476, 0.7667860913934852, 0.7582269802226964, 0.7554193801714273, 0.7556960711909722, 0.7575494941233676, 0.759994954457879, 0.7590936741515661, 0.7598728848904326
0.7794752229295476, 0.7667860913934852, 0.7582269802226964, 0.7554193801714273, 0.7556960711909722, 0.7575494941233676, 0.759994954457879, 0.7590936741515661, 0.7598728848904326, 0.7619663779721404
0.7667860913934852, 0.7582269802226964, 0.7554193801714273, 0.7556960711909722, 0.7575494941233676, 0.759994954457879, 0.7590936741515661, 0.7598728848904326, 0.7619663779721404, 0.7648716336773664
0.7582269802226964, 0.7554193801714273, 0.7556960711909722, 0.7575494941233676, 0.759994954457879, 0.7590936741515661, 0.7598728848904326, 0.7619663779721404, 0.7648716336773664, 0.769005723028221
0.7554193801714273, 0.7556960711909722, 0.7575494941233676, 0.759994954457879, 0.7590936741515661, 0.7598728848904326, 0.7619663779721404, 0.7648716336773664, 0.769005723028221, 0.7740451616709705
0.7556960711909722, 0.7575494941233676, 0.759994954457879, 0.7590936741515661, 0.7598728848904326, 0.7619663779721404, 0.7648716336773664, 0.769005723028221, 0.7740451616709705, 0.7744866466065676
0.7575494941233676, 0.759994954457879, 0.7590936741515661, 0.7598728848904326, 0.7619663779721404, 0.7648716336773664, 0.769005723028221, 0.7740451616709705, 0.7744866466065676, 0.7735243315165314
0.759994954457879, 0.7590936741515661, 0.7598728848904326, 0.7619663779721404, 0.7648716336773664, 0.769005723028221, 0.7740451616709705, 0.7744866466065676, 0.7735243315165314, 0.7709669740785272
0.7590936741515661, 0.7598728848904326, 0.7619663779721404, 0.7648716336773664, 0.769005723028221, 0.7740451616709705, 0.7744866466065676, 0.7735243315165314, 0.7709669740785272, 0.7670566789346591
0.7598728848904326, 0.7619663779721404, 0.7648716336773664, 0.769005723028221, 0.7740451616709705, 0.7744866466065676, 0.7735243315165314, 0.7709669740785272, 0.7670566789346591, 0.7656813618080947
0.7619663779721404, 0.7648716336773664, 0.769005723028221, 0.7740451616709705, 0.7744866466065676, 0.7735243315165314, 0.7709669740785272, 0.7670566789346591, 0.7656813618080947, 0.7653700844111062
0.7648716336773664, 0.769005723028221, 0.7740451616709705, 0.7744866466065676, 0.7735243315165314, 0.7709669740785272, 0.7670566789346591, 0.7656813618080947, 0.7653700844111062, 0.7627964510307761
0.769005723028221, 0.7740451616709705, 0.7744866466065676, 0.7735243315165314, 0.7709669740785272, 0.7670566789346591, 0.7656813618080947, 0.7653700844111062, 0.7627964510307761, 0.7600865066334639
0.7740451616709705, 0.7744866466065676, 0.7735243315165314, 0.7709669740785272, 0.7670566789346591, 0.7656813618080947, 0.7653700844111062, 0.7627964510307761, 0.7600865066334639, 0.7555556911884083
0.7744866466065676, 0.7735243315165314, 0.7709669740785272, 0.7670566789346591, 0.7656813618080947, 0.7653700844111062, 0.7627964510307761, 0.7600865066334639, 0.7555556911884083, 0.7465937504450453
0.7735243315165314, 0.7709669740785272, 0.7670566789346591, 0.7656813618080947, 0.7653700844111062, 0.7627964510307761, 0.7600865066334639, 0.7555556911884083, 0.7465937504450453, 0.7365514940297813
0.7709669740785272, 0.7670566789346591, 0.7656813618080947, 0.7653700844111062, 0.7627964510307761, 0.7600865066334639, 0.7555556911884083, 0.7465937504450453, 0.7365514940297813, 0.7278560718420093
0.7670566789346591, 0.7656813618080947, 0.7653700844111062, 0.7627964510307761, 0.7600865066334639, 0.7555556911884083, 0.7465937504450453, 0.7365514940297813, 0.7278560718420093, 0.7205644496798731
0.7656813618080947, 0.7653700844111062, 0.7627964510307761, 0.7600865066334639, 0.7555556911884083, 0.7465937504450453, 0.7365514940297813, 0.7278560718420093, 0.7205644496798731, 0.717795504991628
0.7653700844111062, 0.7627964510307761, 0.7600865066334639, 0.7555556911884083, 0.7465937504450453, 0.7365514940297813, 0.7278560718420093, 0.7205644496798731, 0.717795504991628, 0.720080240395669
0.7627964510307761, 0.7600865066334639, 0.7555556911884083, 0.7465937504450453, 0.7365514940297813, 0.7278560718420093, 0.7205644496798731, 0.717795504991628, 0.720080240395669, 0.7219662152127164
0.7600865066334639, 0.7555556911884083, 0.7465937504450453, 0.7365514940297813, 0.7278560718420093, 0.7205644496798731, 0.717795504991628, 0.720080240395669, 0.7219662152127164, 0.7247412633793335
0.7555556911884083, 0.7465937504450453, 0.7365514940297813, 0.7278560718420093, 0.7205644496798731, 0.717795504991628, 0.720080240395669, 0.7219662152127164, 0.7247412633793335, 0.725709681947742
0.7465937504450453, 0.7365514940297813, 0.7278560718420093, 0.7205644496798731, 0.717795504991628, 0.720080240395669, 0.7219662152127164, 0.7247412633793335, 0.725709681947742, 0.7235632920534745
0.7365514940297813, 0.7278560718420093, 0.7205644496798731, 0.717795504991628, 0.720080240395669, 0.7219662152127164, 0.7247412633793335, 0.725709681947742, 0.7235632920534745, 0.7192318569019158
0.7278560718420093, 0.7205644496798731, 0.717795504991628, 0.720080240395669, 0.7219662152127164, 0.7247412633793335, 0.725709681947742, 0.7235632920534745, 0.7192318569019158, 0.71504283624571
0.7205644496798731, 0.717795504991628, 0.720080240395669, 0.7219662152127164, 0.7247412633793335, 0.725709681947742, 0.7235632920534745, 0.7192318569019158, 0.71504283624571, 0.7098650520931882
0.717795504991628, 0.720080240395669, 0.7219662152127164, 0.7247412633793335, 0.725709681947742, 0.7235632920534745, 0.7192318569019158, 0.71504283624571, 0.7098650520931882, 0.7077186621989207
0.720080240395669, 0.7219662152127164, 0.7247412633793335, 0.725709681947742, 0.7235632920534745, 0.7192318569019158, 0.71504283624571, 0.7098650520931882, 0.7077186621989207, 0.7097633274536492
0.7219662152127164, 0.7247412633793335, 0.725709681947742, 0.7235632920534745, 0.7192318569019158, 0.71504283624571, 0.7098650520931882, 0.7077186621989207, 0.7097633274536492, 0.7125933069256178
0.7247412633793335, 0.725709681947742, 0.7235632920534745, 0.7192318569019158, 0.71504283624571, 0.7098650520931882, 0.7077186621989207, 0.7097633274536492, 0.7125933069256178, 0.7159319095952787
0.725709681947742, 0.7235632920534745, 0.7192318569019158, 0.71504283624571, 0.7098650520931882, 0.7077186621989207, 0.7097633274536492, 0.7125933069256178, 0.7159319095952787, 0.7184974050044453
0.7235632920534745, 0.7192318569019158, 0.71504283624571, 0.7098650520931882, 0.7077186621989207, 0.7097633274536492, 0.7125933069256178, 0.7159319095952787, 0.7184974050044453, 0.7179460574581458
0.7192318569019158, 0.71504283624571, 0.7098650520931882, 0.7077186621989207, 0.7097633274536492, 0.7125933069256178, 0.7159319095952787, 0.7184974050044453, 0.7179460574581458, 0.7127031695363188
0.71504283624571, 0.7098650520931882, 0.7077186621989207, 0.7097633274536492, 0.7125933069256178, 0.7159319095952787, 0.7184974050044453, 0.7179460574581458, 0.7127031695363188, 0.7052284430230131
0.7098650520931882, 0.7077186621989207, 0.7097633274536492, 0.7125933069256178, 0.7159319095952787, 0.7184974050044453, 0.7179460574581458, 0.7127031695363188, 0.7052284430230131, 0.6975685776657459
0.7077186621989207, 0.7097633274536492, 0.7125933069256178, 0.7159319095952787, 0.7184974050044453, 0.7179460574581458, 0.7127031695363188, 0.7052284430230131, 0.6975685776657459, 0.6925738978643938
0.7097633274536492, 0.7125933069256178, 0.7159319095952787, 0.7184974050044453, 0.7179460574581458, 0.7127031695363188, 0.7052284430230131, 0.6975685776657459, 0.6925738978643938, 0.6919961019118133
0.7125933069256178, 0.7159319095952787, 0.7184974050044453, 0.7179460574581458, 0.7127031695363188, 0.7052284430230131, 0.6975685776657459, 0.6925738978643938, 0.6919961019118133, 0.6922483790178697
0.7159319095952787, 0.7184974050044453, 0.7179460574581458, 0.7127031695363188, 0.7052284430230131, 0.6975685776657459, 0.6925738978643938, 0.6919961019118133, 0.6922483790178697, 0.6943744239842295
0.7184974050044453, 0.7179460574581458, 0.7127031695363188, 0.7052284430230131, 0.6975685776657459, 0.6925738978643938, 0.6919961019118133, 0.6922483790178697, 0.6943744239842295, 0.6955605332812509
0.7179460574581458, 0.7127031695363188, 0.7052284430230131, 0.6975685776657459, 0.6925738978643938, 0.6919961019118133, 0.6922483790178697, 0.6943744239842295, 0.6955605332812509, 0.6928912787397541
0.7127031695363188, 0.7052284430230131, 0.6975685776657459, 0.6925738978643938, 0.6919961019118133, 0.6922483790178697, 0.6943744239842295, 0.6955605332812509, 0.6928912787397541, 0.6868874905141782
0.7052284430230131, 0.6975685776657459, 0.6925738978643938, 0.6919961019118133, 0.6922483790178697, 0.6943744239842295, 0.6955605332812509, 0.6928912787397541, 0.6868874905141782, 0.6817015683904928
0.6975685776657459, 0.6925738978643938, 0.6919961019118133, 0.6922483790178697, 0.6943744239842295, 0.6955605332812509, 0.6928912787397541, 0.6868874905141782, 0.6817015683904928, 0.676133161622142
0.6925738978643938, 0.6919961019118133, 0.6922483790178697, 0.6943744239842295, 0.6955605332812509, 0.6928912787397541, 0.6868874905141782, 0.6817015683904928, 0.676133161622142, 0.6780516883238423
0.6919961019118133, 0.6922483790178697, 0.6943744239842295, 0.6955605332812509, 0.6928912787397541, 0.6868874905141782, 0.6817015683904928, 0.676133161622142, 0.6780516883238423, 0.6849201359854988
0.6922483790178697, 0.6943744239842295, 0.6955605332812509, 0.6928912787397541, 0.6868874905141782, 0.6817015683904928, 0.676133161622142, 0.6780516883238423, 0.6849201359854988, 0.6914773062501658
0.6943744239842295, 0.6955605332812509, 0.6928912787397541, 0.6868874905141782, 0.6817015683904928, 0.676133161622142, 0.6780516883238423, 0.6849201359854988, 0.6914773062501658, 0.6971891768652652
0.6955605332812509, 0.6928912787397541, 0.6868874905141782, 0.6817015683904928, 0.676133161622142, 0.6780516883238423, 0.6849201359854988, 0.6914773062501658, 0.6971891768652652, 0.7003208028969421
0.6928912787397541, 0.6868874905141782, 0.6817015683904928, 0.676133161622142, 0.6780516883238423, 0.6849201359854988, 0.6914773062501658, 0.6971891768652652, 0.7003208028969421, 0.6952387407788536
0.6868874905141782, 0.6817015683904928, 0.676133161622142, 0.6780516883238423, 0.6849201359854988, 0.6914773062501658, 0.6971891768652652, 0.7003208028969421, 0.6952387407788536, 0.6877314757533022
0.6817015683904928, 0.676133161622142, 0.6780516883238423, 0.6849201359854988, 0.6914773062501658, 0.6971891768652652, 0.7003208028969421, 0.6952387407788536, 0.6877314757533022, 0.6795455842303211
0.676133161622142, 0.6780516883238423, 0.6849201359854988, 0.6914773062501658, 0.6971891768652652, 0.7003208028969421, 0.6952387407788536, 0.6877314757533022, 0.6795455842303211, 0.6714608229985779
0.6780516883238423, 0.6849201359854988, 0.6914773062501658, 0.6971891768652652, 0.7003208028969421, 0.6952387407788536, 0.6877314757533022, 0.6795455842303211, 0.6714608229985779, 0.6690373767831568
0.6849201359854988, 0.6914773062501658, 0.6971891768652652, 0.7003208028969421, 0.6952387407788536, 0.6877314757533022, 0.6795455842303211, 0.6714608229985779, 0.6690373767831568, 0.6687466571581391
0.6914773062501658, 0.6971891768652652, 0.7003208028969421, 0.6952387407788536, 0.6877314757533022, 0.6795455842303211, 0.6714608229985779, 0.6690373767831568, 0.6687466571581391, 0.6676938268062422
0.6971891768652652, 0.7003208028969421, 0.6952387407788536, 0.6877314757533022, 0.6795455842303211, 0.6714608229985779, 0.6690373767831568, 0.6687466571581391, 0.6676938268062422, 0.6658519011605399
0.7003208028969421, 0.6952387407788536, 0.6877314757533022, 0.6795455842303211, 0.6714608229985779, 0.6690373767831568, 0.6687466571581391, 0.6676938268062422, 0.6658519011605399, 0.6620076989538157
0.6952387407788536, 0.6877314757533022, 0.6795455842303211, 0.6714608229985779, 0.6690373767831568, 0.6687466571581391, 0.6676938268062422, 0.6658519011605399, 0.6620076989538157, 0.6524815886555946
0.6877314757533022, 0.6795455842303211, 0.6714608229985779, 0.6690373767831568, 0.6687466571581391, 0.6676938268062422, 0.6658519011605399, 0.6620076989538157, 0.6524815886555946, 0.6425651504714001
0.6795455842303211, 0.6714608229985779, 0.6690373767831568, 0.6687466571581391, 0.6676938268062422, 0.6658519011605399, 0.6620076989538157, 0.6524815886555946, 0.6425651504714001, 0.6341551669390175
-0.9702094447737599, -0.9531179608772967, -0.9406599486267534, -0.9319976289270888, -0.921296186524402, -0.9156668642560752, -0.9157241651847459, -0.9165323058684045, -0.9170717249555423, -0.9220134360798257
-0.9531179608772967, -0.9406599486267534, -0.9319976289270888, -0.921296186524402, -0.9156668642560752, -0.9157241651847459, -0.9165323058684045, -0.9170717249555423, -0.9220134360798257, -0.9257913455838764
-0.9406599486267534, -0.9319976289270888, -0.921296186524402, -0.9156668642560752, -0.9157241651847459, -0.9165323058684045, -0.9170717249555423, -0.9220134360798257, -0.9257913455838764, -0.9328887571626161
-0.9319976289270888, -0.921296186524402, -0.9156668642560752, -0.9157241651847459, -0.9165323058684045, -0.9170717249555423, -0.9220134360798257, -0.9257913455838764, -0.9328887571626161, -0.9340150167950998
-0.921296186524402, -0.9156668642560752, -0.9157241651847459, -0.9165323058684045, -0.9170717249555423, -0.9220134360798257, -0.9257913455838764, -0.9328887571626161, -0.9340150167950998, -0.9342501481920562
-0.9156668642560752, -0.9157241651847459, -0.9165323058684045, -0.9170717249555423, -0.9220134360798257, -0.9257913455838764, -0.9328887571626161, -0.9340150167950998, -0.9342501481920562, -0.9352301916617269
-0.9157241651847459, -0.9165323058684045, -0.9170717249555423, -0.9220134360798257, -0.9257913455838764, -0.9328887571626161, -0.9340150167950998, -0.9342501481920562, -0.9352301916617269, -0.9366508595139293
-0.9165323058684045, -0.9170717249555423, -0.9220134360798257, -0.9257913455838764, -0.9328887571626161, -0.9340150167950998, -0.9342501481920562, -0.9352301916617269, -0.9366508595139293, -0.9339458605018771
-0.9170717249555423, -0.9220134360798257, -0.9257913455838764, -0.9328887571626161, -0.9340150167950998, -0.9342501481920562, -0.9352301916617269, -0.9366508595139293, -0.9339458605018771, -0.9367298952776124
-0.9220134360798257, -0.9257913455838764, -0.9328887571626161, -0.9340150167950998, -0.9342501481920562, -0.9352301916617269, -0.9366508595139293, -0.9339458605018771, -0.9367298952776124, -0.9391582691167751
-0.9257913455838764, -0.9328887571626161, -0.9340150167950998, -0.9342501481920562, -0.9352301916617269, -0.9366508595139293, -0.9339458605018771, -0.9367298952776124, -0.9391582691167751, -0.9393598103141672
-0.9328887571626161, -0.9340150167950998, -0.9342501481920562, -0.9352301916617269, -0.9366508595139293, -0.9339458605018771, -0.9367298952776124, -0.9391582691167751, -0.9393598103141672, -0.942171507607192
-0.9340150167950998, -0.9342501481920562, -0.9352301916617269, -0.9366508595139293, -0.9339458605018771, -0.9367298952776124, -0.9391582691167751, -0.9393598103141672, -0.942171507607192, -0.9410867417506414
-0.9342501481920562, -0.9352301916617269, -0.9366508595139293, -0.9339458605018771, -0.9367298952776124, -0.9391582691167751, -0.9393598103141672, -0.942171507607192, -0.9410867417506414, -0.9378561549100961
-0.9352301916617269, -0.9366508595139293, -0.9339458605018771, -0.9367298952776124, -0.9391582691167751, -0.9393598103141672, -0.942171507607192, -0.9410867417506414, -0.9378561549100961, -0.933827030885424
-0.9366508595139293, -0.9339458605018771, -0.9367298952776124, -0.9391582691167751, -0.9393598103141672, -0.942171507607192, -0.9410867417506414, -0.9378561549100961, -0.933827030885424, -0.9323644016607376
-0.9339458605018771, -0.9367298952776124, -0.9391582691167751, -0.9393598103141672, -0.942171507607192, -0.9410867417506414, -0.9378561549100961, -0.933827030885424, -0.9323644016607376, -0.9285247942204783
-0.9367298952776124, -0.9391582691167751, -0.9393598103141672, -0.942171507607192, -0.9410867417506414, -0.9378561549100961, -0.933827030885424, -0.9323644016607376, -0.9285247942204783, -0.9288249280234764
-0.9391582691167751, -0.9393598103141672, -0.942171507607192, -0.9410867417506414, -0.9378561549100961, -0.933827030885424, -0.9323644016607376, -0.9285247942204783, -0.9288249280234764, -0.9306128326170025
-0.9393598103141672, -0.942171507607192, -0.9410867417506414, -0.9378561549100961, -0.933827030885424, -0.9323644016607376, -0.9285247942204783, -0.9288249280234764, -0.9306128326170025, -0.9330591762795147
-0.942171507607192, -0.9410867417506414, -0.9378561549100961, -0.933827030885424, -0.9323644016607376, -0.9285247942204783, -0.9288249280234764, -0.9306128326170025, -0.9330591762795147, -0.9381100830902391
-0.9410867417506414, -0.9378561549100961, -0.933827030885424, -0.9323644016607376, -0.9285247942204783, -0.9288249280234764, -0.9306128326170025, -0.9330591762795147, -0.9381100830902391, -0.938893656208794
-0.9378561549100961, -0.933827030885424, -0.9323644016607376, -0.9285247942204783, -0.9288249280234764, -0.9306128326170025, -0.9330591762795147, -0.9381100830902391, -0.938893656208794, -0.9365187742079594
-0.933827030885424, -0.9323644016607376, -0.9285247942204783, -0.9288249280234764, -0.9306128326170025, -0.9330591762795147, -0.9381100830902391, -0.938893656208794, -0.9365187742079594, -0.9338348738804259
-0.9323644016607376, -0.9285247942204783, -0.9288249280234764, -0.9306128326170025, -0.9330591762795147, -0.9381100830902391, -0.938893656208794, -0.9365187742079594, -0.9338348738804259, -0.9316027435969892
-0.9285247942204783, -0.9288249280234764, -0.9306128326170025, -0.9330591762795147, -0.9381100830902391, -0.938893656208794, -0.9365187742079594, -0.9338348738804259, -0.9316027435969892, -0.9258915855284928
-0.9288249280234764, -0.9306128326170025, -0.9330591762795147, -0.9381100830902391, -0.938893656208794, -0.9365187742079594, -0.9338348738804259, -0.9316027435969892, -0.9258915855284928, -0.9233745207385552
-0.9306128326170025, -0.9330591762795147, -0.9381100830902391, -0.938893656208794, -0.9365187742079594, -0.9338348738804259, -0.9316027435969892, -0.9258915855284928, -0.9233745207385552, -0.9237133562534057
-0.9330591762795147, -0.9381100830902391, -0.938893656208794, -0.9365187742079594, -0.9338348738804259, -0.9316027435969892, -0.9258915855284928, -0.9233745207385552, -0.9237133562534057, -0.9220758496995971
-0.9381100830902391, -0.938893656208794, -0.9365187742079594, -0.9338348738804259, -0.9316027435969892, -0.9258915855284928, -0.9233745207385552, -0.9237133562534057, -0.9220758496995971, -0.9240395850668928
-0.938893656208794, -0.9365187742079594, -0.9338348738804259, -0.9316027435969892, -0.9258915855284928, -0.9233745207385552, -0.9237133562534057, -0.9220758496995971, -0.9240395850668928, -0.9247936782963612
-0.9365187742079594, -0.9338348738804259, -0.9316027435969892, -0.9258915855284928, -0.9233745207385552, -0.9237133562534057, -0.9220758496995971, -0.9240395850668928, -0.9247936782963612, -0.9216357594954261
-0.9338348738804259, -0.9316027435969892, -0.9258915855284928, -0.9233745207385552, -0.9237133562534057, -0.9220758496995971, -0.9240395850668928, -0.9247936782963612, -0.9216357594954261, -0.9181987119392463
-0.9316027435969892, -0.9258915855284928, -0.9233745207385552, -0.9237133562534057, -0.9220758496995971, -0.9240395850668928, -0.9247936782963612, -0.9216357594954261, -0.9181987119392463, -0.9168274431272911
-0.9258915855284928, -0.9233745207385552, -0.9237133562534057, -0.9220758496995971, -0.9240395850668928, -0.9247936782963612, -0.9216357594954261, -0.9181987119392463, -0.9168274431272911, -0.9112380804455504
-0.9233745207385552, -0.9237133562534057, -0.9220758496995971, -0.9240395850668928, -0.9247936782963612, -0.9216357594954261, -0.9181987119392463, -0.9168274431272911, -0.9112380804455504, -0.907026643220484
-0.9237133562534057, -0.9220758496995971, -0.9240395850668928, -0.9247936782963612, -0.9216357594954261, -0.9181987119392463, -0.9168274431272911, -0.9112380804455504, -0.907026643220484, -0.9072574069040498
-0.9220758496995971, -0.9240395850668928, -0.9247936782963612, -0.9216357594954261, -0.9181987119392463, -0.9168274431272911, -0.9112380804455504, -0.907026643220484, -0.9072574069040498, -0.9067648151949005
-0.9240395850668928, -0.9247936782963612, -0.9216357594954261, -0.9181987119392463, -0.9168274431272911, -0.9112380804455504, -0.907026643220484, -0.9072574069040498, -0.9067648151949005, -0.9114777196554077
-0.9247936782963612, -0.9216357594954261, -0.9181987119392463, -0.9168274431272911, -0.9112380804455504, -0.907026643220484, -0.9072574069040498, -0.9067648151949005, -0.9114777196554077, -0.9166499326014717
-0.9216357594954261, -0.9181987119392463, -0.9168274431272911, -0.9112380804455504, -0.907026643220484, -0.9072574069040498, -0.9067648151949005, -0.9114777196554077, -0.9166499326014717, -0.9180855489790368
-0.9181987119392463, -0.9168274431272911, -0.9112380804455504, -0.907026643220484, -0.9072574069040498, -0.9067648151949005, -0.9114777196554077, -0.9166499326014717, -0.9180855489790368, -0.9188222176611879
-0.9168274431272911, -0.9112380804455504, -0.907026643220484, -0.9072574069040498, -0.9067648151949005, -0.9114777196554077, -0.9166499326014717, -0.9180855489790368, -0.9188222176611879, -0.9213450860093959
-0.855571478517448, -0.7733795398050569, -0.6763190551749845, -0.5779023440051332, -0.4787652575485726, -0.34537864846070265, -0.20378744510740354, -0.055555342111026196, 0.09762525885485296, 0.25394861707154903
-0.7733795398050569, -0.6763190551749845, -0.5779023440051332, -0.4787652575485726, -0.34537864846070265, -0.20378744510740354, -0.055555342111026196, 0.09762525885485296, 0.25394861707154903, 0.3706282825100564
-0.6763190551749845, -0.5779023440051332, -0.4787652575485726, -0.34537864846070265, -0.20378744510740354, -0.055555342111026196, 0.09762525885485296, 0.25394861707154903, 0.3706282825100564, 0.46890668162485927
-0.5779023440051332, -0.4787652575485726, -0.34537864846070265, -0.20378744510740354, -0.055555342111026196, 0.09762525885485296, 0.25394861707154903, 0.3706282825100564, 0.46890668162485927, 0.5461462803662192
-0.4787652575485726, -0.34537864846070265, -0.20378744510740354, -0.055555342111026196, 0.09762525885485296, 0.25394861707154903, 0.3706282825100564, 0.46890668162485927, 0.5461462803662192, 0.6058413791248685
-0.34537864846070265, -0.20378744510740354, -0.055555342111026196, 0.09762525885485296, 0.25394861707154903, 0.3706282825100564, 0.46890668162485927, 0.5461462803662192, 0.6058413791248685, 0.6511481821569762
-0.20378744510740354, -0.055555342111026196, 0.09762525885485296, 0.25394861707154903, 0.3706282825100564, 0.46890668162485927, 0.5461462803662192, 0.6058413791248685, 0.6511481821569762, 0.6871976825046768
-0.055555342111026196, 0.09762525885485296, 0.25394861707154903, 0.3706282825100564, 0.46890668162485927, 0.5461462803662192, 0.6058413791248685, 0.6511481821569762, 0.6871976825046768, 0.7146161264172184
0.09762525885485296, 0.25394861707154903, 0.3706282825100564, 0.46890668162485927, 0.5461462803662192, 0.6058413791248685, 0.6511481821569762, 0.6871976825046768, 0.7146161264172184, 0.7301128395849092
0.25394861707154903, 0.3706282825100564, 0.46890668162485927, 0.5461462803662192, 0.6058413791248685, 0.6511481821569762, 0.6871976825046768, 0.7146161264172184, 0.7301128395849092, 0.7228802717063474
0.3706282825100564, 0.46890668162485927, 0.5461462803662192, 0.6058413791248685, 0.6511481821569762, 0.6871976825046768, 0.7146161264172184, 0.7301128395849092, 0.7228802717063474, 0.6847618535352171
0.6058413791248685, 0.6511481821569762, 0.6871976825046768, 0.7146161264172184, 0.7301128395849092, 0.7228802717063474, 0.6847618535352171, 0.6255950299868214, 0.5582870051982278, 0.48064207529554515
0.6511481821569762, 0.6871976825046768, 0.7146161264172184, 0.7301128395849092, 0.7228802717063474, 0.6847618535352171, 0.6255950299868214, 0.5582870051982278, 0.48064207529554515, 0.4025053691971361
0.7301128395849092, 0.7228802717063474, 0.6847618535352171, 0.6255950299868214, 0.5582870051982278, 0.48064207529554515, 0.4025053691971361, 0.33087125068675705, 0.25819210776045876, 0.17613848110311503
0.7228802717063474, 0.6847618535352171, 0.6255950299868214, 0.5582870051982278, 0.48064207529554515, 0.4025053691971361, 0.33087125068675705, 0.25819210776045876, 0.17613848110311503, 0.10205124461639459
0.6847618535352171, 0.6255950299868214, 0.5582870051982278, 0.48064207529554515, 0.4025053691971361, 0.33087125068675705, 0.25819210776045876, 0.17613848110311503, 0.10205124461639459, 0.05750899988858227
0.6255950299868214, 0.5582870051982278, 0.48064207529554515, 0.4025053691971361, 0.33087125068675705, 0.25819210776045876, 0.17613848110311503, 0.10205124461639459, 0.05750899988858227, 0.014321060699782118
0.5582870051982278, 0.48064207529554515, 0.4025053691971361, 0.33087125068675705, 0.25819210776045876, 0.17613848110311503, 0.10205124461639459, 0.05750899988858227, 0.014321060699782118, -0.025303422070762194
0.48064207529554515, 0.4025053691971361, 0.33087125068675705, 0.25819210776045876, 0.17613848110311503, 0.10205124461639459, 0.05750899988858227, 0.014321060699782118, -0.025303422070762194, -0.059537576695955274
0.4025053691971361, 0.33087125068675705, 0.25819210776045876, 0.17613848110311503, 0.10205124461639459, 0.05750899988858227, 0.014321060699782118, -0.025303422070762194, -0.059537576695955274, -0.10552633499948105
0.33087125068675705, 0.25819210776045876, 0.17613848110311503, 0.10205124461639459, 0.05750899988858227, 0.014321060699782118, -0.025303422070762194, -0.059537576695955274, -0.10552633499948105, -0.18357659606348498
0.25819210776045876, 0.17613848110311503, 0.10205124461639459, 0.05750899988858227, 0.014321060699782118, -0.025303422070762194, -0.059537576695955274, -0.10552633499948105, -0.18357659606348498, -0.2612253679676968
0.17613848110311503, 0.10205124461639459, 0.05750899988858227, 0.014321060699782118, -0.025303422070762194, -0.059537576695955274, -0.10552633499948105, -0.18357659606348498, -0.2612253679676968, -0.3343847610851346
0.10205124461639459, 0.05750899988858227, 0.014321060699782118, -0.025303422070762194, -0.059537576695955274, -0.10552633499948105, -0.18357659606348498, -0.2612253679676968, -0.3343847610851346, -0.38686842297363266
0.05750899988858227, 0.014321060699782118, -0.025303422070762194, -0.059537576695955274, -0.10552633499948105, -0.18357659606348498, -0.2612253679676968, -0.3343847610851346, -0.38686842297363266, -0.4260088135515081
0.014321060699782118, -0.025303422070762194, -0.059537576695955274, -0.10552633499948105, -0.18357659606348498, -0.2612253679676968, -0.3343847610851346, -0.38686842297363266, -0.4260088135515081, -0.4433785024646445
-0.025303422070762194, -0.059537576695955274, -0.10552633499948105, -0.18357659606348498, -0.2612253679676968, -0.3343847610851346, -0.38686842297363266, -0.4260088135515081, -0.4433785024646445, -0.43802659433458446
-0.059537576695955274, -0.10552633499948105, -0.18357659606348498, -0.2612253679676968, -0.3343847610851346, -0.38686842297363266, -0.4260088135515081, -0.4433785024646445, -0.43802659433458446, -0.43344692851187816
-0.18357659606348498, -0.2612253679676968, -0.3343847610851346, -0.38686842297363266, -0.4260088135515081, -0.4433785024646445, -0.43802659433458446, -0.43344692851187816, -0.4402184562069461, -0.4403202692474675
-0.2612253679676968, -0.3343847610851346, -0.38686842297363266, -0.4260088135515081, -0.4433785024646445, -0.43802659433458446, -0.43344692851187816, -0.4402184562069461, -0.4403202692474675, -0.45861395952835604
-0.3343847610851346, -0.38686842297363266, -0.4260088135515081, -0.4433785024646445, -0.43802659433458446, -0.43344692851187816, -0.4402184562069461, -0.4403202692474675, -0.45861395952835604, -0.4894805998132786
-0.38686842297363266, -0.4260088135515081, -0.4433785024646445, -0.43802659433458446, -0.43344692851187816, -0.4402184562069461, -0.4403202692474675, -0.45861395952835604, -0.4894805998132786, -0.5104771381699009
-0.4260088135515081, -0.4433785024646445, -0.43802659433458446, -0.43344692851187816, -0.4402184562069461, -0.4403202692474675, -0.45861395952835604, -0.4894805998132786, -0.5104771381699009, -0.525391788105932
-0.4433785024646445, -0.43802659433458446, -0.43344692851187816, -0.4402184562069461, -0.4403202692474675, -0.45861395952835604, -0.4894805998132786, -0.5104771381699009, -0.525391788105932, -0.5180151451700281
-0.43802659433458446, -0.43344692851187816, -0.4402184562069461, -0.4403202692474675, -0.45861395952835604, -0.4894805998132786, -0.5104771381699009, -0.525391788105932, -0.5180151451700281, -0.4628017411950931
-0.43344692851187816, -0.4402184562069461, -0.4403202692474675, -0.45861395952835604, -0.4894805998132786, -0.5104771381699009, -0.525391788105932, -0.5180151451700281, -0.4628017411950931, -0.36868038773479495
-0.4402184562069461, -0.4403202692474675, -0.45861395952835604, -0.4894805998132786, -0.5104771381699009, -0.525391788105932, -0.5180151451700281, -0.4628017411950931, -0.36868038773479495, -0.24743258247816824
-0.4894805998132786, -0.5104771381699009, -0.525391788105932, -0.5180151451700281, -0.4628017411950931, -0.36868038773479495, -0.24743258247816824, -0.07154959447673925, 0.1080678190109916, 0.28168786811177093
-0.5104771381699009, -0.525391788105932, -0.5180151451700281, -0.4628017411950931, -0.36868038773479495, -0.24743258247816824, -0.07154959447673925, 0.1080678190109916, 0.28168786811177093, 0.4518443528340521
-0.525391788105932, -0.5180151451700281, -0.4628017411950931, -0.36868038773479495, -0.24743258247816824, -0.07154959447673925, 0.1080678190109916, 0.28168786811177093, 0.4518443528340521, 0.6114238073466745
-0.5180151451700281, -0.4628017411950931, -0.36868038773479495, -0.24743258247816824, -0.07154959447673925, 0.1080678190109916, 0.28168786811177093, 0.4518443528340521, 0.6114238073466745, 0.715096376608358
-0.8018852701503381, -0.7332882538487251, -0.6396644395864468, -0.5249288269216728, -0.38745624920758714, -0.26761461651061735, -0.15687276443536047, -0.05067600016904805, 0.07863616629719417, 0.21288146272682185
-0.7332882538487251, -0.6396644395864468, -0.5249288269216728, -0.38745624920758714, -0.26761461651061735, -0.15687276443536047, -0.05067600016904805, 0.07863616629719417, 0.21288146272682185, 0.3464044628689762
-0.6396644395864468, -0.5249288269216728, -0.38745624920758714, -0.26761461651061735, -0.15687276443536047, -0.05067600016904805, 0.07863616629719417, 0.21288146272682185, 0.3464044628689762, 0.4699267330308392
-0.5249288269216728, -0.38745624920758714, -0.26761461651061735, -0.15687276443536047, -0.05067600016904805, 0.07863616629719417, 0.21288146272682185, 0.3464044628689762, 0.4699267330308392, 0.5807742401481468
-0.38745624920758714, -0.26761461651061735, -0.15687276443536047, -0.05067600016904805, 0.07863616629719417, 0.21288146272682185, 0.3464044628689762, 0.4699267330308392, 0.5807742401481468, 0.6557047959705087
-0.26761461651061735, -0.15687276443536047, -0.05067600016904805, 0.07863616629719417, 0.21288146272682185, 0.3464044628689762, 0.4699267330308392, 0.5807742401481468, 0.6557047959705087, 0.7160991390074565
-0.15687276443536047, -0.05067600016904805, 0.07863616629719417, 0.21288146272682185, 0.3464044628689762, 0.4699267330308392, 0.5807742401481468, 0.6557047959705087, 0.7160991390074565, 0.7562807119997228
-0.05067600016904805, 0.07863616629719417, 0.21288146272682185, 0.3464044628689762, 0.4699267330308392, 0.5807742401481468, 0.6557047959705087, 0.7160991390074565, 0.7562807119997228, 0.7810577798609954
0.07863616629719417, 0.21288146272682185, 0.3464044628689762, 0.4699267330308392, 0.5807742401481468, 0.6557047959705087, 0.7160991390074565, 0.7562807119997228, 0.7810577798609954, 0.7899635394054885
0.21288146272682185, 0.3464044628689762, 0.4699267330308392, 0.5807742401481468, 0.6557047959705087, 0.7160991390074565, 0.7562807119997228, 0.7810577798609954, 0.7899635394054885, 0.772192361332559
0.3464044628689762, 0.4699267330308392, 0.5807742401481468, 0.6557047959705087, 0.7160991390074565, 0.7562807119997228, 0.7810577798609954, 0.7899635394054885, 0.772192361332559, 0.7330884697692106
0.6557047959705087, 0.7160991390074565, 0.7562807119997228, 0.7810577798609954, 0.7899635394054885, 0.772192361332559, 0.7330884697692106, 0.6864043091889145, 0.63134266427438, 0.5723026267764446
0.7160991390074565, 0.7562807119997228, 0.7810577798609954, 0.7899635394054885, 0.772192361332559, 0.7330884697692106, 0.6864043091889145, 0.63134266427438, 0.5723026267764446, 0.5093764047318092
0.772192361332559, 0.7330884697692106, 0.6864043091889145, 0.63134266427438, 0.5723026267764446, 0.5093764047318092, 0.44117319358693075, 0.3661465877263421, 0.29079341173577733, 0.21767243863363084
0.7330884697692106, 0.6864043091889145, 0.63134266427438, 0.5723026267764446, 0.5093764047318092, 0.44117319358693075, 0.3661465877263421, 0.29079341173577733, 0.21767243863363084, 0.16333501100733394
0.6864043091889145, 0.63134266427438, 0.5723026267764446, 0.5093764047318092, 0.44117319358693075, 0.3661465877263421, 0.29079341173577733, 0.21767243863363084, 0.16333501100733394, 0.11844698614189975
0.63134266427438, 0.5723026267764446, 0.5093764047318092, 0.44117319358693075, 0.3661465877263421, 0.29079341173577733, 0.21767243863363084, 0.16333501100733394, 0.11844698614189975, 0.07772369093402887
0.5723026267764446, 0.5093764047318092, 0.44117319358693075, 0.3661465877263421, 0.29079341173577733, 0.21767243863363084, 0.16333501100733394, 0.11844698614189975, 0.07772369093402887, -0.007086571820456022
0.5093764047318092, 0.44117319358693075, 0.3661465877263421, 0.29079341173577733, 0.21767243863363084, 0.16333501100733394, 0.11844698614189975, 0.07772369093402887, -0.007086571820456022, -0.10216112128845556
0.44117319358693075, 0.3661465877263421, 0.29079341173577733, 0.21767243863363084, 0.16333501100733394, 0.11844698614189975, 0.07772369093402887, -0.007086571820456022, -0.10216112128845556, -0.21947504665582995
0.3661465877263421, 0.29079341173577733, 0.21767243863363084, 0.16333501100733394, 0.11844698614189975, 0.07772369093402887, -0.007086571820456022, -0.10216112128845556, -0.21947504665582995, -0.36383442265795274
0.29079341173577733, 0.21767243863363084, 0.16333501100733394, 0.11844698614189975, 0.07772369093402887, -0.007086571820456022, -0.10216112128845556, -0.21947504665582995, -0.36383442265795274, -0.5126704581879455
0.21767243863363084, 0.16333501100733394, 0.11844698614189975, 0.07772369093402887, -0.007086571820456022, -0.10216112128845556, -0.21947504665582995, -0.36383442265795274, -0.5126704581879455, -0.6040882490315137
0.16333501100733394, 0.11844698614189975, 0.07772369093402887, -0.007086571820456022, -0.10216112128845556, -0.21947504665582995, -0.36383442265795274, -0.5126704581879455, -0.6040882490315137, -0.6700989804817044
0.11844698614189975, 0.07772369093402887, -0.007086571820456022, -0.10216112128845556, -0.21947504665582995, -0.36383442265795274, -0.5126704581879455, -0.6040882490315137, -0.6700989804817044, -0.7171521055357636
0.07772369093402887, -0.007086571820456022, -0.10216112128845556, -0.21947504665582995, -0.36383442265795274, -0.5126704581879455, -0.6040882490315137, -0.6700989804817044, -0.7171521055357636, -0.7489211056263286
-0.007086571820456022, -0.10216112128845556, -0.21947504665582995, -0.36383442265795274, -0.5126704581879455, -0.6040882490315137, -0.6700989804817044, -0.7171521055357636, -0.7489211056263286, -0.7756245681624143
-0.10216112128845556, -0.21947504665582995, -0.36383442265795274, -0.5126704581879455, -0.6040882490315137, -0.6700989804817044, -0.7171521055357636, -0.7489211056263286, -0.7756245681624143, -0.8014529076979282
-0.21947504665582995, -0.36383442265795274, -0.5126704581879455, -0.6040882490315137, -0.6700989804817044, -0.7171521055357636, -0.7489211056263286, -0.7756245681624143, -0.8014529076979282, -0.8213935010923774
-0.36383442265795274, -0.5126704581879455, -0.6040882490315137, -0.6700989804817044, -0.7171521055357636, -0.7489211056263286, -0.7756245681624143, -0.8014529076979282, -0.8213935010923774, -0.8297030992582821
-0.5126704581879455, -0.6040882490315137, -0.6700989804817044, -0.7171521055357636, -0.7489211056263286, -0.7756245681624143, -0.8014529076979282, -0.8213935010923774, -0.8297030992582821, -0.8363092603277239
-0.6040882490315137, -0.6700989804817044, -0.7171521055357636, -0.7489211056263286, -0.7756245681624143, -0.8014529076979282, -0.8213935010923774, -0.8297030992582821, -0.8363092603277239, -0.8393620149808851
-0.6700989804817044, -0.7171521055357636, -0.7489211056263286, -0.7756245681624143, -0.8014529076979282, -0.8213935010923774, -0.8297030992582821, -0.8363092603277239, -0.8393620149808851, -0.8485304547892129
-0.7171521055357636, -0.7489211056263286, -0.7756245681624143, -0.8014529076979282, -0.8213935010923774, -0.8297030992582821, -0.8363092603277239, -0.8393620149808851, -0.8485304547892129, -0.8851431589294605
-0.7489211056263286, -0.7756245681624143, -0.8014529076979282, -0.8213935010923774, -0.8297030992582821, -0.8363092603277239, -0.8393620149808851, -0.8485304547892129, -0.8851431589294605, -0.9088264295286848
-0.7756245681624143, -0.8014529076979282, -0.8213935010923774, -0.8297030992582821, -0.8363092603277239, -0.8393620149808851, -0.8485304547892129, -0.8851431589294605, -0.9088264295286848, -0.8946819996357042
-0.8014529076979282, -0.8213935010923774, -0.8297030992582821, -0.8363092603277239, -0.8393620149808851, -0.8485304547892129, -0.8851431589294605, -0.9088264295286848, -0.8946819996357042, -0.8483472895100233
-0.8213935010923774, -0.8297030992582821, -0.8363092603277239, -0.8393620149808851, -0.8485304547892129, -0.8851431589294605, -0.9088264295286848, -0.8946819996357042, -0.8483472895100233, -0.7819234185967704
-0.8297030992582821, -0.8363092603277239, -0.8393620149808851, -0.8485304547892129, -0.8851431589294605, -0.9088264295286848, -0.8946819996357042, -0.8483472895100233, -0.7819234185967704, -0.6600045384285844
-0.8363092603277239, -0.8393620149808851, -0.8485304547892129, -0.8851431589294605, -0.9088264295286848, -0.8946819996357042, -0.8483472895100233, -0.7819234185967704, -0.6600045384285844, -0.49966572336547843
-0.7191486876452913, -0.7297426393519734, -0.738777647724025, -0.7437686686269831, -0.7348775698487027, -0.7229012404768203, -0.7216804716402105, -0.6975736656287126, -0.6479771162151658, -0.5791861165699093
-0.7297426393519734, -0.738777647724025, -0.7437686686269831, -0.7348775698487027, -0.7229012404768203, -0.7216804716402105, -0.6975736656287126, -0.6479771162151658, -0.5791861165699093, -0.4870248264289694
-0.7348775698487027, -0.7229012404768203, -0.7216804716402105, -0.6975736656287126, -0.6479771162151658, -0.5791861165699093, -0.4870248264289694, -0.3572246653865867, -0.20654530302433094, -0.07455136182169364
-0.7229012404768203, -0.7216804716402105, -0.6975736656287126, -0.6479771162151658, -0.5791861165699093, -0.4870248264289694, -0.3572246653865867, -0.20654530302433094, -0.07455136182169364, 0.039572505673084235
-0.7216804716402105, -0.6975736656287126, -0.6479771162151658, -0.5791861165699093, -0.4870248264289694, -0.3572246653865867, -0.20654530302433094, -0.07455136182169364, 0.039572505673084235, 0.14509468278592097
-0.6975736656287126, -0.6479771162151658, -0.5791861165699093, -0.4870248264289694, -0.3572246653865867, -0.20654530302433094, -0.07455136182169364, 0.039572505673084235, 0.14509468278592097, 0.22714070937480701
-0.6479771162151658, -0.5791861165699093, -0.4870248264289694, -0.3572246653865867, -0.20654530302433094, -0.07455136182169364, 0.039572505673084235, 0.14509468278592097, 0.22714070937480701, 0.2867489146531681
-0.5791861165699093, -0.4870248264289694, -0.3572246653865867, -0.20654530302433094, -0.07455136182169364, 0.039572505673084235, 0.14509468278592097, 0.22714070937480701, 0.2867489146531681, 0.3578170310766755
-0.4870248264289694, -0.3572246653865867, -0.20654530302433094, -0.07455136182169364, 0.039572505673084235, 0.14509468278592097, 0.22714070937480701, 0.2867489146531681, 0.3578170310766755, 0.42822746392031186
-0.3572246653865867, -0.20654530302433094, -0.07455136182169364, 0.039572505673084235, 0.14509468278592097, 0.22714070937480701, 0.2867489146531681, 0.3578170310766755, 0.42822746392031186, 0.4857747771590093
-0.20654530302433094, -0.07455136182169364, 0.039572505673084235, 0.14509468278592097, 0.22714070937480701, 0.2867489146531681, 0.3578170310766755, 0.42822746392031186, 0.4857747771590093, 0.5312900846317135
-0.07455136182169364, 0.039572505673084235, 0.14509468278592097, 0.22714070937480701, 0.2867489146531681, 0.3578170310766755, 0.42822746392031186, 0.4857747771590093, 0.5312900846317135, 0.5549126373224176
0.039572505673084235, 0.14509468278592097, 0.22714070937480701, 0.2867489146531681, 0.3578170310766755, 0.42822746392031186, 0.4857747771590093, 0.5312900846317135, 0.5549126373224176, 0.556831631877382
0.14509468278592097, 0.22714070937480701, 0.2867489146531681, 0.3578170310766755, 0.42822746392031186, 0.4857747771590093, 0.5312900846317135, 0.5549126373224176, 0.556831631877382, 0.5511061809868638
0.42822746392031186, 0.4857747771590093, 0.5312900846317135, 0.5549126373224176, 0.556831631877382, 0.5511061809868638, 0.5374705084096782, 0.5172805234440541, 0.4895722241304561, 0.4459083409819078
0.4857747771590093, 0.5312900846317135, 0.5549126373224176, 0.556831631877382, 0.5511061809868638, 0.5374705084096782, 0.5172805234440541, 0.4895722241304561, 0.4459083409819078, 0.3779169224012202
0.5312900846317135, 0.5549126373224176, 0.556831631877382, 0.5511061809868638, 0.5374705084096782, 0.5172805234440541, 0.4895722241304561, 0.4459083409819078, 0.3779169224012202, 0.2647885896403579
0.5511061809868638, 0.5374705084096782, 0.5172805234440541, 0.4895722241304561, 0.4459083409819078, 0.3779169224012202, 0.2647885896403579, 0.15764697932914018, 0.06946557578282975, 0.009269115928858707
0.5374705084096782, 0.5172805234440541, 0.4895722241304561, 0.4459083409819078, 0.3779169224012202, 0.2647885896403579, 0.15764697932914018, 0.06946557578282975, 0.009269115928858707, -0.02601063926691105
0.5172805234440541, 0.4895722241304561, 0.4459083409819078, 0.3779169224012202, 0.2647885896403579, 0.15764697932914018, 0.06946557578282975, 0.009269115928858707, -0.02601063926691105, -0.01858726618738271
0.4895722241304561, 0.4459083409819078, 0.3779169224012202, 0.2647885896403579, 0.15764697932914018, 0.06946557578282975, 0.009269115928858707, -0.02601063926691105, -0.01858726618738271, -0.03158598905402232
0.2644716127127813, 0.4497564695463938, 0.6228746433139816, 0.7772163731181743, 0.8827117976975303, 0.9705918527993702, 1.0, 1.0, 1.0, 1.0
-0.9000949009653127, -0.9005053621956477, -0.9029768627953294, -0.9085661221020283, -0.9092269355721418, -0.9104641414082602, -0.9124232932381617, -0.9118847448153808, -0.9065341934582374, -0.9065603931112383
-0.9005053621956477, -0.9029768627953294, -0.9085661221020283, -0.9092269355721418, -0.9104641414082602, -0.9124232932381617, -0.9118847448153808, -0.9065341934582374, -0.9065603931112383, -0.9061004436474581
-0.9029768627953294, -0.9085661221020283, -0.9092269355721418, -0.9104641414082602, -0.9124232932381617, -0.9118847448153808, -0.9065341934582374, -0.9065603931112383, -0.9061004436474581, -0.9026333562337705
-0.9085661221020283, -0.9092269355721418, -0.9104641414082602, -0.9124232932381617, -0.9118847448153808, -0.9065341934582374, -0.9065603931112383, -0.9061004436474581, -0.9026333562337705, -0.8992798006497524
-0.9092269355721418, -0.9104641414082602, -0.9124232932381617, -0.9118847448153808, -0.9065341934582374, -0.9065603931112383, -0.9061004436474581, -0.9026333562337705, -0.8992798006497524, -0.8989916044667501
-0.9104641414082602, -0.9124232932381617, -0.9118847448153808, -0.9065341934582374, -0.9065603931112383, -0.9061004436474581, -0.9026333562337705, -0.8992798006497524, -0.8989916044667501, -0.897099407305628
-0.9124232932381617, -0.9118847448153808, -0.9065341934582374, -0.9065603931112383, -0.9061004436474581, -0.9026333562337705, -0.8992798006497524, -0.8989916044667501, -0.897099407305628, -0.896051421185622
-0.9118847448153808, -0.9065341934582374, -0.9065603931112383, -0.9061004436474581, -0.9026333562337705, -0.8992798006497524, -0.8989916044667501, -0.897099407305628, -0.896051421185622, -0.8991720909651959
-0.9065341934582374, -0.9065603931112383, -0.9061004436474581, -0.9026333562337705, -0.8992798006497524, -0.8989916044667501, -0.897099407305628, -0.896051421185622, -0.8991720909651959, -0.9094685545942558
-0.9065603931112383, -0.9061004436474581, -0.9026333562337705, -0.8992798006497524, -0.8989916044667501, -0.897099407305628, -0.896051421185622, -0.8991720909651959, -0.9094685545942558, -0.917037343238744
-0.9061004436474581, -0.9026333562337705, -0.8992798006497524, -0.8989916044667501, -0.897099407305628, -0.896051421185622, -0.8991720909651959, -0.9094685545942558, -0.917037343238744, -0.9187403206837538
-0.9026333562337705, -0.8992798006497524, -0.8989916044667501, -0.897099407305628, -0.896051421185622, -0.8991720909651959, -0.9094685545942558, -0.917037343238744, -0.9187403206837538, -0.9162717311566271
-0.8992798006497524, -0.8989916044667501, -0.897099407305628, -0.896051421185622, -0.8991720909651959, -0.9094685545942558, -0.917037343238744, -0.9187403206837538, -0.9162717311566271, -0.9149966813772866
-0.8989916044667501, -0.897099407305628, -0.896051421185622, -0.8991720909651959, -0.9094685545942558, -0.917037343238744, -0.9187403206837538, -0.9162717311566271, -0.9149966813772866, -0.913022974184609
-0.897099407305628, -0.896051421185622, -0.8991720909651959, -0.9094685545942558, -0.917037343238744, -0.9187403206837538, -0.9162717311566271, -0.9149966813772866, -0.913022974184609, -0.9118963891056021
-0.896051421185622, -0.8991720909651959, -0.9094685545942558, -0.917037343238744, -0.9187403206837538, -0.9162717311566271, -0.9149966813772866, -0.913022974184609, -0.9118963891056021, -0.9146997519766179
-0.8991720909651959, -0.9094685545942558, -0.917037343238744, -0.9187403206837538, -0.9162717311566271, -0.9149966813772866, -0.913022974184609, -0.9118963891056021, -0.9146997519766179, -0.921962878002771
-0.9094685545942558, -0.917037343238744, -0.9187403206837538, -0.9162717311566271, -0.9149966813772866, -0.913022974184609, -0.9118963891056021, -0.9146997519766179, -0.921962878002771, -0.9238463419462267
-0.917037343238744, -0.9187403206837538, -0.9162717311566271, -0.9149966813772866, -0.913022974184609, -0.9118963891056021, -0.9146997519766179, -0.921962878002771, -0.9238463419462267, -0.918009641472304
-0.9187403206837538, -0.9162717311566271, -0.9149966813772866, -0.913022974184609, -0.9118963891056021, -0.9146997519766179, -0.921962878002771, -0.9238463419462267, -0.918009641472304, -0.9141408260459494
-0.9162717311566271, -0.9149966813772866, -0.913022974184609, -0.9118963891056021, -0.9146997519766179, -0.921962878002771, -0.9238463419462267, -0.918009641472304, -0.9141408260459494, -0.9115587046891563
-0.9149966813772866, -0.913022974184609, -0.9118963891056021, -0.9146997519766179, -0.921962878002771, -0.9238463419462267, -0.918009641472304, -0.9141408260459494, -0.9115587046891563, -0.9102690995470382
-0.913022974184609, -0.9118963891056021, -0.9146997519766179, -0.921962878002771, -0.9238463419462267, -0.918009641472304, -0.9141408260459494, -0.9115587046891563, -0.9102690995470382, -0.9114044178437114
-0.9118963891056021, -0.9146997519766179, -0.921962878002771, -0.9238463419462267, -0.918009641472304, -0.9141408260459494, -0.9115587046891563, -0.9102690995470382, -0.9114044178437114, -0.9170082325131882
-0.9146997519766179, -0.921962878002771, -0.9238463419462267, -0.918009641472304, -0.9141408260459494, -0.9115587046891563, -0.9102690995470382, -0.9114044178437114, -0.9170082325131882, -0.9255842522619038
-0.921962878002771, -0.9238463419462267, -0.918009641472304, -0.9141408260459494, -0.9115587046891563, -0.9102690995470382, -0.9114044178437114, -0.9170082325131882, -0.9255842522619038, -0.9290688061109242
-0.9238463419462267, -0.918009641472304, -0.9141408260459494, -0.9115587046891563, -0.9102690995470382, -0.9114044178437114, -0.9170082325131882, -0.9255842522619038, -0.9290688061109242, -0.9268389245333547
-0.918009641472304, -0.9141408260459494, -0.9115587046891563, -0.9102690995470382, -0.9114044178437114, -0.9170082325131882, -0.9255842522619038, -0.9290688061109242, -0.9268389245333547, -0.926873857404022
-0.9141408260459494, -0.9115587046891563, -0.9102690995470382, -0.9114044178437114, -0.9170082325131882, -0.9255842522619038, -0.9290688061109242, -0.9268389245333547, -0.926873857404022, -0.928649611662921
-0.9115587046891563, -0.9102690995470382, -0.9114044178437114, -0.9170082325131882, -0.9255842522619038, -0.9290688061109242, -0.9268389245333547, -0.926873857404022, -0.928649611662921, -0.9286961888238112
-0.9102690995470382, -0.9114044178437114, -0.9170082325131882, -0.9255842522619038, -0.9290688061109242, -0.9268389245333547, -0.926873857404022, -0.928649611662921, -0.9286961888238112, -0.9302041244075974
-0.9114044178437114, -0.9170082325131882, -0.9255842522619038, -0.9290688061109242, -0.9268389245333547, -0.926873857404022, -0.928649611662921, -0.9286961888238112, -0.9302041244075974, -0.9368530141245237
-0.9170082325131882, -0.9255842522619038, -0.9290688061109242, -0.9268389245333547, -0.926873857404022, -0.928649611662921, -0.9286961888238112, -0.9302041244075974, -0.9368530141245237, -0.9455134549773515
-0.9255842522619038, -0.9290688061109242, -0.9268389245333547, -0.926873857404022, -0.928649611662921, -0.9286961888238112, -0.9302041244075974, -0.9368530141245237, -0.9455134549773515, -0.9458132954505768
-0.9290688061109242, -0.9268389245333547, -0.926873857404022, -0.928649611662921, -0.9286961888238112, -0.9302041244075974, -0.9368530141245237, -0.9455134549773515, -0.9458132954505768, -0.9435659474376746
-0.9268389245333547, -0.926873857404022, -0.928649611662921, -0.9286961888238112, -0.9302041244075974, -0.9368530141245237, -0.9455134549773515, -0.9458132954505768, -0.9435659474376746, -0.9449923729899051
-0.926873857404022, -0.928649611662921, -0.9286961888238112, -0.9302041244075974, -0.9368530141245237, -0.9455134549773515, -0.9458132954505768, -0.9435659474376746, -0.9449923729899051, -0.9502468589527132
-0.928649611662921, -0.9286961888238112, -0.9302041244075974, -0.9368530141245237, -0.9455134549773515, -0.9458132954505768, -0.9435659474376746, -0.9449923729899051, -0.9502468589527132, -0.9533122183537306
-0.9286961888238112, -0.9302041244075974, -0.9368530141245237, -0.9455134549773515, -0.9458132954505768, -0.9435659474376746, -0.9449923729899051, -0.9502468589527132, -0.9533122183537306, -0.9620512581655593
-0.9302041244075974, -0.9368530141245237, -0.9455134549773515, -0.9458132954505768, -0.9435659474376746, -0.9449923729899051, -0.9502468589527132, -0.9533122183537306, -0.9620512581655593, -0.9770782146974242
-0.9368530141245237, -0.9455134549773515, -0.9458132954505768, -0.9435659474376746, -0.9449923729899051, -0.9502468589527132, -0.9533122183537306, -0.9620512581655593, -0.9770782146974242, -0.988093713247709
-0.9455134549773515, -0.9458132954505768, -0.9435659474376746, -0.9449923729899051, -0.9502468589527132, -0.9533122183537306, -0.9620512581655593, -0.9770782146974242, -0.988093713247709, -0.9888651474749357
-0.9458132954505768, -0.9435659474376746, -0.9449923729899051, -0.9502468589527132, -0.9533122183537306, -0.9620512581655593, -0.9770782146974242, -0.988093713247709, -0.9888651474749357, -0.9894822948567173
-0.9435659474376746, -0.9449923729899051, -0.9502468589527132, -0.9533122183537306, -0.9620512581655593, -0.9770782146974242, -0.988093713247709, -0.9888651474749357, -0.9894822948567173, -0.9904720595256119
-0.9449923729899051, -0.9502468589527132, -0.9533122183537306, -0.9620512581655593, -0.9770782146974242, -0.988093713247709, -0.9888651474749357, -0.9894822948567173, -0.9904720595256119, -0.9916044667497302
-0.9502468589527132, -0.9533122183537306, -0.9620512581655593, -0.9770782146974242, -0.988093713247709, -0.9888651474749357, -0.9894822948567173, -0.9904720595256119, -0.9916044667497302, -0.9943728967500789
-0.9533122183537306, -0.9620512581655593, -0.9770782146974242, -0.988093713247709, -0.9888651474749357, -0.9894822948567173, -0.9904720595256119, -0.9916044667497302, -0.9943728967500789, -1.0
-0.9620512581655593, -0.9770782146974242, -0.988093713247709, -0.9888651474749357, -0.9894822948567173, -0.9904720595256119, -0.9916044667497302, -0.9943728967500789, -1.0, -1.0
0.6000187136691653, 0.5937751531384206, 0.5887160828037326, 0.5843821671492169, 0.5809924411662437, 0.5746042750101279, 0.5666445859547538, 0.5604286706170933, 0.5561883233084066, 0.5541999959595487
0.5937751531384206, 0.5887160828037326, 0.5843821671492169, 0.5809924411662437, 0.5746042750101279, 0.5666445859547538, 0.5604286706170933, 0.5561883233084066, 0.5541999959595487, 0.553334488760634
0.5887160828037326, 0.5843821671492169, 0.5809924411662437, 0.5746042750101279, 0.5666445859547538, 0.5604286706170933, 0.5561883233084066, 0.5541999959595487, 0.553334488760634, 0.5489920668928607
0.5843821671492169, 0.5809924411662437, 0.5746042750101279, 0.5666445859547538, 0.5604286706170933, 0.5561883233084066, 0.5541999959595487, 0.553334488760634, 0.5489920668928607, 0.5414236636473158
0.5809924411662437, 0.5746042750101279, 0.5666445859547538, 0.5604286706170933, 0.5561883233084066, 0.5541999959595487, 0.553334488760634, 0.5489920668928607, 0.5414236636473158, 0.5337893372490272
0.5746042750101279, 0.5666445859547538, 0.5604286706170933, 0.5561883233084066, 0.5541999959595487, 0.553334488760634, 0.5489920668928607, 0.5414236636473158, 0.5337893372490272, 0.5272097812946244
0.5666445859547538, 0.5604286706170933, 0.5561883233084066, 0.5541999959595487, 0.553334488760634, 0.5489920668928607, 0.5414236636473158, 0.5337893372490272, 0.5272097812946244, 0.5214489483662217
-0.9924963970638411, -0.9847989230262483, -0.9726562615914639, -0.9612000621178827, -0.9607035147050237, -0.9669528903114896, -0.9729134375423473, -0.9812518731806036, -0.9866941119566038, -0.9863479135611839
-0.9847989230262483, -0.9726562615914639, -0.9612000621178827, -0.9607035147050237, -0.9669528903114896, -0.9729134375423473, -0.9812518731806036, -0.9866941119566038, -0.9863479135611839, -0.9796138602011314
-0.9726562615914639, -0.9612000621178827, -0.9607035147050237, -0.9669528903114896, -0.9729134375423473, -0.9812518731806036, -0.9866941119566038, -0.9863479135611839, -0.9796138602011314, -0.9728699154583513
-0.9612000621178827, -0.9607035147050237, -0.9669528903114896, -0.9729134375423473, -0.9812518731806036, -0.9866941119566038, -0.9863479135611839, -0.9796138602011314, -0.9728699154583513, -0.9650577013811329
-0.9607035147050237, -0.9669528903114896, -0.9729134375423473, -0.9812518731806036, -0.9866941119566038, -0.9863479135611839, -0.9796138602011314, -0.9728699154583513, -0.9650577013811329, -0.9558092585320586
-0.9669528903114896, -0.9729134375423473, -0.9812518731806036, -0.9866941119566038, -0.9863479135611839, -0.9796138602011314, -0.9728699154583513, -0.9650577013811329, -0.9558092585320586, -0.9534234570184796
-0.9729134375423473, -0.9812518731806036, -0.9866941119566038, -0.9863479135611839, -0.9796138602011314, -0.9728699154583513, -0.9650577013811329, -0.9558092585320586, -0.9534234570184796, -0.951336375263234
-0.9812518731806036, -0.9866941119566038, -0.9863479135611839, -0.9796138602011314, -0.9728699154583513, -0.9650577013811329, -0.9558092585320586, -0.9534234570184796, -0.951336375263234, -0.9468536006116831
-0.9866941119566038, -0.9863479135611839, -0.9796138602011314, -0.9728699154583513, -0.9650577013811329, -0.9558092585320586, -0.9534234570184796, -0.951336375263234, -0.9468536006116831, -0.9411739686502509
-0.9863479135611839, -0.9796138602011314, -0.9728699154583513, -0.9650577013811329, -0.9558092585320586, -0.9534234570184796, -0.951336375263234, -0.9468536006116831, -0.9411739686502509, -0.9393440628458887
-0.9796138602011314, -0.9728699154583513, -0.9650577013811329, -0.9558092585320586, -0.9534234570184796, -0.951336375263234, -0.9468536006116831, -0.9411739686502509, -0.9393440628458887, -0.9367960426555985
-0.9728699154583513, -0.9650577013811329, -0.9558092585320586, -0.9534234570184796, -0.951336375263234, -0.9468536006116831, -0.9411739686502509, -0.9393440628458887, -0.9367960426555985, -0.9375695487847933
-0.9650577013811329, -0.9558092585320586, -0.9534234570184796, -0.951336375263234, -0.9468536006116831, -0.9411739686502509, -0.9393440628458887, -0.9367960426555985, -0.9375695487847933, -0.9442106231472197
-0.9558092585320586, -0.9534234570184796, -0.951336375263234, -0.9468536006116831, -0.9411739686502509, -0.9393440628458887, -0.9367960426555985, -0.9375695487847933, -0.9442106231472197, -0.9523314483654978
-0.9534234570184796, -0.951336375263234, -0.9468536006116831, -0.9411739686502509, -0.9393440628458887, -0.9367960426555985, -0.9375695487847933, -0.9442106231472197, -0.9523314483654978, -0.9572890093879114
-0.951336375263234, -0.9468536006116831, -0.9411739686502509, -0.9393440628458887, -0.9367960426555985, -0.9375695487847933, -0.9442106231472197, -0.9523314483654978, -0.9572890093879114, -0.9605136001566795
-0.9468536006116831, -0.9411739686502509, -0.9393440628458887, -0.9367960426555985, -0.9375695487847933, -0.9442106231472197, -0.9523314483654978, -0.9572890093879114, -0.9605136001566795, -0.9630992076013289
-0.9411739686502509, -0.9393440628458887, -0.9367960426555985, -0.9375695487847933, -0.9442106231472197, -0.9523314483654978, -0.9572890093879114, -0.9605136001566795, -0.9630992076013289, -0.9648717433858794
-0.9393440628458887, -0.9367960426555985, -0.9375695487847933, -0.9442106231472197, -0.9523314483654978, -0.9572890093879114, -0.9605136001566795, -0.9630992076013289, -0.9648717433858794, -0.9670280648202091
-0.9367960426555985, -0.9375695487847933, -0.9442106231472197, -0.9523314483654978, -0.9572890093879114, -0.9605136001566795, -0.9630992076013289, -0.9648717433858794, -0.9670280648202091, -0.9710558358663509
-0.9375695487847933, -0.9442106231472197, -0.9523314483654978, -0.9572890093879114, -0.9605136001566795, -0.9630992076013289, -0.9648717433858794, -0.9670280648202091, -0.9710558358663509, -0.9782369797256322
-0.9442106231472197, -0.9523314483654978, -0.9572890093879114, -0.9605136001566795, -0.9630992076013289, -0.9648717433858794, -0.9670280648202091, -0.9710558358663509, -0.9782369797256322, -0.9826228188264661
-0.9523314483654978, -0.9572890093879114, -0.9605136001566795, -0.9630992076013289, -0.9648717433858794, -0.9670280648202091, -0.9710558358663509, -0.9782369797256322, -0.9826228188264661, -0.9824902742979337
-0.9572890093879114, -0.9605136001566795, -0.9630992076013289, -0.9648717433858794, -0.9670280648202091, -0.9710558358663509, -0.9782369797256322, -0.9826228188264661, -0.9824902742979337, -0.980238995589432
-0.9605136001566795, -0.9630992076013289, -0.9648717433858794, -0.9670280648202091, -0.9710558358663509, -0.9782369797256322, -0.9826228188264661, -0.9824902742979337, -0.980238995589432, -0.9793092056131614
-0.9630992076013289, -0.9648717433858794, -0.9670280648202091, -0.9710558358663509, -0.9782369797256322, -0.9826228188264661, -0.9824902742979337, -0.980238995589432, -0.9793092056131614, -0.9763912477089081
-0.9648717433858794, -0.9670280648202091, -0.9710558358663509, -0.9782369797256322, -0.9826228188264661, -0.9824902742979337, -0.980238995589432, -0.9793092056131614, -0.9763912477089081, -0.9761736372889298
-0.9670280648202091, -0.9710558358663509, -0.9782369797256322, -0.9826228188264661, -0.9824902742979337, -0.980238995589432, -0.9793092056131614, -0.9763912477089081, -0.9761736372889298, -0.9782706104269018
