1.0
0.9999019881588023
0.9792898700203436
0.9343275077070368
0.8626284268529654
0.7814905777570105
0.6884044014154742
0.5833835738992195
0.4502789348620142
0.3135455783553387
0.17217603382548186
0.028793827533349692
-0.12233587280708247
-0.25615071386643307
-0.39136653931153365
-0.5355527248281285
-0.693889596854657
-0.7922013454642449
-0.8714943346274298
-0.9301114305189233
-0.9697566902765024
-0.9837225498621942

0.9029301098279452
0.8851822250838082
0.8483917031127652
0.7952868441725471
0.7262689529045459
0.6430012910197564
0.5257687294348774
0.3994056578287217
0.26530891724899597
0.12416074378673381
-0.02002014339407443
-0.14372647810557426
-0.26895165958908895
-0.40245829084919704
-0.5179877521192274
-0.6166878931727842
-0.6991313939402992
-0.769351913062207
-0.8101092947197659
-0.8405982762334088
-0.865489933905266
-0.8857229648386977
-0.8952892095896493

1.0
1.0
1.0
0.987139971069513
0.9649639996500676
0.9412723311014952
0.9207239539146697
0.9046575643459209
0.8948574125727584
0.8906989093084154
0.884807018186331
0.8715584011328066
0.8567005002817771
0.8414072179735239
0.8277455988834712
0.8180634476921735
0.8112540003214501
0.8021272656620348
0.7915397651788423

0.5744645387115601
0.5614761145707292
0.5459706030354858
0.5218314606385976
0.48225010312040784
0.42851144768393157
0.3549821134883604
0.25819767681062
0.1127678361382436
-0.049975683627643375
-0.22425391989416843
-0.397278887164648
-0.5645438807664346
-0.6861046437414082
-0.776312583010609
-0.854154512876073
-0.9212909092635356
-0.977289246677729
-1.0
-1.0

1.0
1.0
0.9646444862565793
0.9048224518322059
0.8261571294328172
0.7053914108170705
0.5701726784097403
0.4217317501803415
0.25270512384169264
0.06011314963107539
-0.11607148590766936
-0.290922556933358
-0.46827379385190326
-0.6210129524861447
-0.7412970466790382
-0.8369048459979141
-0.9199946914285829
-0.9777040000513726
-1.0
-1.0

0.7301128395849092
0.7228802717063474
0.6847618535352171
0.6255950299868214
0.5582870051982278
0.48064207529554515
0.4025053691971361
0.33087125068675705
0.25819210776045876
0.17613848110311503
0.10205124461639459
0.05750899988858227
0.014321060699782118
-0.025303422070762194
-0.059537576695955274
-0.10552633499948105
-0.18357659606348498
-0.2612253679676968
-0.3343847610851346
-0.38686842297363266
-0.4260088135515081
-0.4433785024646445
-0.43802659433458446
-0.43344692851187816
-0.4402184562069461
-0.4403202692474675
-0.45861395952835604

0.8757784855598372
0.8459299756801295
0.8030397916098371
0.7434061648756527
0.6748917516069168
0.5985012352034917
0.5115913186133447
0.3990283578132856
0.26272566956481636
0.10634083932365423
-0.04067527018875794
-0.17972306852978148
-0.30082103572677277
-0.40683530492045106
-0.49931996572934645
-0.5880894110595857
-0.6656786319400956
-0.7325275375459604
-0.7814419800139083
-0.8127542924762087
-0.8317126490216339
-0.8441991539912629
-0.8505019574997793

0.7899635394054885
0.772192361332559
0.7330884697692106
0.6864043091889145
0.63134266427438
0.5723026267764446
0.5093764047318092
0.44117319358693075
0.3661465877263421
0.29079341173577733
0.21767243863363084
0.16333501100733394
0.11844698614189975
0.07772369093402887
-0.007086571820456022
-0.10216112128845556
-0.21947504665582995
-0.36383442265795274
-0.5126704581879455
-0.6040882490315137
-0.6700989804817044
-0.7171521055357636
-0.7489211056263286
-0.7756245681624143
-0.8014529076979282
-0.8213935010923774
-0.8297030992582821
-0.8363092603277239
-0.8393620149808851

0.18600307062436006
0.17775290003411737
0.1657518764926642
0.13523328215625985
0.10478718867280734
0.06339986352780524
0.0035184237461616252
-0.06616769020812008
-0.11819558171272648
-0.1515886216308432
-0.17298703514159042
-0.17668031388604644
-0.17629861821903814
-0.20529042988741142
-0.2872355851245312
-0.38592417263732615
-0.4827128113271931
-0.573586233367452
-0.6272795121119077
-0.6439568406687137
-0.6579729614466063
-0.6765715626066189

-0.5669054930058008
-0.5903317980211534
-0.6147304674172642
-0.6335614977823268
-0.6452725179119757
-0.6504371374957357
-0.6504776526782678
-0.6448545718184927
-0.6477546059365411

1.0
0.9950690683273637
0.9670117142705921
0.9000582185134873
0.8175422966321475
0.7222910749254619
0.6277014272356787
0.5488792936153695
0.4964605790095793
0.44755702768025696
0.39269710495210197
0.33343771501155506
0.2647244323694926
0.1948820634052535
0.12677742885874066
0.0675158336714714
0.010126492952031052
-0.045472187428330146
-0.14350422525272122
-0.2515216202388725
-0.3669376179807001
-0.4878270380890224
-0.5918882204541052
-0.6221618474674951
-0.6231189245452791

-0.5307279078383291
-0.5411300566307363
-0.5462484342748266
-0.5836516239436875
-0.6295229610288802
-0.678680115731349
-0.7377961646348994
-0.8017284723814908
-0.8361678104546346

0.9936158107369053
0.9739670624349452
0.9196937353351085
0.8329812289398935
0.7458122364730166
0.6484980743973738
0.5087840895748004
0.35091911133832987
0.21312992529002983
0.06762713890279493
-0.09007444961603583
-0.23835356407862185
-0.38850249881361
-0.5578395765212103
-0.7094535982797646
-0.830677123459025
-0.9197326393696564
-0.9818059386911966
-1.0

1.0
0.9994111857328773
0.9723126929670363
0.9161102625329443
0.842519342874587
0.7641614176735532
0.6814862454290849
0.6026698707433185
0.5313646802695067
0.4592077732174238
0.3608019172313994
0.26407559419181426
0.1692352150041172
0.07238069992851637
-0.018820329084165976
-0.09183981644638683
-0.1731331219975366
-0.24939651969485999
-0.32598148385540826
-0.3961112185413489
-0.46447885591866966
-0.5410855475429494
-0.6283147961855263
-0.7074875012764887
-0.7916379683083217
-0.8787889980814647
-0.9446340769195669
-0.9958674363982816
-1.0
-1.0

0.6623493375912153
0.6656449555665169
0.651112948962767
0.6182548034153439
0.5617224401339516
0.4777446709544464
0.3856238052081191
0.29875715571481987
0.21555323100926138
0.1454170573260225
0.10007936598984801
0.06454926688143736
0.035637519567731424
0.010572050447984482
-0.014103367683546031
-0.03966109366542614
-0.06832462671390438
-0.09705699228971454
-0.12510520426052552
-0.1523357692399957
-0.17872157138402467
-0.1980071940420235
-0.2137406411228462
-0.224682927134513
-0.23777362233260935

-0.2646099646555399
-0.27003730514397983
-0.28667809008509126
-0.31227961858436537
-0.35050878709786415
-0.39256754713203057
-0.4230874725843179
-0.4463549526567797
-0.47651194296495103
-0.4983172532901423
-0.5089445783434092
-0.5196052767432624
-0.5319158699649273
-0.5407180901268089
-0.5561282329125862
-0.5736179523574623
-0.5903964023532378
-0.6025672446860764
-0.6087204554627471
-0.617981559140177
-0.6292575786176972
-0.6499615685055726
-0.6878027718650175
-0.7476370106241959
-0.7902652033844744
-0.818615861308715

0.8519516628791386
0.8228897355057985
0.7563808274295534
0.6718315396897738
0.5735074031468974
0.4684251639204924
0.3601098817436319
0.2606781672609553
0.1606311317006115
0.058252133547618046
-0.07464053255517833
-0.20656119993867617
-0.33593506381088123
-0.4586613742101213
-0.5632492707402309
-0.6213251513011961
-0.6649295144490952
-0.6993270056077652
-0.7191486876452913
-0.7297426393519734

0.5511061809868638
0.5374705084096782
0.5172805234440541
0.4895722241304561
0.4459083409819078
0.3779169224012202
0.2647885896403579
0.15764697932914018
0.06946557578282975
0.009269115928858707
-0.02601063926691105
-0.01858726618738271
-0.03158598905402232
-0.08308426670220459
-0.1319172488438456
-0.17009249237429835
-0.2080119059332869
-0.23594903079799245
-0.24443077831348958
-0.2521278165895897
-0.26297845124471064
-0.28571288005510154

1.0
1.0
1.0
0.9851898803884476
0.9296581130302755
0.8203343009697721
0.7042763686548728
0.5740848755390269
0.44341686924096213
0.322823070880212
0.22493107978561389
0.10456429949752621
-0.02480003866050362
-0.1474954399711399
-0.2621777776279315
-0.37645328091688335
-0.4913851136832331
-0.5956156291828361
-0.6845797412218743
-0.7402328845792917

0.9247154126165851
0.860228793758576
0.7740271095542017
0.7011205926745081
0.6510057912085563
0.6043974074985645
0.5054759681140757
0.37964169399738457
0.21487936795605123
0.04913865972109388
-0.10928962396459574
-0.20584082483808697
-0.2824065127781378
-0.3339932733538744
-0.36043750466798863

-0.34738966059719434
-0.3583675850107467
-0.38150895483283565
-0.42018064968921565
-0.47887579415087644
-0.5587182621210621
-0.6326995142920477
-0.7078046403662788

0.8257047033174434
0.7938115704362223
0.7329507719542112
0.6453106628639493
0.5353531218014331
0.4134705540368362
0.262577646139289
0.08061072911553491
-0.11372388354868135
-0.3174402560207783
-0.5255112492221597
-0.7130021502550286
-0.834403307450395
-0.9283497404620276
-0.9966064878695466
-1.0

0.6606427541373865
0.6570215395884356
0.6384370636573802
0.5833016686886261
0.5006867031382334
0.3967129809783234
0.2755648133311963
0.13951976560532908
0.015894888639640392
-0.10070043720099775
-0.21722022569643173
-0.3466248540755831
-0.4750497859775219
-0.5969167029093323
-0.7113672259482227
-0.8111406139126053
-0.8812392702634654
-0.938279121935588
-0.982319683200953
-1.0
-1.0

0.8106730670004432
0.8108239763959955
0.7664721488943116
0.7002562130840664
0.6214748508382679
0.5146243410197262
0.39859276988647396
0.2766269086987063
0.1443148768923319
-0.0018630652583265794
-0.13963890488602448
-0.27724608107163495
-0.41108718013588497
-0.5564129280528365
-0.6849966100867401
-0.7959838127480712
-0.8920931244125909
-0.9722681793114321
-1.0
-1.0

0.7768022229748055
0.7472607220461127
0.6970818196925108
0.6311708691015332
0.5359687336321703
0.4306740232941171
0.31627327781505565
0.19863104465932868
0.08118654014838
-0.01864328700733464
-0.12353622956716404
-0.2603181748383988
-0.39907951005366027
-0.5399948253992957
-0.6694439828438843
-0.7747176582197266
-0.8255900155427965
-0.8518368197038232

0.401703720814683
0.38615056725316976
0.3682394884914939
0.33696102231965774
0.2683719855822251
0.18313800182183537
0.07951568826572686
-0.0463020672161224
-0.18422107836941337
-0.2968457847183783
-0.406232157566935
-0.5242613505114644
-0.6163293947410851
-0.6853237679731858
-0.7386996107897961
-0.7695749196954309
-0.7693962229612223

0.3032189083501742
0.33665131586736075
0.30839006025879345
0.2456427801915504
0.15110158756466907
0.006968236867964439
-0.14315547715729982
-0.2782369863500208
-0.38911553350933425
-0.4732765866767684
-0.5086244657803454
-0.5203092258698457

-0.5216020078371941
-0.5426345759982945
-0.5663592560584347
-0.5901597035598853
-0.6064899548946948
-0.6171755318519214
-0.6247309663900356
-0.6334323834779612
-0.6366667061288753

0.36866326504462466
0.38089812794950406
0.3889064375513289
0.3899352756599719
0.32739231911733535
0.12379355493109423
-0.08475950450147396
-0.27728700584268606
-0.4320293807648442
-0.5457366667874175
-0.5923781134692307
-0.6012102832676951

-0.5059470518320704
-0.5278131942932778
-0.5733252432717753
-0.6490513165863676
-0.6644074231426316
-0.6729189076807651

0.5529192692561495
0.5401918157411847
0.5250309598922513
0.4896218825422356
0.4187711860576524
0.3227042222965464
0.19897674166342716
0.048282968895476674
-0.11724985762969253
-0.27145091162193724
-0.4213926075912744
-0.5360336988257843
-0.5764397479819579
-0.5853851229808267
-0.5889466405127131
-0.5824852884015664
-0.5791696421307642

0.990321840434236
0.9731220898001602
0.9414193144873877
0.8963425654230166
0.8346955725364451
0.759345637822394
0.6632179169822654
0.5470678181903084
0.3967055409808351
0.22036529738954047
0.042357911605629184
-0.05071164561151764
-0.0989637925010578
-0.12513561721924926
-0.16223037457935763
-0.2491357275519015
-0.39037071771390697
-0.5623931152424565
-0.7567440834114848
-0.9295342123167998
-1.0
-1.0
-1.0
-1.0

0.8173338500439329
0.7998603346596413
0.7935485356242531
0.7836530160423294
0.7679406652521077
0.7387337264938241
0.7037176304470427
0.6710727756184209
0.6530467380085405
0.6505066705547848
0.6598957114299191
0.6705778077913309
0.6654861620041206
0.6354082333485522
0.5771286494284851
0.521496567839369
0.4754492120802849
0.43969258277281686
0.405363302548124
0.37299854579219693
0.31361008046104866
0.2277734505396689
0.11913376793299113
-0.0008748268571852069
-0.1328700843747479
-0.266733941363578
-0.34881035058302645
-0.3883003418731279

-0.2309197576576132
-0.2755474382537224
-0.33530425173526557
-0.3923329867279557
-0.45137612566811014
-0.5144710942625942
-0.5612129397635672
-0.598945603419498
-0.632726198378501

1.0
1.0
0.9937804883709056
0.9545294908509747
0.8907965152169184
0.8044566978106391
0.6711177947654006
0.5151008814069096
0.3367184804588219
0.1494090690381269
-0.03685447425787336
-0.1818835837382966
-0.3046585998672554
-0.4024070438289915
-0.49258686816646546
-0.5561898838560345
-0.6023504184246058
-0.6405246049759179
-0.6744596219093897
-0.6889718157106097

0.5322401226574343
0.5146398330324156
0.46858140984879904
0.38903045239985024
0.2787841937764657
0.1474101613205181
0.009420548833223963
-0.13725471994405447
-0.27705139451661853
-0.40124049861298694
-0.5003194848635342
-0.5722244655784063
-0.6182859830464147
-0.6447885288688986
-0.6588551457175877
-0.6744286790654639
-0.6902590380179241

1.0
0.9936347680735491
0.9665591307981618
0.9164797325532807
0.8435570413706652
0.7558980359381544
0.6576681989134976
0.5135277893857091
0.3712895946510659
0.2456330965315503
0.13611700793982573
0.03712494776431252
-0.013830338487252902
-0.059804429586292174
-0.11798746343501842
-0.21218888424571591
-0.3138554116172153
-0.4266711241119929
-0.5555871291266192
-0.6914032595068944
-0.8093873798579185
-0.9252051817801907
-1.0
-1.0

1.0
0.9994429736820027
0.9681866098060576
0.9020741743432472
0.7973172893781664
0.6563716623342384
0.5086398974592399
0.35212748116292736
0.19268618454940767
-0.006058409899496242
-0.19964601875920973
-0.3822278656907737
-0.5557984642844316
-0.7045813917272608
-0.7817025838833722
-0.8323290887528604
-0.8669395895973845
-0.8838570179326534
-0.9034966877897446
-0.921351477617125
-0.9338426430599319
-0.945627043927216
-0.9599300422860839

0.942704274053179
0.940588353505464
0.9314314149341454
0.9172834557341976
0.9014704052891638
0.8866674676684145
0.8759709044975534

0.8344584572493672
0.8322723604422808
0.8292186298829647
0.8184072328331329
0.8032768060019844
0.7872936312918062
0.7730521037460294
0.7619281033589971
0.7536770764995655
0.7477843972656781

0.5195924673228498
0.5081877618983315
0.4916538098797538
0.44817855392248007
0.3557138892639893
0.22132635256765365
0.04892454882513286
-0.16389665376203277
-0.4185195148481272
-0.6415269078107241
-0.827751308096107
-0.9743920449893617
-1.0
-1.0

1.0
1.0
1.0
1.0
0.9983375146850075
0.9841996859377542
0.9657849796462865
0.9436045430092663
0.9232005523741535
0.9084309121715037
0.9073616927854504
0.909535325299105
0.9065958099336846
0.8986721904081969
0.8857963086792795
0.8708171819198021
0.8557408533979554
0.8447553783578596
0.8338469943706774
0.8237698530409912
0.8146395909481694
0.8039038238838139
0.7943998377736108
0.7853986193997957
0.7747365916034432
0.7609791904433911
0.7475754025912653
0.7370893435026491
0.7284618491462169
0.7208683804342906
0.7135631652245618

0.31438630976765314
0.30550161812297705
0.2837726130766396
0.24410076165933492
0.1797695853484138
0.05867192753706507
-0.11508678605635037
-0.36601580402604805
-0.7627656351439087
-0.9957130966615685
-0.9904784586790139
-0.9905521168119766
-1.0

1.0
1.0
1.0
1.0
1.0
0.9970144464897994
0.9705142602325905
0.9192116833573063
0.8402081730207118
0.740041493211808
0.6434770550152131
0.5444023590767078
0.44615208920768645
0.3224348847516525
0.19327407544368658
0.06317572619918366
-0.06362056823403706
-0.1835647726438464
-0.26693621846203186
-0.3336995032234733
-0.3841200094624099
-0.4217619116243533
-0.4566194724434496
-0.48787696691691296
-0.5116015128979717
-0.5315813372995695
-0.5510456234994061
-0.5641461670441663
-0.5736586082100003
-0.5819333226382721

0.6646826421876657
0.6568951874943918
0.6441274597507685
0.6249122415851172
0.6018109095061874
0.5782092660922153
0.5499340622289415
0.5066375543476787
0.45577111844055107
0.4032525674944465
0.34816828950624146
0.28891076240377833
0.23529696468726446
0.17750230442313275
0.09455938613974446
0.012518115892770298
-0.05897419861816189
-0.1204624616949137
-0.1702401766316537
-0.1881654616595655
-0.19687087888930854

0.9887549589282458
0.9751769443485208
0.9445502772105472
0.8953674977091728
0.8295917840177713
0.7583430993743392
0.6818400580796202
0.6020947818071571
0.5042860910729776
0.4063012037381959
0.3065837164974947
0.20530330015145326
0.10719768551625863
0.03065766468808029
-0.03931631368433053
-0.10260243466722485
-0.1546446022117025
-0.19640319655437732
-0.2261314785559495
-0.24653112942564803
-0.2562556590922066

0.9958705007597817
0.9763897996183013
0.9424804152425736
0.9004375822641684
0.8509900358431257
0.7959254970649308
0.7181800999349737
0.6329412856443941
0.5405147408520881
0.4411433772780651
0.336039024177222
0.24361111471233032
0.15259291202706438
0.06499321416557424
-0.0385308480826011
-0.1401798501998902
-0.23494407912917536
-0.32313604489226955
-0.4065516566101671
-0.4590219528055277
-0.49695166261472634
-0.5281125964055884
-0.5514525916155882
-0.568318845194792
-0.5925182144717871
-0.6387091416680215
-0.7359988443031931
-0.8581650277247966
-0.9929317089791815
-0.9978220194175088
-0.998726693029025
-0.9944958642888124

0.9186808336863252
0.8924250072077955
0.8519632685603937
0.7944767562293547
0.7156517835175236
0.6163896420789896
0.5099814245988361
0.39445037696142915
0.27426913786295737
0.12967523908325274
-0.011048009422133465
-0.1435226637649475
-0.2689814474270491
-0.3899878841375206
-0.4830069321672349
-0.5707873281437197
-0.6520439282450091
-0.73437599080784
-0.802221438735419
-0.8539112760379018
-0.8919718249126821
-0.9214202192015706
-0.9345878704405932
-0.9448368924207796

0.7299980469195853
0.716715409128071
0.6885792143205609
0.6215623459624071
0.5346950784910041
0.43255827324017737
0.31936415818429476
0.1986722435144621
0.0954954863550701
-0.008748278372297857
-0.1366708180194075
-0.2662048603801149
-0.38972578243698786
-0.5052991045422227
-0.6116193911292951
-0.6861202341128634
-0.745834581224609
-0.7952815327319769
-0.8459264598635863
-0.886151706353839
-0.9160418750010572
-0.9384937656197917
-0.9556935145186862

0.805110339066746
0.7956568543485594
0.7760721211102304
0.7476641354682592
0.6983475766423217
0.637781899129382
0.5676201424360234
0.48665465469694635
0.3943326623178285
0.3058360744624755
0.21574454114070285
0.11063833907378728
0.00563600210898918
-0.10021485992734758
-0.20601466962535486
-0.31677887911950575
-0.41597709334391986
-0.5110664745455686
-0.600087669959572
-0.6896870728179996
-0.7620130290235103
-0.8168049933147253
-0.8630012027633615
-0.9214448461065435
-0.9460279883837901
-0.9647585939693809
-0.9818470058400954
-0.9952706953730663

0.7771988199477156
0.7590264863383289
0.7184221565327749
0.6619010709082529
0.5881252081448356
0.512164499995579
0.4342763338215829
0.3486449341353599
0.2504192368562972
0.14670588385542627
0.03535146637116182
-0.07542923272041768
-0.20662016011065787
-0.3381333128995285
-0.46291902809746577
-0.5808397704733477
-0.6956188152125757
-0.7736111152044218
-0.8297215599245915
-0.8745325030134954
-0.9071558598358819
-0.9255030596676957
-0.9426006536853063

0.5460178147420081
0.49472503268917634
0.4207428670790756
0.3418447993508329
0.2633789852061206
0.1942419893095828
0.15216603253101146
0.11679786545321202
0.08132359976854708
0.03455769160867983
0.0065555185520289605
0.0023724827368718504
-0.0014667150004774587
-0.013220082894448648
-0.014693674656481304
-0.032832606852595037
-0.08740855135123504
-0.1476489825831283
-0.20783243493355574
-0.2685385211622515
-0.3339718897635474
-0.394701553460436
-0.4610013940178077
-0.5289162911463663
-0.6017333368699535
-0.673953086732664
-0.7353920392643438
-0.779132172339504
-0.8121032968177293
-0.8336157717543898
-0.8469036398698917
-0.8557117890288144

0.5560736917981173
0.5384533743714925
0.5006500656699002
0.44413415232763387
0.36960213327672875
0.2795127603026568
0.15422476352202996
0.023893230030380685
-0.1070286692227066
-0.23701150416739936
-0.3765147014815379
-0.47520646391738797
-0.5741438837995607
-0.6713617015574679
-0.7505817614978845
-0.8151852033820335
-0.867552671189741
-0.9039434719883511
-0.928038000973697
-0.9555896002036729
-0.9744739580774402
-0.9860779225419734
-0.9948746923698797

0.9407945948028933
0.9169978548766227
0.8672823727376662
0.778661802674339
0.6735687402859307
0.5425517976647694
0.3890534482537149
0.22694120820541763
0.07871846725888387
-0.06864289403560031
-0.2057719338368127
-0.346354574865286
-0.47404531309824516
-0.5946489738127609
-0.7011016062843216
-0.7862827276254692
-0.8365500990597676
-0.8736146408023464
-0.8971397295192977
-0.9216387132251855
-0.9470987437011604

0.8404655478222716
0.8375816466520585
0.8116080326295838
0.7410039993973148
0.6568554110814768
0.5573066319153499
0.4356699717425263
0.2988789528081697
0.17962659956067428
0.05122559191344589
-0.07940640802311272
-0.22121187289688027
-0.35733147945980415
-0.4891899964843369
-0.6054051339256215
-0.7083162616605037
-0.7870116069752872
-0.8499208314939988
-0.9039721707502111
-0.9519226448360726
-0.9914117370283932
-1.0

1.0
1.0
1.0
0.9517363760116064
0.8595846609522946
0.7329952579694523
0.5835296713488598
0.42553366542506144
0.2896901973103554
0.15689464315098167
0.02523410970994222
-0.12827230025879266
-0.27839234693114345
-0.4240583254798135
-0.5593539170369048
-0.6776223279331031
-0.7529955571511919
-0.8173401995542192
-0.8683020688417183
-0.904912564137086
-0.932740205537854
-0.9552012745142039
-0.967276997412078

0.1812499065057065
0.16184423102813783
0.12173517928465616
0.06010187138177003
-0.010546156262622786
-0.09124108064443848
-0.17998212389115853
-0.29581033373722887
-0.40995564630734993
-0.5168925488788174
-0.6180328052775661
-0.7134306421936005
-0.7773994375383327
-0.831545722449102
-0.8909875241215283
-0.9400178013134081
-0.9723200795823426
-0.9945848105431648
-1.0

0.12347896686456594
0.10753816133630378
0.07954810704087523
0.039833561678590756
-0.009319254348939543
-0.06797307832473054
-0.12431484890002154
-0.19348823906595325
-0.28684316140550004
-0.38177205146302406
-0.4751232833741592
-0.5681589836560157
-0.6576075875208163
-0.7248619549121906
-0.7946018258394568
-0.8664950617454803
-0.9387388883507014
-1.0
-1.0
-1.0

0.7373880675273683
0.7180226733860957
0.6908169972811369
0.6546285883826388
0.6045892420350278
0.5436846767503576
0.4704058343429238
0.38793623078188766
0.28190315256748777
0.1749731651941273
0.06675919950004916
-0.046268406033845744
-0.1448340432357592
-0.21036158801410787
-0.26633952190268106
-0.3819595694018231
-0.4884175653739994
-0.5795631901457002
-0.6634247439636358
-0.7372245521439078
-0.7767995796374179
-0.8062425406151903
-0.8293683427127052
-0.8427996304247184

0.8390087756960527
0.831543007473972
0.8192149184098187
0.7988659142557879
0.7651564666405959
0.6925634932138083
0.531055408032947
0.33573258876196754
0.10793367772493712
-0.13707752092739645
-0.3698276309996197
-0.5351820909073504
-0.6853766657824422
-0.8145481295926099
-0.9444087412386607
-1.0
-1.0
-1.0

1.0
0.9653687783509528
0.8979693018274464
0.7801667011859246
0.6471749117612664
0.5029656155999858
0.3479948961578465
0.18385314327352043
0.04132330736698231
-0.09894757401161347
-0.2308565676554194
-0.3633504212601424
-0.47935337024211055
-0.5788096114490897
-0.6606191788995399
-0.7316716156193019
-0.7805186903000172
-0.8186601448521051
-0.848776676857896
-0.8720744929156824

0.823016010139004
0.7811325249745937
0.721367348931746
0.6599516873478164
0.5940460182841178
0.5214225082014539
0.4156497794165779
0.29927767111982995
0.1771438873548985
0.05351093044244437
-0.06978720755660472
-0.16904491831813584
-0.2650038042725894
-0.3702560613491269
-0.4674458360653623
-0.552204385483883
-0.6227932267850835
-0.6795310818192257
-0.7112186871879181
-0.7359534344157352
-0.7565254811143886
-0.7758709316014322

0.7250643077672629
0.693784494664897
0.6459418767243985
0.5728569174982592
0.492057172475739
0.4047252392291867
0.3117174815178889
0.21353398143686686
0.12660876731909876
0.04128574755297865
-0.04085434626070561
-0.13238975926305485
-0.21935038691974063
-0.30376123977434066
-0.3830907863629972
-0.4543814596172977
-0.5057428955611809
-0.5511516375542338
-0.5928086906970779
-0.6294595572019868
-0.6621913253999847
-0.6865676446884517
-0.7037764783274507

0.5986247845893982
0.5722989074487994
0.5354456369044573
0.4900874154708894
0.4382751227058419
0.38190607813362054
0.3263230334362761
0.2637387886957072
0.1810404545376989
0.09667343468295542
0.012098255671768365
-0.053766543317812054
-0.10295918753866828
-0.14048098935005426
-0.20867298696128156
-0.2779934308748878
-0.35714516771175486
-0.4313227829202745
-0.5005237881954815
-0.5632925251318801
-0.6165845526027673
-0.6507887926744299
-0.680101025181646
-0.704604608340798
-0.73249104210212
-0.7546207823230817
-0.7730441922962079
-0.7882975017418136
-0.8002936199860657
-0.8013548820543447
-0.8021586045585745
-0.8035632527122525
-0.8095564432726355
-0.8231124602439105
-0.8462495365303146
-0.8834693048719076

-0.8352674047055795
-0.8331764546738094
-0.84738351904712
-0.8612314325555133
-0.885676598744813
-0.9288069901064154
-0.9361379514061801
-0.9311549214656966

0.024907216494854945
-0.025402061855660518
-0.0010309278350515427
0.12152577319588098
0.1749644984209755
0.15100805554320096
-0.09338368728235558
-0.45504897388058463
-0.7912031136981805
-1.0
-1.0
-0.828994421398956
-0.6494063796309414

-0.8331015299026412
-1.0
-1.0
-1.0
-0.9697146542986215

1.0
1.0
0.993658497466956
0.9526193390026125
0.8783692283017623
0.771357244716868
0.6273464221834044
0.4680334299132878
0.2957529226767641
0.0916965646126866
-0.11019528675878332
-0.2982340163662921
-0.4689985321241661
-0.6293114930145145
-0.7490790037969521
-0.8580951085914323
-0.9558326272885445
-1.0
-1.0

0.9507469185423376
0.9264924016230287
0.8814332606032775
0.826940744143317
0.7646608482621347
0.68927040269484
0.571878349410504
0.44327294824682295
0.31078342711682816
0.17643019828510265
0.04505794480171499
-0.052068978716888537
-0.14155565763282785
-0.2418836606185878
-0.336407613688562
-0.42419446677384776
-0.5069775398101357
-0.5836874138723009
-0.6381883038585203
-0.685367143239932
-0.7249105228908279
-0.7627947481243297
-0.7898436303781959
-0.8076565131679676

0.9995822845516236
0.9833515421702479
0.9443257953478086
0.8924972970518719
0.8277548078423804
0.7484933015128004
0.6555958830056212
0.5622239942337115
0.4654048179163601
0.3688875772220217
0.2596232047742155
0.1541409732883463
0.05032619830700402
-0.05446362441932684
-0.15528742057872869
-0.23437525717026153
-0.3084051045281825
-0.3758298263586388
-0.44474152437761194
-0.5112195758712572
-0.5776794658236684
-0.6373140215611548
-0.688656698629087
-0.7239786261361605
-0.751871348182285
-0.7718865017182518
-0.7872579761800035

0.9099005939391533
0.8948537570269561
0.8500844227893298
0.787800552224363
0.7100975331519068
0.602037497907167
0.4902815890213492
0.37624981199967156
0.25998757069521816
0.1408035914447796
0.043033204405309
-0.052148027912018335
-0.16853967019776206
-0.2764294409934358
-0.37278663310565163
-0.46126739180403675
-0.5437480313173076
-0.5959874344836583
-0.6468136427227551
-0.6990893689715743
-0.7489280434060835
-0.7896575698155179
-0.823476629785495
-0.8488993822238238
-0.8641743734977709
-0.8720269698887321
-0.880039737730975

0.6919739722482452
0.674186210503394
0.6430226406694788
0.6005088766890929
0.5463300375384024
0.49092907395421204
0.42907123972037087
0.3633793369281244
0.2796342554360709
0.19135778265850067
0.09930394403562848
0.004323280264017626
-0.09782605417280688
-0.19087761925817193
-0.284386425370483
-0.3932399508013483
-0.4983245554718422
-0.5970403596641025
-0.6912476949442292
-0.7825897335515384
-0.8477001319242914
-0.9030769666943949
-0.9491630016003437
-0.9881479265205229
-1.0

0.9860612724484399
0.9432255054787628
0.8847593185858322
0.8114851123256082
0.7253795336483864
0.6330542501817045
0.5461406990284492
0.4575823467632707
0.37169439162498086
0.2786248597019523
0.18983565815790704
0.1019085343896291
0.01331651660461608
-0.07733390725029032
-0.15830789883270813
-0.24421749609089216
-0.34236450980899036
-0.43779663982041805
-0.5284590870752655
-0.6116550029667736
-0.6875731548740155
-0.7448309900728797
-0.7972975003952693
-0.8438064160469106
-0.8815298333616887
-0.9110364591568109
-0.9335839410661025
-0.9474180650381774
-0.9537928716868765

0.26812362219351304
0.2552886427565326
0.2346901539776718
0.21741613528248704
0.2077312866300398

0.07688663677248697
0.06606557682561842
0.05386302822553257
0.04228088706240096
0.03148026689543215
0.02103674170670944

-0.01752230190396553
-0.025965133342510716
-0.04222918644265439
-0.07247525133414656
-0.11693417729585276
-0.17576347086700117
-0.24832468951072562
-0.33273496879627107
-0.42382424674902275
-0.5313182515812275
-0.6365133823447189
-0.7337261778874046
-0.8202898481023767
-0.8970652684254093
-0.9525472474529929
-1.0
-1.0
-1.0

0.9662508525031608
0.936998695860914
0.9022916928335747
0.86133984737699
0.8146526071630229
0.7823801536090378
0.7598376810505421
0.7418696729557244
0.7307921206991885
0.72477500372695

0.6442998792116008
0.6377557069290758
0.6315601658874308
0.6251462901292764
0.6164751151246095

0.5432731191227176
0.5411472902431387
0.534755717493659
0.5139892687313004
0.4614551187165683
0.3753596360148992
0.2574553675711908
0.07867210234029032
-0.11300230190526328
-0.2967450519601409
-0.4671834704185799
-0.6226553962129486
-0.727257680745343
-0.8152759175633844
-0.8974648522190907
-0.9614087519353725
-1.0
-1.0

1.0
1.0
1.0
1.0
1.0
0.9863859685158534
0.9575599861654616
0.9207534688292447
0.8766108200387348
0.8103027035245352
0.732268456497476
0.639261896167461
0.5310413712101654
0.4060653475525
0.28476343090508993
0.1610923243987794
0.028749962871281287
-0.09138900677781636
-0.19494465429512586
-0.2856404238362851
-0.3698146282622301
-0.43359547467619997
-0.49537665638138195
-0.5547785794224838
-0.6224248401451316
-0.6848886868415316
-0.743001802819568
-0.7958177203923011
-0.8451947240926054
-0.8851227255020154
-0.9227614045969182
-0.9550973412130433
-0.9818766572524127
-1.0

0.9441980263630882
0.9336671699221992
0.9110029580589132
0.8754958317313559
0.8322523237798138
0.7802857199419435
0.7040857472406914
0.6219540276592574
0.5355628699527282
0.44451738002877805
0.35085767037492
0.2718257131276758
0.1938929993300349
0.1173585648777653
0.026799659495015282
-0.062438069874373725
-0.1531418044888726
-0.2426160535388865
-0.3296073669107923
-0.3989586882430962
-0.46586458362637784
-0.5269918968565803
-0.5896571089793079
-0.6443244133113692
-0.6903853186920358
-0.7285150002448553
-0.7579622214511891
-0.7733474619979557
-0.7849911070683958

1.0
0.9963924146267755
0.9789579555757029
0.9556861967361736
0.9320281807192503
0.9134963357509827
0.8987269567845273
0.8869522514354788
0.8764685327893624
0.8668923768510124
0.8562594439407674
0.8465199078271386
0.8378739800543975
0.8301252266545789
0.8225757404049563
0.813914640880971
0.8045465246977339
0.7949169565302208
0.7858310259822301
0.7770485395783628
0.7702047526961162
0.7633963022705104
0.7539330922242315
0.7400378886008683
0.733901720841101

0.5564004277491033
0.5452879102539465
0.5292207538531017
0.5102939498920986
0.48606768249265375
0.4406321019138808
0.36435191479187834
0.26021698943180493
0.12920866936796593
-0.02398509857970843
-0.21638677019736774
-0.40073559094434497
-0.5643647285131864
-0.7054479671760383
-0.8308047069069603
-0.9122687214458459
-0.9851381668148576
-1.0
-1.0

0.49178268071266684
0.47662590945742767
0.4595709379118309
0.44468852681614846
0.4435222636294225

0.4053024983515141
0.39918380177617974
0.3941727762179028
0.38593360112124997
0.37762002326946176
0.36812902181767804
0.35441101383984264
0.33915193879629313
0.32592219889902485
0.3112416052766429
0.29560028607859357
0.2822580120141853
0.2711468905693575
0.2621655479902423

0.33721837352792283
0.35182354514939496
0.35066291006545947
0.2823533996581695
0.16826420004829523
0.010144845380208212
-0.18187100850448223
-0.3923750235868706
-0.5674379820721285
-0.7243419735931704
-0.8693605058523178
-0.9846002749498574
-1.0
-1.0

0.7556209908082849
0.719139127431164
0.6710521965839149
0.6167489167273708
0.5594440511489351
0.49853340674849456
0.43968043884938823
0.37364099301985965
0.3025251851623847
0.21420697375635922
0.12418904176114309
0.032449729424089746
-0.060247171977296565
-0.1536064058148462
-0.23172847309011135
-0.30814515116939123
-0.3863412757495086
-0.4555078261983069
-0.5181534656508764
-0.5738966050477392
-0.6203330637800828
-0.6528331465376598
-0.6810886331076594
-0.7059801464202988
-0.7295165934014589
-0.744724479093664

1.0
1.0
0.9843769791192658
0.9538475251333491
0.9134371349624473
0.8666056022855746
0.8152106603866527
0.7505383204402261
0.6821563779830457
0.6082762956047723
0.5283034579171808
0.4404704381154332
0.3564678204003511
0.2698099576380517
0.1635555889155249
0.056625680817027124
-0.049082157785356406
-0.15431969900967812
-0.2598000121972387
-0.34151447483850417
-0.4134523815108627
-0.47504843711150635
-0.5353426720397069
-0.5863599686624792
-0.6303310142942259
-0.6695334087060139
-0.7059585856832564
-0.7277048549701404
-0.7412050871868006

1.0
1.0
0.9893524452684332
0.9680389822172752
0.9389133236315415
0.9072952227706621
0.8701877142236296
0.8263359081754655
0.7640096946322765
0.6965521350020301
0.6233574932343804
0.5444858938249657
0.46113471910199877
0.38499252495457115
0.3029521449772945
0.19639355948630155
0.07969879757783427
-0.04486879705891911
-0.14225243236679885
-0.23749493569991964
-0.3151431288418053
-0.39174419904713054
-0.465903585344126
-0.5477162260775691
-0.6238784904598809
-0.6905757733501803
-0.7468931946626785
-0.7942782125094523
-0.8218616667648473
-0.8461486674128373
-0.8674493840488676
-0.8851098156654884
-0.8990963004461399

1.0
0.9931572358434646
0.9736024451728378
0.9495485929838416
0.9281386162972669
0.9115208111023934
0.8970101016997425
0.8853810517939449
0.8753435066429425
0.8649269196790377
0.8535488555539048
0.8429164641409961
0.83588458079516
0.8297111579745513
0.8228147288107481

0.7102422856019863
0.7054733154223565
0.7011105873434544
0.695067944254014
0.6859395595582796
0.6756359623439296
0.6630609985354361
0.6504461908665791
0.639585720443401

0.5360413624604585
0.5298618545670473
0.512230063401456
0.4749271791386991
0.4120195427066873
0.32022659540027165
0.19454157283498974
0.03714119431856333
-0.1837950026877211
-0.442108439477775
-0.7384149916106818
-1.0
-1.0
-1.0
-1.0

0.9581480377808067
0.9456574856618627
0.9279822276053735
0.9066030307991122
0.8856846665151343
0.8678553137622482
0.8501244505254566
0.8238765662229044
0.7916100488752134
0.7574794762405905
0.7232297402542924
0.6890699847580342
0.6620291372028777
0.6376486520284383
0.6095735108871696
0.5756337250619923
0.5443877473212899
0.5153512290194382
0.4889145771252017
0.466368574679058
0.4528336530807071
0.44020154759762486
0.4283343957689645
0.4138673775326891
0.397982693991088
0.3820357893388393
0.36671963594550183
0.352502722173591
0.34188853271030917
0.3321661791662982
0.3207943561792581
0.3089345244812618
0.29568386795704327
0.2806190390498473
0.26342039205399836
0.24697205845124337
0.23068110765777172
0.2147817838548418
0.19686942411922037
0.18040645025513724
0.16395689663060464
0.1451356206708292
0.12409634511976075
0.10403918709949012
0.08344643951894537
0.06213265906796428
0.04322598158377122
0.026137136547887074
0.010419595989788366
-0.005336985265187111
-0.020588477504323355
-0.03873020133409366
-0.059307088631532334
-0.08450663844349648
-0.11018077672686444
-0.13591713612087963
-0.16044079386817078
-0.18401771471620798
-0.20440305859459573
-0.2269283206705237
-0.25483509880651367
-0.280978945474177
-0.305986951867091
-0.3311438009168465
-0.3554088140473305
-0.3764676099468377
-0.4020221860960217
-0.43204204195044915
-0.4665210774012316
-0.49806352043384006
-0.5259751786569391
-0.5499986274755002
-0.5694689550208473
-0.5863146959975559
-0.6096434039080453
-0.6416868206710591
-0.6872601683632098
-0.7350891980005168
-0.7890149344944805
-0.8493420124074331
-0.9103171315413816
-0.9668034461415649
-1.0
-1.0

0.9830661332670168
0.9695081775083161
0.9553170597844973
0.9439773147929795
0.9327590568602315
0.9163968939332234
0.8988641674634792
0.8798635914718944
0.8570054440494934
0.8306641911891877
0.8046059317128389
0.7755590905907568
0.7393845322676784
0.7042947819164374
0.66970956017397
0.6362148634414002
0.6052442390122104
0.580686702026548
0.5552673215533774
0.5305497075020409
0.5036081656454614
0.47828168704076157
0.4560338334312386
0.4373777089827533
0.42031949667196944
0.4071088509753986
0.39345656408871155
0.37406151247100405
0.35398756258370123
0.3337921256376286
0.31394828653223117
0.29446462082459757
0.2794459618416303
0.26364692716350624
0.24699605381447953
0.22688780169881873
0.20567330271859463
0.1833697079879888
0.15953680557639904
0.13508789231387164
0.11352894179054784
0.09347643079596901
0.07537628829879606
0.05681449497829716
0.03937609963654021
0.020810018537496644
-0.0009747549891869767
-0.026316955448551504
-0.05103456949988716
-0.07740869532903616
-0.10688002652705575
-0.13394019692337578
-0.15799177604075076
-0.1801996103838558
-0.2025946777234181
-0.22556430738798494
-0.25427670178357287
-0.2856546651745191
-0.3212732415462872
-0.3558084392057316
-0.38619592575282613
-0.4112479865306575
-0.4349922748523216
-0.45920864375226755
-0.48667200803066146
-0.522735523006171
-0.5632577249473238
-0.6075737547858222
-0.6503444614959597
-0.6933401176185415
-0.7375473778081503
-0.7835315578201739
-0.834856792338517
-0.893467868066109
-0.9498470105537181
-1.0
-1.0
-1.0

