0.691218564710693206,1.000000000000000000
0.751942343079124997,1.000000000000000000
0.782099775097117256,1.000000000000000000
0.736710284195461140,-1.000000000000000000
0.629191371907585451,-1.000000000000000000
0.488345941525250460,-1.000000000000000000
0.303491106113269238,-1.000000000000000000
0.082268452259251612,-1.000000000000000000
-0.188228378654671791,-1.000000000000000000
-0.321713351052954399,-1.000000000000000000
-0.429411163361275827,-1.000000000000000000
-0.512931915763647495,-1.000000000000000000
-0.591929053363320357,-1.000000000000000000
-0.686234921283990995,-1.000000000000000000
-0.747623185442649829,-1.000000000000000000
-0.808679206706195086,-1.000000000000000000
-0.839015538744632972,-1.000000000000000000
-0.863499284399918188,-1.000000000000000000
-0.868125127785728923,0.000000000000000000
-0.907943160907789815,0.000000000000000000
-0.940886321815579629,0.000000000000000000
-0.924401962788795717,0.000000000000000000
-0.922587405438560659,0.000000000000000000
-0.907968718053567825,0.000000000000000000
-0.892327744837456582,0.000000000000000000
-0.880009200572480110,0.000000000000000000
-0.930586792067061963,0.000000000000000000
-0.943109793498262072,0.000000000000000000
-0.923686362707012876,0.000000000000000000
-0.925986505827029238,1.000000000000000000
-0.873057656920875114,1.000000000000000000
-0.780694132079329361,1.000000000000000000
-0.657125332242895155,1.000000000000000000
-0.548047434062563843,1.000000000000000000
-0.384609486812512724,1.000000000000000000
-0.219433653649560467,1.000000000000000000
-0.096580453894908991,1.000000000000000000
0.021544673890819821,1.000000000000000000
0.278879574729094193,1.000000000000000000
0.354247597628296829,1.000000000000000000
0.461153138417501607,1.000000000000000000
0.606445512165201484,1.000000000000000000
0.728557554692291998,1.000000000000000000
0.876226742997342045,1.000000000000000000
1.000000000000000000,1.000000000000000000
1.000000000000000000,0.000000000000000000
1.000000000000000000,0.000000000000000000
1.000000000000000000,0.000000000000000000
1.000000000000000000,0.000000000000000000
1.000000000000000000,0.000000000000000000
1.000000000000000000,0.000000000000000000
1.000000000000000000,0.000000000000000000
1.000000000000000000,-1.000000000000000000
0.904070778865748714,-1.000000000000000000
0.798328516753885831,-1.000000000000000000
0.657793272883486102,-1.000000000000000000
0.503312433875583221,-1.000000000000000000
0.370389042340928620,-1.000000000000000000
0.258369842295484764,-1.000000000000000000
0.150199172069046316,-1.000000000000000000
-0.043633239368613852,-1.000000000000000000
-0.136139967195188616,-1.000000000000000000
-0.229896402121661847,-1.000000000000000000
-0.315842167673769603,-1.000000000000000000
-0.384462448431830639,-1.000000000000000000
-0.447089815597196627,-1.000000000000000000
-0.491795246852655299,-1.000000000000000000
-0.525494734898780846,-1.000000000000000000
-0.571307861083694801,-1.000000000000000000
-0.590238083403747726,-1.000000000000000000
-0.606967117081933960,-1.000000000000000000
-0.635085526829649361,-1.000000000000000000
-0.652368407972563236,-1.000000000000000000
-0.657722266798264621,0.000000000000000000
-0.664396838809085954,0.000000000000000000
-0.671000404734685807,0.000000000000000000
-0.686209908189131745,0.000000000000000000
-0.708562623816861081,0.000000000000000000
-0.699630058295996005,0.000000000000000000
-0.685201621778986469,0.000000000000000000
-0.663644174305737966,0.000000000000000000
-0.639786129671312764,0.000000000000000000
-0.630186106949365499,0.000000000000000000
-0.663289465264594869,0.000000000000000000
-0.672858521245041641,0.000000000000000000
-0.675374334417324862,0.000000000000000000
-0.669170567844762809,0.000000000000000000
-0.664539184504878033,0.000000000000000000
-0.682064110352714081,0.000000000000000000
-0.688682414322981828,0.000000000000000000
-0.665754207911946505,0.000000000000000000
-0.659407497409141286,0.000000000000000000
-0.673887717542793863,0.000000000000000000
-0.713726190901618818,0.000000000000000000
-0.739441803952399668,0.000000000000000000
-0.736511453382410752,0.000000000000000000
-0.734238644891541226,0.000000000000000000
-0.740728299324589945,0.000000000000000000
-0.764771468391523435,0.000000000000000000
-0.796505020905549754,0.000000000000000000
-0.799692670549976725,0.000000000000000000
-0.812057320516027525,0.000000000000000000
-0.827266554693921297,0.000000000000000000
-0.834242218489797405,0.000000000000000000
-0.858614158596290644,0.000000000000000000
-0.899110174034235099,0.000000000000000000
-0.870321266483221945,1.000000000000000000
-0.801122109852410391,1.000000000000000000
-0.697630704356216214,1.000000000000000000
-0.587335167780438150,1.000000000000000000
-0.497180430975949661,1.000000000000000000
-0.425222456491441192,1.000000000000000000
-0.341814673194439478,1.000000000000000000
-0.208090626451774341,1.000000000000000000
-0.157988778901475890,1.000000000000000000
-0.117121109244898713,1.000000000000000000
-0.091105313940606836,1.000000000000000000
-0.070821570239073761,1.000000000000000000
-0.058571275417217628,-1.000000000000000000
-0.108787478111710634,-1.000000000000000000
-0.207861916163384897,-1.000000000000000000
-0.394975520851945872,-1.000000000000000000
-0.483086159453954167,-1.000000000000000000
-0.575570882321409405,-1.000000000000000000
-0.638580566772683378,-1.000000000000000000
-0.691026694778972939,-1.000000000000000000
-0.746303112604081109,-1.000000000000000000
-0.796776614373012171,-1.000000000000000000
-0.867348032734160057,-1.000000000000000000
-0.916363506414608842,-1.000000000000000000
-0.950369867419504688,-1.000000000000000000
-0.971781152916810442,0.000000000000000000
-0.988723103954834759,0.000000000000000000
-1.000000000000000000,0.000000000000000000
-1.000000000000000000,0.000000000000000000
-0.998250632711734420,0.000000000000000000
-1.000000000000000000,0.000000000000000000
-0.998692874761941574,0.000000000000000000
-0.984483158464338648,0.000000000000000000
-0.971215134542541270,0.000000000000000000
-0.957202189786151458,0.000000000000000000
-0.949767036550313803,0.000000000000000000
-0.964089193728609906,0.000000000000000000
-0.994054688433347100,0.000000000000000000
-0.957258410226498047,1.000000000000000000
-0.905549660217713659,1.000000000000000000
-0.649746656640688203,1.000000000000000000
-0.364329536111091645,1.000000000000000000
-0.273168092089081327,1.000000000000000000
-0.339494156587981433,-1.000000000000000000
-0.399144043795722991,-1.000000000000000000
-0.202583329233926190,1.000000000000000000
-0.118786762897320375,1.000000000000000000
-0.147810565226252133,-1.000000000000000000
-0.262978137276260182,-1.000000000000000000
-0.182920230222703206,1.000000000000000000
-0.048061448941298823,1.000000000000000000
0.011110564523496569,-1.000000000000000000
-0.371399256484676421,-1.000000000000000000
-0.293702607925676595,1.000000000000000000
-0.029185436094928185,1.000000000000000000
0.080107099938860227,-1.000000000000000000
-0.132139117479637691,-1.000000000000000000
-0.416909702945248317,-1.000000000000000000
-0.353464936014111331,1.000000000000000000
-0.005333914277883545,1.000000000000000000
0.021595676648137330,-1.000000000000000000
-0.306338151893574717,-1.000000000000000000
-0.339986085441014163,1.000000000000000000
-0.055384161296443302,1.000000000000000000
0.169371104099172776,1.000000000000000000
0.064407541972072435,-1.000000000000000000
-0.297736424520545051,-1.000000000000000000
-0.091126306246793631,1.000000000000000000
0.158731385763579036,1.000000000000000000
0.114373458330112365,-1.000000000000000000
-0.205816004553855625,-1.000000000000000000
-0.357372256618199935,1.000000000000000000
-0.143144268677484421,1.000000000000000000
0.116341173742243287,1.000000000000000000
0.067696437732348569,-1.000000000000000000
-0.607173728188226014,-1.000000000000000000
-0.487396080029796841,1.000000000000000000
-0.229273983288474148,1.000000000000000000
-0.202695770114619478,-1.000000000000000000
-0.539905971313520361,-1.000000000000000000
-0.728637989557053167,1.000000000000000000
-0.522604130796854527,1.000000000000000000
-0.256287904875014960,-1.000000000000000000
-0.565303555240096456,-1.000000000000000000
-0.682368567151802274,1.000000000000000000
-0.456207790747521047,1.000000000000000000
-0.148499265620497978,1.000000000000000000
-0.135189076368440686,-1.000000000000000000
-0.453017280757851526,-1.000000000000000000
-0.578965122244319952,1.000000000000000000
-0.111211058560616194,1.000000000000000000
-0.051448730472181459,-1.000000000000000000
-0.293744773255936509,-1.000000000000000000
-0.489940054955480431,-1.000000000000000000
-0.429123593610546972,1.000000000000000000
-0.303274137894685047,-1.000000000000000000
-0.495138038394003388,-1.000000000000000000
-0.985823132650512135,-1.000000000000000000
-0.742165820642977980,1.000000000000000000
-0.276700024226160579,1.000000000000000000
0.208938159694575409,1.000000000000000000
0.297644159246841511,-1.000000000000000000
0.084580343513744216,-1.000000000000000000
0.036502842582242678,1.000000000000000000
0.319054315556677404,1.000000000000000000
0.693650164064471886,-1.000000000000000000
0.274798975949230195,-1.000000000000000000
0.226384932511208170,1.000000000000000000
0.582302671907114267,1.000000000000000000
0.893484296686258173,1.000000000000000000
0.819372829000348579,-1.000000000000000000
0.317179293020348751,-1.000000000000000000
0.061695453070349293,1.000000000000000000
0.451435714371567043,1.000000000000000000
0.813507373886705354,1.000000000000000000
0.681390401326938955,-1.000000000000000000
0.110950852774672759,-1.000000000000000000
-0.113571076575439633,1.000000000000000000
0.279294222286325500,1.000000000000000000
0.752208560199040921,1.000000000000000000
0.438046130362143682,-1.000000000000000000
-0.090998689888099671,-1.000000000000000000
-0.301313717712953233,-1.000000000000000000
-0.278428827269558532,1.000000000000000000
0.007464032019615541,1.000000000000000000
0.527350088342408041,1.000000000000000000
0.876801403863027184,-1.000000000000000000
0.263476724479861479,-1.000000000000000000
-0.051286674118679265,-1.000000000000000000
-0.004026490703013308,1.000000000000000000
0.433406651522253883,1.000000000000000000
0.928508756114857059,1.000000000000000000
0.937643481291842384,-1.000000000000000000
0.410089063570475698,-1.000000000000000000
0.034892246301037266,1.000000000000000000
0.790309979687255915,1.000000000000000000
1.000000000000000000,1.000000000000000000
0.853737446359163377,-1.000000000000000000
0.380731986789188737,-1.000000000000000000
0.240603024107483909,1.000000000000000000
0.646880406209979997,1.000000000000000000
1.000000000000000000,1.000000000000000000
0.665791629040048738,-1.000000000000000000
0.166726169225276610,-1.000000000000000000
0.165403112333830427,1.000000000000000000
0.660961421341117683,1.000000000000000000
1.000000000000000000,1.000000000000000000
0.883422588122452224,-1.000000000000000000
0.232035808488530115,-1.000000000000000000
-0.212672847893853434,1.000000000000000000
0.265746143393813528,1.000000000000000000
0.437574934058028830,-1.000000000000000000
0.132303572855886786,-1.000000000000000000
-0.302553752697626077,-1.000000000000000000
-0.361961473902965403,1.000000000000000000
-0.048017744384941219,1.000000000000000000
0.294820557909039938,-1.000000000000000000
-0.131444328990488413,-1.000000000000000000
-0.413116457517384683,-1.000000000000000000
-0.324094796579010525,1.000000000000000000
0.014127567740388480,1.000000000000000000
0.234074014866917146,1.000000000000000000
0.022580129486052369,-1.000000000000000000
-0.327711613779873678,-1.000000000000000000
-0.422408280712972539,1.000000000000000000
-0.112780752937415074,1.000000000000000000
-0.124390536328031320,-1.000000000000000000
-0.222564143553672822,-1.000000000000000000
-0.251578610822476234,-1.000000000000000000
-0.317160898409399761,-1.000000000000000000
-0.426784429701862367,-1.000000000000000000
-0.381524258652385928,1.000000000000000000
-0.112640876029094450,1.000000000000000000
-0.316281672128526870,-1.000000000000000000
-0.445248181600191861,-1.000000000000000000
-0.391695308128846564,1.000000000000000000
-0.222524178722724009,1.000000000000000000
-0.134401726480697037,-1.000000000000000000
-0.278534889297418320,-1.000000000000000000
-0.477160099112780789,-1.000000000000000000
-0.458952947647382370,1.000000000000000000
-0.309868057994280854,1.000000000000000000
-0.205317814679175203,1.000000000000000000
-0.247619525410123886,-1.000000000000000000
-0.363447549290121907,-1.000000000000000000
-0.433943711433301571,1.000000000000000000
-0.346591080118396677,1.000000000000000000
-0.409739866908650940,-1.000000000000000000
-0.617241379310344840,-1.000000000000000000
-0.696047590239967762,-1.000000000000000000
-0.615628150836862287,1.000000000000000000
-0.510727969348659050,1.000000000000000000
-0.516999395039322462,-1.000000000000000000
-0.615950796531558709,-1.000000000000000000
-0.624984875983061183,1.000000000000000000
-0.348215366001209947,1.000000000000000000
-0.287416817906836042,1.000000000000000000
-0.359991933857632618,-1.000000000000000000
-0.459265981044565397,-1.000000000000000000
-0.439987900786448893,1.000000000000000000
-0.348396854204476747,1.000000000000000000
-0.237588223432143586,1.000000000000000000
-0.200201653559185289,1.000000000000000000
-0.248376688848558125,-1.000000000000000000
-0.285864085501109089,-1.000000000000000000
-0.291974188344424235,-1.000000000000000000
-0.290784432345230881,-1.000000000000000000
-0.312825166364186336,-1.000000000000000000
-0.280540431538616630,1.000000000000000000
-0.179935470861060653,1.000000000000000000
-0.123311151441822919,-1.000000000000000000
-0.260516233111514395,-1.000000000000000000
-0.263057067957249480,1.000000000000000000
-0.120064529138939280,1.000000000000000000
0.094978826376285630,1.000000000000000000
0.187215164347650731,-1.000000000000000000
0.047912885662432014,-1.000000000000000000
0.109356725146198874,1.000000000000000000
0.302722323049001707,1.000000000000000000
0.368199233716475005,1.000000000000000000
0.358298043960475932,-1.000000000000000000
0.313651945956846090,1.000000000000000000
0.429683403912079154,1.000000000000000000
0.623290986085904386,1.000000000000000000
0.654607783827384493,-1.000000000000000000
0.338596491228070118,-1.000000000000000000
0.193184109699536144,-1.000000000000000000
0.333595482960274303,1.000000000000000000
0.509134906231095030,1.000000000000000000
0.569671304698528003,-1.000000000000000000
0.454950594877999492,-1.000000000000000000
0.221637426900584744,-1.000000000000000000
0.343355515224843755,1.000000000000000000
0.567493446259326406,1.000000000000000000
0.667090139140955829,-1.000000000000000000
0.441419641056664647,-1.000000000000000000
0.085884250857027666,-1.000000000000000000
0.035027223230490012,1.000000000000000000
0.302863480540431551,1.000000000000000000
0.524137931034482696,-1.000000000000000000
0.094636015325670453,-1.000000000000000000
-0.034260939705585858,1.000000000000000000
0.250514216575922655,1.000000000000000000
0.578604557370437478,1.000000000000000000
0.682193990723936272,-1.000000000000000000
0.452429925388183163,-1.000000000000000000
0.094938495664448563,-1.000000000000000000
-0.103594578668238069,1.000000000000000000
0.607856658779887482,1.000000000000000000
0.885645665640196311,1.000000000000000000
0.924429595634132628,-1.000000000000000000
0.509862437133651092,-1.000000000000000000
-0.071634941205844904,-1.000000000000000000
-0.377863911446134071,-1.000000000000000000
-0.263485797852735182,1.000000000000000000
0.676055500731211456,1.000000000000000000
0.851141997693414254,-1.000000000000000000
0.591163636795986047,-1.000000000000000000
-0.052421320460841581,-1.000000000000000000
-0.508578358519504947,-1.000000000000000000
-0.671822797151247819,-1.000000000000000000
-0.537850595075320737,1.000000000000000000
-0.012234415684782451,1.000000000000000000
0.665021936342991671,1.000000000000000000
0.388683462731996165,-1.000000000000000000
-0.214667031281581822,-1.000000000000000000
-0.647211290380111048,-1.000000000000000000
-0.824414139132295776,-1.000000000000000000
-0.774929554020473921,1.000000000000000000
-0.358150926795629432,1.000000000000000000
0.427871639697052553,1.000000000000000000
0.241727799113034658,-1.000000000000000000
-0.226366414210469991,-1.000000000000000000
-0.554662513227198728,-1.000000000000000000
-0.724422461864054124,-1.000000000000000000
-0.816685888213822819,-1.000000000000000000
-0.810598404413425788,1.000000000000000000
-0.596466405887738249,1.000000000000000000
0.330852366628223482,1.000000000000000000
0.636772206831773824,1.000000000000000000
0.414650385818065015,-1.000000000000000000
-0.074131760733351593,-1.000000000000000000
-0.324241739688729824,-1.000000000000000000
-0.498709976577454861,-1.000000000000000000
-0.715814379302555093,1.000000000000000000
-0.339650683058485003,1.000000000000000000
0.125423567598416330,1.000000000000000000
0.427752743529075996,1.000000000000000000
0.294493918461008031,-1.000000000000000000
-0.147205345571712276,-1.000000000000000000
-0.458927318772515913,-1.000000000000000000
-0.649850785309189494,-1.000000000000000000
-0.688325585266386875,1.000000000000000000
-0.041411535306217107,1.000000000000000000
0.294493918461008031,1.000000000000000000
0.506676019831880708,1.000000000000000000
0.414869824166862244,-1.000000000000000000
-0.097134525324667265,-1.000000000000000000
-0.404267938563432128,-1.000000000000000000
-0.515921363170186220,-1.000000000000000000
-0.482855342337110360,1.000000000000000000
-0.043186002545441027,1.000000000000000000
0.438544897379184118,1.000000000000000000
0.749187559465704478,1.000000000000000000
0.720817012443005556,-1.000000000000000000
0.222973223442770818,-1.000000000000000000
-0.253790359450876690,-1.000000000000000000
-0.498894092352555996,-1.000000000000000000
-0.579631528870985679,1.000000000000000000
-0.169840230325346897,1.000000000000000000
0.378689962806904923,1.000000000000000000
0.771009156173930288,1.000000000000000000
0.873840032621186369,-1.000000000000000000
0.485697339643391013,-1.000000000000000000
-0.088979228706644098,-1.000000000000000000
-0.560627216448986165,-1.000000000000000000
-0.376515217042098671,1.000000000000000000
0.163365419071037632,1.000000000000000000
0.660467817469633900,1.000000000000000000
0.963202313138677102,1.000000000000000000
0.963795425619987878,-1.000000000000000000
0.307640030149884502,-1.000000000000000000
-0.434121266789407989,-1.000000000000000000
-0.828763484041567300,-1.000000000000000000
-0.692001631059323552,1.000000000000000000
-0.209430488452841401,1.000000000000000000
0.407554770230696084,1.000000000000000000
0.854835720199186966,1.000000000000000000
0.979512906374723435,-1.000000000000000000
0.567373870923896240,-1.000000000000000000
-0.472401734854007826,-1.000000000000000000
-0.605456634828059226,-1.000000000000000000
-0.647518194961015148,1.000000000000000000
-0.445785812255186653,1.000000000000000000
0.045014766029482622,1.000000000000000000
0.539225741081688970,1.000000000000000000
0.792781326842046719,1.000000000000000000
0.625103485771478784,-1.000000000000000000
-0.438643749459402654,-1.000000000000000000
-0.833369937342548939,-1.000000000000000000
-0.913571474710936027,1.000000000000000000
-0.631031587106775982,1.000000000000000000
-0.056934306569343063,1.000000000000000000
0.489231961759576173,1.000000000000000000
0.786470429381582514,-1.000000000000000000
-0.232703213610585991,-1.000000000000000000
-0.777774777207669521,-1.000000000000000000
-0.978395895220091849,1.000000000000000000
-0.753686200378071769,1.000000000000000000
-0.137537132055090439,1.000000000000000000
0.425897920604914937,1.000000000000000000
0.765028355387523673,1.000000000000000000
0.569916284093977765,-1.000000000000000000
-0.556980826357007852,-1.000000000000000000
-0.754982446664866358,-1.000000000000000000
-0.621955171482581726,1.000000000000000000
-0.201728328382392630,1.000000000000000000
0.264380232244126434,1.000000000000000000
0.650283553875236287,1.000000000000000000
0.738104239805563056,-1.000000000000000000
-0.365865514447745066,-1.000000000000000000
-0.529111531190926243,1.000000000000000000
-0.187415608965703528,1.000000000000000000
0.302241425870915403,1.000000000000000000
0.543721307048339098,-1.000000000000000000
0.219848771266540677,-1.000000000000000000
-0.400216041047799065,-1.000000000000000000
-0.804779908182554626,-1.000000000000000000
-0.663489062921955197,1.000000000000000000
0.089332973264920401,1.000000000000000000
0.636186875506346228,1.000000000000000000
0.464056170672427770,-1.000000000000000000
-0.208803672697812637,-1.000000000000000000
-0.660626519038617355,-1.000000000000000000
-0.845287604644882506,1.000000000000000000
0.064785309208749586,1.000000000000000000
0.564866324601674297,1.000000000000000000
0.525897920604915026,-1.000000000000000000
-0.058817175263299992,-1.000000000000000000
-0.591493383742911161,-1.000000000000000000
-0.953740210640021568,-1.000000000000000000
-1.000000000000000000,1.000000000000000000
-0.597038810319928226,1.000000000000000000
0.563914078661479801,1.000000000000000000
0.427876296171010084,-1.000000000000000000
-0.119397353664407180,-1.000000000000000000
-0.601644527133396667,-1.000000000000000000
-0.838357554546519057,-1.000000000000000000
-0.642705663470420685,1.000000000000000000
-0.064909381871170013,1.000000000000000000
0.642991894458828206,1.000000000000000000
0.166053004774853408,-1.000000000000000000
-0.416999518611519515,-1.000000000000000000
-0.775178569105267945,-1.000000000000000000
-0.814366193518169190,1.000000000000000000
-0.288794056803840737,1.000000000000000000
0.350411782308322817,1.000000000000000000
0.693134359428058344,-1.000000000000000000
-0.099699457462172014,-1.000000000000000000
-0.570315244402232580,-1.000000000000000000
-1.000000000000000000,-1.000000000000000000
-1.000000000000000000,1.000000000000000000
-0.846627299568476044,1.000000000000000000
-0.418737224619577519,1.000000000000000000
0.056052691346808903,1.000000000000000000
-0.176129911424029117,-1.000000000000000000
-0.485328185328185335,-1.000000000000000000
-0.662048603225073862,-1.000000000000000000
-0.635044287985464528,1.000000000000000000
-0.227027027027027040,1.000000000000000000
0.358482852600499724,1.000000000000000000
0.773336361571655750,1.000000000000000000
0.746831705655235156,-1.000000000000000000
-0.158778105836929417,-1.000000000000000000
-0.401112877583465810,-1.000000000000000000
-0.480740404269816013,1.000000000000000000
-0.276697706109470865,1.000000000000000000
0.143515784692255233,1.000000000000000000
0.551896434249375512,1.000000000000000000
0.688530547354076816,-1.000000000000000000
-0.164092664092664098,-1.000000000000000000
-0.450738133091074245,-1.000000000000000000
-0.605064728594140400,-1.000000000000000000
-0.569043833749716121,1.000000000000000000
-0.302248466954349260,1.000000000000000000
0.092550533727004280,1.000000000000000000
0.401726095843742970,1.000000000000000000
0.349625255507608479,-1.000000000000000000
-0.244901203724733119,-1.000000000000000000
-0.394662729956847591,-1.000000000000000000
-0.412196229843288631,1.000000000000000000
-0.070406540994776279,1.000000000000000000
0.436316148080853949,1.000000000000000000
0.815489439018850737,1.000000000000000000
0.908403361344537918,-1.000000000000000000
-0.037474449239155105,-1.000000000000000000
-0.330297524415171462,-1.000000000000000000
-0.493050193050193042,-1.000000000000000000
-0.462979786509198243,1.000000000000000000
-0.145537133772427940,1.000000000000000000
0.308630479218714449,1.000000000000000000
0.682171246877129267,1.000000000000000000
0.772791278673631510,-1.000000000000000000
-0.001271860095389488,-1.000000000000000000
-0.229389052918464675,-1.000000000000000000
-0.376924823983647461,-1.000000000000000000
-0.263093345446286597,1.000000000000000000
0.137542584601408224,1.000000000000000000
0.548148989325459857,1.000000000000000000
0.848489666136724940,-1.000000000000000000
0.521553486259368704,-1.000000000000000000
0.084192595957301775,-1.000000000000000000
-0.168362480127186021,-1.000000000000000000
-0.220190779014308391,1.000000000000000000
0.015580286168521473,1.000000000000000000
0.450874403815580305,1.000000000000000000
0.834249375425845985,1.000000000000000000
0.952600499659323141,-1.000000000000000000
0.298818987054281227,-1.000000000000000000
-0.028457869634340272,-1.000000000000000000
-0.242970701794231192,-1.000000000000000000
-0.138541903247785592,1.000000000000000000
0.213081989552577733,1.000000000000000000
0.530638201226436568,1.000000000000000000
0.747762888939359494,-1.000000000000000000
0.073540767658414774,-1.000000000000000000
-0.356711333181921386,-1.000000000000000000
-0.507767431296842986,-1.000000000000000000
-0.445696116284351573,1.000000000000000000
-0.041426300249829628,1.000000000000000000
0.353826936179877372,1.000000000000000000
0.545945945945945921,1.000000000000000000
0.426845332727685767,-1.000000000000000000
-0.391982739041562556,-1.000000000000000000
-0.598591869180104430,-1.000000000000000000
-0.523075176016352561,1.000000000000000000
-0.152509652509652538,1.000000000000000000
0.233568021803315817,1.000000000000000000
0.541507217382201311,1.000000000000000000
0.497377083502960282,-1.000000000000000000
-0.482791108836495231,-1.000000000000000000
-0.749665592686075799,-1.000000000000000000
-0.824154094890256261,1.000000000000000000
-0.637979365614786076,1.000000000000000000
-0.341816616844823340,1.000000000000000000
-0.058215951519663189,1.000000000000000000
0.184139206495062435,1.000000000000000000
0.090574947948774520,-1.000000000000000000
-0.637025577797680653,-1.000000000000000000
-0.860374768822769975,-1.000000000000000000
-0.824503041652611901,1.000000000000000000
-0.449036325357961230,1.000000000000000000
-0.090923894711130271,1.000000000000000000
0.140823281727984417,1.000000000000000000
0.061309946145883032,-1.000000000000000000
-0.745268863480395005,-1.000000000000000000
-0.901410908075791273,-1.000000000000000000
-0.786607423260791139,1.000000000000000000
-0.411466390611005761,1.000000000000000000
0.014900026752585172,1.000000000000000000
0.257022553592406888,1.000000000000000000
0.242715736335826326,-1.000000000000000000
0.024251799983715738,-1.000000000000000000
-0.535156386307328980,-1.000000000000000000
-0.726751421958056643,-1.000000000000000000
-0.711886289881707102,1.000000000000000000
-0.397368941411838650,1.000000000000000000
0.053493538669117102,1.000000000000000000
0.399881358100799167,1.000000000000000000
0.379223709769346273,-1.000000000000000000
-0.317367080362439324,-1.000000000000000000
-0.559489607202261152,-1.000000000000000000
-0.654728810207855894,1.000000000000000000
-0.482767845719004773,1.000000000000000000
-0.170669861468135342,1.000000000000000000
0.119630581694252891,1.000000000000000000
0.107812918009142500,-1.000000000000000000
-0.190117827690088781,-1.000000000000000000
-0.799285822293045456,-1.000000000000000000
-0.885475672594884466,1.000000000000000000
-0.695369476463540859,1.000000000000000000
-0.351912809835646101,1.000000000000000000
-0.010363718841961966,1.000000000000000000
0.085689693275795786,-1.000000000000000000
-0.389064008467774780,-1.000000000000000000
-1.000000000000000000,-1.000000000000000000
-1.000000000000000000,1.000000000000000000
-0.836457952172883656,1.000000000000000000
-0.579672399319830389,1.000000000000000000
-0.349770765621300495,1.000000000000000000
-0.147743171398437290,1.000000000000000000
-0.117200111926645034,-1.000000000000000000
-0.336468714350287357,-1.000000000000000000
-0.820142491228825432,-1.000000000000000000
-0.951548677328397097,-1.000000000000000000
-0.913988678189371240,1.000000000000000000
-0.677457543210142288,1.000000000000000000
-0.417464861490776773,1.000000000000000000
-0.241158871262833863,1.000000000000000000
-0.207688499537226345,-1.000000000000000000
-0.719322413310661046,-1.000000000000000000
-0.928453044619987455,-1.000000000000000000
-0.953206052648571833,1.000000000000000000
-0.739361587636410578,1.000000000000000000
-0.412040724079295706,1.000000000000000000
-0.113691642093028289,1.000000000000000000
-0.021610452226694554,-1.000000000000000000
-0.208657095503562262,-1.000000000000000000
-0.731634344260530867,-1.000000000000000000
-0.888632988226177867,-1.000000000000000000
-0.863320346972599517,1.000000000000000000
-0.657999526464194240,1.000000000000000000
-0.397102821842915232,1.000000000000000000
-0.168169784110721254,1.000000000000000000
-0.052390279601368994,-1.000000000000000000
-0.215308121139068831,-1.000000000000000000
-0.946985514109214610,-1.000000000000000000
-1.000000000000000000,-1.000000000000000000
-1.000000000000000000,1.000000000000000000
-0.655072487766913181,1.000000000000000000
-0.206385215972975433,1.000000000000000000
0.044718038731898835,1.000000000000000000
-0.017296053121817589,-1.000000000000000000
-0.482476258289934457,-1.000000000000000000
-0.556412952582816533,1.000000000000000000
-0.435083913594250693,1.000000000000000000
-0.236175162900835400,1.000000000000000000
-0.029649193982397626,1.000000000000000000
0.171097624587055686,1.000000000000000000
0.142085958651752442,-1.000000000000000000
-0.103536210765116432,-1.000000000000000000
-0.483618841023687906,-1.000000000000000000
-0.509517382988764589,1.000000000000000000
-0.366230884508068510,1.000000000000000000
-0.112759668485415521,1.000000000000000000
0.080601760239776832,1.000000000000000000
0.240397751264706638,1.000000000000000000
0.285852673064026064,-1.000000000000000000
-0.276579537833563815,-1.000000000000000000
-0.490855198337459275,-1.000000000000000000
-0.575323524784937756,1.000000000000000000
-0.495094345871384900,1.000000000000000000
-0.244752812989012969,1.000000000000000000
-0.013901423260666124,1.000000000000000000
0.146722526266983566,1.000000000000000000
0.162702125369476480,-1.000000000000000000
-0.196731219831262072,-1.000000000000000000
-0.356494092516083105,-1.000000000000000000
-0.391980393942655603,1.000000000000000000
-0.215939857094362475,1.000000000000000000
0.090537262272414987,1.000000000000000000
0.334172331282756030,1.000000000000000000
0.432947780657233494,-1.000000000000000000
-0.003386350276124106,-1.000000000000000000
-0.267521671813808704,-1.000000000000000000
-0.468516877934077924,-1.000000000000000000
-0.511670075095836174,1.000000000000000000
-0.291880210963826547,1.000000000000000000
0.089328442858443990,1.000000000000000000
0.395838680565330003,1.000000000000000000
0.400210301459690942,-1.000000000000000000
-0.161940403546974254,-1.000000000000000000
-0.336705884301078839,-1.000000000000000000
-0.367737768983018576,1.000000000000000000
-0.200887571514915653,1.000000000000000000
0.051706008494854183,1.000000000000000000
0.278086422308513992,1.000000000000000000
0.471635647816750270,-1.000000000000000000
0.066911238367931336,-1.000000000000000000
-0.127594846098783132,-1.000000000000000000
-0.281370794559770987,-1.000000000000000000
-0.367430207587687852,1.000000000000000000
-0.282784538296349308,1.000000000000000000
-0.053256979241231184,1.000000000000000000
0.315823240080097989,1.000000000000000000
0.500884577249839591,-1.000000000000000000
0.060442871862667058,-1.000000000000000000
-0.205338569512218849,-1.000000000000000000
-0.377704765052394142,-1.000000000000000000
-0.467892762019557873,-1.000000000000000000
-0.534304100161362427,1.000000000000000000
-0.472266745819728939,1.000000000000000000
-0.281448501038883969,1.000000000000000000
-0.018363510438310082,1.000000000000000000
-0.247392896012664454,-1.000000000000000000
-0.417492826753735002,-1.000000000000000000
-0.410131591965964160,1.000000000000000000
-0.251370337389927756,1.000000000000000000
-0.058251741905558929,1.000000000000000000
0.226485018213977485,1.000000000000000000
0.507464572234739286,1.000000000000000000
0.276326040723505528,-1.000000000000000000
-0.135625697500579068,-1.000000000000000000
-0.415004948305994770,-1.000000000000000000
-0.559221747278431769,-1.000000000000000000
-0.464593291360468341,1.000000000000000000
-0.080394179949885292,1.000000000000000000
0.355583163125644752,1.000000000000000000
0.689309553389063190,1.000000000000000000
0.454001810869427924,-1.000000000000000000
0.083468446653049977,-1.000000000000000000
-0.181086942789160044,-1.000000000000000000
-0.292518582468257127,1.000000000000000000
-0.115895643385062419,1.000000000000000000
0.222463203554357669,1.000000000000000000
0.523867680192036334,1.000000000000000000
0.483607420353330042,-1.000000000000000000
0.082183992756522217,-1.000000000000000000
-0.246488808405803228,-1.000000000000000000
-0.470636541660525154,-1.000000000000000000
-0.475100545366490490,1.000000000000000000
-0.182855698974542569,1.000000000000000000
0.341833189446421493,1.000000000000000000
0.911625360594638945,1.000000000000000000
0.608641637362868693,-1.000000000000000000
0.245351750858057382,-1.000000000000000000
0.065696658314206902,-1.000000000000000000
0.082963087742940811,1.000000000000000000
0.268093608519140325,1.000000000000000000
0.542303243927961587,1.000000000000000000
0.809660186154100403,1.000000000000000000
0.786176130418020591,-1.000000000000000000
0.451781681995924389,-1.000000000000000000
0.191430302362725069,-1.000000000000000000
0.160037451120779828,1.000000000000000000
0.343658093297350975,1.000000000000000000
0.648950817866387641,1.000000000000000000
0.915448587321694207,1.000000000000000000
1.000000000000000000,-1.000000000000000000
0.697678170066783565,-1.000000000000000000
0.392968909632529284,-1.000000000000000000
0.195220837321345986,-1.000000000000000000
0.131491498811661778,1.000000000000000000
0.347392646283889217,1.000000000000000000
0.709185154914127702,1.000000000000000000
0.955090496521018961,1.000000000000000000
0.761192424747545449,-1.000000000000000000
0.329949347758288880,-1.000000000000000000
-0.037306290126576824,-1.000000000000000000
-0.246045146095690836,-1.000000000000000000
-0.217245421402991856,1.000000000000000000
0.115295686493811056,1.000000000000000000
0.518276748362674455,1.000000000000000000
0.673137105186746521,-1.000000000000000000
0.316571133599320431,-1.000000000000000000
0.012614666566294286,-1.000000000000000000
-0.138073063976684951,-1.000000000000000000
-0.050168303096131739,1.000000000000000000
0.223977545248260412,1.000000000000000000
0.435447965844687923,1.000000000000000000
0.602847709894931638,1.000000000000000000
0.420392097820125432,-1.000000000000000000
0.172400443072687537,-1.000000000000000000
-0.038037575144912683,-1.000000000000000000
-0.126609095895125146,1.000000000000000000
0.000161312871691743,1.000000000000000000
0.225246539838902304,1.000000000000000000
0.431382881478056035,1.000000000000000000
0.291083699872025203,-1.000000000000000000
0.069525847699140719,-1.000000000000000000
-0.050619979136868554,-1.000000000000000000
-0.078537860130986070,-1.000000000000000000
-0.070923892587135828,1.000000000000000000
-0.040403497263058252,1.000000000000000000
0.187929495520879231,1.000000000000000000
0.359050189811479070,1.000000000000000000
0.183864411154247342,-1.000000000000000000
-0.036080312301719597,-1.000000000000000000
-0.492578682594897233,-1.000000000000000000
-0.474421961306797701,1.000000000000000000
-0.317428595220251464,1.000000000000000000
-0.053765231631831667,1.000000000000000000
0.234768368168318142,1.000000000000000000
0.220251478058123062,-1.000000000000000000
-0.104727010297832157,-1.000000000000000000
-0.336469869819857381,-1.000000000000000000
-0.450023593416049028,-1.000000000000000000
-0.432092597218752594,1.000000000000000000
-0.297804424459433226,1.000000000000000000
-0.064423904294001688,1.000000000000000000
0.184833597024453899,1.000000000000000000
0.070891275987453817,-1.000000000000000000
-0.052321869708829460,-1.000000000000000000
-0.176367724206844878,-1.000000000000000000
-0.291475837566269713,-1.000000000000000000
-0.218475032614428022,1.000000000000000000
0.115607738640464142,1.000000000000000000
0.447969578371776755,1.000000000000000000
0.560496294445832266,-1.000000000000000000
0.287090237877147603,-1.000000000000000000
-0.005107280650623158,-1.000000000000000000
-0.147333943986454607,-1.000000000000000000
-0.074249868154439680,1.000000000000000000
-0.002359341604907472,1.000000000000000000
-0.079468176645293820,-1.000000000000000000
-0.144197407499930597,-1.000000000000000000
-0.294473589252505108,-1.000000000000000000
-0.448580231493046933,-1.000000000000000000
-0.333721930774141584,1.000000000000000000
-0.054486912593332826,1.000000000000000000
0.283759402670219485,1.000000000000000000
0.537346989757681692,1.000000000000000000
0.302772920309767768,-1.000000000000000000
-0.755516695811474737,-1.000000000000000000
-0.770449940322535887,1.000000000000000000
-0.446137619007966224,1.000000000000000000
0.010325589141477298,1.000000000000000000
0.436172870347239616,1.000000000000000000
0.570127959585866151,-1.000000000000000000
0.330280067726982596,-1.000000000000000000
-0.127543231465289897,-1.000000000000000000
-0.264912426791017896,1.000000000000000000
0.139506481250173398,1.000000000000000000
0.437061093069087025,1.000000000000000000
0.730230105198878654,1.000000000000000000
0.793404946290282354,-1.000000000000000000
0.528770089099841689,-1.000000000000000000
0.248979931717878245,-1.000000000000000000
-0.053126821550503744,-1.000000000000000000
0.091653482110639173,1.000000000000000000
0.273295028728453682,1.000000000000000000
0.502706303605629179,1.000000000000000000
0.596802398201349060,-1.000000000000000000
0.401809753795764335,-1.000000000000000000
0.076886779359924606,-1.000000000000000000
-0.172176423238126985,-1.000000000000000000
-0.024759208371499142,1.000000000000000000
0.227440530713076239,1.000000000000000000
0.501762566963666057,1.000000000000000000
0.638243539567546536,-1.000000000000000000
0.394592944180753413,-1.000000000000000000
0.065062314375329722,-1.000000000000000000
-0.175951369805978808,-1.000000000000000000
0.033363865989396890,1.000000000000000000
0.353290587614844442,1.000000000000000000
0.602936686374108355,1.000000000000000000
0.746884281233519243,1.000000000000000000
0.683515141421711547,-1.000000000000000000
0.505870597052210824,-1.000000000000000000
0.295278541094179392,-1.000000000000000000
0.155910844644294500,1.000000000000000000
0.460099369917006618,1.000000000000000000
0.684347850223443466,1.000000000000000000
0.786604491076137391,1.000000000000000000
0.684156393717215927,-1.000000000000000000
0.460938303530760152,-1.000000000000000000
0.176185368577263857,-1.000000000000000000
-0.084500213050441531,-1.000000000000000000
0.166605445275422870,1.000000000000000000
0.389647217855096262,1.000000000000000000
0.565612189423882139,1.000000000000000000
0.584331242010608376,-1.000000000000000000
0.380919496319370054,-1.000000000000000000
0.221322675913545597,-1.000000000000000000
0.066045636873888869,-1.000000000000000000
-0.014178874212080750,1.000000000000000000
0.395788947824681436,1.000000000000000000
0.589297521268311364,1.000000000000000000
0.624296566214607829,-1.000000000000000000
0.509572576734891758,-1.000000000000000000
0.320989589865797065,-1.000000000000000000
0.154145240185626475,-1.000000000000000000
0.020412642669007885,-1.000000000000000000
0.102690329863288632,1.000000000000000000
0.345164931644299511,1.000000000000000000
0.561300639658848688,1.000000000000000000
0.557694719678916373,-1.000000000000000000
0.362003010159287486,-1.000000000000000000
0.078953969647560518,-1.000000000000000000
-0.268719428069735367,-1.000000000000000000
-0.375266524520255884,1.000000000000000000
0.045748150006271082,1.000000000000000000
0.361595384422425781,1.000000000000000000
0.572620092813244774,1.000000000000000000
0.419509594882729209,-1.000000000000000000
0.142951210334880230,-1.000000000000000000
-0.078013294870186933,-1.000000000000000000
-0.155556252351686908,1.000000000000000000
0.210840248962655519,1.000000000000000000
0.476497665975103679,1.000000000000000000
0.622698392116182609,1.000000000000000000
0.562889004149377703,-1.000000000000000000
0.292660788381742698,-1.000000000000000000
-0.023988589211618283,-1.000000000000000000
-0.243354512448132776,-1.000000000000000000
-0.130153884382598783,1.000000000000000000
0.418469675724605583,1.000000000000000000
0.743064553344811030,1.000000000000000000
0.911680658845245961,1.000000000000000000
0.765534868035711025,-1.000000000000000000
0.574625938481745147,-1.000000000000000000
0.457801600965549005,-1.000000000000000000
0.362950604355620321,1.000000000000000000
0.511226282813581623,1.000000000000000000
0.812392396301095054,1.000000000000000000
1.000000000000000000,1.000000000000000000
1.000000000000000000,-1.000000000000000000
0.769967095423272463,-1.000000000000000000
0.456675640642137726,-1.000000000000000000
0.159337920031907387,-1.000000000000000000
0.015920497224714891,1.000000000000000000
0.332801542194303135,1.000000000000000000
0.552032439259480867,1.000000000000000000
0.749127530162528643,1.000000000000000000
0.775451191544520801,-1.000000000000000000
0.587795393359258123,-1.000000000000000000
0.269618107488283965,-1.000000000000000000
-0.007278891215475092,-1.000000000000000000
0.092298999567919759,1.000000000000000000
0.399242197626882067,1.000000000000000000
0.653770731545185724,1.000000000000000000
0.816797952604114696,1.000000000000000000
0.809485824442450319,-1.000000000000000000
0.716189716488849104,-1.000000000000000000
0.463522451557150994,-1.000000000000000000
0.148170306112274330,-1.000000000000000000
-0.004852594143650135,1.000000000000000000
0.170239638382025493,1.000000000000000000
0.338418586100309060,1.000000000000000000
0.484893807956924938,1.000000000000000000
0.508857646159470933,1.000000000000000000
0.479310000997108299,-1.000000000000000000
0.291089174726626210,-1.000000000000000000
0.030212384086150124,-1.000000000000000000
0.181340778409279757,1.000000000000000000
0.465549905274703413,1.000000000000000000
0.710472961744274878,1.000000000000000000
0.779273440356299973,-1.000000000000000000
0.509455911190879851,-1.000000000000000000
0.147704988865622999,-1.000000000000000000
-0.068102502742048099,-1.000000000000000000
0.078871273307408618,1.000000000000000000
0.399508093196397018,1.000000000000000000
0.728686808256057361,1.000000000000000000
0.984744241699072598,1.000000000000000000
1.000000000000000000,-1.000000000000000000
0.769067412955798835,-1.000000000000000000
0.516338793316322375,-1.000000000000000000
0.200395094246440086,-1.000000000000000000
0.256761873405218610,1.000000000000000000
0.490789365379866727,1.000000000000000000
0.751452794468680629,1.000000000000000000
0.943106428512634709,1.000000000000000000
0.978269816445797913,-1.000000000000000000
0.774203638159519203,-1.000000000000000000
0.453979751419870015,-1.000000000000000000
-0.077751255247345497,-1.000000000000000000
-0.029648530743271007,1.000000000000000000
0.291760638735698352,1.000000000000000000
0.680895546958597331,1.000000000000000000
0.979158778500287985,1.000000000000000000
1.000000000000000000,-1.000000000000000000
0.724309160674555752,-1.000000000000000000
0.190113823235417367,-1.000000000000000000
-0.094394342695959588,-1.000000000000000000
-0.061146235135690286,1.000000000000000000
0.316047748385182459,1.000000000000000000
0.793120763243785998,1.000000000000000000
1.000000000000000000,-1.000000000000000000
0.698926611722012092,-1.000000000000000000
0.009946877117810393,-1.000000000000000000
-0.945766715116279078,-1.000000000000000000
-0.858012354651162767,1.000000000000000000
-0.417060319767441845,1.000000000000000000
0.051825944767441845,1.000000000000000000
0.438135901162790775,1.000000000000000000
0.681458938953488413,1.000000000000000000
0.486418968023255793,-1.000000000000000000
-0.397211119186046457,-1.000000000000000000
-0.700218023255813948,-1.000000000000000000
-0.606649709302325535,1.000000000000000000
-0.224064316860465129,1.000000000000000000
0.212345566860465018,1.000000000000000000
0.590434229651162878,1.000000000000000000
0.754587572674418672,1.000000000000000000
0.608239462209302362,-1.000000000000000000
-0.174373183139534871,-1.000000000000000000
-0.506086482558139483,-1.000000000000000000
-0.607149345930232620,1.000000000000000000
-0.313453851744186052,1.000000000000000000
0.125953851744186052,1.000000000000000000
0.610419694767441845,1.000000000000000000
0.958030523255813948,1.000000000000000000
0.860374273255813948,-1.000000000000000000
-0.421239098837209336,-1.000000000000000000
-0.929732921511627897,1.000000000000000000
-1.000000000000000000,1.000000000000000000
-0.621880998080614145,1.000000000000000000
0.118459484269381576,1.000000000000000000
0.529082867395476830,1.000000000000000000
0.699407493949762094,1.000000000000000000
