0,1,0.0
1.0,-1,0.116
-1.0,-1,0.214
-1.0,0,0.331
-1.0,0,0.428
-1.0,0,0.505
-1.0,0,0.632
-1.0,1,0.714
-0.5540845233277447,1,0.838
0.34942475573798926,1,0.939
1.0,1,1.031
1.0,0,1.144
1.0,0,1.231
1.0,0,1.352
1.0,0,1.435
1.0,0,1.537
1.0,0,1.649
1.0,0,1.755
1.0,0,1.86
1.0,0,1.941
1.0,0,2.035
1.0,0,2.153
1.0,0,2.251
1.0,0,2.378
1.0,0,2.458
1.0,-1,2.549
0.9645909009275191,-1,2.67
0.9318467536831372,-1,2.754
0.9086269125374398,-1,2.878
0.8625927663937987,-1,2.973
0.8082509225947361,-1,3.069
0.8023069213433676,-1,3.183
0.7609074740312032,-1,3.272
0.7403294112194472,0,3.388
0.7519161582981386,0,3.475
0.7369808413137053,-1,3.576
0.713714653179693,0,3.691
0.7215704676990458,-1,3.789
0.6970297373863774,-1,3.904
0.6472067249480045,-1,3.987
0.6453991924037286,1,4.077
0.6733348396104535,1,4.199
0.6818395119662131,1,4.292
0.6948398421885047,1,4.417
0.7050941133531468,0,4.508
0.7059399458898912,-1,4.592
0.6821639408844165,-1,4.71
0.6397100995880911,-1,4.799
0.6510766984722873,1,4.925
0.6904600517927595,1,5.019
0.7094623170018133,1,5.113
0.7200989508200519,1,5.232
0.7412795244799,1,5.312
0.7373516172202235,-1,5.434
0.6877950999646605,-1,5.515
0.6390844152458417,-1,5.62
0.6561401069456756,1,5.729
0.6766254757808019,1,5.827
0.6889885349137657,1,5.955
0.6965778542503085,1,6.024
0.7092769290485543,0,6.117
0.6961027976200822,-1,6.239
0.6398954875413503,-1,6.334
0.6279611380502981,1,6.451
0.672454246832473,1,6.541
0.6968791096743545,1,6.635
0.7146647664401458,1,6.741
0.7281749135339,0,6.844
0.7233780002433217,-1,6.96
0.693217697597488,-1,7.047
0.6461523309638435,-1,7.148
0.6581793744315252,1,7.276
0.7014442880233589,1,7.343
0.7163911917548709,1,7.477
0.7226943821656788,1,7.551
0.7402598907369751,0,7.66
0.7375833521617974,-1,7.771
0.6982579325767186,-1,7.865
0.6645404985777268,0,7.988
0.6966937217210953,1,8.064
0.7248611038693942,1,8.158
0.7303184617434579,0,8.278
0.7296927774012085,0,8.379
0.7386609196401157,-1,8.494
0.7120925085886762,-1,8.597
0.6337313380954863,-1,8.662
0.5419063674968572,-1,8.797
0.35997126486724484,-1,8.877
0.15344908493664944,-1,8.995
0.012345679012345734,-1,9.097
-0.19381731175881023,-1,9.187
-0.2888749847923945,-1,9.309
-0.39522973622770274,-1,9.384
-0.491075308062638,-1,9.509
-0.5557409435088146,-1,9.596
-0.6191783837646501,-1,9.697
-0.6959405831609804,-1,9.809
-0.7723783536391076,-1,9.912
-0.9015010630840444,-1,10.034
-0.9853891119337701,-1,10.104
-1.0,0,10.197
-1.0,0,10.315
-1.0,0,10.409
-1.0,0,10.529
-1.0,0,10.626
-1.0,0,10.708
-1.0,0,10.83
-1.0,0,10.916
-1.0,0,11.038
-1.0,0,11.135
-1.0,0,11.223
-1.0,0,11.355
-1.0,0,11.432
-1.0,0,11.551
-1.0,0,11.635
-1.0,0,11.737
-0.9986739808200797,0,11.85
-1.0,0,11.952
-0.9983506684133272,0,12.062
-0.995209836013826,1,12.144
-0.9790874224656323,0,12.238
-0.9984059091841727,-1,12.359
-1.0,0,12.457
-0.9885778485160566,1,12.572
-0.9739802765034485,1,12.672
-0.9558171831601285,1,12.749
-0.9001419966919452,1,12.866
-0.775379958181194,1,12.953
-0.4645944512061917,1,13.078
-0.34001185906438225,1,13.172
-0.21127079237274915,1,13.272
-0.08183534625347189,1,13.391
0.0438005180538652,1,13.465
0.16322597759260993,1,13.593
0.2637861623443498,1,13.68
0.4600224698061979,1,13.771
0.5457744281122241,1,13.895
0.63713603595169,1,13.99
0.7277096401710201,1,14.114
0.8117997690603251,1,14.187
0.8963736229441688,1,14.278
0.9803077115126548,1,14.397
1.0,1,14.488
1.0,-1,14.617
0.9446600578090232,-1,14.707
0.8658194909553274,-1,14.782
0.81511462006461,-1,14.903
0.7511846414288144,-1,14.999
0.6973749380881624,-1,15.117
0.6816363945502799,-1,15.213
0.6653508091045515,0,15.313
0.6667036289577373,0,15.423
0.6585275701729096,-1,15.51
0.6335262764927221,-1,15.626
0.6266734677282237,0,15.714
0.6227406799583066,-1,15.814
0.5951963806524583,-1,15.94
0.5774323035639042,0,16.026
0.5893415537468674,0,16.154
0.5812246346277528,-1,16.228
0.5711191442490371,0,16.318
0.5715848691165273,0,16.439
0.5742091917825434,0,16.536
0.5608953745388954,-1,16.656
0.5277475919067367,-1,16.751
0.5153504394816408,0,16.834
0.5317321268841528,0,16.949
0.5245614424164466,0,17.042
0.521781878127934,0,17.157
0.53077849977453,0,17.251
0.5295661366274127,-1,17.354
0.5069156446593186,-1,17.47
0.4824983551780473,0,17.541
0.5034781515897482,1,17.673
0.5056515343047023,0,17.759
0.5065238443739697,0,17.856
0.5132140190577572,1,17.97
0.5250271672839368,0,18.063
0.5263725946789086,-1,18.188
0.4994492618630473,-1,18.269
0.48276448367375613,0,18.357
0.5116689952910041,1,18.478
0.5135023249281083,0,18.57
0.5102052885646065,0,18.695
0.5144633444959452,0,18.789
0.5166515121273276,0,18.862
0.5037073177943863,-1,18.99
0.47749366096708146,0,19.076
0.49723152439880836,1,19.195
0.5069082522011044,0,19.305
0.504261752160446,0,19.387
0.5023618903994145,0,19.513
0.5088376837949924,0,19.586
0.5149660316545062,0,19.712
0.5007207646758776,-1,19.798
0.4822396191405529,1,19.892
0.5187509702601405,1,20.015
0.5234895359753979,0,20.094
0.5220480066236426,0,20.23
0.524857140745012,0,20.308
0.5311111603941658,0,20.393
0.5251898013646479,-1,20.519
0.5018000635751407,0,20.615
0.524228781796811,1,20.734
0.5326635766191332,0,20.826
0.5324861576219941,0,20.911
0.529580921543841,0,21.047
0.5355022805733591,0,21.12
0.5367737833861894,-1,21.239
0.5120681880345672,-1,21.337
0.48630547115832434,0,21.43
0.5086085175903543,1,21.554
0.5118685916627856,0,21.628
0.5100426544838956,0,21.747
0.516895463248394,0,21.839
0.5246353669985881,0,21.933
0.5131548793920442,-1,22.047
0.4796079040163226,-1,22.143
0.4753276707103413,1,22.274
0.49584913471276604,1,22.347
0.4919163469428489,0,22.447
0.4902973985939545,0,22.558
0.4990131068284136,0,22.65
0.4981481892173605,-1,22.777
0.47075173907579493,-1,22.867
0.4523297332061831,0,22.954
0.48615022953582754,1,23.062
0.4904896025075218,0,23.151
0.4882792575014969,0,23.275
0.49923488057483745,1,23.372
0.5124821656945584,0,23.469
0.5017409239094277,-1,23.591
0.44067182660250004,-1,23.662
0.3663184818847811,-1,23.794
0.22498946574704481,-1,23.876
0.15930747451450022,-1,23.984
0.09365505311481237,-1,24.099
0.029362844026524115,-1,24.192
-0.03711014023493231,-1,24.305
-0.10863217345663956,-1,24.381
-0.17026309758784086,-1,24.476
-0.27375751258566006,-1,24.598
-0.3301471838430433,-1,24.69
-0.3828480184515757,-1,24.812
-0.43159388791554854,-1,24.915
-0.48821272537756977,-1,24.983
-0.5573765644289695,-1,25.114
-0.6102104632853562,-1,25.195
-0.6525027167283937,-1,25.318
-0.7434373452204062,-1,25.409
-0.7854265078766642,-1,25.519
-0.8201858463995032,-1,25.633
-0.8497039320485241,-1,25.708
-0.8930606994743963,-1,25.826
-0.9279974569943743,-1,25.917
-0.9429523999615592,-1,26.012
-0.9663643151257088,-1,26.135
-0.9698313780281357,0,26.234
-0.9680497955985303,0,26.349
-0.9586687661247995,0,26.432
-0.966719153119987,-1,26.52
-0.9904193741544876,0,26.637
-0.9721526099073725,1,26.725
-0.9156003045692784,1,26.846
-0.6860053373548306,1,26.951
-0.5313846813480887,1,27.032
-0.3974407309662682,1,27.15
-0.2921795184552719,1,27.24
-0.2039727070442734,1,27.356
-0.10296955046461598,1,27.451
0.004376335262764819,1,27.551
0.20744716240491456,1,27.672
0.2995580315691737,1,27.746
0.3948077994428969,1,27.867
0.48875766016713085,1,27.958
0.5767576601671309,1,28.043
0.665849582172702,1,28.167
0.7495041782729805,1,28.272
0.8233760445682452,1,28.389
0.9233797585886723,1,28.465
0.9013556174558961,-1,28.556
0.8158811513463324,-1,28.677
0.7249767873723305,-1,28.771
0.6710194986072424,-1,28.888
0.631962859795729,-1,28.993
0.6020575673166202,-1,29.07
0.5651030640668524,-1,29.181
0.4943212627669453,-1,29.278
0.47454781801299917,-1,29.402
0.4744735376044569,0,29.487
0.4640371402042711,-1,29.593
0.45067409470752096,-1,29.713
0.44405571030640667,1,29.781
0.48015005883161943,1,29.908
0.46359511074207815,0,29.996
0.4763010021820149,1,30.092
0.481012609342113,0,30.215
0.47486434819549306,0,30.312
0.46615173692239376,0,30.432
0.46344063181879624,0,30.515
0.46161005657790555,-1,30.598
0.43710197539923157,-1,30.716
0.4312008805298626,0,30.818
0.4390329619402553,0,30.938
0.43952729449475747,0,31.029
0.43821422364686113,0,31.108
0.44138104157414015,0,31.231
0.44195261359028337,0,31.314
0.4280340626025836,-1,31.438
0.42211751984088663,0,31.533
0.4391642690250448,1,31.62
0.44306486183791294,0,31.745
0.44238515457547267,0,31.829
0.43820649970069714,0,31.954
0.43992893969529034,0,32.039
0.4389016548554656,-1,32.138
0.4120609419352348,-1,32.253
0.40246007685326424,0,32.35
0.4157916079324928,0,32.454
0.4177380423658448,0,32.558
0.4123544518894704,0,32.636
0.41289512812095697,0,32.763
0.41954544576824304,0,32.85
0.41455577654623754,-1,32.971
0.37639948249560695,-1,33.061
0.39701469480757723,1,33.147
0.40458416204839054,0,33.263
0.4035028095854172,0,33.359
0.40062177766620977,0,33.476
0.408925019792612,1,33.579
0.4173286732191477,0,33.672
0.40119334968235276,-1,33.789
0.3750400679707262,0,33.871
0.3926043215478787,1,33.993
0.4013632764979629,0,34.078
0.40131693282097824,0,34.175
0.4019580203525981,0,34.291
0.4093807326162937,0,34.394
0.40575047791916896,-1,34.506
0.373317627976133,-1,34.588
0.3641801996640084,-1,34.673
0.3307046169888195,-1,34.796
0.258238554077278,-1,34.895
0.1768049896692221,-1,35.007
0.09117732249406219,-1,35.102
0.0028385502153049913,-1,35.189
-0.08704501129627129,-1,35.307
-0.2654295479560508,-1,35.399
-0.3353080889026203,-1,35.517
-0.4067777627589936,-1,35.612
-0.4777608280070288,-1,35.714
-0.5473226871608705,-1,35.829
-0.6101183694749648,-1,35.907
-0.6726823334041362,-1,36.034
-0.7469480757719118,-1,36.118
-0.8439144959159635,-1,36.213
-0.876888022090486,-1,36.328
-0.9063934964373298,-1,36.43
-0.9307084789619017,-1,36.545
-0.9451831540734161,-1,36.634
-0.950288682487883,-1,36.715
-0.9721860698630931,-1,36.84
-0.9886689709772722,0,36.929
-0.9775464885009751,0,37.053
-0.9747967636665572,0,37.145
-0.9668642709560314,1,37.23
-0.9444879989186475,1,37.347
-0.8689323575414679,1,37.44
-0.7446154440303552,1,37.559
-0.6112306177225945,1,37.654
-0.32649506632938763,1,37.753
-0.19857879390580646,1,37.877
-0.07733601096800358,1,37.94
0.040268793326510455,1,38.069
0.14738447873018323,1,38.159
0.24082105547724342,1,38.251
0.33518450576399483,1,38.37
0.5317203159093982,1,38.467
0.6221677254909532,1,38.592
0.7059339216405662,1,38.667
0.7820765829262171,1,38.76
0.848425280475795,1,38.877
0.880371521810493,1,38.972
0.8953868731534942,1,39.091
0.919392897831502,-1,39.191
0.8369938401529342,-1,39.269
0.7965744298762238,-1,39.389
0.750369783922606,-1,39.476
0.6943634502867515,-1,39.596
0.665367756386738,-1,39.697
0.6504914360746905,-1,39.788
0.6269874678973488,-1,39.903
0.5740398169424759,-1,39.99
0.5459555486898255,-1,40.101
0.5122868673605345,-1,40.203
0.5016664413849035,0,40.297
0.49966593932840286,0,40.414
0.49235136231100474,0,40.508
0.4869986676192868,0,40.632
0.4871994902195531,-1,40.708
0.4610075887771061,-1,40.806
0.44406125089308124,0,40.921
0.45677486627918196,1,41.009
0.46156371290092113,0,41.135
0.45901481066676975,0,41.233
0.4536543920288876,0,41.309
0.45605653928592127,0,41.421
0.4546507810840559,-1,41.516
0.4126943055206904,-1,41.638
0.41245486318960367,1,41.735
0.4300191167667562,1,41.828
0.4326984324265539,0,41.95
0.4317818136622804,0,42.033
0.42722979166343,0,42.151
0.42939705128404304,0,42.237
0.4148010626563301,-1,42.334
0.3845293395684124,-1,42.455
0.3838146876505042,1,42.555
0.4014634828405861,1,42.66
0.4060465766619541,0,42.748
0.4006400795438656,0,42.836
0.3972843227119487,0,42.959
0.404500753491696,0,43.069
0.40575139434803553,-1,43.174
0.3780275607065733,-1,43.274
0.36226637873444467,0,43.345
0.3763108425124675,1,43.471
0.382781549551789,0,43.557
0.3784159584880451,0,43.677
0.39171640412883146,0,43.779
0.39343890670034654,-1,43.875
0.3152951844295475,-1,43.992
0.20443505294860587,-1,44.086
0.0852359208523592,-1,44.189
-0.010176819197512899,-1,44.274
-0.0899478610058616,-1,44.365
-0.1690226367434179,-1,44.489
-0.24885035137148226,-1,44.593
-0.39684737200038867,-1,44.711
-0.4653486188024224,-1,44.79
-0.5482366656951326,-1,44.878
-0.634703196347032,-1,44.997
-0.6999093234884549,-1,45.09
-0.7573512743288319,-1,45.212
-0.8123320055701286,-1,45.311
-0.8823310340360763,-1,45.388
-0.9038990899964378,-1,45.513
-0.9135901421678163,-1,45.597
-0.9415865151073545,-1,45.718
-0.966563036367758,0,45.815
-0.9444606366786489,1,45.907
-0.8628679685222967,1,46.036
-0.7187975646879756,1,46.107
-0.3776514783509829,1,46.229
-0.2374914990770427,1,46.318
-0.11719129505489168,1,46.415
-0.016329868195213537,1,46.528
0.09806017034230385,1,46.628
0.21300074484277332,1,46.741
0.32216069173224526,1,46.829
0.519511642216393,1,46.916
0.6022458628841607,1,47.034
0.6779688461413906,1,47.139
0.7464377084750153,1,47.257
0.8203795459697529,1,47.342
0.8914310696589915,1,47.429
0.9499498040739662,1,47.549
1.0,1,47.644
1.0,-1,47.758
0.9511577152734749,-1,47.857
0.8512867668822788,-1,47.95
0.7841167857861691,-1,48.08
0.7379107846890329,-1,48.147
0.7085959421754076,-1,48.267
0.6748215180731449,-1,48.358
0.6328619858161626,-1,48.447
0.5716433755480748,-1,48.574
0.5615639318512788,-1,48.675
0.5513976644421379,-1,48.782
0.5442465477708012,-1,48.87
0.5302442508889564,-1,48.953
0.5121928117859242,-1,49.08
0.4840066775327858,-1,49.172
0.47640565617020614,0,49.295
0.4770607805451741,0,49.389
0.47400616448357646,0,49.476
0.4681100451088651,0,49.592
0.46134568861070213,-1,49.678
0.4434836830618776,-1,49.799
0.4197571303973764,-1,49.891
0.42097266237020836,0,49.987
0.43338056017080584,0,50.095
0.4274449754723013,0,50.19
0.4265767383488497,0,50.309
0.42739761708374946,0,50.407
0.41607106915508685,-1,50.496
0.38958983688981674,-1,50.606
0.3740483923800353,0,50.707
0.39573064127204627,1,50.817
0.39759340455508774,0,50.912
0.39631472806418633,0,50.997
0.40168990516482683,0,51.118
0.40984344106051207,0,51.218
0.4039473216858007,-1,51.333
0.37419836061044953,-1,51.427
0.3592173236985323,-1,51.507
0.3091831861934511,-1,51.627
0.22293566757568462,-1,51.72
0.13083149490699997,-1,51.84
0.0437394183600579,-1,51.935
-0.03939033967804184,-1,52.029
-0.1184551693654371,-1,52.155
-0.21012752682111713,-1,52.227
-0.3622903839962479,-1,52.341
-0.4331508117686499,-1,52.438
-0.5045996702198936,-1,52.535
-0.5707643115338787,-1,52.655
-0.6358698050606402,-1,52.748
-0.6950216042077053,-1,52.868
-0.7481073751188532,-1,52.95
-0.8071628881034434,-1,53.036
-0.9064900885431503,-1,53.156
-0.9302486991338257,-1,53.251
-0.9497707185756067,-1,53.376
-0.9630582089971395,-1,53.468
-0.96593074617764,1,53.55
-0.9349907926357134,1,53.673
-0.829629659347581,1,53.756
-0.5216102255904549,1,53.878
-0.36536185543435085,1,53.969
-0.2087203167814745,1,54.072
-0.061250035104330025,1,54.193
0.07716132345330329,1,54.263
0.20035144449303322,1,54.387
0.31519676478494074,1,54.479
0.42225895361012933,1,54.573
0.60925470498321,1,54.689
0.7055809866924501,1,54.789
0.7911793851326141,1,54.908
0.8654641594819805,1,54.987
0.925514629478811,1,55.082
0.9612849388382272,1,55.197
0.9556201029459555,-1,55.3
0.9000629871979524,-1,55.416
0.7729090858030065,-1,55.502
0.7404927444364651,-1,55.587
0.7075067099419474,-1,55.708
0.6800892251772268,-1,55.8
0.6505775163786773,-1,55.916
0.6245481571229694,-1,56.015
0.5949080667744537,-1,56.105
0.5494850696269313,-1,56.232
0.5471019871056781,0,56.31
0.5387411386641097,-1,56.433
0.5271065606983956,0,56.517
0.5297945494008192,0,56.614
0.5327312773563029,-1,56.741
0.5085554267282364,-1,56.819
0.4878940210305027,-1,56.949
0.4922429460356179,0,57.031
0.48748480483998446,0,57.116
0.4830235459786485,0,57.234
0.4831759990692337,0,57.334
0.48068058269175995,-1,57.45
0.45710652057916135,-1,57.546
0.4394460336118946,0,57.628
0.46556365518320453,1,57.751
0.4688775039417148,0,57.837
0.46614137215805385,0,57.957
0.4683078108137384,0,58.051
0.4706106548662625,0,58.152
0.453102620989581,-1,58.268
0.42576537469358944,-1,58.346
0.42790774180865543,0,58.474
0.43049142050173117,0,58.558
0.42368719835350666,0,58.657
0.4153022783713196,-1,58.775
0.34711562764536197,-1,58.862
0.24892781346160797,-1,58.981
0.14407218252646858,-1,59.08
0.03988253088178073,-1,59.158
-0.10087981480961417,-1,59.276
-0.17533308994331154,-1,59.379
-0.25598879870976543,-1,59.496
-0.3386905884288104,-1,59.59
-0.41803841015498056,-1,59.667
-0.5034763316576867,-1,59.79
-0.5966412176990015,-1,59.879
-0.6681818364178338,-1,59.998
-0.7963627902125116,-1,60.088
-0.8533240791632732,-1,60.193
-0.8963078268614322,-1,60.311
-0.9228988553982436,-1,60.397
-0.9477487091636343,-1,60.514
-0.9885660182061086,-1,60.598
-1.0,0,60.693
-0.9928603943553991,1,60.813
-0.9421244719167525,1,60.913
-0.8274675163915443,1,61.027
-0.6880774974644017,1,61.103
-0.5430732248816055,1,61.196
-0.410112045489031,1,61.319
-0.27162445993754847,1,61.416
-0.13050943561976414,1,61.531
0.11206146130317762,1,61.629
0.21426004456263925,1,61.714
0.30665963886692693,1,61.827
0.38810225448621183,1,61.919
0.4645934657434694,1,62.046
0.552960061333525,1,62.125
0.637956507502975,1,62.231
0.710462636862407,1,62.342
0.8172452622247779,1,62.428
0.8487745274203982,1,62.548
0.8507870337094803,0,62.632
0.8353817772347205,-1,62.737
0.7878163508149851,-1,62.848
0.7330873603424455,-1,62.948
0.718992382200978,-1,63.063
0.6771942396247694,-1,63.147
0.6345899376651507,-1,63.238
0.6047864695511973,-1,63.357
0.581301988119328,-1,63.456
0.5563110472336112,-1,63.576
0.5258805662658941,-1,63.669
0.4965982516927312,-1,63.749
0.4679836650937059,-1,63.867
0.4573244465797264,-1,63.961
0.4502563016827559,0,64.078
0.44293572303946527,0,64.173
0.4346624105794168,-1,64.273
0.4265519586008657,-1,64.393
0.4038003493357327,-1,64.475
0.3789152677629892,-1,64.584
0.38146403429841746,0,64.677
0.3752101918089321,0,64.766
0.3699660843047283,0,64.895
0.36881791791017426,0,64.987
0.36679030491553655,-1,65.094
0.348549930987871,-1,65.193
0.3264253345765016,-1,65.277
0.33006526633795996,1,65.397
0.34945380666017933,1,65.491
0.345927877235769,0,65.62
0.34374554678370917,0,65.706
0.34890008102308956,0,65.793
0.345927877235769,-1,65.914
0.3169224254811509,-1,65.996
0.2981364689404704,0,66.125
0.3209857944945014,1,66.217
0.3236159912706782,0,66.306
0.3232332691391602,0,66.436
0.32846109059521433,0,66.501
0.33555366456440927,0,66.632
0.33004898028981033,-1,66.716
0.2969557304496171,-1,66.816
0.27754276105517306,0,66.933
0.30531047315041393,1,67.028
0.30903183515262067,0,67.144
0.30536747431893785,0,67.224
0.30954484566933615,1,67.311
0.3425810943410055,1,67.441
0.35845999128696415,-1,67.532
0.27711932380328075,-1,67.653
0.12441319332760603,-1,67.75
0.06951292501496287,-1,67.821
0.02512530078295172,-1,67.953
-0.022780109849394825,-1,68.037
-0.07193954618926834,-1,68.155
-0.12756454364457326,-1,68.243
-0.1944839154916962,-1,68.353
-0.26966845677479245,-1,68.477
-0.3819444727188336,-1,68.54
-0.43763461436673734,-1,68.671
-0.49176129539226987,-1,68.757
-0.5481517371106108,-1,68.856
-0.6042408869381822,-1,68.982
-0.6612339124380622,-1,69.066
-0.735294716398829,-1,69.187
-0.8056097292851646,-1,69.263
-0.8917303519007854,-1,69.357
-0.9252307529447211,-1,69.481
-0.9477950726561323,-1,69.572
-0.9526320289565936,1,69.687
-0.9181218929273764,1,69.785
-0.8349734740990762,1,69.876
-0.7223473081198164,1,69.988
-0.4113407896290445,1,70.075
-0.26193258390368435,1,70.197
-0.12607437023887558,1,70.296
-0.0017222495918308711,1,70.387
0.12038643871246979,1,70.503
0.270952479000248,1,70.589
0.4111154261057173,1,70.71
0.5206990291262137,1,70.799
0.752638619201726,1,70.894
0.8501833872707658,1,71.017
0.9389169363538297,1,71.105
1.0,1,71.218
1.0,0,71.31
1.0,-1,71.399
0.9580708917488785,-1,71.515
0.8904354467136928,-1,71.615
0.8422035441678171,-1,71.731
0.7970936648944429,-1,71.833
0.7450515511504068,-1,71.902
0.7065801675989376,-1,72.029
0.6752088692317053,-1,72.124
0.6508956933703165,-1,72.238
0.64590213464145,0,72.333
0.6399602193808827,-1,72.433
0.6300150646015434,-1,72.547
0.6173591207979623,-1,72.629
0.6028652116807312,-1,72.748
0.5859626448236939,-1,72.833
0.5866844028920677,0,72.936
0.5882370219926398,0,73.052
0.5715778386702866,-1,73.148
0.5544151032072075,-1,73.265
0.535464757644551,-1,73.343
0.5083149047237387,-1,73.439
0.49105145883251433,-1,73.557
0.4827848111889286,-1,73.655
0.46282736134481994,-1,73.773
0.45411590931025936,0,73.873
0.4641533819820651,0,73.941
0.4504315861472805,-1,74.063
0.4168698359678902,-1,74.156
0.38637136131124983,-1,74.281
0.3900305068671923,0,74.374
0.3994049692203754,0,74.464
0.3839039558216921,0,74.578
0.3951835237739554,1,74.661
0.46208042566940954,1,74.788
0.48272606343917723,-1,74.876
0.4427020607871359,-1,74.977
0.424809174720004,-1,75.101
0.41379816790946133,-1,75.192
0.40042046603750614,0,75.312
0.4022500388154775,-1,75.396
0.3254079821406841,-1,75.477
0.30151443306323356,-1,75.591
0.27926582097882147,-1,75.693
0.24862467321564208,-1,75.809
0.23595194434070343,0,75.914
0.2590970165913409,1,75.981
0.2643984687513441,0,76.115
0.2725794657834746,0,76.199
0.26326293604025985,0,76.319
0.260759602563551,-1,76.406
0.18789625360230544,-1,76.497
0.0926319411587595,-1,76.618
0.031029291582433727,-1,76.708
-0.014288786614478077,-1,76.831
-0.07142672803131322,-1,76.918
-0.21187147834315456,-1,77.006
-0.2819992257731515,-1,77.135
-0.34737838186588665,-1,77.226
-0.4223923609617618,-1,77.351
-0.5258806830401308,-1,77.428
-0.6093509398253688,-1,77.523
-0.6699901071013807,-1,77.638
-0.7339068347025679,-1,77.737
-0.8481052948513914,-1,77.854
-0.8642780334638049,1,77.941
-0.818392188911351,1,78.032
-0.8139016731902448,-1,78.142
-0.9022667641618994,-1,78.233
-0.943679298034324,-1,78.358
-0.9558088519936341,1,78.451
-0.8427889371585875,1,78.547
-0.6805109897199879,1,78.662
-0.5043399716116822,1,78.749
-0.32892597531076606,1,78.867
-0.18123790270549267,1,78.956
-0.040044733106800345,1,79.059
0.09374166630822822,1,79.169
0.20874876338767256,1,79.274
0.3915351197900985,1,79.389
0.4727515161942448,1,79.463
0.5512323110671427,1,79.557
0.629257172351499,1,79.68
0.7132865929717407,1,79.768
0.7823992429781925,1,79.89
0.8360961761796206,1,80.0
0.9234117596455762,1,80.065
0.9458471332100304,0,80.182
0.9382941201772119,0,80.277
0.9386210159576756,0,80.398
0.9374854832465913,-1,80.491
0.9080304529227063,-1,80.592
0.8573444019097596,-1,80.701
0.8114327497956901,-1,80.789
0.7157383113252183,-1,80.919
0.6825325820465395,-1,80.995
0.6470471848251538,-1,81.094
0.6057206761581144,-1,81.216
0.5745107316443718,-1,81.307
0.5492709363843606,-1,81.426
0.5171749322551507,-1,81.513
0.5115402813024217,0,81.598
0.5025248397780551,-1,81.717
0.4917544840638306,-1,81.817
0.48241214675900035,-1,81.933
0.47330207750871,-1,82.031
0.45001505441094247,-1,82.117
0.4468923394554605,1,82.236
0.46803733493913713,1,82.316
0.4712030624973118,0,82.439
0.466721149296744,0,82.53
0.4619811604800206,0,82.634
0.452268914792034,-1,82.748
0.42346767602907653,-1,82.839
0.41165641532969155,0,82.942
0.4283883177771086,1,83.036
0.4374123618220138,0,83.12
0.43071960084304695,0,83.249
0.43299066626521565,0,83.349
0.4345821325648416,-1,83.464
0.4120177211923093,-1,83.549
0.39120822400963484,0,83.634
0.4023140780248613,1,83.762
0.41376403286162855,0,83.852
0.4113725321519206,0,83.975
0.41419415888855426,0,84.068
0.41572540754441056,0,84.145
0.4039313518861025,-1,84.273
0.3088648974149426,-1,84.357
0.1799045120220224,-1,84.477
0.08291969547077294,-1,84.573
-0.003406598133253058,-1,84.673
-0.15407114284485357,-1,84.793
-0.22534302550647345,-1,84.86
-0.3268317473669453,-1,84.99
-0.407740386095631,-1,85.079
-0.4948384230689721,-1,85.18
-0.5813030837508193,-1,85.294
-0.6525843072226889,-1,85.396
-0.7901325251921021,-1,85.51
-0.8531974506604267,-1,85.59
-0.9069552634009668,-1,85.678
-0.9470954858743892,-1,85.791
-0.9898044010855366,-1,85.897
-1.0,0,86.015
-1.0,0,86.122
-1.0,0,86.188
-1.0,0,86.306
-0.9879874322295175,1,86.396
-0.9490811815723172,1,86.517
-0.9055482416477744,1,86.62
-0.8398745461966446,1,86.708
-0.6955706484169777,1,86.825
-0.5092112539748376,1,86.915
-0.19140570994055028,1,87.034
-0.06101375639430384,1,87.123
0.049642264620489485,1,87.216
0.15120800497718778,1,87.333
0.2513652702889535,1,87.426
0.35378646481404674,1,87.543
0.4664817503110743,1,87.633
0.5804472556339002,1,87.716
0.770764205723766,1,87.836
0.8445752108392093,1,87.931
0.8983478501313424,1,88.055
0.931425411309277,1,88.145
0.9883865615927001,1,88.228
1.0,0,88.35
0.9942583326265797,-1,88.439
0.8324739207870409,-1,88.564
0.7700279874480536,-1,88.657
0.7318293613773217,-1,88.75
0.7098464930879484,-1,88.868
0.7043422949707403,-1,88.955
0.686752607921296,-1,89.068
0.6675684844372827,-1,89.155
0.649207022305148,-1,89.258
0.5899329997455687,-1,89.376
0.5820625901111016,0,89.472
0.6010177253837672,1,89.578
0.6007548129929607,0,89.675
0.5863964040369773,-1,89.761
0.5761852260198457,-1,89.877
0.5640827749978798,-1,89.976
0.5349758290221356,-1,90.095
0.5338648121448561,0,90.189
0.539843948774489,0,90.268
0.53810533457722,0,90.387
0.5326859469086591,0,90.476
0.5292426426935799,0,90.602
0.5247137647358155,-1,90.686
0.4998388601475703,-1,90.791
0.4947247900941396,0,90.913
0.5142566364176067,1,90.983
0.5243999660758205,0,91.116
0.523577304723942,0,91.197
0.5197014672207616,0,91.298
0.5231532524807057,0,91.413
0.520558052752099,-1,91.512
0.49464846069035695,-1,91.619
0.5020948180815876,1,91.709
0.5151725892629972,0,91.8
0.513128657450598,0,91.924
0.5099313035365958,0,92.018
0.514867271647867,0,92.122
0.5210414723093886,0,92.233
0.5100245950301077,-1,92.306
0.4458061233143924,-1,92.422
0.4607751675006362,0,92.518
0.43547621066915454,-1,92.636
0.3564752777542193,-1,92.732
0.25720464761258577,-1,92.826
0.14877448901704682,-1,92.947
0.04326180985497419,-1,93.028
-0.06541429904164198,-1,93.15
-0.2662369603935205,-1,93.237
-0.341743702824188,-1,93.328
-0.4196336188618438,-1,93.46
-0.49879569162920867,-1,93.546
-0.5793740988889831,-1,93.662
-0.6540072936985837,-1,93.748
-0.7146976507505725,-1,93.838
-0.8534136205580527,-1,93.958
-0.8930879484352472,-1,94.055
-0.921397676193707,-1,94.172
-0.9450852345008905,-1,94.269
-0.9599864303282164,-1,94.345
-0.9742006615214994,-1,94.468
-0.9761088966160631,0,94.551
-0.9726147061317955,-1,94.678
-0.9926469341022814,1,94.773
-0.9368671020269698,1,94.869
-0.8361377321686032,1,94.988
-0.6897548978034094,1,95.06
-0.5401068611652955,1,95.187
-0.395148842337376,1,95.281
-0.2614197269103553,1,95.376
-0.06464252395895176,1,95.493
0.04048002713934351,1,95.591
0.1443473835976592,1,95.7
0.24031888728691375,1,95.789
0.3338393690102621,1,95.878
0.41976931557967934,1,96.0
0.49814265117462475,1,96.092
0.5649648036638113,1,96.217
0.7174794334662031,1,96.309
0.8007463319480961,1,96.387
0.865041133067594,1,96.509
0.9174963955559325,1,96.599
0.9562293274531422,1,96.714
0.9740055974896107,0,96.82
0.9462725807819523,-1,96.904
0.8817911966754304,-1,97.034
0.8012975998643033,-1,97.103
0.7512933593418709,-1,97.235
0.6923416164871512,-1,97.322
0.6420320583495887,-1,97.412
0.6040030531761513,-1,97.532
0.562174539903316,-1,97.63
0.5240861674158257,-1,97.739
0.4817657535408362,-1,97.829
0.46694088711729287,-1,97.913
0.45257399711644464,-1,98.044
0.43731659740480033,-1,98.123
0.4082859808328385,-1,98.252
0.3892205919769316,-1,98.353
0.388491222118565,0,98.425
0.3812992960732762,-1,98.546
0.3677211432448477,0,98.637
0.3687219065388856,0,98.759
0.3646170808243576,-1,98.855
0.3482486642354339,-1,98.95
0.3232211008396235,-1,99.064
0.3216012212704604,0,99.149
0.33436519379187524,1,99.274
0.3381901450258671,0,99.354
0.33605292171995593,0,99.459
0.33949622593503515,0,99.58
0.33961496056314133,0,99.66
0.32642693579849036,-1,99.795
0.29098464930879486,-1,99.866
0.2840217114748538,0,99.96
0.30301077092697826,1,100.081
0.3158595538970401,0,100.176
0.3157917055381223,0,100.287
0.323424645916377,0,100.391
0.3242642693579849,-1,100.462
0.30039860910864213,-1,100.593
0.2740225595793402,0,100.673
0.2921889576795862,1,100.795
0.3218132473920787,1,100.893
0.3209142566364176,0,100.989
0.3223221100839624,0,101.113
0.3264947841574082,0,101.187
0.3212534984310067,-1,101.304
0.28877957764396567,-1,101.396
0.2689424137053684,0,101.487
0.2823756240609825,1,101.617
0.2966848688886714,0,101.699
0.2893302064668253,0,101.834
0.2920201061488894,0,101.905
0.2978340348920847,0,101.998
0.288564095797883,-1,102.128
0.24792618098087704,-1,102.215
0.19716709299306667,-1,102.333
0.05038028882372214,-1,102.431
-0.035790136750754376,-1,102.503
-0.1195856192515099,-1,102.623
-0.19741395087528146,-1,102.716
-0.27067115550769727,-1,102.834
-0.356194643183956,-1,102.932
-0.4485620528360992,-1,103.032
-0.5198614190923291,-1,103.138
-0.6579315863172635,-1,103.231
-0.7214506731133461,-1,103.352
-0.7746783399233038,-1,103.437
-0.8162185628615085,-1,103.535
-0.8492461882565863,-1,103.659
-0.8964068860829366,-1,103.747
-0.9405143862554337,-1,103.876
-0.9645173532049955,-1,103.943
-0.9615762782032705,1,104.036
-0.9179517698199131,1,104.154
-0.8045780721727731,1,104.258
-0.6462430138687643,1,104.378
-0.48080970123507905,1,104.466
-0.33562754433174635,1,104.546
-0.1949648105982198,1,104.669
0.07715793831504869,1,104.766
0.20084696060166984,1,104.877
0.3117367004760918,1,104.975
0.4131477264886496,1,105.059
0.50282032705444,1,105.187
0.5789174084040571,1,105.27
0.6668132891740841,1,105.394
0.7650503691437245,1,105.478
0.899917201407576,1,105.576
0.9510970813496171,1,105.691
0.9977834126819844,1,105.778
1.0,0,105.899
1.0,0,105.995
1.0,0,106.073
1.0,-1,106.198
0.9370473332323426,-1,106.297
0.886426445360639,-1,106.419
0.8523134368078216,-1,106.501
0.8148267941878509,-1,106.59
0.7929145496157579,-1,106.714
0.7858643094899835,-1,106.803
0.7685212100865109,-1,106.918
0.7395914791174507,-1,107.013
0.687545804042629,-1,107.115
0.6608678919290718,-1,107.227
0.6533509111677933,-1,107.311
0.6435902999832137,-1,107.434
0.6346485320188171,-1,107.512
0.611450703591037,-1,107.621
0.585763591773901,-1,107.734
0.5336032786482536,-1,107.829
0.5053368106875418,-1,107.947
0.5019631766203885,0,108.031
0.5102334931442352,1,108.131
0.5188641006849624,0,108.244
0.5217218635234004,0,108.332
0.5111587859830418,-1,108.455
0.49461815293534817,-1,108.54
0.45707419128996474,-1,108.627
0.4356860063787886,-1,108.758
0.4300441765917289,0,108.834
0.43077294705769154,0,108.959
0.42976576989686666,0,109.055
0.42928265239695884,0,109.15
0.4343758572264962,0,109.276
0.42529488591466835,-1,109.358
0.40439800693560213,-1,109.471
0.38424627528690225,0,109.558
0.3905923102433193,0,109.649
0.39827305964863435,0,109.768
0.3970284179539565,0,109.867
0.3920334743108411,0,109.975
0.3817176314792219,-1,110.076
0.3758708715586778,-1,110.16
0.3484444037262684,-1,110.279
0.3268563670965674,-1,110.377
0.32958818654662214,0,110.494
0.3350351680110606,-1,110.588
0.31041547808922565,-1,110.662
0.21988231521698398,-1,110.789
-0.00866603090787188,-1,110.88
-0.12306097037891506,-1,110.995
-0.24167024107473778,-1,111.098
-0.339466045899564,-1,111.182
-0.41902195866457337,-1,111.316
-0.503833292383804,-1,111.382
-0.5993886721108719,-1,111.505
-0.6894304406308172,-1,111.595
-0.8275872120866353,-1,111.696
-0.8798499165046036,-1,111.818
-0.9443558361408053,-1,111.901
-0.988089933495188,-1,112.032
-1.0,0,112.108
-1.0,0,112.201
-1.0,0,112.316
-1.0,1,112.413
-0.9741839190746231,1,112.534
-0.9309329626577114,1,112.63
-0.8619315316201888,1,112.708
-0.7328757293575913,1,112.834
-0.5867540870677672,1,112.914
-0.45205614259530336,1,113.039
-0.3219342378802603,1,113.125
-0.06762779903148697,1,113.23
0.05005351014232473,1,113.353
0.15835311773461425,1,113.424
0.2534248541284818,1,113.55
0.3452900823769165,1,113.64
0.43122614083213406,1,113.733
0.5065667810676606,1,113.856
0.5775364012481599,1,113.939
0.7067726208488636,1,114.066
0.7624887751712939,1,114.163
0.8027874478737407,1,114.24
0.8414049590165615,1,114.352
0.8764879304901201,1,114.458
0.9001472041463185,1,114.567
0.9134324808614107,1,114.659
0.917959315890257,0,114.741
0.918795796276022,0,114.87
0.919853697940372,0,114.969
0.9317940454077638,0,115.077
0.9301128838481378,0,115.169
0.9253154228121323,0,115.265
0.9238064778025168,-1,115.387
0.8840408563262929,-1,115.467
0.7576831133471926,-1,115.594
0.7105039794324235,-1,115.681
0.7037055261010583,0,115.768
0.7067316169083848,-1,115.887
0.6817192132163901,-1,115.991
0.6477679505000431,-1,116.105
0.6213368104674859,-1,116.19
0.5515399029846768,-1,116.278
0.5310625351096241,-1,116.397
0.5177198528778615,-1,116.493
0.5094452576892639,0,116.612
0.5027206114507605,0,116.708
0.49447881941454574,-1,116.782
0.48171019234948487,-1,116.912
0.4669979785057343,-1,116.998
0.4137338598239291,-1,117.116
0.406435158418724,-1,117.219
0.3977587246134353,-1,117.309
0.39055843266537904,0,117.433
0.3876307513152013,0,117.504
0.38603979842462866,0,117.629
0.3809307074409851,-1,117.723
0.34947248430574174,-1,117.81
0.3386474440193703,0,117.936
0.3396889441075288,0,118.027
0.3336121601285884,0,118.15
0.32555078543047977,0,118.223
0.31996604873728374,0,118.317
0.31790765092525386,0,118.438
0.31005949671763466,-1,118.538
0.2717044107938773,-1,118.654
0.26487315431012926,0,118.75
0.27582120641793684,1,118.822
0.28211121088736624,0,118.946
0.28325112043267353,0,119.034
0.2779452105347324,0,119.157
0.277986214475211,0,119.257
0.27479610790596976,-1,119.342
0.2323406279343445,-1,119.464
0.2277645881769239,0,119.547
0.23828619930375305,0,119.669
0.24201755788731294,0,119.763
0.24024618765863393,0,119.854
0.23718729369892455,0,119.975
0.2448058258398631,-1,120.072
0.2075086415804559,-1,120.18
0.09995530570487832,-1,120.272
-0.010156676056569003,-1,120.365
-0.10139044362163208,-1,120.478
-0.19791371950844472,-1,120.575
-0.2946502158857466,-1,120.697
-0.3910422791630276,-1,120.786
-0.48960755128567857,-1,120.866
-0.658207553745915,-1,120.993
-0.7379110132483732,-1,121.074
-0.7906174783396684,-1,121.195
-0.8288741548062769,-1,121.295
-0.8632600592916979,-1,121.388
-0.879809137520058,0,121.512
-0.871626153624099,-1,121.581
-0.9094845518377328,-1,121.715
-0.9487863067897199,-1,121.795
-0.9682291710887155,1,121.894
-0.8864757473616288,1,122.003
-0.7050627860181184,1,122.101
-0.5306373693549893,1,122.217
-0.3745765446039684,1,122.311
-0.2269296406041722,1,122.403
0.02114093104999948,1,122.515
0.12457866718740718,1,122.618
0.23758500946672223,1,122.728
0.3496998667017601,1,122.831
0.449469778656999,1,122.908
0.5405370985133426,1,123.028
0.6245064993504894,1,123.119
0.7542727604622137,1,123.236
0.8088571161732367,1,123.331
0.8726704646759664,1,123.429
0.9316188519370696,1,123.542
0.9723384926261451,1,123.629
0.9888012497771288,0,123.745
0.9721856666185549,-1,123.839
0.9229417308394392,-1,123.93
0.7308054779633388,-1,124.053
0.6645893650079384,-1,124.148
0.6194547507662527,-1,124.286
0.557772476036033,-1,124.342
0.5120859901002708,-1,124.445
0.4788633141168779,-1,124.556
0.4437727647073806,-1,124.656
0.391472308776458,-1,124.776
0.3844508027610565,-1,124.861
0.3724454708314584,-1,124.942
0.36261366434314524,0,125.068
0.35910715650232206,0,125.157
0.3485876329798525,-1,125.287
0.3239656650902947,-1,125.373
0.31897334884234296,0,125.474
0.3274382115960979,0,125.585
0.32323549638736293,0,125.669
0.3183111028094514,0,125.793
0.3192959815250338,0,125.876
0.316842275069833,-1,125.971
0.3013813773019418,-1,126.089
0.28255830736706256,0,126.189
0.2904797887604962,1,126.314
0.31075470576748376,1,126.383
0.3124952241872627,0,126.477
0.32113838394987315,1,126.597
0.3303673767415798,0,126.689
0.32917873001587683,-1,126.811
0.3003964985863594,-1,126.918
0.27327837257282583,0,126.983
0.29613435104133945,1,127.112
0.301907777994753,0,127.199
0.30114364795680126,0,127.321
0.3055076795068814,0,127.407
0.31260559852607805,0,127.501
0.3051935371579457,-1,127.626
0.2636243943996488,-1,127.706
0.24723492364765765,0,127.826
0.2791648692951427,1,127.912
0.2840134587179708,0,128.01
0.2837460098352169,0,128.144
0.29237339314985755,1,128.22
0.3015270468466913,0,128.342
0.2954447416098698,-1,128.431
0.2636873436286775,-1,128.526
0.26825985678543707,0,128.64
0.2762833232680528,0,128.734
0.2778793891812614,0,128.852
0.27742213786558545,0,128.954
0.28354758001898017,0,129.029
0.28854283495815714,0,129.164
0.27876800966266924,-1,129.242
0.2412992839271848,-1,129.355
0.2505650936071089,1,129.457
0.2657234060909326,1,129.542
0.2691484772668449,0,129.672
0.26575791562419115,0,129.744
0.27372961780691907,0,129.862
0.27957035631093086,0,129.96
0.2650332154257613,-1,130.052
0.23639030282115425,0,130.165
0.2538866361832457,1,130.27
0.2600651943958725,0,130.391
0.2591871185560317,0,130.471
0.2613777150134722,0,130.556
0.2722114003843801,0,130.672
0.2666582791397869,-1,130.778
0.23111830317438975,-1,130.892
0.21602075479065164,0,130.99
0.21731359083040847,-1,131.072
0.1845414987353633,-1,131.183
0.10418609897570952,-1,131.275
0.006555286094203527,-1,131.395
-0.09621216393855125,-1,131.498
-0.19698396102403026,-1,131.582
-0.2986147565520323,-1,131.711
-0.4369742430618522,-1,131.786
-0.5088784864273908,-1,131.91
-0.5909692365759802,-1,132.003
-0.6716456761575872,-1,132.095
-0.7367386692465543,-1,132.219
-0.792894607832504,-1,132.315
-0.856564613602544,-1,132.43
-0.9272020511841598,-1,132.516
-0.95204359200177,-1,132.594
-0.9725988173587099,-1,132.715
-0.9848850981123726,0,132.809
-0.9747072680812665,1,132.932
-0.9357399750977219,1,133.028
-0.8615537459707333,1,133.102
-0.7326432423286666,1,133.224
-0.39362519034624577,1,133.32
-0.22986885089435616,1,133.44
-0.07827731766890378,1,133.534
0.06843788096364012,1,133.634
0.2115175205313642,1,133.775
0.33442371182771446,1,133.825
0.45093513694083764,1,133.952
0.6977800530149543,1,134.037
0.8053023631133922,1,134.133
0.8959917744391563,1,134.259
0.9794013908833368,1,134.351
1.0,1,134.47
1.0,0,134.551
1.0,-1,134.643
0.9721214960063962,-1,134.756
0.7588331731584601,-1,134.847
0.6700693732182228,-1,134.964
0.6006315466431924,-1,135.066
0.5373799697955954,-1,135.148
0.5030164024454262,-1,135.271
0.4717701880910654,-1,135.356
0.4396436849373704,-1,135.48
0.376497096662171,-1,135.577
0.3454527834085752,-1,135.664
0.33441283121875576,0,135.789
0.33374251956421674,0,135.866
0.3317396606446299,0,135.991
0.3352850439740598,0,136.078
0.3350669907852337,-1,136.168
0.3159832987409448,-1,136.294
0.30415189423612743,0,136.39
0.31505455367742674,0,136.515
0.31566833302375175,0,136.584
0.31429540553855095,0,136.679
0.31278518530483024,0,136.802
0.3068492929423452,-1,136.892
0.2826211608505689,-1,137.012
0.2762976183746153,0,137.117
0.28174409525668564,0,137.185
0.2852495282711953,0,137.314
0.2830210163315765,0,137.399
0.28543659314203906,0,137.514
0.28735604138200266,0,137.615
0.2753513566269763,-1,137.701
0.24355032858351233,-1,137.823
0.2514477194352267,1,137.905
0.2609473615719955,0,138.028
0.26537185243021666,0,138.116
0.2656565163641096,0,138.21
0.27077233391892763,0,138.329
0.2713579282972216,-1,138.424
0.2547498210683845,-1,138.555
0.22379465157134493,-1,138.632
0.23765371852430217,1,138.72
0.24702322857700576,0,138.84
0.2487962782223958,0,138.933
0.24905654239052644,0,139.059
0.2549450191944824,0,139.144
0.25941830958422796,0,139.222
0.24864174637256808,-1,139.358
0.20386004294358773,-1,139.438
0.2225095972411999,1,139.554
0.23527880799011003,0,139.659
0.23793024920294092,0,139.752
0.2363767974494111,0,139.869
0.2386947751968247,0,139.948
0.23981716442188827,0,140.072
0.23346509206844956,-1,140.159
0.18960244648318048,-1,140.251
0.20998438414991205,1,140.379
0.22474624243607266,1,140.463
0.2281703428980415,0,140.594
0.22780434641160774,0,140.663
0.23781638362938384,1,140.757
0.24566497494957384,-1,140.881
0.19574305420001292,-1,140.976
0.1851616891144512,0,141.089
0.20385190968833355,1,141.191
0.21531979959659053,0,141.266
0.21638525603487535,0,141.385
0.21255449281020233,0,141.479
0.2175808445572256,0,141.6
0.21983375626260648,-1,141.694
0.17330340295399838,-1,141.784
0.16979796993948848,1,141.911
0.18920391697573047,1,141.988
0.20096460407313432,0,142.108
0.20486043333983983,0,142.197
0.20791040406012096,0,142.288
0.21980122324159024,0,142.415
0.20381124341206314,-1,142.503
0.1736775326956861,-1,142.63
0.1830145097273732,1,142.704
0.20157459821719037,1,142.796
0.20687748064285238,0,142.921
0.1988499577070726,-1,143.014
0.18875658793675587,-1,143.131
0.18159932331316275,-1,143.232
0.030678638818400605,-1,143.304
-0.06367525538421492,-1,143.433
-0.14596753204502566,-1,143.514
-0.22697475437569137,-1,143.632
-0.3103568872405491,-1,143.735
-0.3927060966881385,-1,143.824
-0.47006148740972087,-1,143.961
-0.6239589433274774,-1,144.026
-0.7151978007677793,-1,144.15
-0.7832324809681828,-1,144.244
-0.8447198906890494,-1,144.334
-0.9183177174832455,-1,144.448
-0.9730057258116989,-1,144.549
-0.9998292016396643,-1,144.681
-1.0,0,144.75
-1.0,0,144.835
-1.0,1,144.954
-0.9785032575037862,1,145.046
-0.9394291120271253,1,145.186
-0.8662257078462315,1,145.264
-0.7439947848139506,1,145.355
-0.5939945860644823,1,145.464
-0.45053721981293704,1,145.561
-0.2291303120764152,1,145.676
-0.110945928219642,1,145.77
-0.0005127736283305762,1,145.874
0.10565124238292656,1,145.984
0.2054155255134693,1,146.072
0.29870057597595934,1,146.196
0.38822528649735855,1,146.278
0.5527580463722259,1,146.376
0.6436501532358401,1,146.493
0.7149853124142893,1,146.587
0.7708418629980165,1,146.704
0.8066962670874855,1,146.786
0.8102976074539001,-1,146.882
0.7839752278662655,-1,146.999
0.7588214951525005,-1,147.088
0.7555540538929058,-1,147.207
0.7285797760490991,-1,147.306
0.681770301264444,-1,147.384
0.6529595783331279,-1,147.51
0.620269265779714,-1,147.599
0.5816641690483477,-1,147.72
0.5579811824003371,-1,147.81
0.5125947538090336,-1,147.907
0.48038938995838176,-1,148.026
0.47261431075671867,-1,148.112
0.4578750501842408,-1,148.229
0.43374686472713675,-1,148.319
0.4251131878222225,-1,148.415
0.4165590107046464,-1,148.532
0.4014858510253485,-1,148.622
0.3702503845802212,-1,148.746
0.3535236293242916,-1,148.822
0.33585082659903875,-1,148.921
0.3170968267659884,-1,149.041
0.3137339857615882,0,149.128
0.31578508027491026,0,149.25
0.32356015947657335,0,149.344
0.330285841485374,0,149.425
0.31301053769681175,-1,149.544
0.29302429116002116,-1,149.639
0.27531968851983324,-1,149.753
0.25507904266356096,0,149.849
0.2766754930054287,1,149.945
0.4006964968754254,1,150.064
0.406502101347761,0,150.142
0.39941416971512145,0,150.264
0.3909121649810505,-1,150.361
0.3773774652959234,-1,150.459
0.35321525969320766,-1,150.579
0.3354910390802377,0,150.673
0.3423418280188484,0,150.787
0.3484811888753727,0,150.872
0.345530079794125,0,150.954
0.34952637334164804,0,151.076
0.35143229795662045,0,151.174
0.34067304609790483,-1,151.294
0.31396375230006446,-1,151.385
0.30125466051266736,0,151.467
0.3067616408517815,-1,151.587
0.25659278647057016,-1,151.675
0.08870454216089696,-1,151.801
0.00862935914382712,-1,151.892
-0.06140678315935555,-1,152.0
-0.1269811295896992,-1,152.116
-0.2010838299423392,-1,152.196
-0.27452780058934356,-1,152.303
-0.3321798244265758,-1,152.395
-0.38350804308970576,-1,152.484
-0.49447325776971685,-1,152.611
-0.550386235184071,-1,152.714
-0.6073970954411513,-1,152.84
-0.6682812863673692,-1,152.906
-0.7440966839546619,-1,152.993
-0.8236448832072232,-1,153.117
-0.8745075995450373,-1,153.206
-0.9394495654579709,-1,153.333
-0.9639543105076172,-1,153.426
-0.9768829788635595,0,153.512
-0.9640421411350352,1,153.633
-0.905283451392335,1,153.719
-0.8078002380210003,1,153.833
-0.6969492031566327,1,153.933
-0.5464777722639662,1,154.031
-0.2667108747491338,1,154.153
-0.14076175503159705,1,154.225
-0.01903728849287034,1,154.347
0.09620527774240162,1,154.435
0.20534361537211643,1,154.531
0.2936573112410028,1,154.649
0.3819710071098892,1,154.759
0.557500516004936,1,154.869
0.6259644900773349,1,154.944
0.6909591543667193,1,155.036
0.7519663081713224,1,155.159
0.8115857380627198,1,155.259
0.8614471852479679,1,155.375
0.9088757240537348,1,155.464
0.9559353742243457,1,155.545
1.0,1,155.671
0.9948999453253144,-1,155.756
0.9821716785128485,-1,155.88
0.9482033898305084,-1,155.972
0.8816052487698196,-1,156.064
0.8234488791689447,-1,156.203
0.7678993985784581,-1,156.266
0.6885467468562056,-1,156.388
0.6436960087479497,-1,156.475
0.6068408966648442,-1,156.581
0.5738611262985238,-1,156.699
0.5451153635866595,-1,156.799
0.5205686167304537,-1,156.908
0.5043761618370695,-1,156.986
0.495741935483871,-1,157.075
0.4817714598141061,-1,157.203
0.4725598687807546,-1,157.298
0.45801202843083644,-1,157.417
0.4361334062329141,-1,157.503
0.42138436303991256,0,157.587
0.4209907053034445,0,157.711
0.4202033898305084,0,157.8
0.40600546746856203,-1,157.918
0.40260251503553857,0,158.01
0.392209950792783,-1,158.113
0.36602733734281023,-1,158.22
0.35459376708583923,0,158.304
0.3665522143247677,1,158.43
0.3738480043739749,0,158.518
0.37668234007654466,0,158.61
0.3758600328048114,0,158.735
0.3616533624931657,-1,158.835
0.3342110442864954,-1,158.946
0.32622416621104433,0,159.026
0.34295024603608537,1,159.113
0.35180317113176596,0,159.236
0.35688572990705314,0,159.334
0.36078731547293597,0,159.451
0.35285292509568067,-1,159.549
0.3218589393110989,-1,159.627
0.3065675232367413,0,159.756
0.31961946418808096,1,159.84
0.33167413887370145,0,159.959
0.3317528704209951,0,160.049
0.32648660470202295,0,160.152
0.3193594491864793,-1,160.272
0.29973937245843896,-1,160.35
0.27822543176116077,0,160.467
0.2863495771992939,1,160.556
0.30104914753996814,1,160.653
0.3046244795192772,0,160.768
0.3031465576367409,1,160.87
0.3293243596040585,1,160.993
0.4797449478523672,1,161.072
0.3937422840530458,-1,161.159
0.24943692946241702,-1,161.274
0.15125689733752812,-1,161.376
0.07825463620554629,-1,161.5
0.008562212103914613,-1,161.584
-0.05701504028885851,-1,161.675
-0.17965600704446594,-1,161.785
-0.25446363382936643,-1,161.882
-0.32113826534450185,-1,161.996
-0.3739275110291027,-1,162.1
-0.43095582606540905,-1,162.188
-0.4932763404176236,-1,162.313
-0.5548092197545942,-1,162.39
-0.6142977879845837,-1,162.503
-0.7496471129636759,-1,162.596
-0.8209856057488506,-1,162.691
-0.859668219812118,-1,162.818
-0.8906337806923224,-1,162.903
-0.9105193523693211,-1,163.031
-0.9091122291398406,1,163.104
-0.8532166925524242,1,163.204
-0.5556676534228937,1,163.322
-0.42213254392835176,1,163.409
-0.2738624647666078,1,163.53
-0.11823817551871074,1,163.621
0.024403410725110986,1,163.706
0.14605319633793967,1,163.826
0.2513927422530786,1,163.917
0.34386463297535763,1,164.036
0.4791608589646581,1,164.13
0.5462602823981273,1,164.227
0.617058935453753,1,164.35
0.6723172841636689,1,164.428
0.7238675534197963,1,164.552
0.7680016637683469,1,164.633
0.8013655290208104,1,164.737
0.8411543720380721,1,164.859
0.8723854278672347,1,164.943
0.9095901200479661,1,165.068
0.9367237038315346,1,165.145
0.9502019974069993,1,165.241
0.9541136229883227,0,165.356
0.9634413455284012,1,165.45
0.9701406680737898,1,165.567
1.0,1,165.669
1.0,0,165.753
1.0,0,165.864
0.9872665423597071,-1,165.952
0.9598083867896927,-1,166.075
0.923564320118077,-1,166.172
0.897721863905713,-1,166.261
0.9036169831836265,1,166.388
0.9251538189456032,1,166.471
0.9412584114618585,0,166.593
0.917625533289957,-1,166.679
0.8569713060527591,-1,166.775
0.79630834530552,-1,166.887
0.7701165486915018,0,166.987
0.7941162342851404,1,167.106
0.8232075562328878,1,167.195
0.8139325685689707,0,167.274
0.808351855652546,-1,167.392
0.7849722492718436,-1,167.496
0.7643436985541674,-1,167.62
0.7409029576031756,-1,167.703
0.7256891831111383,-1,167.792
0.7190517154797098,-1,167.908
0.6973052754767404,-1,167.994
0.675480233883399,-1,168.119
0.6518735562416214,-1,168.208
0.6227647672737913,-1,168.305
0.5899180360082619,-1,168.428
0.5744073221748187,-1,168.506
0.5689663454190557,0,168.625
0.5812980615974463,1,168.722
0.5904562254714536,0,168.817
0.568442071804067,-1,168.94
0.5386217860862892,-1,169.029
0.5109551742411782,-1,169.164
0.507738976298814,0,169.224
0.5189591213931986,1,169.322
0.5241488953456499,0,169.439
0.5261224713557371,0,169.531
0.5307366189719132,0,169.654
0.5200738263618587,-1,169.751
0.49219706521937767,-1,169.829
0.4746084827220729,-1,169.945
0.4739323502000987,0,170.035
0.46711620342451976,-1,170.158
0.4506331889699029,-1,170.254
0.4498291394843119,0,170.352
0.4383988450925571,-1,170.476
0.41036675620854113,-1,170.553
0.38414377866710514,-1,170.674
0.38376916470222766,0,170.762
0.3885751877638288,0,170.854
0.38532244211757405,-1,170.973
0.33631197120040923,-1,171.065
0.26339016501288315,-1,171.196
0.16218043601410748,-1,171.267
0.050454105220839596,-1,171.359
-0.036200500703543304,-1,171.485
-0.10210514774409296,-1,171.58
-0.17308992562542258,-1,171.7
-0.33696069294446573,-1,171.78
-0.41851689417612337,-1,171.872
-0.505957275734152,-1,171.988
-0.6079070957367103,-1,172.08
-0.6915191053122087,-1,172.208
-0.759753668475778,-1,172.294
-0.8262339418526031,-1,172.389
-0.8887853370611991,-1,172.512
-0.98110483708861,-1,172.587
-1.0,-1,172.714
-1.0,0,172.793
-1.0,0,172.888
-1.0,0,173.01
-1.0,0,173.114
-1.0,0,173.222
-1.0,0,173.304
-0.9868239303587488,0,173.398
-0.9890271137866785,1,173.514
-0.9228455490961354,1,173.61
-0.8048891738492454,1,173.741
-0.6720096733522383,1,173.825
-0.5333468163569157,1,173.913
-0.39989070144713,1,174.03
-0.17580284950794134,1,174.123
-0.08403509602351211,1,174.235
0.010641548080605467,1,174.334
0.09647103373194321,1,174.439
0.17332426815152058,1,174.554
0.23938534624834862,1,174.625
0.29628944322284423,1,174.747
0.3439504972223537,1,174.834
0.4334031868704038,1,174.939
0.48688202210929,1,175.053
0.529052329909506,1,175.14
0.5612136442461197,1,175.267
0.5882198536087886,1,175.343
0.6046748798361383,1,175.435
0.6237289740136236,1,175.559
0.683946452315279,1,175.654
0.7008662125469576,1,175.776
0.704738995916365,0,175.866
0.702105503225168,0,175.951
0.6914080149403377,0,176.073
0.6915973510161753,1,176.158
0.7092142122543472,1,176.278
0.716116372837158,-1,176.379
0.6789032277497837,-1,176.473
0.6417589321445323,-1,176.592
0.6204500174275251,-1,176.674
0.6043048138697282,-1,176.787
0.5978071439943888,-1,176.879
0.5803968312025853,-1,176.972
0.5476675086384584,-1,177.085
0.45506495518329015,-1,177.193
0.4232306758867599,-1,177.307
0.4084108248598268,0,177.385
0.42508961190407546,1,177.482
0.452035577969887,1,177.599
0.4567861922363603,0,177.702
0.441493001019833,-1,177.816
0.40757602488908784,-1,177.91
0.344819721934154,-1,177.994
0.325257862826013,-1,178.118
0.30801967373951666,-1,178.203
0.3062984366864465,0,178.319
0.3073742098446153,0,178.41
0.30429319551962,0,178.508
0.29708121226725637,-1,178.638
0.27418015327615963,-1,178.706
0.2540588921257707,-1,178.83
0.2304521259429151,-1,178.915
0.21280083996368182,-1,179.021
0.20664741749895654,0,179.138
0.20176771045350295,0,179.226
0.20487454333429445,0,179.343
0.20646668760838405,0,179.436
0.19815311264205593,-1,179.521
0.1778769401568907,-1,179.636
0.15096539883214066,-1,179.738
0.1427981290153233,0,179.855
0.14738522576175495,0,179.952
0.1447517330705579,0,180.03
0.1421440589351568,0,180.152
0.14203217852670713,-1,180.233
0.12502635644237503,-1,180.358
0.09868282334513823,-1,180.454
0.07612601176465517,-1,180.547
0.0710913933844255,0,180.675
0.06236472152536021,-1,180.748
0.04483392213984194,-1,180.875
0.007775688387243962,-1,180.954
-0.11544767224204033,-1,181.059
-0.18792030588958697,-1,181.186
-0.266461506042873,-1,181.262
-0.3334278687434915,-1,181.397
-0.3922672988722221,-1,181.466
-0.45297675758314315,-1,181.562
-0.5163804754835708,-1,181.678
-0.5810692841158354,-1,181.772
-0.6992989742508713,-1,181.901
-0.7605155221420834,-1,181.985
-0.832381167863944,-1,182.068
-0.8780285461093199,-1,182.188
-0.9084978411297773,-1,182.28
-0.9355072873654241,-1,182.401
-0.9593909591351393,-1,182.498
-0.9870656269749628,-1,182.595
-0.9922414208018482,0,182.716
-1.0,0,182.787
-1.0,1,182.921
-0.9730532931881731,1,183.001
-0.9373441808750851,1,183.098
-0.8964228457899344,1,183.226
-0.8276927011104226,1,183.304
-0.5926647192469977,1,183.437
-0.46666273248551726,1,183.505
-0.34525390221592756,1,183.6
-0.21430468265911307,1,183.718
-0.08863710129532909,1,183.809
0.02192322445486994,1,183.93
0.12527416324884677,1,184.036
0.3214324353564859,1,184.115
0.4029978460358208,1,184.239
0.4726328523796879,1,184.319
0.5434874548798598,1,184.435
0.6222989387546349,1,184.541
0.695455037227189,1,184.622
0.7547136407895902,1,184.756
0.7990616977958751,1,184.823
0.8652247892754221,1,184.954
0.8823974899924267,1,185.043
0.9134185083552173,1,185.14
0.9661562066625358,1,185.248
1.0,1,185.348
1.0,0,185.472
1.0,0,185.555
1.0,0,185.641
1.0,0,185.755
1.0,0,185.855
1.0,0,185.969
1.0,0,186.071
1.0,0,186.154
1.0,-1,186.266
0.9829060585281693,-1,186.361
0.9321108628812846,-1,186.474
0.9277754429427769,0,186.572
0.9249529960848504,-1,186.672
0.8990820411864895,-1,186.794
0.8634873587117609,-1,186.879
0.8310336437435024,-1,186.993
0.7804950341746113,-1,187.076
0.7462363688646065,-1,187.181
0.7240107058329093,0,187.299
0.7322745471034529,0,187.387
0.7320622000044239,-1,187.511
0.7031652989449004,-1,187.592
0.6600765334336083,-1,187.679
0.6249419363401092,-1,187.802
0.6164303567873652,0,187.902
0.6100157048375323,0,188.018
0.6013714083478954,-1,188.106
0.5872326306708842,-1,188.2
0.5650512066181512,-1,188.304
0.5379150169214095,-1,188.395
0.5037005905903691,-1,188.514
0.4893494658143289,0,188.614
0.4936141033864938,1,188.705
0.51047800216771,1,188.831
0.5158309186223982,0,188.903
0.5104868499635029,-1,189.032
0.4878984273042979,-1,189.113
0.4551350394832887,-1,189.21
0.4434559490366963,0,189.338
0.4565241434227698,0,189.429
0.4545510849609591,0,189.551
0.4509942710522241,0,189.639
0.45379902231856484,0,189.717
0.45187905063151135,-1,189.838
0.4305204715875157,-1,189.936
0.4054458183105134,-1,190.058
0.40787896215355346,0,190.149
0.4165144108473977,0,190.242
0.41190470923931066,0,190.348
0.4108695171315446,0,190.436
0.40895839324028405,-1,190.56
0.39344820721537754,-1,190.66
0.35196089274259545,-1,190.745
0.2956889114999226,-1,190.872
0.22612754097635435,-1,190.943
0.06988431507000814,-1,191.077
-0.007684310646110304,-1,191.158
-0.07985578092857615,-1,191.251
-0.1520184034152492,-1,191.369
-0.23546196553783538,-1,191.463
-0.31902939680152187,-1,191.584
-0.38324669866619476,-1,191.666
-0.44496007432148466,-1,191.762
-0.5872680218540556,-1,191.877
-0.6537415116459112,-1,191.977
-0.7094383861620475,-1,192.1
-0.767196797097923,-1,192.187
-0.8346435444269946,-1,192.265
-0.8780065916078656,-1,192.396
-0.9007100356123781,-1,192.474
-0.9263774912075029,-1,192.598
-0.9235550443495764,1,192.695
-0.8876241456347187,1,192.798
-0.8107544957862373,1,192.91
-0.7248423986374395,1,192.984
-0.6177221349731248,1,193.109
-0.47929836979362517,1,193.201
-0.3456878055254484,1,193.29
-0.10014377668163421,1,193.418
0.010126302284943156,1,193.505
0.10462960914862074,1,193.627
0.17622597270454987,1,193.707
0.24021323187860832,1,193.794
0.314348912827092,1,193.916
0.39178482160631733,1,194.019
0.4607003030370058,1,194.132
0.5692893008029374,1,194.252
0.6034506403592206,1,194.307
0.6218452078126038,1,194.433
0.6408414253799022,1,194.518
0.6687296777190384,1,194.638
0.6895662368112545,1,194.736
0.7056603773584906,1,194.822
0.7071291114601075,0,194.943
0.7003428520869739,-1,195.037
0.6891415426131964,0,195.153
0.7029617996416642,1,195.24
0.724240748523524,1,195.337
0.7364949456966534,0,195.453
0.7376893981286912,0,195.544
0.7313809197283727,-1,195.677
0.6746223097170918,-1,195.752
0.6455484527417108,-1,195.841
0.634294056493176,0,195.958
0.6384436727200336,0,196.056
0.6323652370103299,-1,196.178
0.6077860602977283,-1,196.261
0.5899223605919175,-1,196.35
0.5155477891570261,-1,196.473
0.49506514189652506,-1,196.558
0.49034041894313085,0,196.678
0.5017894666991085,1,196.78
0.5096551571589727,0,196.865
0.49326903935057187,-1,196.99
0.46292109978101714,-1,197.065
0.4277245681169679,-1,197.194
0.40011059744741084,-1,197.276
0.4006060740118118,0,197.377
0.4053131013736202,0,197.499
0.40286226193899455,-1,197.581
0.38694507730761574,-1,197.723
0.36137494746621246,-1,197.788
0.3316552013979517,-1,197.88
0.32524939724391166,0,198.0
0.33147824548209437,0,198.1
0.33003708281829414,0,198.214
0.3225828480894517,0,198.316
0.3149308298579854,-1,198.393
0.2971468464661682,-1,198.519
0.267944737373923,-1,198.6
0.2376586871451929,-1,198.716
0.24876449082324403,1,198.815
0.26127574360199146,1,198.903
0.27403501681027365,1,199.038
0.28252282706545895,0,199.106
0.2841487387701862,0,199.25
0.2686796127206923,-1,199.317
0.22907901747166126,-1,199.418
0.20920982528338627,0,199.525
0.2213995700979221,0,199.635
0.22275908948944534,0,199.749
0.22431151365949553,0,199.827
0.23209200639341554,0,199.917
0.2374841542503352,0,200.033
0.22500045929709178,-1,200.138
0.18988260366335363,-1,200.25
0.19196781245981143,0,200.346
0.19905017361430066,0,200.435
0.20194374529220482,0,200.549
0.20559975014238208,0,200.641
0.21270048318054058,0,200.757
0.20849332182028624,-1,200.853
0.17761937131414074,-1,200.955
0.11172861053443817,-1,201.073
0.04770259594716242,-1,201.148
-0.03483309143686497,-1,201.266
-0.118434348073708,-1,201.373
-0.20201723282688178,-1,201.448
-0.28113183065173875,-1,201.584
-0.3570989902452262,-1,201.664
-0.4715906108483926,-1,201.79
-0.6457021056957972,-1,201.87
-0.7121240027530318,-1,201.959
-0.7761388071875231,-1,202.082
-0.8331646754972889,-1,202.174
-0.8742866029080165,-1,202.3
-0.9099146754971091,-1,202.385
-0.9675133057205294,-1,202.465
-1.0,-1,202.598
-1.0,0,202.684
-1.0,0,202.797
-1.0,0,202.895
-1.0,1,202.988
-0.9718832592925828,1,203.105
-0.9085132378727385,1,203.198
-0.8122824147679346,1,203.317
-0.48794814250586616,1,203.398
-0.3393281632611329,1,203.492
-0.2099911560070139,1,203.616
-0.09385368048135856,1,203.733
0.015239273463420133,1,203.824
0.11699120201622581,1,203.915
0.19657691462223892,1,203.995
0.27610128161216285,1,204.12
0.43924994760061953,1,204.214
0.5091328285952366,1,204.339
0.5676769948827531,1,204.434
0.6111710366897904,1,204.505
0.6402079616385414,1,204.626
0.6573233885273473,1,204.713
0.6843563566838604,1,204.834
0.7529305312019139,1,204.928
0.7840429828283397,1,205.023
0.8091128912700076,1,205.144
0.819582543082515,0,205.233
0.8186419103024849,0,205.355
0.8109225869446304,0,205.442
0.8304202685915558,1,205.535
0.8570135931660983,1,205.655
0.8717365410274369,0,205.744
0.8710924120585033,0,205.872
0.8591300169211658,-1,205.948
0.8233144013945903,-1,206.038
0.8033975247043907,-1,206.162
0.8033464033576501,0,206.246
0.7922019497681647,-1,206.368
0.743963846983585,-1,206.478
0.7106020561005659,-1,206.548
0.6769233128677541,-1,206.675
0.6500130359434189,-1,206.761
0.6519351985808715,0,206.879
0.6467617182907066,0,206.974
0.649747204940367,0,207.074
0.6472013618726771,-1,207.184
0.6005684693757571,-1,207.266
0.562810242673033,-1,207.394
0.5487825451273689,0,207.485
0.575416766779304,1,207.575
0.5861318010561671,0,207.694
0.5806720412242541,0,207.794
0.572318813166814,-1,207.913
0.547371595957324,-1,207.987
0.5121898851303339,-1,208.08
0.4765174093746325,-1,208.2
0.46971827025811175,0,208.292
0.47679346464703265,0,208.415
0.47921661648254466,0,208.505
0.4799936609530042,0,208.584
0.489757838180489,0,208.715
0.47331721306866115,-1,208.806
0.4322565473664839,-1,208.918
0.4205395346935019,0,209.023
0.4315510727814613,0,209.103
0.4329006763354173,0,209.229
0.43526248255484035,0,209.309
0.4425421623307244,0,209.431
0.4488812093265786,-1,209.521
0.39948776410565756,-1,209.625
0.3796117844928506,0,209.727
0.394252938199404,1,209.83
0.40760583396809014,1,209.975
0.4140368993880774,0,210.028
0.4193944165265089,1,210.122
0.4312443447010168,0,210.248
0.41040728376948366,-1,210.333
0.3738043995031004,-1,210.452
0.374520098357471,1,210.544
0.39162530097692905,1,210.631
0.4038433028479702,1,210.754
0.4161518727552591,1,210.837
0.4770830570071889,1,210.954
0.5205373679123537,0,211.049
0.46935942211327797,-1,211.147
0.44619189136423776,0,211.283
0.46772341039361165,1,211.345
0.48791705814232955,1,211.471
0.4929206633600629,0,211.569
0.49486529595560125,0,211.645
0.5076911311643761,0,211.775
0.4915550505822972,-1,211.873
0.4531103196626389,-1,211.994
0.46216706360478077,1,212.065
0.4855354294579064,1,212.166
0.4973124740533572,1,212.276
0.5013983874844321,0,212.378
0.4974107981733564,0,212.486
0.49098695566674677,-1,212.606
0.3175104332816221,-1,212.664
0.18416107675836302,-1,212.794
0.0789433434570761,-1,212.894
-0.01624532960430003,-1,213.002
-0.11475517294120219,-1,213.099
-0.21230362488255727,-1,213.186
-0.305798938099504,-1,213.309
-0.49352153298227985,-1,213.394
-0.5995914086568925,-1,213.508
-0.6726462298162432,-1,213.594
-0.7333449865623702,-1,213.701
-0.7919243122774051,-1,213.814
-0.8451504359035986,-1,213.917
-0.8881071514409946,-1,214.028
-0.9140210195118754,-1,214.114
-0.9799965040312889,-1,214.202
-1.0,-1,214.323
-0.9973307870922941,0,214.418
-0.9919923612768821,0,214.54
-0.9841908812742779,1,214.637
-0.9543955209305354,1,214.72
-0.8827499403224757,1,214.829
-0.6457867667802348,1,214.915
-0.5313686768950326,1,215.039
-0.38501768624812827,1,215.136
-0.23048544953451533,1,215.226
-0.09292333065688674,1,215.351
0.030283630997591127,1,215.43
0.14433280527766335,1,215.555
0.2494629022807664,1,215.643
0.4076951455046549,1,215.741
0.4997287385256397,1,215.862
0.6089494585620971,1,215.942
0.7150777977908465,1,216.067
0.8077515678913219,1,216.153
0.8844751632994077,1,216.245
0.9470714611228055,1,216.361
0.9888457281743017,1,216.461
1.0,0,216.578
1.0,0,216.667
1.0,0,216.748
1.0,-1,216.863
0.9612038182604585,-1,216.961
0.8817003128237626,-1,217.074
0.8147298751722543,-1,217.171
0.7526781134011287,-1,217.269
0.7413621412836839,-1,217.392
0.7159338946055505,-1,217.471
0.6785962159389238,-1,217.594
0.6459056298218615,-1,217.675
0.6123298832191677,-1,217.78
0.5768429946588611,-1,217.9
0.5647022139070783,-1,217.988
0.5413561060985546,-1,218.106
0.5412655783216149,0,218.186
0.5444843437239104,0,218.277
0.5314282265608496,-1,218.4
0.4999245601858837,-1,218.495
0.49726907872898995,0,218.616
0.5138658378345755,1,218.719
0.5162296186768862,0,218.788
0.5168733717573453,0,218.912
0.51772835631733,-1,218.997
0.4946135972720964,-1,219.121
0.4558777673838479,-1,219.212
0.44869589707997637,0,219.304
0.46550388766508743,1,219.436
0.4745164307915146,0,219.505
0.47979721777965545,0,219.636
0.4877435448665721,0,219.715
0.47850971161873734,-1,219.822
0.43927094963638,-1,219.937
0.42327770904372497,0,220.038
0.44162467183680865,1,220.151
0.4533932828389511,0,220.229
0.45425832604081795,0,220.319
0.4538660390074132,0,220.437
0.4525382982789663,-1,220.535
0.42837744047798676,-1,220.656
0.40967842521902686,0,220.755
0.4252190269269842,1,220.827
0.43242101451462034,0,220.951
0.43356769968918796,0,221.034
0.4306808694690043,0,221.156
0.44281159157890504,0,221.248
0.42871943430198045,-1,221.346
0.391663397608055,-1,221.473
0.39848315680416824,1,221.545
0.4282969713429292,1,221.673
0.4356297212750335,1,221.753
0.4467344619129525,1,221.86
0.4569439834233582,1,221.972
0.46546365309755866,-1,222.062
0.4325718941428529,-1,222.188
0.3945904623957672,-1,222.284
0.4029089592323245,0,222.36
0.40684188820825407,0,222.474
0.398986088898277,0,222.579
0.39671283583290573,0,222.696
0.4023255580031584,0,222.789
0.38820322480058733,-1,222.87
0.34952774676363196,-1,222.994
0.3641228361346651,1,223.085
0.3920355673576954,1,223.2
0.40108834505165114,0,223.29
0.39468099017270686,-1,223.387
0.34567528692275973,-1,223.514
0.31114396934125965,-1,223.59
0.27630083386141213,-1,223.716
0.2731725962360563,1,223.8
0.29211301890018815,1,223.889
0.30309705583552105,0,224.017
0.3027047688021163,0,224.113
0.29601577195047124,-1,224.229
0.20791212770451728,-1,224.305
0.0927708540792822,-1,224.399
-0.035336008932074,-1,224.513
-0.13624430429403422,-1,224.619
-0.22840158121850385,-1,224.729
-0.32329480873492467,-1,224.822
-0.4166490640433729,-1,224.905
-0.5773962199623807,-1,225.03
-0.6521822223563374,-1,225.122
-0.739109005502077,-1,225.237
-0.7998833197541668,-1,225.333
-0.8366074212659806,-1,225.434
-0.8682116740597685,-1,225.544
-0.8960338775058592,-1,225.633
-0.9296096241085529,-1,225.746
-0.9390043956265025,-1,225.845
-0.9699648953398312,-1,225.935
-0.9882414476397396,0,226.059
-0.9706187070621725,1,226.147
-0.9563454942313688,1,226.276
-0.9442449480471147,1,226.348
-0.9113934236599375,1,226.446
-0.72009817234477,1,226.558
-0.5913475562529547,1,226.657
-0.45248800506955555,1,226.778
-0.2847400344005553,1,226.883
-0.11611696188780596,1,226.945
0.03455143486526446,1,227.074
0.1930052204351369,1,227.168
0.506623615679411,1,227.283
0.6371143768168421,1,227.373
0.7662572799420622,1,227.468
0.9091805224458593,1,227.588
1.0,1,227.666
1.0,0,227.791
1.0,0,227.88
1.0,0,227.978
1.0,-1,228.096
0.9647645363317823,-1,228.194
0.9140486297083155,-1,228.299
0.8492657859219932,-1,228.394
0.7885616727052882,-1,228.481
0.7380501283650591,-1,228.596
0.6960281338743257,-1,228.689
0.6089612861199691,-1,228.809
0.5822834930623262,-1,228.911
0.5595737343375469,-1,228.984
0.53707685299114,-1,229.11
0.5186842474997553,-1,229.199
0.5045406744806857,-1,229.334
0.4813285251429471,-1,229.407
0.4626549215121105,-1,229.512
0.4606595036461507,0,229.64
0.45394829567052053,-1,229.708
0.44436647440395705,-1,229.831
0.43470484536258924,-1,229.924
0.40803909151590867,-1,230.015
0.38148458760504567,-1,230.13
0.377898916596779,0,230.222
0.37730843616820997,-1,230.347
0.35707806322419433,-1,230.424
0.3406301880979683,-1,230.516
0.32520067776883965,-1,230.633
0.3039690554024681,-1,230.732
0.283747240145823,-1,230.85
0.2862375271706574,0,230.946
0.29169733171307777,0,231.039
0.2897804097420713,0,231.149
0.28360175946052335,0,231.238
0.28242935629075605,0,231.362
0.2786810892224485,-1,231.457
0.2558235062556695,-1,231.554
0.2443219744296301,0,231.667
0.2598712923819466,1,231.758
0.27124445889742765,0,231.868
0.2722713813818953,0,231.961
0.27255378506512407,0,232.056
0.2719461892618138,0,232.179
0.2578944665993461,-1,232.266
0.22794256080236885,-1,232.388
0.22467352422681297,1,232.466
0.24695774213976418,1,232.559
0.26454378968627523,0,232.673
0.2617454259161005,0,232.772
0.26796686463450126,1,232.898
0.2795710887089873,0,232.993
0.2727591695620175,-1,233.064
0.2366371711708628,-1,233.198
0.22803669536344495,0,233.279
0.23971793862426627,1,233.401
0.2539322573467746,1,233.499
0.2603505228746983,0,233.593
0.26860013349992307,0,233.714
0.2530679309223476,-1,233.787
0.16739692265562156,-1,233.912
0.05589025621715993,-1,233.995
-0.03829565098327825,-1,234.089
-0.20562411213993526,-1,234.216
-0.2913978126551081,-1,234.306
-0.36893901791979733,-1,234.428
-0.4445205127766273,-1,234.508
-0.523311140397419,-1,234.6
-0.6135006075958034,-1,234.72
-0.6925821965871943,-1,234.82
-0.7486008181149126,-1,234.941
-0.8466291269447345,-1,235.026
-0.8889383333048078,-1,235.103
-0.9167936056959967,-1,235.224
-0.933686480565492,-1,235.324
-0.9571345439608401,-1,235.438
-0.9849983740393996,0,235.537
-0.9667105961285022,1,235.629
-0.8096855905660054,1,235.741
-0.6640936553305834,1,235.827
-0.5188611429647252,1,235.951
-0.38483920105430713,1,236.043
-0.2714498433943211,1,236.138
-0.1812090300717134,1,236.261
-0.08733975730398613,1,236.342
0.012083454567237695,1,236.473
0.1921200814691837,1,236.545
0.2731870539305459,1,236.642
0.34941037534016806,1,236.76
0.41902716209971413,1,236.848
0.48344087493795684,1,236.974
0.5504817977989629,1,237.073
0.6146901261403119,1,237.148
0.6722320160199908,1,237.284
0.7529310079244185,1,237.361
0.777217724682082,1,237.479
0.774975610590994,-1,237.576
0.754043507282592,-1,237.662
0.7443989936159652,-1,237.788
0.7375614014068839,0,237.871
0.7301846748934568,-1,237.995
0.6950125798004347,-1,238.083
0.6798997039040169,-1,238.176
0.6594725041504783,0,238.287
0.6667550961028292,0,238.397
0.6650521163160867,0,238.508
0.6535334691153063,-1,238.595
0.6341331918462354,-1,238.676
0.6235815633183288,-1,238.805
0.5978058089581872,-1,238.895
0.5860903349478837,-1,239.015
0.5510123744159379,-1,239.115
0.5106543207763534,-1,239.187
0.5141886456603968,1,239.306
0.5707891899293136,1,239.396
0.5773443784551662,-1,239.518
0.5138548958529447,-1,239.614
0.4930853886045834,-1,239.705
0.47181953548872957,-1,239.827
0.4436305132900884,-1,239.912
0.4172043746897838,-1,240.037
0.4004141920687354,-1,240.114
0.38776593013504024,-1,240.208
0.3746812261454464,-1,240.328
0.323917024663255,-1,240.426
0.32362606329265575,0,240.546
0.323643178667397,0,240.631
0.3196552963527137,0,240.72
0.31577010628647706,0,240.84
0.31481164530097394,0,240.934
0.3182432779365705,-1,241.052
0.2539408150341451,-1,241.146
0.2345319800777037,0,241.234
0.2523582058666298,0,241.347
0.24727641137289558,-1,241.434
0.23461878381582624,0,241.561
0.2365933047358324,0,241.652
0.2383350218792437,0,241.75
0.2510530059709857,-1,241.868
0.21295078786833654,-1,241.95
0.2011295294345885,0,242.068
0.21203681748615044,1,242.16
0.225177297320601,0,242.248
0.21922786747429468,0,242.368
0.21198508331357369,0,242.46
0.2213920803604148,0,242.583
0.19662003405833017,-1,242.669
0.172753335776336,-1,242.756
0.1751934642495312,0,242.881
0.18809251794529103,0,242.969
0.1843417904334892,-1,243.093
0.17071845832165722,-1,243.183
0.1675454290702938,0,243.27
0.16396054728137055,-1,243.388
-0.017303627045762937,-1,243.473
-0.10393786784782477,-1,243.598
-0.17463934647843804,-1,243.691
-0.26646011596623964,-1,243.795
-0.3609910548654345,-1,243.919
-0.45086974679733105,-1,243.987
-0.5357465448082284,-1,244.11
-0.6132030574683618,-1,244.202
-0.7863268616272181,-1,244.291
-0.836141840114218,-1,244.414
-0.8771767950971727,-1,244.512
-0.9151232019891027,-1,244.626
-0.9438039646079583,-1,244.721
-0.9665018793523762,-1,244.8
-0.9778556929322754,-1,244.914
-1.0,1,245.019
-0.9578413212935093,1,245.139
-0.8318958863934552,1,245.227
-0.6723296287720923,1,245.31
-0.5173651308173188,1,245.435
-0.3719900439916647,1,245.521
-0.22482056031488773,1,245.64
-0.09313498495021999,1,245.735
0.11405996758508907,1,245.836
0.2253222196496103,1,245.945
0.3283649764606005,1,246.036
0.4263139615651772,1,246.158
0.5081423168943429,1,246.248
0.5726923670602764,1,246.33
0.6193177433047774,1,246.455
0.6919425793007641,1,246.558
0.7317859072316122,1,246.678
0.7557304931697153,1,246.75
0.7711951068920275,0,246.841
0.7662653391988887,-1,246.954
0.752836304700162,-1,247.057
0.7219746083198271,-1,247.174
0.6894728718067453,0,247.275
0.7240391294281083,1,247.35
0.7312456587172957,0,247.468
0.72739638805279,-1,247.556
0.6951454812070694,-1,247.683
0.6478158524349773,-1,247.778
0.5956818708034268,-1,247.865
0.5763776337115072,0,247.995
0.5918518947287181,0,248.067
0.5896523114918577,0,248.187
0.5782781508065138,-1,248.281
0.5568900980165161,-1,248.375
0.514625299066142,-1,248.497
0.49609284556610334,0,248.595
0.5091166936790923,1,248.707
0.5125221887782665,0,248.796
0.4970479277610558,0,248.886
0.4981380720845874,0,248.994
0.49192521416994683,-1,249.1
0.45037431504206227,-1,249.214
0.44513583391217093,0,249.31
0.46521185459597136,1,249.389
0.4693505441074324,-1,249.508
0.44286871961102103,-1,249.598
0.4498437138226441,1,249.721
0.4639384116693679,0,249.811
0.4380064829821717,-1,249.917
0.4125665663347997,0,250.025
0.4247221579069229,1,250.116
0.43491934861464854,0,250.229
0.4153063980859768,-1,250.318
0.41085899513776347,0,250.418
0.40782974453963106,0,250.54
0.3973720768696458,-1,250.636
0.3894227058732731,1,250.745
0.4204869954464767,1,250.826
0.45297908466465997,1,250.914
0.45570926912093856,0,251.05
0.44467276375704246,-1,251.128
0.43217951686347145,-1,251.258
0.40794551207841323,-1,251.341
0.3657868333719225,-1,251.43
0.35816547040209934,0,251.55
0.3815022767615961,1,251.638
0.3924519564714055,0,251.759
0.39190206066219035,0,251.845
0.39533649764606005,0,251.956
0.3954040287103495,-1,252.079
0.36300841244115145,-1,252.145
0.35050551825268195,1,252.271
0.3876090144323532,1,252.362
0.40940225360808835,1,252.455
0.4123060893725399,0,252.578
0.4068071312803889,0,252.668
0.41747404008693545,0,252.788
0.3949189654161209,-1,252.867
0.3588071379074784,-1,252.956
0.3697786636931488,1,253.08
0.3926546953660761,1,253.169
0.43600093067484047,1,253.308
0.45001531080943136,1,253.386
0.4762144811835147,0,253.464
0.4503508158268348,-1,253.588
0.4159058726603331,-1,253.683
0.4338247113175948,1,253.807
0.4720030221625251,1,253.892
0.48716459212395513,1,253.981
0.5096889136932712,1,254.111
0.5300522224264508,0,254.189
0.52373393637609,-1,254.32
0.48368088021048505,-1,254.4
0.5028702515819001,1,254.49
0.5341603426906434,1,254.609
0.5417164974232969,0,254.704
0.5405539366540484,0,254.849
0.5472861461368774,0,254.904
0.5257169312889785,-1,255.0
0.4940167215882785,0,255.116
0.5176774966638524,1,255.211
0.5352161006563358,0,255.33
0.5320025055148561,0,255.421
0.5242463030038944,0,255.506
0.5203464146627086,0,255.627
0.5110651161524007,-1,255.723
0.46037746125983814,-1,255.843
0.48907105313325516,1,255.931
0.5061957024973447,1,256.028
0.5088755140390533,0,256.148
0.5056619188975735,0,256.226
0.5142351371224707,0,256.352
0.5098886135243335,-1,256.435
0.4261717367030693,-1,256.531
0.4443421661809963,1,256.65
0.46020316457419863,1,256.743
0.46729486097115935,0,256.869
0.46989841771290064,0,256.948
0.4775892589667474,0,257.044
0.47313379994008553,-1,257.156
0.4362591573844603,0,257.277
0.4644298592009586,1,257.367
0.47628203382445067,0,257.465
0.4739943898254311,0,257.55
0.47762193959530497,1,257.671
0.49676189438710194,0,257.757
0.485182058334922,-1,257.884
0.44167324818213993,0,257.966
0.48556333233475857,1,258.078
0.4926877093602766,0,258.195
0.4874697023339416,0,258.268
0.49057436204689675,0,258.388
0.49585773033034664,-1,258.487
0.4592663198888858,-1,258.571
0.42207576459053886,0,258.695
0.4436122988098805,1,258.788
0.47545412456766245,1,258.906
0.47494212805359615,0,259.001
0.4800511996514065,0,259.081
0.47496391513930125,-1,259.2
0.437697105040987,-1,259.298
0.41358969470846163,0,259.419
0.4382526757264631,1,259.507
0.4633840790871211,1,259.589
0.4757809308532368,1,259.717
0.4889839047904354,0,259.808
0.4879054440480406,-1,259.917
0.4349410386993109,-1,260.022
0.40504915711212175,0,260.106
0.4239058797897546,-1,260.231
0.3712037941135444,-1,260.329
-0.013287597039176702,-1,260.436
-0.2928690770567399,-1,260.516
-0.613617135969214,-1,260.609
-1.0,-1,260.73
-1.0,0,260.823
-1.0,0,260.95
-1.0,0,261.03
-1.0,0,261.126
-1.0,0,261.242
-1.0,0,261.326
-1.0,0,261.45
-1.0,0,261.564
-1.0,0,261.625
-1.0,0,261.746
-1.0,0,261.838
-0.9849888316060257,0,261.959
-0.9961148809586823,0,262.057
-0.9882493432051588,1,262.145
-0.9558450030210188,1,262.273
-0.9598127553643423,0,262.348
-0.96658819709392,0,262.467
-0.9582217171307195,1,262.559
-0.9067889709662581,1,262.656
-0.6778605750978924,1,262.772
-0.4556210403053418,1,262.87
-0.2135326478820464,1,262.981
0.015784880485904873,1,263.077
0.20767189554762355,1,263.157
0.3871172271275596,1,263.281
0.5412091142097961,1,263.377
0.8300469427984538,1,263.491
0.9937017131340276,1,263.595
1.0,0,263.67
1.0,0,263.792
1.0,0,263.88
1.0,0,263.999
1.0,0,264.098
1.0,0,264.195
1.0,0,264.326
1.0,0,264.386
1.0,0,264.514
1.0,0,264.601
1.0,0,264.703
1.0,0,264.818
0.9905221572233978,-1,264.906
0.9034513914819271,-1,265.031
0.8772398087836,0,265.108
0.8885154913865032,1,265.207
0.8965458426106478,0,265.332
0.8793787771923274,-1,265.414
0.8457176838291223,-1,265.531
0.7892378542090197,-1,265.633
0.7480258335753502,-1,265.713
0.7471407431993251,0,265.838
0.7359203787449233,-1,265.916
0.7224319702019573,-1,266.039
0.707818759306126,-1,266.136
0.6790994205423944,-1,266.239
0.6384682404679916,-1,266.347
0.6335449252513519,0,266.435
0.6542523521737726,1,266.557
0.6590281523277417,0,266.647
0.6495318701683055,0,266.73
0.645733357304531,-1,266.858
0.6314889340653769,-1,266.945
0.5923974424576008,-1,267.068
0.5725843256026222,0,267.145
0.5956888722934444,1,267.239
0.6258280435353829,1,267.356
0.6235784388296524,0,267.463
0.6288152235544677,0,267.576
0.6370207489155337,0,267.668
0.6319499186362232,-1,267.749
0.5969704094003974,-1,267.876
0.5846621213587981,0,267.959
0.5969980684746481,0,268.081
0.5862018098254251,0,268.179
0.5822004637504783,0,268.268
0.5915307914644097,0,268.386
0.5952278877225978,-1,268.476
0.565125595246327,-1,268.591
0.5195803196467015,-1,268.683
0.5106095598980303,-1,268.773
0.4032554730393174,-1,268.904
0.2728244985640331,-1,268.985
0.14331549323044168,-1,269.103
0.031840204308361875,-1,269.198
-0.07650960922337935,-1,269.276
-0.20158394298542825,-1,269.397
-0.32226048394160245,-1,269.487
-0.4213998257478322,-1,269.62
-0.6106247723888681,-1,269.706
-0.6950218276194295,-1,269.785
-0.7662255044323667,-1,269.908
-0.8194784420565444,-1,269.998
-0.861944340722916,-1,270.119
-0.9217709183273636,-1,270.219
-0.9727373724801431,-1,270.311
-0.9972801910320062,-1,270.435
-0.9972248728835046,1,270.507
-0.9672516560870708,1,270.63
-0.8559607609933295,1,270.723
-0.6815334190764635,1,270.811
-0.5096322726078358,1,270.928
-0.3584662121358798,1,271.036
-0.19286211490501415,1,271.155
0.11351745057092932,1,271.228
0.2506695800891545,1,271.323
0.37337445315705287,1,271.435
0.4829043871901608,1,271.536
0.577609057424848,1,271.66
0.6526757849414779,1,271.748
0.7330346153314249,1,271.837
0.8864595002005282,1,271.952
0.9490704246128883,1,272.04
0.9965333960272349,1,272.158
1.0,0,272.264
1.0,0,272.347
1.0,0,272.476
1.0,0,272.544
0.997298352258025,-1,272.67
0.9414847659522212,-1,272.759
0.8995302816994066,-1,272.854
0.859347657329316,-1,272.968
0.846251683047599,-1,273.076
0.8113583235749466,-1,273.192
0.7817717721668882,-1,273.277
0.7540272533101764,-1,273.358
0.7197479046879729,-1,273.475
0.6680481910801768,-1,273.583
0.6778548215202032,1,273.699
0.6926700261831771,1,273.79
0.6968979294676965,0,273.871
0.6827756799073721,-1,273.995
0.6619870268278885,-1,274.083
0.6330671157717458,-1,274.203
0.6223570122232016,0,274.291
0.6323127595840514,0,274.39
0.6347337166515357,0,274.506
0.6181378805222602,-1,274.591
0.5815340622519287,-1,274.714
0.5449828734830642,-1,274.796
0.5406321680284549,0,274.898
0.5374393116061209,0,275.015
0.551351043160577,0,275.114
0.550131793043257,-1,275.24
0.5291764798757943,-1,275.307
0.5036248569135429,-1,275.402
0.5081509940397089,1,275.515
0.5219837813419645,1,275.616
0.5335973579990263,0,275.742
0.5376936875298781,0,275.833
0.523501265300931,-1,275.904
0.49062537005118223,-1,276.028
0.4689244722796031,0,276.117
0.47688907016828286,0,276.237
0.4844150888780705,0,276.328
0.49241477310106174,0,276.439
0.5000460508137836,0,276.552
0.4824853404909455,-1,276.629
0.44775864110627217,-1,276.756
0.4390660017806314,0,276.837
0.4526882710770188,1,276.935
0.4567758290242929,0,277.047
0.4587157574852665,0,277.152
0.46346733182852184,0,277.265
0.45028412833642206,-1,277.351
0.4220381706877925,-1,277.438
0.4259202332750731,1,277.558
0.4453129803174156,1,277.676
0.45556267950148,1,277.773
0.46125402917695,1,277.868
0.4721624493882677,1,277.955
0.48190273764458924,-1,278.079
0.42965298576284283,-1,278.164
0.439709460112246,1,278.278
0.4591109901016186,1,278.371
0.46411726990874524,0,278.467
0.46608465004347566,0,278.593
0.4714861624669542,0,278.671
0.4733657131313842,-1,278.792
0.411551331933917,-1,278.877
0.41945598426095887,1,278.975
0.4370306612680819,1,279.094
0.4436354374346769,0,279.197
0.4445927786609518,0,279.321
0.44721887982293573,0,279.387
0.4443732049852007,-1,279.482
0.41451118508304274,-1,279.596
0.3863003592225336,-1,279.694
0.3922288484678149,0,279.816
0.3774032338810964,-1,279.903
0.31389374390683056,-1,279.992
0.22277066847009852,-1,280.109
0.12584206504650575,-1,280.201
0.016195754323405698,-1,280.33
-0.09282696716056105,-1,280.422
-0.26290873639741075,-1,280.512
-0.3549013235901174,-1,280.631
-0.44720131392887574,-1,280.706
-0.5329140939950991,-1,280.826
-0.6144022765398702,-1,280.92
-0.708133887244526,-1,281.019
-0.7861528057124287,-1,281.145
-0.8721642059776737,-1,281.239
-0.9056974977383911,-1,281.36
-0.9286385553808725,-1,281.428
-0.9402320454605338,-1,281.517
-0.9577540247854766,-1,281.637
-0.9896361225045451,-1,281.735
-0.9879849284628964,1,281.858
-0.9557954275977761,1,281.945
-0.7389795972140492,1,282.037
-0.5728413711936904,1,282.157
-0.4238298918819221,1,282.239
-0.3076578515154975,1,282.355
-0.19761630817604536,1,282.454
-0.0836048727790123,1,282.548
0.022519476185039133,1,282.669
0.20891117805668524,1,282.748
0.29323625249216123,1,282.874
0.36793521698270637,1,282.961
0.4464898952194418,1,283.062
0.5282152173340242,1,283.179
0.5885628463774735,1,283.279
0.6396532492512537,1,283.391
0.6928954741473954,1,283.468
0.778256936332417,1,283.557
0.8291365484774762,1,283.682
0.8813863003592226,1,283.78
0.9239221128257376,1,283.902
0.958061427931528,1,283.987
0.9692596853948374,0,284.069
0.9691103752953265,0,284.198
0.956164311373038,0,284.281
0.9547678227952607,-1,284.403
0.9374215024109189,-1,284.493
0.9114151962549515,-1,284.596
0.8818869283399351,-1,284.72
0.8559245369191177,-1,284.788
0.8621252975223306,1,284.918
0.8768630826387487,-1,285.004
0.8372607744802691,-1,285.096
0.8058090411656726,-1,285.217
0.7696759970840616,-1,285.307
0.7273421923992376,-1,285.437
0.7014764133957507,-1,285.507
0.7036458013121722,1,285.595
0.7286700511180986,1,285.716
0.7282350552234984,-1,285.822
0.6929997263103993,-1,285.929
0.6613753343868911,-1,286.039
0.632434866289387,-1,286.104
0.6236679703708936,0,286.228
0.6408662717296301,1,286.318
0.6579851148172018,1,286.437
0.6679262274095721,0,286.537
0.6637855686122172,-1,286.624
0.639241791519154,-1,286.749
0.6001748081965621,-1,286.829
0.5684091571243168,-1,286.95
0.5707929052592546,0,287.039
0.5791713385187212,0,287.129
0.5808134761227894,0,287.251
0.5760812946400982,0,287.357
0.5729912507614752,0,287.479
0.5612667414162995,-1,287.544
0.5260843846839769,-1,287.643
0.5072969179019484,0,287.764
0.5191445722419175,1,287.851
0.5451366159419639,1,287.971
0.5435583812333546,0,288.082
0.5558524709237156,0,288.147
0.5544625483110199,-1,288.27
0.5273994099554329,-1,288.36
0.5008025682182986,-1,288.477
0.505779387896016,0,288.574
0.5141547925428409,0,288.69
0.5129800837540466,0,288.799
0.5078687554363908,0,288.865
0.5176520171812369,0,288.997
0.5080211985616543,-1,289.082
0.47520109041670766,-1,289.183
0.46722921168969744,0,289.295
0.4790749392469309,0,289.386
0.4804917635876145,-1,289.51
0.46309531282226035,-1,289.599
0.31117228763327565,-1,289.675
0.20365504810925694,-1,289.832
0.08770860048243767,-1,289.891
-0.02683895728902319,-1,290.006
-0.11561465964830475,-1,290.116
-0.19576387456620958,-1,290.186
-0.279921446954276,-1,290.307
-0.362339374265807,-1,290.402
-0.5212747832169087,-1,290.519
-0.6082749715290046,-1,290.611
-0.7056861285723253,-1,290.713
-0.7742586332128734,-1,290.837
-0.822206479729548,-1,290.909
-0.8668543809464028,-1,291.028
-0.9071173005012688,-1,291.117
-0.9599702287543603,-1,291.217
-0.9785055193378588,-1,291.341
-1.0,-1,291.442
-1.0,1,291.552
-0.9419615602286957,1,291.634
-0.8373016403524017,1,291.728
-0.6889792025953307,1,291.839
-0.5362717967228603,1,291.933
-0.2496624376679456,1,292.052
-0.14498469271801184,1,292.142
-0.0359398047263183,1,292.228
0.0858589234546776,1,292.361
0.19687348208357291,1,292.441
0.2981466379682982,1,292.555
0.3900705427289297,1,292.65
0.5505318556347285,1,292.75
0.6158518379879057,1,292.869
0.6923927041973592,1,292.947
0.7697891739415248,1,293.067
0.8391376229373047,1,293.162
0.9035485265348502,1,293.25
0.9562661818246636,1,293.371
0.9960873963360561,1,293.466
1.0,0,293.588
1.0,-1,293.671
0.969809723667272,-1,293.761
0.9181229830532385,-1,293.877
0.8702805650096108,-1,293.973
0.8216622286490205,-1,294.09
0.77490433279842,-1,294.188
0.7331810887544747,-1,294.264
0.6922425802810941,-1,294.384
0.6814943481404412,-1,294.483
0.6567972208016648,-1,294.603
0.616149681697145,-1,294.695
0.5787557091717073,-1,294.787
0.5457615461935916,-1,294.91
0.5359214911739292,-1,294.991
0.5229777628864161,-1,295.115
0.5156770769040859,0,295.204
0.5096460754404217,-1,295.301
0.4966406263776959,-1,295.407
0.4703828451513923,-1,295.513
0.4669176644858659,0,295.641
0.4779215969809725,0,295.707
0.4725959758054561,0,295.804
0.468716384220643,0,295.918
0.4711411289611511,0,296.021
0.45739503059587006,-1,296.132
0.4235367767647733,-1,296.231
0.40949970903063115,0,296.309
0.42276967570141255,1,296.434
0.43688609871797124,1,296.523
0.4411801012220713,0,296.639
0.4470259403600967,0,296.734
0.44616184950711557,-1,296.83
0.42078579364099666,-1,296.951
0.3922972472534254,-1,297.025
0.39525984446364637,0,297.155
0.4049235544112719,0,297.243
0.4084240040912057,0,297.341
0.41469307140211975,0,297.46
0.4210238594882465,0,297.543
0.4147812439381382,-1,297.668
0.3785335143809405,-1,297.775
0.3610048142204667,0,297.841
0.3761175868940343,1,297.961
0.3819810605392633,0,298.061
0.37957395030595875,0,298.185
0.3780221136720334,0,298.263
0.3729169238365635,-1,298.37
0.34935722221242527,-1,298.473
0.3152873542948842,-1,298.571
0.3175181194561518,1,298.677
0.3566755427019592,1,298.778
0.388726259544677,1,298.879
0.3838767700636605,-1,298.998
0.36850829703563925,-1,299.078
0.34498386442590867,-1,299.195
0.29924876999312255,-1,299.283
0.2630186749431287,-1,299.367
0.21733648403195382,-1,299.495
0.1262189853104554,-1,299.59
-0.06661435096196233,-1,299.71
-0.15079267109880612,-1,299.796
-0.22533373304882998,-1,299.886
-0.3161249933870598,-1,300.005
-0.419145784471053,-1,300.101
-0.49269931401766975,-1,300.219
-0.558678822720299,-1,300.308
-0.6267832895409737,-1,300.385
-0.7447052392120902,-1,300.519
-0.7880332234115718,-1,300.601
-0.8298799090059428,-1,300.717
-0.8867600119914649,-1,300.811
-0.9256264658684114,-1,300.918
-0.9431816177896909,-1,301.036
-0.9606750489357575,-1,301.106
-0.9756731973125011,-1,301.227
-0.9920027509831237,-1,301.316
-0.991702964360661,0,301.415
-1.0,0,301.532
-1.0,1,301.632
-0.9484096555531699,1,301.747
-0.8679350278896333,1,301.828
-0.7526257443442979,1,301.922
-0.47811112912483955,1,302.037
-0.35434513037801074,1,302.137
-0.25833293167587557,1,302.247
-0.1737482527900588,1,302.361
-0.07883148351816882,1,302.433
0.01599765139930165,1,302.551
0.10523571450480018,1,302.635
0.19064415632216147,1,302.757
0.3567550751245503,1,302.857
0.42134159433180995,1,302.945
0.48522703870371253,1,303.072
0.5551066729179173,1,303.147
0.6211128686667748,1,303.266
0.6791355747280048,1,303.373
0.7247142024616491,1,303.453
0.8064858185705961,1,303.58
0.848672996788201,1,303.673
0.9062575310773329,1,303.796
0.9518799759881869,1,303.868
0.9809833450909426,1,303.959
0.9991674736330136,0,304.08
0.9965384430004249,-1,304.177
0.9733766831273196,-1,304.295
0.919166071483343,-1,304.382
0.8854356084672312,-1,304.479
0.8375960143895611,-1,304.585
0.7933056116658852,-1,304.687
0.7526607980860658,-1,304.796
0.7132603923390048,-1,304.891
0.6845338509602534,-1,304.991
0.665298110165147,-1,305.123
0.6507245170251641,-1,305.186
0.629552056997384,-1,305.322
0.5995372906086645,-1,305.4
0.5682956432580701,-1,305.498
0.5567103816037964,-1,305.617
0.5504883424400033,0,305.704
0.548700601609843,-1,305.824
0.523865025567323,-1,305.913
0.5078016484022065,-1,305.998
0.48819784331853766,-1,306.122
0.46924253245757397,0,306.216
0.4737381748393006,0,306.349
0.47980247216513816,0,306.43
0.4728443044242203,0,306.517
0.48683074738959164,0,306.643
0.47591150682890704,-1,306.717
0.4585248509120545,-1,306.84
0.4399025505978853,0,306.937
0.4599620543245364,1,307.028
0.47237107891035435,-1,307.157
0.4077845597030949,0,307.225
0.3685769495357569,0,307.362
0.4054885396173007,0,307.439
0.402228541632891,0,307.526
