0,-1,0.0
-1.0,-1,0.123
-1.0,1,0.213
-0.4852492370295015,1,0.305
1.0,1,0.423
1.0,0,0.513
1.0,-1,0.624
0.9647519286893962,-1,0.727
0.5537883758286011,-1,0.821
0.30693875704169593,1,0.946
0.7018393249021515,1,1.015
1.0,1,1.14
1.0,-1,1.232
0.8354516298722234,-1,1.324
0.3977023977193668,-1,1.451
0.8095230014763029,1,1.538
1.0,1,1.664
0.8692731295318379,-1,1.733
0.4053259693490303,-1,1.826
0.03846712853059442,-1,1.96
0.17195549311241387,1,2.047
1.0,1,2.168
0.8372746464968637,-1,2.264
0.28893850336416516,-1,2.343
-0.10566364423383601,-1,2.467
-0.06602269102838654,1,2.546
0.4675050500448048,1,2.665
0.9595237010373476,1,2.766
0.990644127519327,-1,2.866
-0.0664783341686791,-1,2.981
-0.06611381965644503,1,3.061
0.545951610698501,1,3.186
1.0,1,3.27
1.0,-1,3.368
0.5604492109535089,-1,3.485
0.0174175692577907,-1,3.573
0.4669877850812998,1,3.703
0.9614391782207201,1,3.789
0.8664209489847514,-1,3.867
0.15981850600101133,-1,3.985
-0.2995582404130186,-1,4.089
-0.1773957473986747,1,4.205
0.4731351624664024,1,4.294
0.9128456236527662,-1,4.376
0.21670170583069437,-1,4.5
-0.17714293317720942,-1,4.589
0.030390930622455237,1,4.705
0.7131889187534928,1,4.798
1.0,1,4.896
0.970166400619165,-1,5.013
0.3628646060078362,-1,5.097
-0.1408600590141731,1,5.232
0.3885623760460504,1,5.311
0.8619455328205872,1,5.406
0.8560320224447346,-1,5.529
0.2904029410341993,-1,5.615
-0.19524258694916075,-1,5.733
-0.26840564988148796,1,5.819
0.13211677066705363,1,5.906
0.6665457359841338,1,6.026
0.1863904609877618,-1,6.129
-0.27719731050162044,-1,6.243
-0.3684274174043438,1,6.343
0.017256808397426493,1,6.414
0.5336912881536304,1,6.536
0.745416727132008,-1,6.627
0.4360397620084169,-1,6.744
-0.22901852658056399,-1,6.844
0.09016591689643505,1,6.934
0.5628355826440286,1,7.063
0.7352343636627485,-1,7.143
0.3722488269723794,-1,7.254
-0.10281526628936288,-1,7.345
-0.23875344652445218,1,7.449
0.5173051806704396,1,7.565
0.7675470420355053,-1,7.655
0.49829487737628786,-1,7.797
-0.05301601122236732,-1,7.852
-0.367520437285348,-1,7.944
-0.215450104000387,1,8.067
0.3596478498524647,1,8.162
0.7310985343201277,-1,8.283
0.22959899385672133,-1,8.391
-0.21598219900353122,-1,8.456
-0.25009674454602626,1,8.575
0.25362792047598326,1,8.669
0.8155807091375225,1,8.789
1.0,-1,8.885
0.5127926885143119,-1,8.98
-0.471207407943283,-1,9.099
-0.41250090428995156,1,9.174
0.19343364923195638,1,9.306
0.7675854252574212,1,9.389
0.8604138030818202,-1,9.483
0.36342810292025374,-1,9.61
-0.19758132580964094,-1,9.696
-0.4370373049748004,1,9.828
0.2648122694060624,1,9.901
0.6705370276592153,1,9.984
0.615495912609419,-1,10.107
0.11829318285948531,-1,10.202
-0.3081940726807977,-1,10.33
-0.4269695435144325,1,10.422
-0.1614700137452073,1,10.497
0.5498685765270444,1,10.631
0.38353951144228215,-1,10.709
-0.05376305191830044,-1,10.826
-0.33399647929778875,-1,10.917
-0.3642841640743688,1,11.015
-0.018748944995056527,1,11.142
0.41881887675130813,1,11.224
0.5350502785213052,-1,11.344
-0.2553473679133811,-1,11.426
-0.4566181967252646,-1,11.524
-0.3137886131809303,1,11.647
0.16945187971737918,1,11.734
0.601171959777183,1,11.862
0.6321951337143408,-1,11.935
0.19749692541416475,-1,12.024
-0.3188405797101449,-1,12.148
0.14018905688586658,1,12.237
0.658720972292556,1,12.365
0.8197086980636137,-1,12.452
0.4733777038269551,-1,12.543
-0.017941112638356405,-1,12.655
-0.3290891991608189,-1,12.747
-0.23218548795485783,1,12.871
0.70868600641443,1,12.96
0.7894933564831561,-1,13.056
0.3950903084231594,-1,13.189
-0.06075622754346621,-1,13.257
-0.1814487930743447,1,13.381
0.1842822349224722,1,13.47
0.6697412525018689,1,13.568
0.917106754443078,-1,13.687
0.13653572548168502,-1,13.784
-0.18747739275121178,-1,13.904
-0.09269574863150787,1,13.986
0.41142781354746916,1,14.07
0.7597964744749091,1,14.182
0.8125105500494345,-1,14.284
0.43978634642745185,-1,14.404
-0.2936048614627794,-1,14.503
-0.30308182015481444,1,14.574
0.0911644843135837,1,14.705
0.4973474161421785,1,14.79
0.5881984132725651,-1,14.906
0.2533338156213074,-1,14.995
-0.16452048518170204,-1,15.098
-0.38901347994887747,-1,15.224
-0.33643203356724305,1,15.294
0.05751284091731179,1,15.418
0.34660083462732927,1,15.514
0.27426321221723327,-1,15.607
-0.4116326145928093,-1,15.73
-0.8751014186315246,-1,15.817
-0.9754136650849458,1,15.94
0.019136364008883966,1,16.019
0.3199255853596572,1,16.111
0.12112048123652874,-1,16.224
-0.44782369958776913,-1,16.318
-0.8386480793974709,-1,16.445
-0.6213868331981085,1,16.533
0.04424720740212584,1,16.619
0.46973831944205413,-1,16.74
-0.05904818102098852,-1,16.826
-0.6155680672682123,-1,16.946
-0.8191101385849745,1,17.037
-0.41681213581491405,1,17.14
0.21720387808456065,1,17.261
0.5827862873814733,1,17.338
0.4610839295519551,-1,17.464
-0.6516935887033987,-1,17.552
-0.7853285144116899,1,17.645
-0.41250133175980785,1,17.77
0.2297592997811817,1,17.859
0.63715486932363,1,17.999
0.5565280816921956,-1,18.059
0.006990714560846989,-1,18.148
-0.5364328506216245,-1,18.268
-0.565067735352691,1,18.368
0.20918873290225304,1,18.487
0.780673501667773,1,18.574
0.8910169727665365,-1,18.659
0.37603160163581073,-1,18.778
-0.3293011744072645,-1,18.87
-0.7173227120366501,-1,18.993
-0.4363336857374671,1,19.089
0.304747621272097,1,19.191
0.7271900277825585,1,19.299
0.6589875347281982,-1,19.374
0.015448413771625757,-1,19.503
-0.585031839303715,-1,19.592
-0.863758922790713,-1,19.677
-0.9095222875126006,1,19.807
0.23593866528983187,1,19.895
0.6897532351519027,1,20.016
0.6933100582696137,-1,20.094
0.2431178750850278,-1,20.186
-0.3334152877830502,-1,20.316
-0.6884255730664897,-1,20.404
-0.7134544620100148,1,20.524
0.29351986166088895,1,20.619
0.67042837590867,1,20.697
0.6912448061367491,-1,20.825
0.24024946934493818,-1,20.907
-0.34549537367131344,-1,21.03
-0.701751366590449,-1,21.124
-0.6703955941287832,1,21.213
-0.1178914759176849,1,21.343
0.7939992951917325,1,21.414
0.6576762635327285,-1,21.537
0.059802161958383504,-1,21.627
-0.5259590719478113,-1,21.726
-0.8866406051516567,-1,21.845
-1.0,-1,21.941
-0.9865825276081286,1,22.062
-0.5939613564299214,1,22.144
0.6626263257368676,1,22.235
1.0,1,22.348
0.7748631077187638,-1,22.449
-0.010921213401113294,-1,22.569
-0.7052931682078047,-1,22.659
-1.0,-1,22.749
-1.0,1,22.859
-0.2766054538414735,1,22.944
0.288940206869849,1,23.067
0.7626113169976216,1,23.163
0.794844847613253,-1,23.255
0.23734719840699148,-1,23.384
-0.33838984457104926,-1,23.455
-0.6909950771613473,-1,23.583
-0.9059129376624814,1,23.666
-0.5679102826483766,1,23.768
0.08909508269262689,1,23.889
0.5779357265335472,1,23.979
0.7397394767409702,-1,24.093
0.30669561369544773,-1,24.185
-0.35040654903479174,-1,24.27
-0.7371259472315947,-1,24.385
-0.8076359311908845,1,24.487
-0.29395984291166544,1,24.598
0.23413905636373689,1,24.701
0.508130980695835,-1,24.776
0.2149870014934454,-1,24.894
-0.37650035953315997,-1,24.998
-0.7566237070634438,-1,25.106
-0.9417279716798496,1,25.205
-0.42975275181149397,1,25.298
0.09408706233751873,1,25.424
0.4467614359201284,1,25.501
0.354555008573483,-1,25.615
-0.18769013772885668,-1,25.711
-0.6131008352231871,-1,25.81
-0.7421455832734112,1,25.923
-0.18872725261352952,1,26.018
0.30268543614137955,1,26.142
0.6958487748216162,1,26.216
0.7291609049173073,-1,26.31
0.24828530339067423,-1,26.43
-0.31066430665412914,-1,26.527
-0.6201255600420377,-1,26.639
-0.7842662757895902,1,26.746
-0.44846230433099177,1,26.817
0.08826539078488849,1,26.943
0.5946263620775485,1,27.027
0.9724818850600143,1,27.15
0.9161043199291996,-1,27.24
0.3035980972398915,-1,27.332
-0.27674373582609657,-1,27.454
-0.6974528458432435,-1,27.536
-0.5254577133691023,1,27.657
-0.08617733281708062,1,27.748
0.4673239670335749,1,27.848
0.9529841252281652,1,27.965
1.0,-1,28.058
0.6517729122263127,-1,28.186
0.05785700445650077,-1,28.253
-0.4911322095201188,-1,28.35
-0.5965123038170896,1,28.471
-0.3693857779500097,1,28.565
0.19803655622295424,1,28.69
0.7207388748950463,1,28.777
1.0,1,28.856
0.8899503729907998,-1,28.979
-0.2376736472383547,-1,29.064
-0.5356879362857305,-1,29.188
-0.7064628617190998,-1,29.289
-0.6304143571505143,1,29.377
-0.11233864916163772,1,29.504
0.47203672524797735,1,29.575
0.8251767213383527,1,29.707
0.6982022032626447,-1,29.792
-0.4302541886583051,-1,29.885
-0.7238922204776048,-1,30.0
-0.839440545329575,1,30.094
-0.6664711854360177,1,30.22
-0.11378899377612983,1,30.297
0.42261150312454676,1,30.386
0.7235390930932066,1,30.508
0.5179306735274274,-1,30.594
-0.4843079018558105,-1,30.719
-0.7217103977097167,-1,30.817
-0.8515982167067088,1,30.905
-0.7020866044910237,1,31.016
-0.14466241652636158,1,31.114
0.35801441516429877,1,31.228
0.625886759614839,-1,31.322
-0.1287716842284482,-1,31.429
-0.5519696310449418,-1,31.544
-0.7701392961414527,-1,31.614
-0.88257253299534,0,31.741
-0.7591040653790129,1,31.833
-0.2175453863276644,1,31.927
0.3451252656337691,1,32.048
0.6488274279084139,-1,32.14
-0.012870231992079817,-1,32.263
-0.44200828588184105,-1,32.338
-0.715417163252051,-1,32.435
-0.8481678364011275,-1,32.547
-0.743856529388396,1,32.643
-0.25789018999514446,1,32.766
0.2572091586109482,1,32.856
0.33058398441194825,-1,32.935
-0.20232307372164737,-1,33.064
-0.5698151756493446,-1,33.154
-0.7662927299899737,-1,33.264
-0.8578283927028748,1,33.366
-0.7222653121709137,1,33.458
-0.21548968048277561,1,33.591
0.3320343290264405,1,33.656
0.5127346562998556,-1,33.787
-0.043667984588511954,-1,33.87
-0.4837908224715134,-1,33.97
-0.7054791497197052,-1,34.09
-0.7847562475170731,1,34.172
-0.6551080506737796,1,34.293
-0.20314283372114283,1,34.374
0.5359653935163289,1,34.468
0.2840594515175019,-1,34.602
-0.26095483122402785,-1,34.69
-0.6159109110055934,-1,34.809
-0.8259460345686486,-1,34.9
-0.9110371225162849,1,34.98
-0.6900550500368892,1,35.106
-0.25047451492278494,1,35.184
0.44330729018873405,1,35.305
0.2789391044437297,-1,35.412
-0.25145822692217956,-1,35.492
-0.6674675091277122,-1,35.623
-0.8518000037835077,-1,35.695
-0.9303456234274796,0,35.824
-0.8511568074762113,1,35.915
-0.11409167439132817,1,35.997
0.1809462552732639,1,36.128
0.10048365839970241,-1,36.229
-0.3226133948783918,-1,36.339
-0.6859562500394115,-1,36.416
-0.8597832050093641,-1,36.504
-0.9381018141919374,-1,36.629
-0.9260324246609031,1,36.723
-0.4420587326510408,1,36.839
-0.16305026389966137,1,36.938
0.08721615810017469,1,37.018
0.01067579753189185,-1,37.152
-0.48819230308418937,-1,37.226
-0.9410907852670211,-1,37.346
-1.0,-1,37.448
-1.0,1,37.537
-0.8022410953595763,1,37.654
-0.42804706084972177,1,37.744
0.020107426184863497,1,37.855
0.45169589132517407,1,37.948
0.7721660692565204,1,38.044
0.7899592038837042,-1,38.163
0.30677818322730643,-1,38.269
-0.5700046285831153,-1,38.386
-0.7351266401868656,0,38.455
-0.560026264518143,1,38.551
-0.047620585354301914,1,38.67
0.31552943455936955,1,38.766
0.47905835243969386,-1,38.879
0.2978762338403247,-1,38.99
-0.5053336347294431,-1,39.055
-0.6821132172958311,-1,39.178
-0.723350663609649,1,39.266
-0.6204454203937525,1,39.388
-0.23537959763619332,1,39.48
0.2645396712629573,1,39.572
0.6313602652285766,1,39.711
0.7374839883316648,-1,39.78
-0.04739453827192386,-1,39.905
-0.3665837827364614,-1,39.985
-0.5143647538777838,-1,40.088
-0.5117813586506066,1,40.21
-0.27367843187909713,1,40.292
0.05768506259351347,1,40.424
0.3320201074261848,1,40.495
0.4432245078093884,-1,40.59
-0.1755417056866987,-1,40.705
-0.38606688840809034,-1,40.809
-0.5081215487454387,-1,40.919
-0.5600370286649229,1,41.013
-0.4012658636613169,1,41.098
-0.06635020075133746,1,41.224
0.25951281471674137,1,41.306
0.4152269620348543,-1,41.424
0.1335077125111679,-1,41.527
-0.15849129718732846,-1,41.613
-0.38492588884942036,-1,41.738
-0.4999623254862703,1,41.814
-0.36910259308295923,1,41.939
-0.0808387423170902,1,42.028
0.1968116597237919,1,42.131
0.31938299910657575,-1,42.238
-0.10234550758334138,-1,42.353
-0.46524795212107517,-1,42.464
-0.5632770368456744,-1,42.541
-0.6236746644277241,-1,42.626
-0.6241052302989203,1,42.745
-0.3938708948235218,1,42.847
0.09950377283344625,1,42.962
0.3390813877138028,1,43.053
0.3975952896093691,-1,43.144
0.21061129589563077,-1,43.266
-0.05645794986060426,-1,43.345
-0.2624837192279954,-1,43.463
-0.4573040117975049,-1,43.561
-0.5582609444462385,1,43.667
-0.22743565731262316,1,43.783
0.05891217532642279,1,43.856
0.32516334592738505,1,43.982
0.3937632533557227,-1,44.065
0.18659784499311027,-1,44.172
-0.14801675002907988,-1,44.285
-0.37793416308014427,-1,44.38
-0.5322903338373851,1,44.502
-0.3481679655693847,1,44.579
-0.11124810980574618,1,44.671
0.15733395370478065,1,44.786
0.32090264045597294,1,44.888
0.22634690208011343,-1,45.014
-0.058446439632206526,-1,45.093
-0.3000499131030916,-1,45.181
-0.560909019838955,-1,45.304
-0.35845425734714864,1,45.394
-0.016146588168790443,1,45.506
0.26638562983721115,1,45.611
0.3706619199105172,-1,45.7
0.20353120170305905,-1,45.815
-0.08844241050219803,-1,45.894
-0.512294860153107,-1,46.034
-0.5741750807329409,1,46.114
-0.4539506521778349,1,46.203
-0.19730108425692616,1,46.325
0.025383519054176684,1,46.414
0.15452014264322966,1,46.543
0.16127945925467113,-1,46.615
0.01888880202538945,-1,46.704
-0.36191810642916855,-1,46.823
-0.5328494368238428,-1,46.93
-0.5075681494266007,1,47.044
-0.2205738202767471,1,47.132
0.10582179218108223,1,47.224
0.3843729891935126,1,47.343
0.5059083884081328,-1,47.43
-0.015424952943369652,-1,47.546
-0.2783888290867105,-1,47.639
-0.46796240280475554,-1,47.746
-0.5387427911647794,1,47.859
-0.32622121727835274,1,47.945
0.058229949064580344,1,48.055
0.38640559507844774,1,48.149
0.5555929736783551,-1,48.234
0.10648329113771804,-1,48.359
-0.2170498349259422,-1,48.465
-0.41211986361094244,-1,48.584
-0.5118618790178544,0,48.656
-0.42231897479688973,1,48.747
-0.08957297235535722,1,48.866
0.27932695487975745,1,48.966
0.526775673676551,1,49.081
0.3378635989151417,-1,49.177
-0.03903445206838696,-1,49.255
-0.3310200915274011,-1,49.376
-0.48836062517665024,-1,49.469
-0.4894791597760525,1,49.588
-0.2038920193157695,1,49.688
0.20793317657812604,1,49.789
0.6529776473488926,1,49.892
0.5172741432085104,-1,49.986
0.1806914468184908,-1,50.095
-0.16285502949683983,-1,50.185
-0.37645905622139764,-1,50.291
-0.4693575642405692,1,50.399
-0.3554113621466243,1,50.498
-0.007017902567217349,1,50.626
0.5900991647072267,1,50.693
0.5744877893306233,-1,50.785
0.2772943489948223,-1,50.906
-0.08464179831498175,-1,51.002
-0.3497224711195569,-1,51.124
-0.5243221139101204,-1,51.214
-0.5430605752635471,1,51.302
-0.01209340365267697,1,51.419
0.3634094858950381,1,51.517
0.633625796053858,1,51.624
0.6510292322402564,-1,51.72
0.360655244784682,-1,51.815
-0.01105905982957378,-1,51.943
-0.3062920578029815,-1,52.029
-0.5311535940441039,1,52.141
-0.25145980792475753,1,52.24
0.16234988483904522,1,52.327
0.4998586797683551,1,52.44
0.6279970412955758,-1,52.537
0.4323256499227248,-1,52.667
0.02528730102412058,-1,52.735
-0.45842600918082443,-1,52.835
-0.8570742931353312,-1,52.946
-0.682613175985658,1,53.035
-0.24792140144831387,1,53.159
0.19116048615914516,1,53.285
0.5206871726824862,1,53.356
0.6337321920661954,-1,53.465
0.3093189675966872,-1,53.547
-0.13891833020240196,-1,53.667
-0.7473786593767731,-1,53.767
-0.7941980502973186,1,53.856
-0.5246144437157826,1,53.969
-0.08011760111411581,1,54.059
0.3603413084966067,1,54.183
0.6704516148047719,1,54.268
0.5980193496569968,-1,54.365
-0.2611172105841003,-1,54.483
-0.6385753303547466,-1,54.574
-0.8630271072449125,-1,54.7
-0.9843703130673656,1,54.814
-0.8161222588844508,1,54.868
-0.3728864400625187,1,54.985
0.32356211656441713,1,55.076
0.726457055214724,1,55.197
0.45985429447852755,-1,55.306
-0.15778374233128833,-1,55.376
-0.5887653374233128,-1,55.505
-0.8567676380368098,-1,55.585
-1.0,1,55.704
-0.8283326352663443,1,55.806
-0.29897574534516236,1,55.903
0.7090202947111905,1,56.032
0.8756425389330997,-1,56.101
0.533907017477059,-1,56.225
-0.06006549137569961,-1,56.31
-0.5268819251418345,-1,56.41
-0.8086852225564483,-1,56.522
-0.9830560103567757,-1,56.627
-0.9179453984693294,1,56.74
0.29794768305220276,1,56.816
0.7841069184784677,1,56.906
0.9184594296158093,-1,57.039
0.5428930434451509,-1,57.129
-0.04378783840383815,-1,57.24
-0.5506035106423486,-1,57.337
-0.8407836119255225,-1,57.424
-0.8119788295320413,1,57.543
-0.28085138788409547,1,57.632
0.30386856033202614,1,57.75
0.7222708753760043,1,57.836
0.7290865476145147,-1,57.945
0.35869854928987555,-1,58.054
-0.12957392529414002,-1,58.138
-0.5182766629859499,-1,58.258
-0.8341583215931158,-1,58.351
-0.8993070098617827,1,58.442
-0.6255378288847429,1,58.568
-0.07567680767619844,1,58.654
0.4181928949472642,1,58.781
0.7009671400830064,1,58.866
0.5640825495944866,-1,58.948
0.07059361078323123,-1,59.064
-0.787305334501009,-1,59.167
-0.9781060807980809,-1,59.283
-0.9395156684308723,1,59.382
-0.447283250199901,1,59.456
0.15531355899935262,1,59.574
0.5513650382667632,1,59.674
0.5701366942085824,-1,59.791
-0.2934356318775464,-1,59.886
-0.6308494840650345,-1,59.982
-0.8210790846437954,-1,60.097
-0.9710429120816357,-1,60.188
-1.0,1,60.304
-0.8965382540597854,1,60.389
-0.43263453561264165,1,60.485
0.06162689038114544,1,60.604
0.30655332130433965,-1,60.7
0.015104447627374062,-1,60.814
-0.3325210662400714,-1,60.902
-0.6710132256924422,-1,60.984
-0.9413121523837868,-1,61.106
-1.0,1,61.21
-0.8605597504182303,1,61.324
-0.041551747524528615,1,61.416
0.2708414341908938,1,61.495
0.26896052810055604,-1,61.619
-0.06173531672469146,-1,61.705
-0.43916444364063845,-1,61.824
-0.7363656915494868,-1,61.928
-0.9627074196319573,-1,62.017
-1.0,1,62.144
-0.4944022163190518,1,62.216
-0.155168634877217,1,62.342
0.19888131997229608,1,62.423
0.3633167635429544,-1,62.519
0.18034770258541322,-1,62.638
-0.20771854150776325,-1,62.737
-0.5547898968114112,-1,62.866
-1.0,-1,62.935
-0.8417496655903076,1,63.034
-0.4108595820091846,1,63.149
-0.003774356527591949,1,63.242
0.3092331155055337,1,63.368
0.3572688313126753,-1,63.457
-0.03795656507996015,-1,63.542
-0.5161837251109729,-1,63.664
-0.8806178698315598,-1,63.759
-0.857750210869806,1,63.869
-0.5789931073263412,1,63.966
-0.08916171797121941,1,64.057
0.2966405670906782,1,64.187
0.4878973511344369,1,64.254
0.4582477784120438,-1,64.375
-0.17707099709468266,-1,64.465
-0.5106968501588979,-1,64.564
-0.6945582810063815,-1,64.688
-0.6600863927205187,1,64.774
-0.353434834839952,1,64.901
0.10235066583738739,1,64.978
0.47182864591764573,1,65.066
0.6123233166625486,-1,65.19
0.019655621916827792,-1,65.285
-0.3234615024154178,-1,65.407
-0.6022356459432057,-1,65.493
-0.7692445322950303,-1,65.579
-0.6741954997401403,1,65.704
-0.25482444556151007,1,65.793
0.18342691124724175,1,65.907
0.6924112429816565,1,65.997
0.4813199171856761,-1,66.097
0.05192935222499595,-1,66.223
-0.3337025329936697,-1,66.295
-0.5890126181083913,-1,66.417
-0.7238159340893406,-1,66.504
-0.7304274480067479,1,66.606
-0.4532380230210188,1,66.731
0.4597132170638403,1,66.816
0.775890126181084,1,66.94
0.7939184295950448,-1,67.016
0.4377486772712169,-1,67.123
-0.04524967837029592,-1,67.23
-0.41626125703964356,-1,67.324
-0.6649768682212812,-1,67.444
-0.7855006773393769,1,67.531
-0.43747603752204545,1,67.624
-0.0003322796943027173,1,67.74
0.37422361571427354,1,67.825
0.5826396639715092,1,67.946
0.4896865494883744,-1,68.037
0.12963168073885378,-1,68.144
-0.28604169684163894,-1,68.267
-0.7773555648328804,-1,68.334
-0.8102086546080378,1,68.459
-0.6255974644503327,1,68.553
-0.17570779834882555,1,68.647
0.28687665607347634,1,68.766
0.6469826447759668,1,68.86
0.7775259646761126,-1,68.986
0.5431921002632678,-1,69.057
-0.33479309199035534,-1,69.148
-0.6254441045914239,-1,69.267
-0.7285530497311943,1,69.365
-0.4705676870777279,1,69.488
0.12224108658743638,1,69.575
0.6433927560837578,1,69.656
1.0,1,69.786
0.6872131428816539,-1,69.873
0.10184017500965137,-1,69.984
-0.2958092051645005,-1,70.082
-0.5203706086732725,-1,70.176
-0.545043537940205,1,70.32
-0.11007592330459404,1,70.379
0.5112083386951487,1,70.508
0.9835971346459058,1,70.591
1.0,-1,70.681
0.4173328237197993,-1,70.796
-0.09014467060803943,-1,70.897
-0.3857476274508209,-1,71.017
-0.5160243638640634,1,71.099
-0.20384812432401667,1,71.189
0.3588790670819475,1,71.308
1.0,1,71.411
1.0,-1,71.515
0.6364992291420171,-1,71.619
0.03594707970313005,-1,71.704
-0.3474023878670539,-1,71.822
-0.5457172564626582,-1,71.912
-0.5646624359112258,1,72.042
-0.16897924061525227,1,72.131
0.7326019145961062,1,72.212
0.9311319063497185,1,72.339
0.7952170951202897,-1,72.416
0.2974507905776056,-1,72.542
-0.19102219353913452,-1,72.629
-0.4688896059660822,-1,72.73
-0.5900469685561651,1,72.839
-0.024000573661754676,1,72.945
0.43857158223082715,1,73.06
0.7890358897135277,1,73.143
0.8496432540963035,-1,73.227
0.46278010827865623,-1,73.349
-0.06569144168369723,-1,73.453
-0.42705532250546774,-1,73.565
-0.6527195152558173,1,73.67
-0.25421103581800586,1,73.738
0.25656304901222615,1,73.861
0.64252267756624,1,73.955
0.8467175791473953,0,74.065
0.6402853967229571,-1,74.171
0.09632497938403062,-1,74.254
-0.3360295435803664,-1,74.379
-0.6746907604603636,-1,74.458
-0.5053458104764978,1,74.583
-0.02097450790577604,1,74.674
0.4492416908680219,1,74.766
0.7560359972751067,1,74.89
0.72981965508587,-1,74.978
0.28705317127388774,-1,75.091
-0.19934028898210887,-1,75.178
-0.6400415904772149,-1,75.269
-0.5935893298913628,1,75.392
-0.24341185328600623,1,75.484
0.22271700548564044,1,75.612
0.6347925854218206,1,75.704
0.8258219497328887,-1,75.777
0.5940912839267147,-1,75.907
-0.34586784267326376,-1,75.989
-0.5943637732601914,-1,76.106
-0.6717220608798538,1,76.2
-0.34608296583127174,1,76.293
0.18755153992327278,1,76.423
0.6297300204367,1,76.494
0.8886092287834786,1,76.626
0.7618873471729231,-1,76.708
-0.22525545875013442,-1,76.809
-0.526442221505145,-1,76.925
-0.6278225951023628,0,77.018
-0.5211932164497508,1,77.143
-0.12100677637947721,1,77.221
0.38252482879782,1,77.312
0.7901832132229034,1,77.427
0.9959270015417159,-1,77.525
0.24546269405901544,-1,77.638
-0.20005736617546876,-1,77.746
-0.4601125811193575,-1,77.82
-0.5798788139543222,1,77.943
-0.32048331002832453,1,78.025
0.2897063568893192,1,78.146
0.7145014307393789,1,78.248
1.0,-1,78.335
0.5111027869343723,-1,78.462
-0.09086005394066532,-1,78.536
-0.5129157926281092,-1,78.666
-0.7065178303865748,-1,78.75
-0.6887024273299371,1,78.85
-0.23684447108181006,1,78.967
0.3608348847417093,1,79.063
0.9934904289204316,1,79.18
0.7646349383059654,-1,79.259
0.17755203018214427,-1,79.354
-0.34658440795373724,-1,79.467
-0.6049726319695705,-1,79.57
-0.6093793487336487,1,79.688
-0.2890342332312831,1,79.782
0.7839626434115718,1,79.854
1.0,1,79.982
0.9629026101764584,-1,80.07
0.48994392084324256,-1,80.184
-0.026835784961390496,-1,80.296
-0.35542734666314335,-1,80.375
-0.5335447312017382,-1,80.501
-0.5144748818227194,1,80.58
0.33927889838221903,1,80.705
0.7315247071258699,1,80.797
0.9997504330720222,1,80.878
0.9738101529698464,-1,80.998
0.46563316597668747,-1,81.092
-0.10302710003229687,-1,81.22
-0.4136351625121113,-1,81.294
-0.3772277518423911,1,81.387
0.18415103203264915,1,81.51
0.6475380956575354,1,81.604
0.888898675827241,1,81.724
0.7322146862796912,-1,81.823
0.18112686808185785,-1,81.899
-0.31573152470712584,-1,82.024
-0.5837957661704689,-1,82.107
-0.43038550750168825,1,82.232
0.11911682668310863,1,82.325
0.5455679849672628,1,82.416
0.7919199036965265,1,82.539
0.7493026806424146,-1,82.617
0.28471182360022307,-1,82.745
-0.2202795149593353,-1,82.825
-0.5790686749464165,-1,82.919
-0.2884259667048358,1,83.036
0.22789864646642588,1,83.141
0.6262808655568279,1,83.261
0.8605214480753987,1,83.34
0.7026189847030153,-1,83.424
0.09709621539093916,-1,83.549
-0.40300654746175757,-1,83.645
-0.7266212227260278,1,83.77
-0.3356106022336508,1,83.86
0.3565624904902467,1,83.933
0.8500045646815373,1,84.076
1.0,-1,84.148
0.7598705312882721,-1,84.268
0.18076048288330315,-1,84.363
-0.51415699539278,-1,84.457
-0.5887181431154138,1,84.584
-0.4319560200271425,1,84.661
0.025938676460440346,1,84.79
0.46090796868650474,1,84.864
0.7591835795833557,1,84.961
0.7415946573840504,-1,85.078
0.25276983354162996,-1,85.177
-0.5617337432814764,-1,85.309
-0.6238546882068348,1,85.375
-0.4830513023009745,1,85.466
-0.07387500670893943,1,85.587
0.36416122923104055,1,85.687
0.6910360902601536,1,85.805
0.7491086694831433,-1,85.897
0.3375861619499627,-1,85.975
-0.5673155808408026,-1,86.096
-0.7837497987318187,-1,86.197
-0.6802864525428798,1,86.308
-0.1856957745182981,1,86.41
0.31435406331705296,1,86.494
0.6971393082508452,1,86.621
0.7561473053065793,-1,86.696
-0.2420201958243562,-1,86.827
-0.6009292839453164,-1,86.909
-0.7370555806874555,1,87.004
-0.5742928777899603,1,87.12
-0.0702713478450887,1,87.225
0.40093388436088717,1,87.359
0.6958358571724312,1,87.43
0.6206650667443625,-1,87.512
-0.4509710710534185,-1,87.633
-0.6783236085659738,-1,87.719
-0.7078276070938407,1,87.846
-0.39501468299303033,1,87.935
0.10365503017105882,1,88.019
0.49257416253268205,1,88.144
0.616325341389172,-1,88.228
-0.24665128083236854,-1,88.348
-0.5594795396517485,-1,88.446
-0.713409444653167,-1,88.539
-0.6078605767387655,1,88.664
-0.1395229369053005,1,88.746
0.3211933477990845,1,88.863
0.5975096417043007,1,88.945
0.5514594818398595,-1,89.042
-0.3799866587948445,-1,89.166
-0.6748426274506797,-1,89.253
-0.7855439608044593,1,89.386
-0.5130613465416376,1,89.457
0.04713125752359626,1,89.547
0.4823305705282044,1,89.672
0.7192510904957916,-1,89.76
0.02545002150273401,-1,89.888
-0.47295263254899556,-1,89.974
-0.7289119616636972,-1,90.072
-0.7157184984948086,1,90.187
-0.29684524175216565,1,90.265
0.19694968360262943,1,90.389
0.570528967254408,1,90.486
0.7769705719727222,-1,90.572
0.029351231799471744,-1,90.69
-0.4094427720095841,-1,90.785
-0.6006327947410457,-1,90.899
-0.5639859925047613,1,90.99
-0.2496006635129323,1,91.078
0.18741168519997542,1,91.208
0.5288290225471524,1,91.302
0.21020458315414392,-1,91.416
-0.31977507766112223,-1,91.499
-0.6416656836144863,-1,91.586
-0.7958239943376194,1,91.708
-0.5827611969643349,1,91.805
-0.030364515748495968,1,91.924
0.48659510046793275,1,92.027
0.8343596398096811,-1,92.115
0.3962958593842161,-1,92.217
-0.25590255546860796,-1,92.305
-0.6272636013690293,-1,92.428
-0.533850276256195,1,92.528
0.10954605455565836,1,92.622
0.6722392165232032,1,92.735
0.8132840103388586,-1,92.825
-0.6711484195300088,-1,92.936
-1.0,-1,93.041
-0.6931265230340773,1,93.117
0.040235175801647705,1,93.266
0.6605113526476618,1,93.335
0.8476153637875681,-1,93.466
0.38852744362356395,-1,93.535
-0.21752988047808763,-1,93.627
-0.3025180830077747,1,93.75
0.3164893822767183,1,93.845
0.710749236065447,1,93.965
0.5800255289521525,-1,94.055
0.018976521100065646,-1,94.136
-0.3423587204579739,-1,94.266
-0.15933934166247632,1,94.353
0.3815185858507717,1,94.47
0.642378060573241,-1,94.568
0.08725486403898963,-1,94.656
-0.36876958186670794,-1,94.78
-0.5315359919545121,1,94.857
-0.2341623796077824,1,94.981
0.26841759176884694,1,95.073
0.40143116852976446,-1,95.167
-0.26164081537925965,-1,95.275
-0.3623641356902487,1,95.386
0.012137856341623898,1,95.506
0.5820678451243568,1,95.574
0.8250879975244652,0,95.668
0.5784473755463582,-1,95.786
-0.016562874714733278,-1,95.89
-0.37075000967005767,1,96.006
0.24821103933779454,1,96.097
0.7240242911847754,1,96.174
0.8624376281282637,-1,96.297
0.4144277259892468,-1,96.387
-0.16504854368932043,-1,96.51
-0.3915599736974432,1,96.601
-0.106579507213863,1,96.708
0.8406529222914167,1,96.813
0.6608826828607899,-1,96.906
0.008099640273856012,-1,97.03
-0.46172591188643486,-1,97.119
-0.6437241325958303,0,97.205
-0.46073569798476,1,97.331
0.0653463814644335,1,97.415
0.5807836614706223,1,97.532
0.1567709743550072,-1,97.623
-0.34695393184543377,-1,97.704
-0.5617994043244497,1,97.824
-0.26700963137740297,1,97.932
0.3158240823115306,1,98.048
0.7743704792480564,1,98.135
0.6991915831818358,-1,98.23
-0.4448303871891076,-1,98.338
-0.6299384984334506,1,98.426
-0.3413530344640854,1,98.55
0.2540749622867753,1,98.642
0.6349359842184659,1,98.733
0.3794762696785672,-1,98.853
-0.25562217150814215,-1,98.934
-0.6615634549181912,-1,99.081
-0.41419564460604186,1,99.15
0.08304645495687146,1,99.245
0.3752833326886629,1,99.365
0.31347300912157117,-1,99.457
-0.182265273231761,-1,99.581
-0.5800422018043764,-1,99.664
-0.6160964992440228,1,99.748
0.2983700799175901,1,99.871
0.6800804160366856,1,99.97
0.625683287088574,-1,100.077
0.05341685081495995,-1,100.173
-0.5134497482845133,-1,100.263
-0.7420871616794324,1,100.385
-0.4811337996577334,1,100.468
0.02008739428780304,1,100.587
0.4315383720737036,1,100.685
0.047402262947148,-1,100.775
-0.41175004569093,-1,100.897
-0.6658414607805672,-1,100.982
-0.6920099024706332,1,101.097
-0.3475335205276887,1,101.189
0.11803213318490702,1,101.284
0.33650123780882923,-1,101.404
-0.08458637247246081,-1,101.493
-0.4412414641035439,-1,101.62
-0.49115257447621574,1,101.695
-0.17503779886021897,1,101.788
0.39375612673833227,1,101.91
0.8043929752272085,1,102.002
0.7935933008789273,-1,102.129
-0.23315666173758454,-1,102.222
-0.5447189592436905,-1,102.297
-0.44958213567713956,1,102.42
0.20413046006612734,1,102.511
0.8011198431554987,1,102.63
1.0,-1,102.728
0.7123060798323027,-1,102.816
-0.38057557986030544,-1,102.946
-0.4832582588589214,1,103.017
-0.10617904262043254,1,103.144
0.46764063462600114,1,103.232
0.8545128693384112,1,103.323
0.7954827302039411,-1,103.437
0.23638458399673556,-1,103.539
-0.39641722739164875,-1,103.66
-0.466968564730732,1,103.736
0.09827422051893397,1,103.833
0.564930752798291,1,103.946
0.6878075319833263,-1,104.048
0.30799203117124185,-1,104.157
-0.23700864889948559,-1,104.255
-0.6013665421203805,-1,104.335
-0.6900957699600758,1,104.467
0.02057013929448659,1,104.549
0.40445006280653195,1,104.669
0.3216734540392201,-1,104.761
-0.14853544768655935,-1,104.852
-0.5905014121468632,-1,104.974
-0.7570147295318713,1,105.073
-0.5178858601294535,1,105.176
0.3459639802539465,1,105.266
0.32053733588293176,-1,105.37
-0.24278524966596526,-1,105.495
-0.7627433253058318,-1,105.581
-0.98745469528831,-1,105.703
-0.8050677270436125,1,105.777
-0.2531223247217711,1,105.866
0.19262003248337822,1,105.991
0.06916719338811239,-1,106.08
-0.4638162368886364,-1,106.209
-0.8480641986766624,-1,106.295
-0.8833958731708098,1,106.378
-0.517997871778665,1,106.503
-0.04767695840367403,1,106.585
0.300919295606743,-1,106.711
-0.26603566770944176,-1,106.806
-0.75133413875043,-1,106.899
-0.9212558106043028,1,107.032
-0.6099754374454943,1,107.107
-0.05556577884099945,1,107.227
0.3460599902389849,1,107.305
0.339179274644563,-1,107.407
-0.14290286189763735,-1,107.522
-0.8668821557441974,-1,107.618
-0.7642154784097546,1,107.745
-0.31528879003416355,1,107.819
0.1475433445078289,1,107.907
0.42930064726731576,1,108.03
0.17693840159376584,-1,108.12
-0.36431788906046225,-1,108.239
-0.6481727494504963,1,108.346
-0.1611957843208296,1,108.419
0.38421777251757194,1,108.546
0.6997979114836195,1,108.628
0.5150358686988237,-1,108.75
-0.0680740400795472,-1,108.839
-0.4728790769949196,-1,108.952
-0.47714628471131937,1,109.073
0.5251161405119038,1,109.144
0.7757381061649073,1,109.272
0.6332294711077833,-1,109.346
0.05570718903730176,-1,109.44
-0.4680160704652867,-1,109.56
-0.6128756954340877,1,109.656
-0.34481453749104285,1,109.788
0.6237127927666803,1,109.855
0.699491960741689,-1,109.954
0.2770544994887403,-1,110.081
-0.29336650483482685,-1,110.179
-0.5654533304348526,0,110.282
-0.298825310177693,1,110.373
0.15831340627843127,1,110.458
0.5410255790922924,1,110.578
0.4385642858868144,-1,110.665
-0.10609244543207486,-1,110.79
-0.5392703879938487,-1,110.884
-0.6333582924728066,1,110.983
-0.22808627810922444,1,111.103
0.3377132597441286,1,111.176
0.7904398444482017,-1,111.3
0.2688904454803829,-1,111.388
-0.24752220155712823,-1,111.48
-0.38959606450729856,1,111.604
-0.021617835317987444,1,111.701
0.47862773040908824,1,111.817
0.9112742848401407,1,111.902
1.0,-1,111.995
0.5974865633891875,-1,112.107
-0.4257508694277584,-1,112.199
-0.3540467910211824,1,112.327
0.1442933923490357,1,112.423
0.6668194751817895,1,112.505
0.9858520392032881,1,112.623
0.8606702497628833,-1,112.711
0.2664084729687006,-1,112.828
-0.2468068289598483,-1,112.926
-0.13207398039835594,1,113.024
0.34328169459374,1,113.14
0.6837654125829908,1,113.225
0.6057224154283907,-1,113.344
0.06400569079987362,-1,113.431
-0.42662029718621564,-1,113.527
-0.6637843819159026,1,113.647
-0.21931710401517546,1,113.738
0.30071134998419224,1,113.861
0.6580777742649384,1,113.942
0.5843977236800506,-1,114.029
0.02124565286120772,-1,114.151
-0.4703129939930446,-1,114.244
-0.6394878280113816,0,114.369
-0.46217198861840025,1,114.458
0.3943408156813153,1,114.545
0.6154125829908315,-1,114.664
0.3329908314890926,-1,114.752
-0.17584571609231747,-1,114.877
-0.5354252292127727,-1,114.964
-0.5468068289598482,1,115.055
-0.1591527031299399,1,115.188
0.6009958899778691,1,115.257
0.33005058488776484,-1,115.389
-0.2396617135630731,-1,115.466
-0.603714827695226,-1,115.562
-0.6918115712930761,1,115.687
-0.3270312993993044,1,115.777
0.20049004110022128,1,115.905
0.5856623458741701,-1,115.979
0.17802718937717366,-1,116.072
-0.36348403414479924,-1,116.187
-0.6773000316155549,-1,116.291
-0.7297818526715144,1,116.406
-0.4457951312045526,1,116.507
-0.16508061966487508,1,116.582
-0.14350300347771106,-1,116.704
-0.26991779955738227,-1,116.787
-0.5952260512171988,-1,116.91
-0.7676098640531142,-1,117.013
-0.6112867530825166,1,117.108
-0.14890926335757193,1,117.231
0.28939298134682256,1,117.297
0.5476920644957319,1,117.423
0.40551691432184644,-1,117.507
-0.5469965222889661,-1,117.602
-0.6783117293708505,1,117.729
-0.44966803667404365,1,117.816
0.0736800505848878,1,117.948
0.5395194435662345,1,118.018
0.6762409105279799,-1,118.107
0.3048687954473601,-1,118.226
-0.6413531457477079,-1,118.327
-0.6698861840025292,1,118.438
-0.23262725260828332,1,118.541
0.3024027821688271,1,118.619
0.5374486247233639,-1,118.737
0.2673095162820107,-1,118.829
-0.23683212140373067,-1,118.95
-0.6069554220676573,-1,119.044
-0.29375592791653493,1,119.14
0.17516598166297825,1,119.261
0.45766677205184947,1,119.348
0.2773948782801139,-1,119.464
-0.27121403730635474,-1,119.552
-0.703778058804932,-1,119.645
-0.8705659184318685,1,119.764
-0.3203129939930446,1,119.863
0.12796395826746765,1,119.981
0.3689377173569397,0,120.067
0.12085045842554543,-1,120.158
-0.383196332595637,-1,120.27
-0.7544577932342713,-1,120.365
-0.852466013278533,1,120.486
-0.5032089788175782,1,120.577
0.41694593740120145,1,120.666
0.38615238697439147,-1,120.781
-0.04476762567183057,-1,120.867
-0.49743019863869986,-1,120.985
-0.656390184911303,1,121.082
-0.28965624310566007,1,121.176
0.26656480066675936,1,121.303
0.7941871011496695,1,121.378
0.36773898335553135,-1,121.515
-0.25612217383133273,-1,121.587
-0.6331353210821764,-1,121.676
-0.6910028353611204,1,121.798
-0.38970281820187447,1,121.91
0.06408569817703436,1,122.024
0.4605786751427894,-1,122.114
0.04622374022535802,-1,122.188
-0.49590284489641556,-1,122.305
-0.7701222843215532,-1,122.407
-0.6733874017733328,1,122.526
-0.2747993444551834,1,122.624
0.20640416859267985,1,122.695
0.6312812539395722,1,122.824
0.6710610823783929,-1,122.908
-0.4058749957746003,-1,123.03
-0.6968191190886658,-1,123.123
-0.5446540242706961,1,123.224
0.008247980258932586,1,123.343
0.5194199371260522,1,123.414
0.6901429875266201,-1,123.55
0.2759017003008484,-1,123.629
-0.6714498191528919,-1,123.727
-0.7514788899029848,1,123.844
-0.4340668627252138,1,123.936
0.039397627015515635,1,124.068
0.4036270831220634,1,124.138
0.40563837339012276,-1,124.229
-0.0202650170706149,-1,124.349
-0.5044451205084001,-1,124.446
-0.8383531082040361,1,124.564
-0.42673156880640906,1,124.657
0.061099279991887245,1,124.744
0.38779028496095735,1,124.864
0.23278572152925658,-1,124.946
-0.2507014163539871,-1,125.074
-0.6368691478213839,-1,125.16
-0.7150052394956563,1,125.254
-0.2935469695433188,1,125.389
0.14971436297873786,1,125.46
0.3992833722070108,0,125.587
0.15512287462393948,-1,125.692
-0.36504073285332794,-1,125.756
-0.7500422539972281,-1,125.887
-0.8846465875671838,1,125.984
-0.16359057566845825,1,126.118
0.16027786228577234,1,126.177
0.09387148024203085,-1,126.277
-0.36615623838015077,-1,126.387
-0.787462393942467,-1,126.487
-0.9140215664401853,1,126.607
-0.6248014062130278,1,126.704
0.232735016732583,1,126.783
0.4375485920968123,-1,126.905
0.1429706250211269,-1,126.994
-0.37352533549673794,-1,127.128
-0.7043403305952742,-1,127.199
-0.7235794511099568,1,127.301
-0.25641833493703003,1,127.423
0.2864259134684981,1,127.498
0.4110544376985108,-1,127.624
-0.17591559729897732,-1,127.719
-0.6194044466394748,-1,127.804
-0.6811665662265564,1,127.926
-0.2482929505002932,1,128.016
0.27668387902173297,1,128.139
0.6819686394673627,0,128.218
0.2612873328415517,-1,128.305
-0.37717755206264536,-1,128.425
-0.8240935141576349,-1,128.528
-0.8253607974427358,1,128.65
-0.2882785753466114,1,128.738
0.2715769165295352,1,128.816
0.5714691028769221,1,128.94
0.3451171764171821,-1,129.026
-0.8192702718038927,-1,129.147
-1.0,1,129.248
-0.6410098464697374,1,129.337
-0.04831770031266036,1,129.463
0.4250968313967054,1,129.542
0.5888002239955201,-1,129.657
0.2386205609221148,-1,129.746
-0.7491623500863316,-1,129.844
-0.7882309020486257,1,129.97
-0.3180829716738999,1,130.057
0.2649213682393019,1,130.184
0.5918614961034112,1,130.257
0.3774604507909842,-1,130.345
-0.21844229782071023,-1,130.47
-0.6975873815857017,-1,130.565
-0.2606094544775771,1,130.681
0.36097811377105793,1,130.793
0.7681086378272435,1,130.859
0.6879742405151896,-1,130.984
0.12873209202482627,-1,131.073
-0.40601987960240793,-1,131.191
-0.7167016659666807,-1,131.291
-0.5333986653600261,1,131.374
0.5777871109244481,1,131.503
0.571179243081805,-1,131.578
0.11034579308413828,-1,131.709
-0.37238321900228666,-1,131.786
-0.6648467030659386,-1,131.885
-0.5355266228008773,1,132.005
-0.00015866349339677122,1,132.097
0.6883848989686874,1,132.218
0.4087451584301647,-1,132.296
-0.1461664100051332,-1,132.392
-0.5435157963507397,-1,132.505
-0.6885715619020953,1,132.602
-0.46933594661440103,1,132.719
0.019272947874375834,1,132.813
0.37607914508376505,-1,132.905
-0.08906621867562647,-1,133.018
-0.5740538522562881,-1,133.112
-0.8661440104531243,-1,133.229
-0.8218115637687247,1,133.325
-0.4547762378085771,1,133.417
-0.022091558168836678,1,133.542
0.2448177703112604,-1,133.617
-0.42233421998226706,-1,133.745
-0.7724578841756498,-1,133.832
-0.7836763264734705,1,133.927
-0.3318773624527509,1,134.048
0.17569648607027855,1,134.143
0.5231695366092679,1,134.261
0.48516496336739934,-1,134.339
-0.046955060898781986,-1,134.429
-0.717410985113631,-1,134.555
-0.39078818423631523,1,134.649
0.11006579868402633,1,134.762
0.4274487843576462,1,134.858
0.3763031406038546,-1,134.941
-0.06866396005413222,-1,135.065
-0.5011246441737832,-1,135.152
-0.5226655466890662,1,135.27
0.06211209109151161,1,135.363
0.4359979467077326,1,135.466
0.4097718045639087,-1,135.583
0.0038359232815343702,-1,135.659
-0.42489150216995664,-1,135.783
-0.7066592001493304,-1,135.878
-0.7024219515609688,1,135.962
0.2058425498156704,1,136.083
0.6033599328013439,1,136.175
0.569965934014653,-1,136.307
0.06592001493303457,-1,136.385
-0.4203742591814831,-1,136.474
-0.6697372719212282,-1,136.585
-0.5105615052363766,1,136.688
0.5284302703982013,1,136.801
0.8304045125534978,1,136.906
0.6031398536575745,-1,136.977
0.05743249906317183,-1,137.104
-0.36029426266690334,-1,137.188
-0.5121787665424137,1,137.311
-0.2581504053014615,1,137.403
0.16097666804725552,1,137.496
0.6897225016271227,1,137.624
0.3186004772893123,-1,137.697
-0.20949450722836915,-1,137.826
-0.5357473916730766,-1,137.906
-0.49074019288799475,1,138.008
-0.12044652190205707,1,138.121
0.3022700826381082,1,138.228
0.7329546575153345,0,138.344
0.30252647772321173,-1,138.422
-0.3025264777232116,-1,138.51
-0.5941660256789539,-1,138.63
-0.3276334733644952,1,138.726
0.25717362386773934,1,138.845
0.6699605160364013,1,138.935
0.7839994932539431,-1,139.019
-0.22073013661029117,-1,139.135
-0.5828635375097655,-1,139.229
-0.660036739089124,1,139.352
-0.23992314351470623,1,139.446
0.34777559595447727,1,139.536
0.7624627858364477,1,139.658
0.7466058571398408,-1,139.735
-0.40598804923882514,-1,139.862
-0.798716243322565,-1,139.952
-0.6382044298051139,1,140.047
-0.08226177656721778,1,140.156
0.45075061759675683,1,140.265
0.7068685205126581,-1,140.385
0.3263866894702392,-1,140.458
-0.35446886678913025,-1,140.554
-0.9174848504043411,-1,140.671
-0.6251768332594329,1,140.766
-0.0634699436245012,1,140.888
0.3951141234348936,1,140.975
0.3823398999176537,-1,141.059
-0.16236988239268602,-1,141.175
-0.7462891408542893,-1,141.271
-1.0,1,141.39
-0.4003709213931971,1,141.486
0.1052846108382417,1,141.577
0.4117635070413923,1,141.701
0.3322599710599792,-1,141.778
-0.09731591497340375,-1,141.904
-0.5377952595430737,-1,141.995
-0.6148531599649458,1,142.089
0.20302851203456496,1,142.201
0.632971243401879,1,142.304
0.8108300894695009,-1,142.417
0.5695273809281187,-1,142.502
0.0709641918193491,-1,142.596
-0.30081317382354744,-1,142.708
-0.4706218028410133,1,142.808
-0.2532659424868038,1,142.923
0.7109054965659201,1,143.016
0.6749138932480079,-1,143.105
0.17090916501925935,-1,143.219
-0.3654798540770783,-1,143.313
-0.592659017262111,-1,143.432
-0.4028165569527381,1,143.522
0.04416410214604527,1,143.616
0.6860415350439195,1,143.74
0.39552041086677403,-1,143.818
-0.11578046344793858,-1,143.94
-0.5167831740273503,-1,144.026
-0.5877066052540404,1,144.129
-0.26557564146982693,1,144.241
0.21548087309189468,1,144.343
0.6593637271485928,1,144.473
0.43509894633867985,-1,144.549
-0.13640532333340127,-1,144.625
-0.5223062343326472,-1,144.748
-0.5202274441070374,1,144.842
-0.1498155583182179,1,144.966
0.281044286383924,1,145.059
0.6196017690097213,-1,145.141
0.04968716245134197,-1,145.26
-0.5518780443067642,-1,145.347
-0.8684655674893513,-1,145.467
-0.8440703527829294,1,145.565
-0.4624493040128803,1,145.662
0.04108667740028937,1,145.794
0.3902215338211017,1,145.859
0.31516090243952144,-1,145.979
-0.6247376036847576,-1,146.075
-0.8123655411093443,1,146.159
-0.601513214645756,1,146.286
-0.12711626601814607,1,146.377
0.313753000966545,1,146.505
0.5538303245720699,1,146.58
0.3336451220652885,-1,146.676
-0.5959218033860256,-1,146.789
-0.5888338062129101,1,146.887
-0.11393799561417184,1,147.009
0.46174871906795945,1,147.094
0.8161485777237345,1,147.179
0.5847597667820286,-1,147.295
-0.08546129142892778,-1,147.394
-0.6077489892848607,-1,147.511
-0.5280557893971045,1,147.606
-0.022459181658508243,1,147.699
0.38768850227086116,1,147.822
0.5100344006900923,-1,147.897
0.16430226878267296,-1,148.02
-0.3960860121181887,-1,148.11
-0.8201394734927613,-1,148.198
-0.898814163522797,1,148.326
0.06563152807657535,1,148.424
0.4987060767623859,1,148.548
0.470021513422505,-1,148.617
-0.0015693366175080214,-1,148.709
-0.4856733077666573,-1,148.83
-0.6653259751192592,1,148.927
-0.4681715669462372,1,149.048
0.18968187156382843,1,149.143
0.1263264012305263,-1,149.216
-0.06569388582296631,-1,149.344
-0.3151664432180754,-1,149.43
-0.6027187977426496,-1,149.551
-0.7534166848543427,1,149.647
-0.42560201207661685,1,149.74
0.11977883785946641,1,149.861
0.4691692908884939,-1,149.946
0.048794936550992984,-1,150.066
-0.4317546430538667,-1,150.16
-0.660566000478076,0,150.243
-0.42774296136937606,0,150.365
0.14035689416851138,0,150.458
0.6475748033132749,0,150.585
0.18648084058242143,0,150.661
