0,1,0.0
1.0,1,0.085
1.0,0,0.214
1.0,0,0.302
1.0,0,0.391
1.0,0,0.512
1.0,0,0.604
1.0,0,0.724
1.0,0,0.819
1.0,0,0.907
1.0,0,1.016
1.0,0,1.113
1.0,0,1.238
1.0,0,1.366
1.0,0,1.409
1.0,0,1.541
1.0,0,1.628
1.0,0,1.75
1.0,0,1.837
1.0,0,1.917
0.9982500154865859,-1,2.033
0.9600523446695188,-1,2.125
0.9156832682896638,-1,2.246
0.8308787090379703,-1,2.346
0.7288762931301473,-1,2.44
0.6171637861611861,-1,2.559
0.4849625224555514,-1,2.642
0.31891531933345774,-1,2.768
0.16616335253670278,-1,2.857
0.02302081397509448,-1,2.947
-0.10646255342873034,-1,3.067
-0.23121476801090046,-1,3.157
-0.3371817506039748,-1,3.28
-0.42237347457102037,-1,3.366
-0.4895465526853733,-1,3.459
-0.5445084556773814,-1,3.58
-0.5825822337855406,-1,3.669
-0.6143607136220041,-1,3.788
-0.6431038220900717,-1,3.875
-0.6675029424518366,-1,3.961
-0.683856780028496,-1,4.089
-0.6885259864956945,0,4.174
-0.685389952301307,0,4.296
-0.677909930000621,0,4.387
-0.6742860682648807,0,4.481
-0.6789862479093095,0,4.599
-0.6861952549092503,0,4.682
-0.6904308368952512,0,4.794
-0.6942327944000504,0,4.902
-0.6979805488447031,0,4.988
-0.6930790435482906,0,5.108
-0.6827262590596569,1,5.197
-0.6750836275785186,0,5.32
-0.6784287307191952,0,5.405
-0.6868379483367412,0,5.496
-0.6934120052034918,0,5.607
-0.6995524375890496,0,5.717
-0.6994904912345934,0,5.816
-0.6869773276342686,1,5.919
-0.6669144520844965,1,6.005
-0.6482221396270829,1,6.126
-0.6367930372297607,0,6.208
-0.6396735427120139,0,6.339
-0.6462398562844593,0,6.415
-0.6494765533048388,0,6.523
-0.6539676640029741,0,6.629
-0.6510406987548799,1,6.728
-0.637273121476799,1,6.84
-0.6108762311837956,1,6.94
-0.5919283900142475,1,7.016
-0.5837127547543799,0,7.134
-0.5860822028123689,0,7.233
-0.587785727559933,0,7.345
-0.5994626153750842,-1,7.437
-0.604178281608128,0,7.538
-0.597147370377255,1,7.657
-0.5803986247909291,1,7.743
-0.5716099857523365,0,7.868
-0.5737084185095714,0,7.944
-0.5827758161432188,-1,8.038
-0.5906739763364914,-1,8.16
-0.5997258873815239,0,8.259
-0.599764603853064,0,8.369
-0.5850910611410526,1,8.467
-0.5691863346342056,1,8.545
-0.5653611472464861,0,8.676
-0.5710060087963813,0,8.76
-0.577301307068077,0,8.894
-0.5864074211732602,0,8.976
-0.5899383633773141,0,9.075
-0.5825590039026202,1,9.189
-0.5658102583162987,1,9.284
-0.5591355386235518,0,9.401
-0.5646642507588444,0,9.483
-0.5725701542464223,0,9.58
-0.5799340271325057,0,9.694
-0.5862293254042016,0,9.777
-0.5824505977823231,1,9.906
-0.5647107105246854,1,9.993
-0.5530802824753798,0,10.083
-0.5544198723905078,0,10.207
-0.562565818001614,0,10.297
-0.5685978442668655,0,10.422
-0.5762017592764682,0,10.508
-0.5754506597286757,0,10.592
-0.563998327448433,1,10.719
-0.5454221644056263,1,10.804
-0.540861364058725,0,10.925
-0.5489143901381401,-1,11.027
-0.5626664808276058,-1,11.111
-0.5734683763860478,-1,11.231
-0.584479340890792,0,11.314
-0.5836508083999237,1,11.437
-0.5635259864956954,1,11.525
-0.5213405191104519,1,11.62
-0.4590999194697417,1,11.731
-0.37094251378306176,1,11.826
-0.25183516075079126,1,11.948
-0.0993154927832457,1,12.036
0.06618193644303894,1,12.133
0.23655764108282473,1,12.246
0.43015548534968606,1,12.337
0.6071981663879087,1,12.456
0.7512234405005274,1,12.544
0.8720885213405172,1,12.638
0.9826627640463341,1,12.76
1.0,1,12.843
1.0,0,12.968
1.0,0,13.061
1.0,0,13.144
1.0,0,13.259
1.0,0,13.361
1.0,0,13.473
1.0,0,13.566
1.0,0,13.661
1.0,0,13.777
0.9979770368070486,-1,13.866
0.9724211220403767,-1,13.99
0.9392406846065922,-1,14.072
0.8982628763847846,-1,14.168
0.854788373083067,-1,14.284
0.8242774788501139,-1,14.387
0.7958663691971837,-1,14.492
0.7386088286979109,-1,14.595
0.6667616264368021,-1,14.674
0.5819060026311347,-1,14.795
0.48755653573954905,-1,14.88
0.3911777038727573,-1,14.996
0.3094077391145693,-1,15.098
0.22406557985743358,-1,15.19
0.11923674920875271,-1,15.306
-0.02057470150475338,-1,15.402
-0.19325192958959725,-1,15.521
-0.3924900954636512,-1,15.595
-0.5371109454263678,-1,15.692
-0.6799628671257119,-1,15.814
-0.7935543762700433,-1,15.899
-0.897409470344868,-1,16.027
-0.9899931289563306,-1,16.109
-1.0,0,16.197
-1.0,0,16.32
-1.0,0,16.412
-1.0,0,16.539
-1.0,0,16.623
-1.0,0,16.715
-1.0,0,16.828
-1.0,0,16.927
-0.9973709439892489,0,17.035
-0.9868547199462366,1,17.135
-0.9688862093163458,1,17.224
-0.9509704115889331,1,17.344
-0.9407902322991736,0,17.432
-0.9394065186093034,0,17.556
-0.9426154165472412,0,17.641
-0.9449677298200214,0,17.733
-0.9460812898847242,0,17.858
-0.9428526246083603,0,17.952
-0.9323298114525369,1,18.06
-0.9161008266042026,1,18.153
-0.9009985800461896,1,18.244
-0.8919780846107999,0,18.37
-0.899239286926211,0,18.458
-0.9048532110394034,0,18.575
-0.9119496855345919,0,18.667
-0.9182093427030524,0,18.746
-0.9194942197007892,0,18.882
-0.9060656077962397,1,18.971
-0.8928478475015723,1,19.086
-0.8801506271188138,1,19.176
-0.8769351400680647,0,19.265
-0.8843808375421283,0,19.384
-0.8916683963087766,-1,19.479
-0.9010381147230453,-1,19.596
-0.9089977629962028,0,19.685
-0.9072780045530799,0,19.78
-0.8972230184066873,1,19.894
-0.8852506004329046,1,19.986
-0.8774820364312069,0,20.11
-0.8790172997156851,0,20.193
-0.8884726765964611,0,20.289
-0.8947521011033477,0,20.403
-0.9028896554223463,0,20.498
-0.9039768590358197,0,20.622
-0.893467224105611,1,20.71
-0.8752812727530308,1,20.796
-0.8640468354138464,0,20.911
-0.8622809531810565,0,21.009
-0.8699572696034357,-1,21.114
-0.8790831908437664,-1,21.221
-0.8890656967492626,0,21.304
-0.8924590898458491,0,21.428
-0.8846378129416772,1,21.519
-0.8690875067126632,1,21.627
-0.8588414362948107,0,21.714
-0.8568449351137131,0,21.806
-0.8645607862129403,-1,21.923
-0.873324306248785,-1,22.034
-0.8821537174127189,0,22.146
-0.8832145645749551,0,22.249
-0.8770471549858206,1,22.323
-0.8623666116475754,1,22.446
-0.8519558134095041,0,22.537
-0.8502031094023367,0,22.645
-0.861562739884892,-1,22.746
-0.8726719840807057,-1,22.84
-0.8846114564904399,0,22.952
-0.8883079487762384,0,23.049
-0.8838537085174158,1,23.169
-0.8697002942038868,1,23.248
-0.8582088814651573,0,23.338
-0.8549933944144081,0,23.463
-0.8660894603846072,-1,23.554
-0.8775347493336774,-1,23.674
-0.8869044677479423,0,23.769
-0.8916552180831618,0,23.852
-0.889223835456674,0,23.977
-0.8775347493336774,1,24.059
-0.8687448728465954,0,24.187
-0.8701088191980397,0,24.27
-0.8776138186873851,0,24.364
-0.8753932876707831,1,24.483
-0.8379737160290052,1,24.581
-0.7780127894679619,1,24.698
-0.687531092376066,1,24.785
-0.5681166009402661,1,24.871
-0.43868006892212186,1,24.997
-0.329004286217884,1,25.085
-0.22139748493564027,1,25.207
-0.09944618506841152,1,25.295
0.015224145144976164,1,25.384
0.1279440979669293,1,25.508
0.2390760746019338,1,25.6
0.33776121714091745,1,25.713
0.3984535352237517,1,25.807
0.44297617047352533,1,25.889
0.47931512761464123,1,26.019
0.5173343085220279,1,26.105
0.5533965229251689,1,26.229
0.5888525389498935,1,26.313
0.6173570409612188,1,26.409
0.634297649992918,1,26.525
0.6436278337303272,1,26.617
0.6557781577499511,1,26.738
0.6692067696545003,1,26.82
0.6874586121351696,1,26.913
0.7017306304792581,0,27.038
0.6956686466950648,-1,27.122
0.6710385430153754,-1,27.247
0.6409592430427165,-1,27.326
0.6027819234279221,-1,27.426
0.5599988139596932,-1,27.545
0.4972968164701468,-1,27.636
0.4245200654957817,-1,27.758
0.3273965426925094,-1,27.843
0.20864755165040738,-1,27.936
0.07816993980845299,-1,28.05
-0.0348860577667528,-1,28.149
-0.1407072094777807,-1,28.271
-0.24509193459646794,-1,28.359
-0.3350267353252254,-1,28.443
-0.41733793253407425,-1,28.565
-0.5002421498957285,-1,28.661
-0.5833572188672645,-1,28.765
-0.6578471391719489,-1,28.88
-0.7339579812276189,-1,28.962
-0.8056758405751709,-1,29.066
-0.8742877385762465,-1,29.169
-0.9328934838797457,-1,29.283
-0.9781879369626503,-1,29.372
-1.0,-1,29.471
-1.0,0,29.577
-1.0,0,29.68
-1.0,0,29.784
-1.0,0,29.888
-1.0,0,29.981
-1.0,0,30.098
-0.9995415929270061,0,30.178
-0.9926504570919716,1,30.303
-0.9751032355273005,1,30.388
-0.9610729731456118,1,30.491
-0.9466895118716185,1,30.599
-0.9446755266984537,0,30.697
-0.9512886123416702,0,30.818
-0.9541367480902845,0,30.895
-0.9579993912955242,0,31.0
-0.9599382277681936,0,31.11
-0.9501388372241616,1,31.206
-0.933440795975039,1,31.323
-0.9180578569845106,1,31.41
-0.9069734236620738,0,31.519
-0.9071011764529096,0,31.628
-0.9167202101157655,-1,31.711
-0.9233858998493267,-1,31.836
-0.9329523294218425,0,31.914
-0.9354923554984407,0,32.013
-0.928135297720365,1,32.124
-0.9093556374676381,1,32.228
-0.8946565516515813,1,32.347
-0.885510954801814,0,32.434
-0.8887122894427373,0,32.525
-0.899135414200849,-1,32.647
-0.9097614404502917,-1,32.731
-0.9201094165079167,0,32.855
-0.919583375604479,0,32.944
-0.9088446263043038,1,33.032
-0.891056928898056,1,33.152
-0.879822198174637,0,33.251
-0.8761248821104786,0,33.37
-0.8870740477720279,-1,33.463
-0.8995337023134509,-1,33.545
-0.9118355445838486,0,33.666
-0.914743799292855,0,33.759
-0.9100996096025017,1,33.874
-0.8956710591082111,1,33.963
-0.8812199640037741,1,34.053
-0.8757190791278249,0,34.179
-0.8869688395913387,-1,34.268
-0.9010216465831781,-1,34.392
-0.9096637471396543,0,34.475
-0.9144131450106924,0,34.564
-0.9113621077707512,1,34.691
-0.8970011911069045,1,34.778
-0.879747049474146,1,34.901
-0.8758167724384625,0,34.982
-0.8826703339232513,0,35.075
-0.8830911666459997,1,35.199
-0.8438184557693542,1,35.288
-0.7788448893247537,1,35.41
-0.681023825895492,1,35.498
-0.5472891985015335,1,35.59
-0.396683687847328,1,35.704
-0.26989280037875285,1,35.795
-0.15045145581820174,1,35.927
-0.0007552444399367975,1,36.005
0.14452973821950432,1,36.096
0.2872446353221445,1,36.21
0.42954621457208386,1,36.305
0.5606731820590005,1,36.423
0.6358143676800498,1,36.519
0.6889444989272511,1,36.605
0.7313884849646259,1,36.735
0.7781986105005276,1,36.814
0.826459105955911,1,36.942
0.8780486888430532,1,37.027
0.9300966788031853,1,37.114
0.9736303209976767,1,37.239
1.0,1,37.335
1.0,0,37.445
1.0,0,37.54
1.0,0,37.632
1.0,0,37.742
1.0,0,37.834
0.9984088139621532,0,37.946
0.9896740754168478,-1,38.057
0.9768841623278322,-1,38.143
0.9672363381236762,-1,38.247
0.9431671316018275,-1,38.35
0.901964141246294,-1,38.457
0.8244592820863983,-1,38.559
0.7234290394808822,-1,38.647
0.6044257798993573,-1,38.759
0.49831985524906797,-1,38.859
0.3933217183466424,-1,38.972
0.27227744376298824,-1,39.055
0.15307276822730542,-1,39.16
0.03625151481582267,-1,39.277
-0.08334256489790126,-1,39.361
-0.2026345206803848,-1,39.489
-0.3027113944362202,-1,39.576
-0.4065346049393924,-1,39.664
-0.504254912031584,-1,39.781
-0.5938111591152465,-1,39.864
-0.6679523718407097,-1,39.986
-0.7221668328348317,-1,40.087
-0.7536682880650974,-1,40.17
-0.7703925261253299,-1,40.297
-0.7762940135821529,0,40.383
-0.7810004330443037,0,40.508
-0.7907892484163684,0,40.597
-0.7954218153619962,0,40.689
-0.7965564585704158,0,40.806
-0.7938440570544274,0,40.883
-0.785948551651446,1,41.006
-0.7685663548076324,1,41.093
-0.7505933378316236,1,41.185
-0.7332312825832289,1,41.314
-0.7245099717681976,0,41.397
-0.7246509629361104,0,41.53
-0.7235700306487989,0,41.618
-0.7249665145976211,0,41.71
-0.728786703861477,0,41.827
-0.728692709749539,0,41.914
-0.7261011578060446,0,42.038
-0.7240601428039113,0,42.121
-0.7246308213406916,0,42.217
-0.7306800138305642,-1,42.341
-0.742100298431306,-1,42.425
-0.7497138214984698,-1,42.544
-0.7597376221503852,-1,42.633
-0.7672101540496362,0,42.732
-0.7686536350544333,0,42.851
-0.759126660422775,1,42.939
-0.7493177034552914,1,43.069
-0.742811968135999,0,43.147
-0.7447724167564644,0,43.236
-0.7527149192154168,-1,43.356
-0.7617920648827925,-1,43.445
-0.7703790983950519,0,43.575
-0.7695062959270351,0,43.655
-0.7593683595677627,1,43.753
-0.7434296437287502,1,43.872
-0.734574055610947,0,43.959
-0.7352118727991133,0,44.07
-0.7485657505597683,-1,44.17
-0.7610468258524105,-1,44.252
-0.7729773642036835,0,44.377
-0.7743134233662646,0,44.471
-0.7646253159712787,1,44.59
-0.7453028121024147,1,44.674
-0.7313916835352534,1,44.762
-0.7267389749942106,0,44.886
-0.7357019849542296,-1,44.987
-0.7448798385986842,0,45.087
-0.7477802283385563,0,45.196
-0.7388306461088153,1,45.272
-0.7119430547627819,1,45.4
-0.6697955293301419,1,45.473
-0.6275960866052469,1,45.606
-0.5798996279606868,1,45.696
-0.5154019688269096,1,45.792
-0.43506972928630394,1,45.892
-0.3249042931364541,1,46.004
-0.20320617992890588,1,46.116
-0.07209461307082365,1,46.206
0.05498359310910317,1,46.285
0.1577100557585065,1,46.412
0.22252831766946235,1,46.504
0.2849740932642493,1,46.616
0.3482840028067069,1,46.711
0.40949233858842127,1,46.817
0.47200033182743417,1,46.929
0.5274431659102599,1,47.017
0.5649258400246098,1,47.137
0.5811853843840626,1,47.224
0.595814489054131,1,47.305
0.6120866114321497,1,47.434
0.6441690454640403,1,47.523
0.6785629743089892,1,47.64
0.707059806447121,1,47.737
0.7192787022209846,1,47.818
0.7279050337673163,0,47.949
0.7287614008215562,0,48.03
0.7390368745429863,1,48.156
0.7525423492214192,0,48.243
0.7536521186825156,-1,48.34
0.7220969757037283,-1,48.447
0.6552246410698452,-1,48.544
0.5593168287116219,-1,48.663
0.44336336923216746,-1,48.75
0.3284778011209353,-1,48.835
0.22094881799082877,-1,48.966
0.10414586983685936,-1,49.049
-0.013535682124378612,-1,49.176
-0.13403047797222845,-1,49.268
-0.2567730766277344,-1,49.353
-0.3735610920691623,-1,49.482
-0.4659025067887794,-1,49.561
-0.5493015755561925,-1,49.695
-0.6332032586159942,-1,49.777
-0.7061965214473469,-1,49.858
-0.7802558192726594,-1,49.99
-0.8481727315874112,-1,50.072
-0.9003591490929239,-1,50.192
-0.9346589500379008,-1,50.282
-0.9620166186148353,-1,50.377
-1.0,-1,50.507
-1.0,0,50.596
-0.9993306321253838,0,50.71
-0.9904365845148118,1,50.8
-0.978950516623824,1,50.887
-0.9719007911358578,0,51.013
-0.972028967962915,0,51.079
-0.9787724932529117,0,51.22
-0.9806168153755217,0,51.3
-0.9834936730493987,0,51.397
-0.9812149739017705,0,51.516
-0.972598642749821,1,51.613
-0.9548034265938424,1,51.731
-0.9394222073473839,1,51.819
-0.9270175388625003,0,51.908
-0.9313114625688077,0,52.03
-0.9391231280842532,0,52.12
-0.9455177275672767,0,52.236
-0.9536071095413406,0,52.331
-0.9564269997365238,0,52.42
-0.9447985131488054,1,52.53
-0.928399000220749,1,52.631
-0.9149404333800941,1,52.734
-0.910354551345499,0,52.841
-0.9188355847355649,-1,52.924
-0.9302860479523752,-1,53.053
-0.9406966592427634,-1,53.133
-0.9506594492417425,0,53.255
-0.9498159823227657,0,53.336
-0.9397641875194751,1,53.441
-0.9215850394828137,1,53.554
-0.9084729212048374,1,53.655
-0.9030920711694583,0,53.764
-0.9130420618405558,-1,53.86
-0.9254948751257304,-1,53.942
-0.9415638094695135,-1,54.073
-0.9509217443711918,0,54.156
-0.9476476888181239,1,54.275
-0.9277427341621626,1,54.361
-0.9085870658516801,1,54.457
-0.8990092316964413,0,54.573
-0.9022751428327077,0,54.672
-0.9116005000671896,-1,54.784
-0.9234343376756668,-1,54.864
-0.933280937585261,0,54.961
-0.9304466805393233,1,55.072
-0.9157297193841183,1,55.166
-0.8971930267503332,1,55.287
-0.8879002471830479,0,55.385
-0.8918991558311951,-1,55.475
-0.9065020951512215,-1,55.597
-0.9197530612826604,-1,55.679
-0.9327271172429521,0,55.802
-0.9341361013491217,0,55.902
-0.9213656558087969,1,55.987
-0.9035456718533037,1,56.092
-0.8964926069056491,0,56.193
-0.900247183049836,0,56.313
-0.9105743035505586,-1,56.405
-0.9195657396962966,0,56.486
-0.9206733803809144,0,56.619
-0.9135225824316748,1,56.695
-0.8945053692067755,1,56.826
-0.8750402130579398,1,56.907
-0.8685409684525988,0,57.011
-0.8809204819865881,-1,57.126
-0.8929660744318242,-1,57.222
-0.9041483586964028,0,57.335
-0.9071780817455105,0,57.429
-0.9007928589753481,1,57.516
-0.8812055365745369,1,57.64
-0.8657148558234579,1,57.721
-0.8629864761959068,0,57.849
-0.8768727068376462,-1,57.932
-0.8893743866236108,-1,58.025
-0.898390256019744,0,58.142
-0.9024380311686813,0,58.233
-0.8948474347123208,1,58.351
-0.8749587688899529,1,58.441
-0.8583604474542609,1,58.539
-0.855811244996272,0,58.657
-0.8616752250913174,0,58.747
-0.8568944524304996,1,58.866
-0.8042245089934733,1,58.956
-0.7176330695899695,1,59.052
-0.5874364226463626,1,59.173
-0.41473406443048344,1,59.259
-0.2264758701291273,1,59.382
-0.06973656883864443,1,59.465
0.07224504921263986,1,59.553
0.23007570235414687,1,59.681
0.3722690752421949,1,59.764
0.5065216417515357,1,59.888
0.6381679948853054,1,59.97
0.7598130041903044,1,60.067
0.83531989233081,1,60.18
0.8972256044175346,1,60.279
0.9517606193014543,1,60.387
1.0,1,60.492
1.0,0,60.577
1.0,0,60.687
1.0,0,60.775
1.0,0,60.901
0.997867434289849,0,60.985
0.9976564383891988,0,61.085
0.985644743187851,-1,61.199
0.9539802869544283,-1,61.302
0.9010730648661736,-1,61.408
0.8083252953942626,-1,61.511
0.6661969496021254,-1,61.599
0.5036020014468314,-1,61.717
0.33990686038099716,-1,61.801
0.18300880154328492,-1,61.919
0.013322884012536118,-1,62.017
-0.14079455027730847,-1,62.099
-0.2893205931998989,-1,62.224
-0.43652791174342875,-1,62.322
-0.580276404629851,-1,62.438
-0.6938298770195321,-1,62.526
-0.7948064866168314,-1,62.612
-0.8810133831685512,-1,62.725
-0.9465502170243558,-1,62.821
-0.9929542440318259,-1,62.939
-1.0,0,63.033
-1.0,0,63.126
-1.0,0,63.253
-1.0,0,63.335
-1.0,0,63.461
-1.0,0,63.545
-1.0,0,63.626
-1.0,0,63.752
-0.9996114576812682,0,63.851
-0.9895453335348006,1,63.969
-0.9786373676977453,1,64.055
-0.9704995646887026,0,64.149
-0.9775436930227889,0,64.272
-0.9835948798756706,0,64.348
-0.988768248897333,0,64.477
-0.9928119671034196,0,64.554
-0.9910635266691122,1,64.662
-0.9749030443010204,1,64.776
-0.9581237723142011,1,64.854
-0.9415027953461306,1,64.994
-0.935120627999514,0,65.089
-0.941948899489859,0,65.156
-0.9499499931645349,-1,65.293
-0.9579438916110876,-1,65.377
-0.9659305948295132,0,65.492
-0.961786143429679,1,65.584
-0.9478274008677461,1,65.673
-0.9299976255747212,1,65.799
-0.9176937854814711,0,65.884
-0.9155639979565593,0,66.011
-0.9243062001280791,0,66.088
-0.930846662493436,-1,66.189
-0.9404594872680437,0,66.308
-0.9433879451148006,0,66.397
-0.9357969794432339,1,66.513
-0.9169886531252464,1,66.606
-0.90059072822904,1,66.697
-0.8909059511731809,0,66.824
-0.8936617235449473,0,66.904
-0.9037854095164077,-1,67.026
-0.9151466747253229,-1,67.116
-0.9257668314373898,0,67.21
-0.9240831480562106,0,67.327
-0.9121102884566996,1,67.418
-0.8934026953324553,1,67.542
-0.8808398270267174,1,67.629
-0.8769831847518715,0,67.717
-0.8886250638576519,-1,67.836
-0.9009145134946519,-1,67.925
-0.9135853102222604,0,68.037
-0.9163626682784002,0,68.14
-0.9116354034004663,1,68.23
-0.8966621336729512,1,68.35
-0.8830487620610035,1,68.432
-0.8766737899425099,0,68.556
-0.8863801526827423,-1,68.647
-0.8983530122822534,-1,68.737
-0.9067498435037923,0,68.856
-0.9105705096380105,0,68.95
-0.9083112080068505,0,69.057
-0.8951439405386354,1,69.158
-0.8799188378267556,1,69.246
-0.8771918463674897,0,69.369
-0.8874666321295714,-1,69.451
-0.8987559450572395,-1,69.565
-0.9065411818881741,0,69.659
-0.9103330671098959,0,69.765
-0.9060806872881911,1,69.871
-0.8913448600887905,1,69.974
-0.8782495449018226,0,70.08
-0.8791345579611608,0,70.173
-0.8917693785481501,-1,70.254
-0.9008281707571545,-1,70.384
-0.9078866895474911,0,70.465
-0.9106424619192575,0,70.597
-0.9036918715507873,1,70.679
-0.8869557709327189,1,70.784
-0.8784438160611905,0,70.9
-0.8834804757484818,-1,70.983
-0.8959570013167307,-1,71.095
-0.9041667566070206,0,71.192
-0.9101387959505279,0,71.278
-0.9113332038192278,0,71.395
-0.9017419647289933,1,71.494
-0.8869773566170922,1,71.609
-0.8843726840359472,0,71.703
-0.894309294076171,-1,71.792
-0.9020945309071015,0,71.916
-0.9076996136162504,0,71.997
-0.9095200063318047,0,72.121
-0.9038789474820322,1,72.208
-0.8872219943733339,1,72.306
-0.874666321295719,1,72.426
-0.8694785618178023,0,72.513
-0.8616573488462482,1,72.638
-0.7959289399270392,1,72.733
-0.699239464387218,1,72.811
-0.5686532691519002,1,72.937
-0.40125628683057546,1,73.025
-0.21332412344133322,1,73.146
-0.06850576697534039,1,73.236
0.05433836279779336,1,73.324
0.18544980968621383,1,73.45
0.3030198372439421,1,73.536
0.41235132859887136,1,73.66
0.5228556421381356,1,73.752
0.630014174599411,1,73.838
0.6974550478122912,1,73.956
0.7490232477820722,1,74.048
0.7944755038458515,1,74.171
0.8457127233218935,1,74.255
0.8961512724760945,1,74.353
0.9453738280772184,1,74.474
0.9839906174225295,1,74.556
0.9975320367532261,0,74.672
0.9897827760629192,-1,74.762
0.9754714673228739,-1,74.857
0.9389628798181053,-1,74.978
0.8841928033328337,-1,75.057
0.8101179297889678,-1,75.197
0.7010742475590226,-1,75.279
0.5628035486865095,-1,75.37
0.4269648369201553,-1,75.486
0.29433519689741905,-1,75.577
0.1723544944992459,-1,75.698
0.04096243371396002,-1,75.789
-0.08635712795274275,-1,75.877
-0.22141155985350636,-1,76.007
-0.35817845604795384,-1,76.084
-0.4921113948119987,-1,76.208
-0.6002823688731551,-1,76.29
-0.6982195022674957,-1,76.395
-0.7900720051581481,-1,76.497
-0.8636116404136637,-1,76.595
-0.9230744293438137,-1,76.71
-0.9713204067444968,-1,76.815
-1.0,-1,76.901
-1.0,0,77.025
-1.0,0,77.1
-1.0,0,77.226
-1.0,0,77.309
-0.996174165256723,1,77.405
-0.9835986326439005,1,77.521
-0.9669900901211975,1,77.624
-0.955809536963501,0,77.727
-0.9530195780532448,0,77.828
-0.9576879251407057,0,77.921
-0.964151790338733,0,78.025
-0.9713338627809789,0,78.117
-0.974427678602259,0,78.239
-0.9708780774144531,1,78.332
-0.9584199440627026,1,78.431
-0.9417561548289062,1,78.546
-0.9267635786057111,1,78.638
-0.9201201615966291,0,78.761
-0.9264044749835978,0,78.842
-0.9302303097268708,0,78.93
-0.9360381202306542,0,79.044
-0.9378267325023275,0,79.142
-0.9328752460205103,1,79.256
-0.9160733400089743,1,79.357
-0.9008735886191759,1,79.444
-0.889748282172577,0,79.567
-0.8911570733054773,0,79.646
-0.9010807637857793,-1,79.779
-0.9086495632056872,-1,79.857
-0.9181796208694419,0,79.956
-0.9209972031352509,0,80.065
-0.9129864300265875,1,80.17
-0.8978281136701081,1,80.284
-0.8824280929525914,1,80.385
-0.871786195228067,0,80.464
-0.8733883498497964,0,80.591
-0.8852111460239624,-1,80.679
-0.8953005766375446,-1,80.793
-0.9078830150892564,-1,80.888
-0.9129933358654727,0,80.971
-0.9059700977176178,1,81.093
-0.8883463968785577,1,81.175
-0.8725803667000425,1,81.296
-0.8630848382307217,0,81.389
-0.8662062774075465,-1,81.484
-0.879051137736955,-1,81.612
-0.8916059528331179,-1,81.696
-0.9033044439073228,0,81.815
-0.9041331445737363,0,81.906
-0.8953627291875272,1,82.003
-0.8773799247263537,1,82.123
-0.8639342564137946,1,82.209
-0.8594592728151629,0,82.325
-0.8699009012119732,-1,82.417
-0.8822761644970815,-1,82.507
-0.8925658644383818,-1,82.628
-0.8981803114533322,0,82.71
-0.8959013846206951,1,82.839
-0.8819930251027251,1,82.924
-0.8656538102966042,1,83.012
-0.8602258209315976,0,83.143
-0.8674838576016005,-1,83.226
-0.8802251303477073,-1,83.356
-0.8898587755947638,-1,83.436
-0.8969510721314864,0,83.521
-0.8973032699147104,0,83.642
-0.887241462656673,1,83.741
-0.8697765961120119,1,83.867
-0.8619039397810841,0,83.954
-0.8664134525741498,0,84.042
-0.8749559752771,-1,84.151
-0.8834363454300596,-1,84.244
-0.8913159075998764,0,84.358
-0.8935257760436457,0,84.466
-0.8863229860847363,1,84.553
-0.8743896964883793,1,84.669
-0.8688097786678629,0,84.756
-0.8758537343323772,0,84.886
-0.883919754152134,0,84.957
-0.8798936500811428,1,85.06
-0.8469389869134337,1,85.179
-0.7749732398743138,1,85.27
-0.6565519146438321,1,85.387
-0.5062601429508625,1,85.486
-0.3445599254169416,1,85.564
-0.17118884016436053,1,85.683
-0.007534270225474038,1,85.773
0.13751596975242886,1,85.885
0.26739408169607404,1,85.983
0.387610925037122,1,86.08
0.46954179758986303,1,86.184
0.5297952418770078,1,86.289
0.5746831946410738,1,86.408
0.6215600290045233,1,86.495
0.6646248403024781,1,86.576
0.7121922585546094,1,86.695
0.7608922343841702,1,86.794
0.8026587479714113,1,86.914
0.8170228928559113,1,87.007
0.8195573357273558,-1,87.093
0.7987500431614922,-1,87.213
0.7612029971340792,-1,87.309
0.7073512654949792,-1,87.427
0.6355443527502502,-1,87.513
0.5336556058147188,-1,87.601
0.4176927592279289,-1,87.719
0.2940920548323631,-1,87.819
0.14370360139498106,-1,87.94
-0.004267808432028453,-1,88.025
-0.1455819895721817,-1,88.102
-0.2851006526017764,-1,88.239
-0.43323780256206623,-1,88.316
-0.5558233486412746,-1,88.449
-0.6690307655122423,-1,88.537
-0.7706225613756431,-1,88.627
-0.8615793653534047,-1,88.747
-0.9290286937605737,-1,88.833
-0.9775629294568542,-1,88.96
-1.0,-1,89.05
-1.0,0,89.122
-1.0,0,89.257
-1.0,0,89.348
-1.0,0,89.466
-1.0,0,89.553
-1.0,0,89.645
-0.9967181927832921,0,89.768
-0.9850749683750158,1,89.858
-0.9728064765853595,1,89.988
-0.9636403258238889,0,90.066
-0.9623088831353774,0,90.151
-0.9677576100104427,0,90.279
-0.9717881107037974,0,90.372
-0.9754253037884211,0,90.485
-0.9727519656897817,0,90.574
-0.9630521801286658,1,90.663
-0.9447390993566849,1,90.793
-0.9278484631879937,1,90.877
-0.9251322373123683,0,91.003
-0.9326304503216581,0,91.086
-0.9375911365260916,0,91.188
-0.9437312365975729,0,91.302
-0.9475768406004312,0,91.389
-0.936947819871334,1,91.512
-0.9181272337383869,1,91.596
-0.9001215153681207,1,91.686
-0.8881701215153679,0,91.811
-0.8899571122230162,0,91.892
-0.9003931379556824,-1,92.017
-0.9087276626161567,-1,92.114
-0.9186561829878483,0,92.198
-0.9202859185132227,0,92.32
-0.9111007862759104,1,92.401
-0.891322373123662,1,92.536
-0.8757541100786307,1,92.613
-0.867877055039316,0,92.72
-0.8735167977126558,0,92.826
-0.8836740528949272,-1,92.921
-0.8959256611865616,-1,93.031
-0.9066118656182987,0,93.129
-0.9058398856325953,0,93.211
-0.8926375982844929,1,93.338
-0.8742244460328821,1,93.427
-0.8613009292351702,1,93.537
-0.8577126518942115,0,93.626
-0.8686990707648342,-1,93.723
-0.8824374553252312,-1,93.836
-0.8949964260185845,-1,93.942
-0.8985132237312372,0,94.05
-0.8940028591851346,1,94.14
-0.877476769120802,1,94.235
-0.8596568977841337,1,94.346
-0.8493280914939264,0,94.434
-0.8553967119371018,-1,94.573
-0.8686633309506813,-1,94.654
-0.8808720514653338,-1,94.75
-0.8892423159399611,0,94.868
-0.8911436740528972,0,94.957
-0.8825589706933563,1,95.077
-0.864696211579702,1,95.16
-0.852923516797714,0,95.258
-0.8552394567548237,-1,95.363
-0.8692994996426016,-1,95.469
-0.8790850607576854,-1,95.589
-0.8889349535382423,0,95.677
-0.8934667619728358,0,95.753
-0.8885203716940686,1,95.889
-0.8706933523945715,1,95.967
-0.8525160829163694,1,96.099
-0.8289278055754115,1,96.174
-0.7936597569692667,1,96.282
-0.7016654753395268,1,96.395
-0.5787062187276643,1,96.482
-0.4276840600428857,1,96.593
-0.2541100786275937,1,96.7
-0.06750536097212267,1,96.787
0.08304503216583425,1,96.906
0.20974267333810026,1,96.993
0.3210507505360958,1,97.116
0.42238027162258884,1,97.201
0.5158327376697673,1,97.289
0.6080057183702678,1,97.423
0.7048677626876358,1,97.504
0.7947176554681936,1,97.626
0.8720300214438932,1,97.715
0.9339313795568269,1,97.806
1.0,1,97.929
1.0,0,98.019
1.0,0,98.124
1.0,0,98.233
0.9999134294266743,-1,98.315
0.9440887281783938,-1,98.433
0.8518244748329367,-1,98.523
0.7183592878571454,-1,98.647
0.575904079804753,-1,98.736
0.43181734940882466,-1,98.826
0.2916995468363479,-1,98.949
0.1504296897110884,-1,99.034
0.01986128730442549,-1,99.162
-0.11177259908168702,-1,99.243
-0.24160848125247858,-1,99.341
-0.382911634752092,-1,99.453
-0.5112292022521687,-1,99.548
-0.6255356554224833,-1,99.655
-0.7315313335530926,-1,99.764
-0.8272584098317569,-1,99.85
-0.8894094222080187,-1,99.969
-0.9363506507776375,-1,100.059
-0.968621496805212,-1,100.184
-0.9861820046415145,-1,100.265
-0.9904173034598247,0,100.355
-0.9887990996660365,0,100.471
-0.9896781239490832,0,100.576
-0.9976359574206003,0,100.683
-1.0,0,100.783
-1.0,0,100.869
-1.0,0,100.986
-0.9968903399168791,0,101.079
-0.9861814892696927,1,101.195
-0.9694315792253578,1,101.284
-0.9575145166987425,0,101.373
-0.9557517157599017,0,101.486
-0.9638196661241817,0,101.578
-0.9702238493102298,0,101.696
-0.9764035559722332,0,101.785
-0.9778692556292432,0,101.885
-0.9724223987957487,1,102.002
-0.956913711884379,1,102.084
-0.9421774883057641,1,102.206
-0.9335153353778264,0,102.299
-0.9359581681395187,0,102.404
-0.9413390024659406,0,102.516
-0.948132718443715,0,102.602
-0.9536786090378186,0,102.73
-0.9528929412036524,0,102.811
-0.9435771654557052,1,102.906
-0.9294681556942769,1,103.02
-0.9175907066719036,0,103.112
-0.9227272577221558,0,103.233
-0.9311715363767508,0,103.329
-0.9375229015571415,0,103.41
-0.9447589683323037,0,103.54
-0.9474328798687464,0,103.619
-0.9359317591366919,1,103.747
-0.9216180796033359,1,103.828
-0.9099717093557169,0,103.934
-0.9135435269883502,0,104.049
-0.9231828130209587,-1,104.125
-0.9300491537565116,0,104.259
-0.9371729822696533,0,104.351
-0.9407910156572382,0,104.424
-0.9304386865482419,1,104.555
-0.915920337242966,1,104.644
-0.9095821765639905,0,104.767
-0.9132464257065233,0,104.856
-0.9226018149587201,-1,104.956
-0.9298906997395434,0,105.065
-0.9374832880528995,0,105.156
-0.9364863481961,0,105.281
-0.9268206531606609,1,105.368
-0.9135435269883502,1,105.456
-0.9090539965074054,0,105.577
-0.91180713505234,0,105.669
-0.9125135758780144,0,105.785
-0.9008209898754476,1,105.873
-0.8709458054250685,1,105.963
-0.811611378318871,1,106.088
-0.7205201253107156,1,106.179
-0.5819586897173248,1,106.305
-0.4342993526493142,1,106.391
-0.28162890729449486,1,106.472
-0.12370967262739885,1,106.598
0.033014554661687345,1,106.686
0.1598437907482655,1,106.814
0.28379444552648114,1,106.894
0.39709566991387724,1,106.984
0.48748048209635053,1,107.112
0.5636044327511287,1,107.196
0.632848838168935,1,107.312
0.696659591254662,1,107.402
0.7592225189567143,1,107.501
0.8238915646343858,1,107.615
0.8793504705754251,1,107.708
0.9154713841948727,1,107.831
0.9383481828955536,1,107.919
0.9360836109029582,-1,108.001
0.9087833042284128,-1,108.118
0.857206521703253,-1,108.22
0.7806138112482566,-1,108.324
0.673644145289134,-1,108.434
0.5486833461527074,-1,108.525
0.39761724771974905,-1,108.636
0.24799704219168728,-1,108.727
0.10756716964813706,-1,108.841
-0.025468182103275172,-1,108.936
-0.15412624163577082,-1,109.028
-0.26431780594004617,-1,109.132
-0.3718552654599959,-1,109.238
-0.4930791906961075,-1,109.356
-0.6027293704423824,-1,109.456
-0.6941639404873124,-1,109.539
-0.7670461860448208,-1,109.662
-0.8280509825799597,-1,109.737
-0.8646868717545809,-1,109.854
-0.8963446638959219,-1,109.95
-0.9189375658161874,-1,110.047
-0.9334229038679308,-1,110.16
-0.9392989069973938,0,110.264
-0.9369220967427779,0,110.379
-0.9270715386875361,1,110.466
-0.9185942487794088,0,110.56
-0.9164485172995473,0,110.668
-0.922760268975696,0,110.763
-0.9298048704803459,0,110.875
-0.937040937255508,0,110.98
-0.9408702426657262,0,111.065
-0.9376483443205772,0,111.189
-0.9254671917656713,1,111.275
-0.911510033770513,1,111.389
-0.9017321004730496,0,111.488
-0.9028544830932848,0,111.576
-0.9077005351124197,0,111.697
-0.912480564624478,0,111.788
-0.9148903861326302,0,111.909
-0.9119325778157757,0,111.998
-0.9004050480808906,1,112.084
-0.8858206762685421,1,112.198
-0.8750259963621619,0,112.294
-0.8810934647621372,0,112.421
-0.8886068260670053,0,112.505
-0.8953345195377072,0,112.59
-0.900655933607766,0,112.713
-0.9005040818414997,0,112.81
-0.8864676968378534,1,112.931
-0.871368349470335,1,113.017
-0.8586590168588477,0,113.095
-0.8632277743482767,0,113.227
-0.8731443549105912,-1,113.32
-0.8807897612296007,-1,113.442
-0.8896452458453579,0,113.528
-0.8915903589095886,0,113.614
-0.8816985650007301,1,113.733
-0.8688234232208989,1,113.824
-0.8617659380971351,0,113.95
-0.8645930194932365,0,114.035
-0.8762010838280735,-1,114.14
-0.8849616300338221,-1,114.243
-0.8939810415240322,0,114.33
-0.8954252373215594,0,114.459
-0.886187834012854,1,114.55
-0.8705673577688539,1,114.635
-0.8610370279540471,0,114.757
-0.8612686442611952,0,114.842
-0.8718208107251952,-1,114.964
-0.8802134957372366,-1,115.063
-0.8877137767423176,0,115.148
-0.8888922950110529,0,115.28
-0.8798388222992031,1,115.357
-0.8618272482960883,1,115.482
-0.8523650409245571,0,115.567
-0.8539454816086475,0,115.659
-0.8641774725892328,-1,115.771
-0.8727881494197656,-1,115.867
-0.8832585689518333,0,115.976
-0.8851046871647076,0,116.081
-0.8742527819502759,1,116.152
-0.8600972986988162,0,116.287
-0.862756264236899,0,116.38
-0.873696324038629,-1,116.507
-0.8837708493403659,-1,116.588
-0.8940176476465785,-1,116.682
-0.9034099718505904,0,116.793
-0.9027897890344819,0,116.893
-0.8898141863373726,1,116.996
-0.8747919803470957,0,117.101
-0.8766049783699379,-1,117.176
-0.8985449187112269,-1,117.297
-0.9119526263814123,-1,117.389
-0.9218419041570584,-1,117.507
-0.9281858374655014,0,117.6
-0.9223513729486046,1,117.698
-0.9060832667418107,1,117.817
-0.8923136513209589,0,117.914
-0.8912635187499587,0,118.028
-0.9046798797032503,-1,118.113
-0.9143918467091713,-1,118.205
-0.9239217580970986,0,118.315
-0.9277589303532262,0,118.409
-0.920021566588592,1,118.529
-0.9033914860990024,1,118.634
-0.8930773351258809,0,118.712
-0.8943657287301288,-1,118.836
-0.9114930454304292,-1,118.915
-0.9222367048093503,-1,119.046
-0.9322987847508899,0,119.142
-0.9316804446427515,0,119.223
-0.9205503226962433,1,119.344
-0.9023373958746863,1,119.432
-0.8935260493337044,0,119.564
-0.8967231487564657,0,119.642
-0.9087526744966302,-1,119.737
-0.9189693394652054,-1,119.863
-0.930352418728678,0,119.94
-0.929804344541915,0,120.064
-0.9183791057256163,0,120.147
-0.910354737504081,0,120.242
