0,1,0.0
1.0,1,0.122
1.0,0,0.21
1.0,0,0.301
1.0,0,0.428
1.0,0,0.513
1.0,0,0.626
1.0,0,0.726
1.0,0,0.806
1.0,0,0.937
1.0,0,1.01
1.0,0,1.151
1.0,0,1.227
1.0,0,1.331
1.0,0,1.449
1.0,0,1.539
1.0,0,1.66
0.9929175129397905,-1,1.75
0.9839284544322879,0,1.832
0.9802660027517518,0,1.947
0.9876498722400577,0,2.052
0.9787132280678787,-1,2.154
0.9170281071873181,-1,2.252
0.7762825132673801,-1,2.35
0.629299613444277,-1,2.467
0.4912926685448493,-1,2.554
0.37868046910830033,-1,2.669
0.33148791194392047,0,2.769
0.3706152132608276,1,2.854
0.41555395400642303,1,2.979
0.4466815173950083,1,3.058
0.4747952565026565,1,3.187
0.5002882788442655,1,3.275
0.524490598178605,1,3.363
0.5534429666513798,1,3.488
0.5890978182532938,1,3.579
0.6169560374762519,1,3.698
0.6333617244316359,0,3.786
0.6249754307803184,-1,3.877
0.6098407914564672,-1,3.996
0.5968682434645913,-1,4.075
0.588200222760926,0,4.206
0.5893992006813902,1,4.295
0.6093494070628316,1,4.384
0.6331389635065212,1,4.507
0.6516543274585607,1,4.585
0.6600930354451982,0,4.713
0.6526370962458239,-1,4.808
0.6334206905588693,-1,4.902
0.6129070300727242,-1,5.016
0.5952958134049662,-1,5.111
0.5853895040293551,0,5.23
0.587774356286445,1,5.32
0.6018148463604795,1,5.404
0.6165760335451778,1,5.524
0.6270195898578268,0,5.62
0.6287558147153254,0,5.738
0.6177553560898936,-1,5.833
0.5961540981458451,-1,5.911
0.5768263119963333,-1,6.033
0.5614230492039611,-1,6.119
0.5167005175915629,-1,6.248
0.43311275633886104,-1,6.332
0.31974054904016325,-1,6.438
0.17245626678896753,-1,6.543
-0.006335582781891613,-1,6.642
-0.1798859988206759,-1,6.748
-0.3304985913647359,-1,6.851
-0.4728035117604642,-1,6.933
-0.5962327196488232,-1,7.05
-0.7020965734128268,-1,7.138
-0.7883312585992261,-1,7.263
-0.854949878791848,-1,7.347
-0.894116490860248,-1,7.449
-0.9237633492760247,-1,7.568
-0.9517395007534538,-1,7.649
-0.977009762169952,-1,7.779
-0.9927864771014849,-1,7.865
-1.0,0,7.962
-1.0,0,8.075
-0.9916733439079038,1,8.164
-0.9736660507252278,1,8.281
-0.9484963942897308,1,8.367
-0.8668192893234978,1,8.462
-0.7550013899563367,1,8.588
-0.6185567347472709,1,8.666
-0.4549343450035135,1,8.799
-0.26658054388173846,1,8.882
-0.11084656517259761,1,8.983
0.037260641342208745,1,9.094
0.19902539531993524,1,9.19
0.3465831602701437,1,9.309
0.4697365623926879,1,9.401
0.5734174938269616,1,9.481
0.6621065197128522,1,9.6
0.7245989567151268,1,9.689
0.7811848968979453,1,9.817
0.8386604091377381,1,9.906
0.908956224551537,1,9.994
0.9711804817425163,1,10.115
1.0,1,10.203
1.0,0,10.33
1.0,0,10.415
0.9950093654172028,0,10.506
0.9998276890872977,0,10.625
1.0,0,10.716
1.0,0,10.833
1.0,0,10.927
1.0,0,11.015
1.0,0,11.134
1.0,0,11.223
0.9995211063611085,0,11.35
1.0,0,11.432
0.9896570733542731,-1,11.529
0.92139842435167,-1,11.644
0.78967632414837,-1,11.735
0.6363233316707646,-1,11.857
0.4815294464229982,-1,11.946
0.35891355518415025,-1,12.037
0.3098065295193422,-1,12.158
0.3365768004596832,1,12.247
0.3818161665835358,1,12.365
0.4262388323518318,1,12.462
0.46061608374678786,1,12.54
0.48374620453093686,1,12.669
0.4818677937131566,0,12.752
0.46959978765790766,-1,12.881
0.4529682682744012,-1,12.959
0.4451746134528043,0,13.062
0.4410386095093104,0,13.174
0.44396706364137395,1,13.268
0.4568942635550357,1,13.374
0.4754800302179125,1,13.481
0.48505875867379533,0,13.567
0.4864646500001446,0,13.674
0.4697806284509223,-1,13.765
0.45485251266614823,-1,13.892
0.44236866437407296,-1,13.984
0.4338516463804105,0,14.081
0.4316815568642207,0,14.192
0.4476772166851857,1,14.288
0.4634161992515524,1,14.398
0.4748033356375958,0,14.51
0.4672663580706038,-1,14.585
0.44952062605915777,-1,14.698
0.43398581858168317,-1,14.784
0.41605924577722253,-1,14.904
0.370755710339717,-1,15.002
0.2978710371802813,-1,15.1
0.19738772557701445,-1,15.208
0.04527728435464762,-1,15.31
-0.13058163649250587,-1,15.428
-0.30219371549076357,-1,15.508
-0.4507106751486806,-1,15.601
-0.5736590801037202,-1,15.72
-0.6572308607730046,-1,15.808
-0.7259795299889431,-1,15.931
-0.7788783787331197,-1,16.017
-0.8242985856499903,-1,16.113
-0.8617326298043089,-1,16.242
-0.8933739350081499,-1,16.317
-0.9214042579256368,-1,16.44
-0.9473753292323288,-1,16.528
-0.9589199721155124,-1,16.617
-0.9645960395866316,0,16.739
-0.9448610588520103,1,16.831
-0.8905738195033853,1,16.956
-0.7972891381769487,1,17.042
-0.674486572571119,1,17.127
-0.5276205143462154,1,17.251
-0.38108696983750323,1,17.337
-0.2454797093713439,1,17.468
-0.12046621923154244,1,17.556
0.006233173785087365,1,17.641
0.12030871273439869,1,17.767
0.2282648325910115,1,17.854
0.33274414236253924,1,17.97
0.4232637096280196,1,18.069
0.4847787471233196,1,18.151
0.5352683298186023,1,18.276
0.5894855662796075,1,18.364
0.638633426962194,1,18.485
0.6871979302479545,1,18.578
0.7353540833559367,1,18.667
0.7796425769229636,1,18.786
0.7911172169185274,0,18.877
0.7809667982137594,-1,18.999
0.7645802889369169,0,19.084
0.7722047701134327,1,19.173
0.7942381789915496,1,19.286
0.8419859819217539,1,19.385
0.9036876937840355,1,19.511
0.9546672966926533,1,19.6
0.9652727341669518,0,19.682
0.9509688107967789,-1,19.804
0.9309654856596155,-1,19.902
0.9141356247611834,-1,20.023
0.9094512648646751,0,20.107
0.9166790630113499,1,20.189
0.9358306863491452,1,20.319
0.9465002931370934,0,20.407
0.9440851935142325,-1,20.529
0.92739533839104,-1,20.62
0.9096846078234055,-1,20.714
0.8954040187491068,-1,20.83
0.8876103639275101,0,20.915
0.888467899300845,0,21.022
0.899155006810697,1,21.132
0.9116680229726137,1,21.214
0.9196250178653176,-1,21.342
0.891682198557358,-1,21.422
0.8036360666544144,-1,21.546
0.6755249487374686,-1,21.634
0.5432778268770253,-1,21.722
0.4182876710330983,-1,21.838
0.3278672745250757,-1,21.943
0.30151118733647664,0,22.046
0.3234337583091951,1,22.153
0.3439679386774721,1,22.238
0.34637720472636246,0,22.348
0.3425737144990566,0,22.44
0.34176284771746723,0,22.566
0.3380293603777811,0,22.653
0.3427603888660382,1,22.755
0.35996943207240384,1,22.854
0.3837645802889358,1,22.962
0.3987101967956139,1,23.075
0.40215200543689034,0,23.163
0.39170407445973887,-1,23.251
0.37377989870305073,-1,23.371
0.35519174067416737,-1,23.461
0.3432272087512691,0,23.583
0.3417425335685056,-1,23.668
0.2892622352081802,-1,23.772
0.20217712768800222,-1,23.873
0.07850962366453462,-1,23.965
-0.07745847363513736,-1,24.096
-0.26096432622470767,-1,24.177
-0.40481153533229974,-1,24.274
-0.5246248225813153,-1,24.389
-0.6413559241509124,-1,24.484
-0.741256747848708,-1,24.606
-0.820710624929478,-1,24.702
-0.8841893970437128,-1,24.783
-0.9367350211120818,-1,24.917
-0.9642668377012471,-1,24.998
-0.9847434778219242,-1,25.115
-0.9998693485839161,0,25.2
-1.0,0,25.301
-0.9896385356271751,1,25.414
-0.9551596650623982,1,25.507
-0.8860357607012076,1,25.627
-0.7842311093176021,1,25.713
-0.6650802034312705,1,25.807
-0.5345708537822897,1,25.927
-0.38599718709386177,1,26.019
-0.2440225744618978,1,26.133
-0.11459328581856143,1,26.226
0.004415194440650971,1,26.314
0.11657537579594934,1,26.436
0.20165095039434067,1,26.524
0.2734037944560841,1,26.643
0.3468716908529603,1,26.738
0.4253998459517023,1,26.827
0.48736954978629243,1,26.939
0.5484028816093511,1,27.03
0.6087898146889563,1,27.157
0.662054279371119,1,27.246
0.7095978131182683,1,27.333
0.7392717442194121,1,27.461
0.7359914216241521,-1,27.55
0.7193421231480199,-1,27.663
0.6967967015540759,-1,27.755
0.6746922809720137,-1,27.839
0.6681437180009946,1,27.964
0.6926102124960332,1,28.046
0.7276063612885657,1,28.174
0.755329013939859,1,28.276
0.7744249618654915,1,28.358
0.7874677178197618,1,28.478
0.7952245027411533,0,28.563
0.7990666485433358,0,28.679
0.8099466872064403,1,28.778
0.8249528038300618,1,28.874
0.8342379895186736,0,28.991
0.8252367359883999,-1,29.076
0.8041895096129135,-1,29.201
0.786011810369561,-1,29.28
0.7738329331098099,-1,29.378
0.7662513403712239,0,29.486
0.7741833174754171,1,29.603
0.7902828749641277,1,29.695
0.804328455137209,1,29.801
0.8085209853049988,0,29.885
0.8003654871399859,-1,30.009
0.7787866431063362,-1,30.093
0.7268633047890873,-1,30.21
0.6227085315572463,-1,30.3
0.488378415114854,-1,30.398
0.36571368160331175,-1,30.506
0.26106353737181376,-1,30.607
0.19497379668644998,-1,30.73
0.18652832525334828,0,30.82
0.2078715660066741,1,30.894
0.21307296150302535,0,31.04
0.20866899249392046,0,31.113
0.2043918867896033,0,31.227
0.2052255599353594,0,31.322
0.21110960083367392,1,31.416
0.23099089302704834,1,31.537
0.2561339918142962,1,31.624
0.2692371588660849,0,31.748
0.2617401416640228,-1,31.824
0.24526603537069613,-1,31.922
0.22936583450379966,-1,32.032
0.18942201682448778,-1,32.123
0.11382961049944673,-1,32.244
0.01169860903447928,-1,32.346
-0.1078791173938668,-1,32.423
-0.251385679549331,-1,32.556
-0.3934182109253467,-1,32.64
-0.5149411746937929,-1,32.766
-0.6260492652500249,-1,32.852
-0.7171733647471039,-1,32.951
-0.7930194976817238,-1,33.069
-0.8526935798106101,-1,33.154
-0.8967332699016797,-1,33.273
-0.9183966894718533,-1,33.368
-0.9357588388987044,-1,33.449
-0.9496533913279857,-1,33.577
-0.9693474091190538,-1,33.664
-0.9783969915273415,0,33.788
-0.9615543775391526,1,33.873
-0.9092927370757975,1,33.963
-0.8195882983704096,1,34.084
-0.6876262969507476,1,34.172
-0.5304487034268182,1,34.298
-0.34867775210305896,1,34.385
-0.18626855753401905,1,34.479
-0.04739552655822976,1,34.593
0.07719027985441085,1,34.688
0.18557987102230888,1,34.803
0.25960762992161657,1,34.893
0.3407442797454767,1,34.997
0.4164839086525123,1,35.1
0.48143493763859113,1,35.195
0.5336910205065164,1,35.32
0.5776017471564467,1,35.402
0.619090612389313,1,35.495
0.653887331590649,1,35.619
0.6843751240711853,1,35.705
0.7223358761692336,1,35.833
0.7547580744957321,1,35.91
0.7720331642123521,1,36.008
0.7816544982056697,1,36.126
0.7894134389308289,1,36.22
0.8079321866105709,1,36.335
0.8246380398465529,1,36.434
0.8430763519366409,1,36.521
0.8913235986811103,1,36.634
0.9977406414470404,1,36.727
0.9932416854946562,-1,36.843
0.9737769492731165,-1,36.935
0.9548523512479155,-1,37.026
0.9419614920988337,-1,37.145
0.9387667722790554,0,37.243
0.9453669975562025,1,37.351
0.9609914829428303,1,37.449
0.9727954786480737,0,37.532
0.975298558094498,0,37.658
0.9646209481401478,-1,37.749
0.9436543642507544,-1,37.856
0.9197894778444526,-1,37.95
0.9019846785189676,-1,38.058
0.8927364586695461,0,38.16
0.8976042894877252,1,38.257
0.9131233820555538,1,38.372
0.9329174708358294,1,38.467
0.9427585252909831,0,38.555
0.9391290600936657,-1,38.663
0.9202110491196376,-1,38.758
0.8975384189759772,-1,38.874
0.8853128519955489,-1,38.978
0.88062287155909,0,39.057
0.8841864662446557,0,39.186
0.8788246065883665,-1,39.273
0.8182500839849018,-1,39.395
0.6978453755607246,-1,39.485
0.5637725359488324,-1,39.57
0.4286194199442712,-1,39.684
0.3247284488153197,-1,39.782
0.29024523591523854,0,39.9
0.3106848557106441,1,39.999
0.34055054573719135,1,40.075
0.3720432374039113,1,40.205
0.38413047630967045,-1,40.293
0.3431787791559344,-1,40.417
0.20036492263508476,-1,40.497
0.025235192791839278,-1,40.597
-0.17302449591734637,-1,40.715
-0.3780303282786218,-1,40.812
-0.5567738710214964,-1,40.924
-0.6534310948175328,-1,41.017
-0.73443092817864,-1,41.096
-0.8053391101483109,-1,41.221
-0.8762739543409424,-1,41.315
-0.9417163806032313,-1,41.433
-0.9934277620396578,-1,41.523
-1.0,0,41.614
-1.0,0,41.735
-1.0,1,41.825
-0.9764355538292225,1,41.954
-0.8945620508836698,1,42.039
-0.7882177769146135,1,42.124
-0.6553181847607957,1,42.247
-0.5035087719298215,1,42.335
-0.33745063766426986,1,42.459
-0.2012300123001245,1,42.54
-0.06821389266524325,1,42.633
0.06015407522495986,1,42.76
0.19716449796076763,1,42.845
0.3162232148637283,1,42.968
0.41241017673334635,1,43.046
0.486981290865538,1,43.152
0.5542241211885788,1,43.267
0.6019485984333481,1,43.351
0.6504305043050438,1,43.48
0.7126885479381087,1,43.563
0.7752120152780444,1,43.649
0.8193241406098257,1,43.786
0.8432834854664344,1,43.86
0.8495241794523194,0,43.993
0.8332362270991132,-1,44.076
0.810565158283161,-1,44.165
0.8071530183378335,1,44.287
0.8348720175503994,1,44.378
0.8764796806190618,1,44.497
0.9227406617692344,1,44.592
0.9695719660268893,1,44.675
1.0,1,44.789
1.0,0,44.888
1.0,0,45.001
1.0,0,45.102
1.0,0,45.189
1.0,0,45.31
1.0,0,45.401
0.9887885550355786,-1,45.52
0.9674642109459115,-1,45.593
0.9512433969548337,-1,45.696
0.9405780862075979,0,45.807
0.941306265163856,0,45.912
0.9499879159957683,1,46.023
0.9668992445143336,1,46.117
0.9781734635267081,0,46.193
0.9769054277580584,-1,46.323
0.9606908911717711,-1,46.41
0.9366547082105294,-1,46.527
0.922913469113599,-1,46.617
0.9151671515961892,0,46.72
0.9157321180277671,0,46.833
0.9255625339372204,1,46.927
0.9376088737394208,-1,47.058
0.8907668791568168,-1,47.13
0.7715840717130715,-1,47.232
0.6175742224649463,-1,47.342
0.47546633270872984,-1,47.435
0.3454361697786905,-1,47.545
0.27083549119123074,-1,47.646
0.26922847556363294,1,47.733
0.3037228149138589,1,47.861
0.32726936030106346,1,47.942
0.339924608368406,0,48.059
0.32979915443357233,-1,48.152
0.315543168143426,-1,48.238
0.27805450670583665,-1,48.355
0.1974463517292686,-1,48.458
0.08317875224025006,-1,48.575
-0.04542016239646318,-1,48.666
-0.19853234275885634,-1,48.752
-0.37421179336038723,-1,48.887
-0.5263070341459433,-1,48.952
-0.6536504678235908,-1,49.075
-0.7586714500491227,-1,49.165
-0.8473900120212317,-1,49.253
-0.8984880870550511,-1,49.383
-0.9346584934856217,-1,49.478
-0.9596174549517745,-1,49.592
-0.9768112666861288,-1,49.684
-0.9880227116505501,-1,49.765
-0.9973572125811762,0,49.896
-1.0,0,49.988
-0.9982752835590621,0,50.108
-0.9935401529666728,1,50.194
-0.9727369368408868,1,50.285
-0.8784984305080394,1,50.405
-0.7482666599768582,1,50.496
-0.5909537054748785,1,50.606
-0.4106926147642004,1,50.709
-0.22107415339941505,1,50.802
-0.07252275841740063,1,50.918
0.06564897943824599,1,51.012
0.19679014591101285,1,51.126
0.3397158294474947,1,51.217
0.47495241350546946,1,51.306
0.5913801808130006,1,51.429
0.6888486106625098,1,51.515
0.772475407111477,1,51.639
0.8334237502861461,1,51.729
0.8888341857613682,1,51.816
0.9481832464180804,1,51.934
0.9997554038501966,1,52.022
1.0,0,52.146
0.9965040580103992,-1,52.239
0.968437696878355,-1,52.317
0.9355227236229311,-1,52.449
0.922539560968979,0,52.537
0.9332682733999567,1,52.648
0.9758495880223839,1,52.747
1.0,1,52.844
1.0,0,52.947
1.0,0,53.049
1.0,0,53.172
1.0,0,53.254
1.0,0,53.344
1.0,0,53.454
1.0,0,53.565
1.0,0,53.667
0.9978375642692017,-1,53.777
0.9827350211067556,-1,53.864
0.959293297599467,-1,53.987
0.9398256248634107,-1,54.067
0.9269832871323584,0,54.178
0.9265979594888376,0,54.271
0.9349198863571022,1,54.37
0.9515522377759105,1,54.478
0.9641760314703398,0,54.582
0.967293159571653,0,54.7
0.9576427150070739,-1,54.783
0.9387674116334468,-1,54.876
0.9232507850331841,-1,54.982
0.9125478783974983,0,55.07
0.9078894397221053,0,55.209
0.9071647937059344,0,55.294
0.8960247989969998,-1,55.39
0.8290007936599231,-1,55.507
0.7067024005337079,-1,55.587
0.5600305961651284,-1,55.718
0.41718331243745777,-1,55.8
0.30432832215691685,-1,55.893
0.2538561520146312,-1,56.015
0.26052749629050265,1,56.098
0.2898354018334717,1,56.226
0.32069036910937787,1,56.315
0.34344195355364193,1,56.405
0.3456158916021581,0,56.533
0.3352465521802652,-1,56.617
0.32952990027490503,0,56.739
0.32769528059903896,0,56.818
0.3283911708209206,0,56.918
0.3413197759348505,1,57.038
0.36101174386639,1,57.125
0.37722426068852766,1,57.245
0.3804391584904361,0,57.334
0.36988578198507027,-1,57.426
0.35307514464164624,-1,57.545
0.3415038130183201,-1,57.636
0.3330783652906062,0,57.755
0.3360747190558886,1,57.844
0.3494059052899141,1,57.937
0.36982827039648525,1,58.059
0.38245781524977174,0,58.147
0.38352177963859946,0,58.265
0.37074270465498627,-1,58.361
0.3547084737574644,-1,58.439
0.34108397842165283,-1,58.562
0.3338605228953657,0,58.657
0.33717894155672323,1,58.774
0.35244826832606724,1,58.859
0.37117404156937783,1,58.955
0.38264185233324466,0,59.084
0.37911064079411827,-1,59.166
0.34408033218693523,-1,59.287
0.2681305283014537,-1,59.371
0.1588585099897637,-1,59.46
0.002559265692037016,-1,59.587
-0.1641668296161678,-1,59.671
-0.3219498728993895,-1,59.799
-0.4573494059052896,-1,59.886
-0.5746212861891655,-1,59.973
-0.6576162596763219,-1,60.088
-0.735124627612465,-1,60.186
-0.803120578796628,-1,60.3
-0.8615120946870793,-1,60.404
-0.9086140857382762,-1,60.476
-0.9429254994881489,-1,60.611
-0.9611566730696255,-1,60.702
-0.9629912927454882,1,60.817
-0.9419420513233416,1,60.903
-0.8941556723679841,1,61.003
-0.7848779028974338,1,61.105
-0.6375274617835505,1,61.208
-0.46548154453122403,1,61.32
-0.28288225077352835,1,61.424
-0.10108811925603078,1,61.502
0.04120705322122409,1,61.626
0.1613890198875081,1,61.717
0.26221258583604556,1,61.826
0.3606034115874337,1,61.922
0.452196367568066,1,62.017
0.5382509575679537,1,62.125
0.6241042570077868,1,62.235
0.7070474700652185,1,62.346
0.7710578681604348,1,62.434
0.8156466027904621,1,62.517
0.8262229839312634,0,62.637
0.8194998792256638,-1,62.725
0.8099932136325474,0,62.855
0.8058236234601277,0,62.946
0.8167565764501572,1,63.037
0.8553583547084738,1,63.151
0.8991821852103199,1,63.234
0.9360931227642397,1,63.371
0.963319108800424,1,63.454
0.9839830225790496,1,63.551
0.9991833354420943,1,63.658
1.0,0,63.757
1.0,0,63.87
1.0,0,63.971
0.9956088594381176,-1,64.047
0.9724674352108207,-1,64.183
0.9536150319974597,-1,64.261
0.942449961421506,-1,64.389
0.935857577270456,0,64.466
0.9364873144828212,1,64.563
0.9526392229837068,1,64.687
0.9653814732446777,1,64.779
0.972081650251893,0,64.9
0.9624880860527385,-1,64.984
0.9421379294694341,-1,65.067
0.9228770480642658,-1,65.195
0.9081966654648777,-1,65.28
0.8978486364076048,0,65.402
0.9022921985978558,1,65.5
0.9170165244601884,1,65.585
0.933913716833338,1,65.706
0.943558523287096,0,65.796
0.9423738706070326,0,65.916
0.9282736143175383,-1,66.011
0.9078166851106488,-1,66.083
0.8898446371351045,-1,66.22
0.8783448379481842,0,66.301
0.8781368013799766,0,66.425
0.8886137541065551,1,66.523
0.9072908148965746,1,66.61
0.9209114313204845,1,66.73
0.9256384844536012,0,66.818
0.916635124085146,-1,66.937
0.8973859627325629,-1,67.027
0.8783275015674976,-1,67.125
0.8696130808771059,0,67.234
0.8674402544980704,0,67.327
0.8740338579514761,1,67.447
0.8886426480743614,0,67.537
0.8690698742823453,-1,67.621
0.7752164880537895,-1,67.737
0.6322838081093802,-1,67.825
0.4836359013328819,-1,67.959
0.34339613918802225,-1,68.046
0.24338255902315242,-1,68.133
0.21335016888524083,0,68.262
0.23129910168653867,1,68.346
0.25740191220278774,1,68.471
0.2780784355650081,1,68.558
0.28834735172338255,0,68.644
0.27707870427890957,-1,68.758
0.26728364919255654,-1,68.858
0.26073627608764016,0,68.974
0.2574654789319637,0,69.075
0.2587888226574955,1,69.152
0.27574380296625445,1,69.276
0.2920688947768373,1,69.364
0.3007139699444965,0,69.485
0.29504497346089376,-1,69.568
0.2751081356745151,-1,69.664
0.24255619154389185,-1,69.773
0.17986783899125158,-1,69.882
0.0844368421204702,-1,69.986
-0.03306914615435563,-1,70.088
-0.16636857723213028,-1,70.177
-0.33328325045580276,-1,70.293
-0.5096635875328319,-1,70.386
-0.7135336455808147,-1,70.494
-0.9318160147705983,-1,70.589
-1.0,-1,70.692
-1.0,0,70.81
-1.0,0,70.894
-1.0,0,71.022
-1.0,0,71.094
-0.9916086933569592,1,71.195
-0.9716311405612719,1,71.309
-0.9455896292998018,1,71.405
-0.9193185965218319,1,71.526
-0.895081124380006,1,71.619
-0.8739559640018485,1,71.695
-0.8341064383080606,1,71.827
-0.7703361801652104,1,71.905
-0.6718622687283848,1,72.037
-0.5404107058016165,1,72.123
-0.3832022382938294,1,72.211
-0.2276463257048058,1,72.337
-0.08052303363179025,1,72.426
0.0761988482610294,1,72.554
0.21522462123211827,1,72.637
0.3404928745045199,1,72.726
0.4574111350068508,1,72.845
0.570354082843497,1,72.934
0.6501495332679965,1,73.059
0.7192722331754988,1,73.145
0.7820601392277513,1,73.232
0.8398077527777834,1,73.353
0.879978608594661,1,73.445
0.9005161938905957,1,73.569
0.9071080518443184,0,73.655
0.9025222119447587,-1,73.751
0.8879751382293348,-1,73.87
0.8831276438009681,0,73.951
0.9017372483583483,1,74.091
0.9300556130634461,1,74.162
0.9598520963347719,1,74.253
0.9858798363052554,1,74.38
0.9958594318424376,0,74.467
0.9854621071452339,-1,74.589
0.9761435335755544,-1,74.675
0.9691660794741197,0,74.767
0.966944311194454,0,74.887
0.9708324056838697,0,74.968
0.9808165916513834,0,75.096
0.9857558946863478,0,75.188
0.9819458375125381,-1,75.275
0.969473638306223,-1,75.398
0.954040611537128,-1,75.485
0.946484763214128,0,75.61
0.9436983720038834,0,75.699
0.948316344915753,0,75.788
0.9593609202894731,1,75.907
0.9743899891895382,1,75.995
0.979407329540106,0,76.11
0.9788381161792012,0,76.217
0.9720167367089811,-1,76.297
0.9555738152673128,-1,76.41
0.9420549979457828,-1,76.505
0.9334066272042667,0,76.621
0.9304320283504977,0,76.723
0.9333928559132776,0,76.815
0.9459476828655302,1,76.926
0.9558400602264485,0,77.017
0.9593287872771632,0,77.144
0.9540038880944894,-1,77.231
0.941371023826628,-1,77.319
0.9266081998856988,-1,77.425
0.9156233001062695,0,77.531
0.9111843539772642,0,77.636
0.9144527403721472,0,77.736
0.9247490756020929,1,77.815
0.938841696714859,1,77.942
0.9470861095873426,0,78.035
0.9466316569846851,0,78.148
0.9342742185366173,-1,78.25
0.890394295013188,-1,78.346
0.8013812604862647,-1,78.458
0.6811028049824528,-1,78.55
0.552469766278239,-1,78.661
0.43882448260111984,-1,78.752
0.36280236590779147,-1,78.844
0.33570505567044373,-1,78.958
0.34174147155425083,1,79.05
0.3564400294705605,1,79.163
0.3621420277525462,0,79.264
0.3608456554588797,0,79.347
0.3628926347843886,0,79.479
0.3671245920416202,0,79.557
0.3763336990296402,1,79.693
0.392543935306255,1,79.779
0.4078203810141523,1,79.863
0.4121673371098957,0,79.977
0.4082895762752805,-1,80.077
0.3957547028775019,-1,80.202
0.37829327923787903,-1,80.284
0.33477771874504003,-1,80.37
0.26166145721928125,-1,80.491
0.16613422204435868,-1,80.581
0.05655412880329691,-1,80.708
-0.0678838143734749,-1,80.793
-0.18389004271056986,-1,80.882
-0.29726969757605537,-1,81.014
-0.3942183183949868,-1,81.098
-0.4781628705550084,-1,81.219
-0.5513067318020115,-1,81.305
-0.6109589293148161,-1,81.385
-0.6435220004277964,-1,81.515
-0.6647599859241434,-1,81.604
-0.6705697272457583,0,81.724
-0.666972563577108,0,81.811
-0.6628142055765255,0,81.907
-0.6590422436733407,0,82.033
-0.6512223226545429,0,82.117
-0.6453435820298211,1,82.241
-0.6278545586689592,1,82.322
-0.5838560030543709,1,82.419
-0.4822476292989446,1,82.541
-0.35939667009363463,1,82.625
-0.2210484674104799,1,82.75
-0.07887770333519639,1,82.836
0.058596508175266404,1,82.93
0.16113867249941016,1,83.05
0.2547661268621195,1,83.138
0.356544698898541,1,83.258
0.4586452676827979,1,83.345
0.5541173034152345,1,83.43
0.6334987016631128,1,83.559
0.6993976360838741,1,83.647
0.7461653637298256,1,83.769
0.7823209985579138,1,83.852
0.8156522619121556,1,83.947
0.8442363732126299,1,84.076
0.8637953756667056,1,84.154
0.8622405913700275,-1,84.265
0.841508600763132,-1,84.368
0.8132694859781904,-1,84.453
0.7949754707477463,-1,84.579
0.7930756899355331,1,84.671
0.8139456791486399,1,84.794
0.8455795596464475,1,84.876
0.8706033069066001,1,84.967
0.8835107765411558,1,85.08
0.8924530862238291,0,85.175
0.89411366945194,0,85.288
0.8995462145832331,0,85.389
0.9086127230114995,1,85.476
0.919841209603784,0,85.6
0.9202000059799427,0,85.681
0.9099421095846936,-1,85.8
0.8915882949582215,-1,85.885
0.8756126563121722,-1,85.99
0.8643105704632388,0,86.09
0.8610078038211824,0,86.197
0.8672453408220575,1,86.316
0.879411214456796,1,86.397
0.8897124871968958,0,86.496
0.8940496625951095,0,86.607
0.8900796000105462,-1,86.693
0.8763239474572202,-1,86.815
0.8569313748836942,-1,86.904
0.8433304569444728,-1,87.001
0.8233113973531287,-1,87.127
0.7640763657983412,-1,87.211
0.6739277089855777,-1,87.336
0.555107649013824,-1,87.428
0.4132075523651404,-1,87.513
0.27902282946601176,-1,87.632
0.18633371056609782,-1,87.731
0.14628095304967004,-1,87.847
0.14903447687177818,1,87.931
0.17316635964876248,1,88.026
0.20018393539132107,1,88.146
0.22629835532022557,1,88.226
0.2511296331480206,1,88.358
0.26969939780434027,1,88.437
0.2747658816370251,0,88.536
0.26655487359948715,-1,88.657
0.25454400268744193,-1,88.749
0.24583736036192705,0,88.87
0.24006046738313302,0,88.95
0.24514897940639613,1,89.034
0.2593131059473375,1,89.168
0.2768200104083227,1,89.247
0.29016358685027366,1,89.371
0.292713349909548,0,89.467
0.28254183291066814,-1,89.553
0.2686585657995839,0,89.678
0.26694739175000803,0,89.765
0.26083053993406646,0,89.889
0.2639942377482911,1,89.976
0.2780674294262666,1,90.068
0.29677258497936165,1,90.185
0.3081862758678011,0,90.282
0.3088456104385424,0,90.393
0.3001943688565556,-1,90.49
0.2871488680069094,-1,90.573
0.27484030290305483,-1,90.697
0.26814373155870563,0,90.784
0.2715865701485305,0,90.906
0.2811753483857873,0,91.001
0.26590783315303734,-1,91.084
0.20346953588422423,-1,91.21
0.09969492779216371,-1,91.29
-0.036418212722866494,-1,91.415
-0.18666841724468297,-1,91.503
-0.34440462483073686,-1,91.595
-0.47955733602091877,-1,91.72
-0.5877346831337803,-1,91.809
-0.6749443291771381,-1,91.92
-0.7493391289170117,-1,92.013
-0.7945626990003145,-1,92.116
-0.8320219136123949,-1,92.227
-0.8640252468237336,-1,92.305
-0.8907790641514092,-1,92.441
-0.9093281444123578,-1,92.525
-0.9109506277195027,1,92.612
-0.8818764076177255,1,92.724
-0.8172210151299361,1,92.831
-0.7229524657775139,1,92.937
-0.607932014545618,1,93.039
-0.4549250310597732,1,93.115
-0.2991836526297251,1,93.243
-0.15055029550542254,1,93.335
0.00012294320309891305,1,93.448
0.1530349340558601,1,93.537
0.2599855995697202,1,93.639
0.3533859806895414,1,93.745
0.43589639786827195,1,93.847
0.516544590729938,1,93.964
0.5921960077843256,1,94.059
0.6641114095939216,1,94.144
0.7304227885363304,1,94.261
0.7858326369269795,1,94.352
0.8147954300321254,1,94.466
0.8144368651015099,0,94.553
0.8006494651888365,-1,94.666
0.7947215772230309,0,94.775
0.798665791459791,1,94.859
0.8187049444368919,1,94.99
0.8583957689338158,1,95.067
0.8973405470428464,1,95.163
0.9136205515538278,0,95.276
0.9095433212944177,0,95.379
0.9018457418968626,-1,95.484
0.8931881338141177,0,95.585
0.887636160694921,0,95.665
0.8876592939162489,0,95.795
0.8970051153335656,0,95.881
0.9005965479450446,0,96.006
0.8951544576271666,-1,96.093
0.8724723341131106,-1,96.184
0.8544399880863867,-1,96.31
0.8413870679509445,-1,96.404
0.8327063266468651,0,96.522
0.8324460779069025,0,96.602
0.8479800360299907,1,96.688
0.8597548456869526,1,96.82
0.8649482538755338,0,96.905
0.8518378975252163,-1,97.027
0.8295097591947376,-1,97.11
0.8112881098226994,-1,97.204
0.7967724088672379,-1,97.328
0.7884932376248348,0,97.412
0.7946258509465502,1,97.529
0.8071705954696078,1,97.628
0.8191599571072834,0,97.716
0.8195173963880442,0,97.835
0.8055106232165878,-1,97.925
0.7846579790746535,-1,98.043
0.7685308033902172,-1,98.122
0.7565717332170092,0,98.227
0.7561537110073095,0,98.335
0.7668163065011513,1,98.433
0.785203225435134,1,98.561
0.7975076183033136,0,98.646
0.7990040166481851,0,98.734
0.7865602830434391,-1,98.851
0.7664588672203938,-1,98.939
0.7379727740317283,-1,99.067
0.6677450428018374,-1,99.153
0.5170268321792277,-1,99.248
0.3694044092255673,-1,99.366
0.23385010571721043,-1,99.452
0.10652902225211092,-1,99.577
0.022227876628921228,-1,99.672
0.02062848730484723,0,99.762
0.022058244427887175,0,99.875
0.023294136178307667,0,99.967
0.03286018065829199,1,100.09
0.04500705791121962,1,100.179
0.06333945220915638,1,100.266
0.08636702350011638,1,100.381
0.1028152887079461,0,100.484
0.10177326233013817,0,100.596
0.08966273483457798,-1,100.688
0.08052682915007914,0,100.773
0.07469875138583437,0,100.897
0.08078781076926989,1,100.985
0.09678252924763942,1,101.099
0.11496328471801642,1,101.184
0.12979705847066447,1,101.29
0.13548815789878588,-1,101.402
0.10077552765720577,-1,101.499
0.032814571675550575,-1,101.608
-0.06692425300474658,-1,101.715
-0.19179005072768796,-1,101.797
-0.3328115756261075,-1,101.905
-0.4546103894087262,-1,101.999
-0.5597481905910726,-1,102.112
-0.6505441966064353,-1,102.202
-0.7450172911577133,-1,102.311
-0.8294362130778263,-1,102.429
-0.8950347409499027,-1,102.507
-0.9447317491037116,-1,102.641
-0.984142897934574,-1,102.726
-1.0,-1,102.807
-1.0,0,102.932
-1.0,0,103.015
-1.0,0,103.133
-1.0,0,103.238
-1.0,0,103.323
-0.9991507825817442,0,103.447
-0.9891895242522879,1,103.536
-0.9550100728343414,1,103.662
-0.8878041221137456,1,103.752
-0.7513714551371455,1,103.838
-0.5877328374399526,1,103.954
-0.41245932124593576,1,104.043
-0.23261738726174308,1,104.153
-0.05589958158995745,1,104.256
0.07435301410196815,1,104.342
0.19634898496823028,1,104.472
0.3278971021230428,1,104.549
0.44267162560049367,1,104.676
0.5385154191848738,1,104.766
0.6216953355028634,1,104.852
0.6934263133426322,1,104.978
0.7375050364171696,1,105.061
0.7708228730822866,1,105.177
0.7874415000774813,0,105.268
0.7655478072214446,-1,105.355
0.7350441655044151,-1,105.485
0.7162002169533537,-1,105.577
0.7136649620331637,1,105.699
0.7325708972570903,1,105.784
0.7857430652409696,1,105.878
0.8375949170928214,1,106.001
0.8590051139005093,1,106.079
0.8626189369285575,0,106.207
0.8634619556795282,0,106.299
0.8617139315047251,0,106.387
0.86238338757167,0,106.507
0.8754749728808291,1,106.587
0.8890872462420587,1,106.713
0.8915295211529506,-1,106.806
0.8718425538509185,-1,106.899
0.8421323415465647,-1,107.01
0.8179637377963731,-1,107.108
0.8013017201301684,-1,107.215
0.7925615992561599,0,107.323
0.8030807376414077,1,107.405
0.8207097474043066,-1,107.522
0.7601115760111541,-1,107.624
0.6396838679683838,-1,107.734
0.49316596931659684,-1,107.826
0.344794669146135,-1,107.914
0.20453122578645444,-1,108.026
0.14473888114055122,-1,108.131
0.1459600185960026,1,108.234
0.17112660777932454,1,108.331
0.20080582674724945,1,108.427
0.22264993026499091,1,108.555
0.23172477917247725,0,108.634
0.22473268247326827,-1,108.76
0.2139036107236938,-1,108.841
0.20606229660622888,0,108.943
0.20295056562838854,0,109.056
0.21097164109716404,1,109.14
0.22971641097163897,1,109.259
0.2506369130636892,1,109.363
0.26004029133736095,0,109.443
0.25420114675344574,-1,109.561
0.2249744304974408,-1,109.642
0.16710367271036652,-1,109.775
0.07290872462420284,-1,109.864
-0.0716565938323297,-1,109.96
-0.22900976290097985,-1,110.068
-0.3882783201611668,-1,110.173
-0.5381373004803967,-1,110.281
-0.6697536029753596,-1,110.375
-0.7640973190764014,-1,110.457
-0.8476012983584145,-1,110.577
-0.9217875700998716,-1,110.671
-0.9831709311543781,-1,110.786
-1.0,-1,110.889
-1.0,0,110.972
-1.0,0,111.094
-0.9977146450142423,0,111.186
-0.9917965446051561,0,111.305
-0.989108391447483,0,111.386
-0.978745556589189,1,111.481
-0.9630049470487126,1,111.596
-0.9444057688871933,1,111.693
-0.9211306131752933,1,111.813
-0.8792624400101076,1,111.91
-0.8192078561351424,1,111.993
-0.74035695143514,1,112.117
-0.6159278476811981,1,112.201
-0.4620120883466088,1,112.328
-0.3028325041876361,1,112.414
-0.1509715618213786,1,112.507
-0.007168470045475828,1,112.627
0.10294501239789877,1,112.714
0.19271273636937658,1,112.834
0.26507625731067375,1,112.922
0.3391556855929736,1,113.015
0.41572777607182165,1,113.131
0.4781131656921913,1,113.23
0.5378174961575621,1,113.346
0.5981936587916499,1,113.433
0.6368366845716256,1,113.524
0.6589564418247194,1,113.653
0.6676649078607526,0,113.738
0.6629747587583774,0,113.859
0.6539303766379856,0,113.948
0.6499627640189509,0,114.032
0.6552423507787859,0,114.153
0.6603317963587951,0,114.252
0.6614346152017874,0,114.367
0.6611684175500303,0,114.455
0.6660423697929054,0,114.548
0.670326884378317,0,114.67
0.6773621080318761,1,114.756
0.6932705867439901,1,114.876
0.7041466622300372,0,114.968
0.693974109109345,-1,115.051
0.6709606883110704,-1,115.184
0.656687423745463,-1,115.269
0.6464134619955282,0,115.395
0.6425092297697723,0,115.482
0.6485620573275672,0,115.566
0.65255502210391,-1,115.686
0.6034225412368655,-1,115.774
0.5062667363850983,-1,115.883
0.39594682385003876,-1,115.988
0.2828698642075054,-1,116.08
0.18992885550854832,-1,116.202
0.15119709717798568,-1,116.282
0.1617879608942936,1,116.403
0.18197461615248955,1,116.497
0.20534296715310818,1,116.589
0.2234697596298556,1,116.7
0.22814723265357495,0,116.801
0.21840566620715451,-1,116.906
0.20553944637226396,-1,117.01
0.19872605409516497,0,117.095
0.1939725245995143,0,117.219
0.19781337643199848,1,117.305
0.21204227472231252,1,117.424
0.23124019584541444,1,117.507
0.24569092551219218,1,117.609
0.24764937966439793,-1,117.718
0.21770848188112946,-1,117.826
0.13983299266371785,-1,117.937
0.027782795392245818,-1,118.026
-0.10938505173424662,-1,118.116
-0.2586205257403653,-1,118.232
-0.41758489011424504,-1,118.32
-0.5434139848837776,-1,118.442
-0.6462169827763797,-1,118.539
-0.7369840439859969,-1,118.632
-0.8227250400088766,-1,118.748
-0.8807054237771572,-1,118.832
-0.9277843799020831,-1,118.958
-0.9678661406094061,-1,119.041
-0.997179572499251,-1,119.123
-1.0,0,119.244
-1.0,0,119.345
-0.9993834597345739,0,119.463
-0.9953382006461068,0,119.554
-0.984347426730796,1,119.638
-0.9450901690138194,1,119.764
-0.8360254543052462,1,119.848
-0.697442301582561,1,119.977
-0.5306367036485985,1,120.057
-0.3447875609855827,1,120.147
-0.16612299978295386,1,120.286
-0.043903329002872304,1,120.372
0.059857881177594496,1,120.489
0.16472005611774843,1,120.58
0.2569305731622529,1,120.665
0.34032708090203734,1,120.785
0.4204395680443396,1,120.874
0.5015271954023717,1,121.001
0.5613441836031743,1,121.085
0.6110952082868035,1,121.174
0.6505789501829187,1,121.301
0.6931202284973703,1,121.392
0.7246329855333229,1,121.514
0.7464824175927869,1,121.597
0.7580394019559462,0,121.684
0.7523584237959384,-1,121.805
0.7048848233580667,-1,121.899
0.631422163364298,-1,122.006
0.6007778169651832,-1,122.103
0.602696057870387,0,122.194
0.6080827987653266,0,122.318
0.6051005292386424,0,122.406
0.6196399089004772,0,122.514
0.6066079783867038,-1,122.608
0.5640600630387831,0,122.697
0.5725407985116395,0,122.817
0.6622781747977182,0,122.906
0.6628722136535883,0,123.031
