-0.9630429500850363,0
-0.9554166779148557,0
-0.9491671840833625,1
-0.9387468617552575,0
-0.9345355397780957,-1
-0.9815619685230678,-1
-0.9638663175228788,1
-0.9563210323137975,1
-0.9479253840131738,1
-0.939988661825446,1
-0.9291904003455443,0
-0.9462381556569393,-1
-0.9731528223955943,0
-0.9583322085144291,1
-0.9509488972275464,0
-0.9441459924952083,0
-0.9360742920389817,0
-0.933185757093108,-1
-0.9605458521178091,0
-0.9453203034311476,1
-0.825716059714386,1
-0.7621277974246147,1
-0.6989579677671895,1
-0.6369624490457036,1
-0.5945927705639392,1
-0.5428825959020598,1
-0.46853656561293633,1
-0.34577383041330345,1
-0.30047065993972844,1
-0.2647817695459317,1
-0.2653235363830292,-1
-0.2854501743812007,-1
-0.3278163410422239,-1
-0.3968103477465885,-1
-0.4696915315071276,-1
-0.6192598110588156,-1
-0.712078014424542,-1
-0.7725121051027664,-1
-0.8147834625672976,-1
-0.8555785054007381,-1
-0.8872583212000136,-1
-0.9057596586868927,-1
-0.9703788981816951,-1
-0.9685368909355636,0
-0.9654081874513256,0
-0.9646768022212441,0
-0.9615887312497884,0
-0.9555615751870788,0
-0.97468594453662,-1
-0.9977923001388278,0
-0.9771374394744862,1
-0.9726678630684319,0
-0.969633968780686,0
-0.9587444553550266,1
-0.9393762909287915,1
-0.9406088104831883,1
-0.8993397216672875,1
-0.7870991771916162,1
-0.7190532624521722,1
-0.6228625605255138,1
-0.5076152101039515,1
-0.407483154437409,1
-0.306497816002438,1
-0.18688924254224093,1
-0.07772322486709782,1
0.10991771916161586,1
0.19822571360850572,1
0.2765651982528019,1
0.3536450750008464,1
0.46100971794264045,1
0.5764737750990419,1
0.6731114346663054,1
0.8408830799444689,1
0.9130057901330715,1
0.9722479937696813,1
1.0,1
1.0,0
1.0,0
1.0,-1
0.9517721007724542,-1
0.692028070884031,-1
0.5529610743676479,-1
0.4483263492704599,-1
0.36643610844650887,-1
0.31642853536628457,-1
0.32528903922855545,1
0.3558085525319332,1
0.3763189781390417,1
0.3998586358358156,1
0.41341444943706773,1
0.42248952390568983,1
0.4468748422274953,1
0.46286666330085313,0
0.45124198515676284,-1
0.4287625586913717,-1
0.4304791235421821,0
0.4385192103801687,0
0.4423057504922503,0
0.4490710354925027,0
0.4486292724794265,0
0.438632806583531,-1
0.4090220629070531,-1
0.3790200434189932,-1
0.3931564598374313,1
0.3953526531024385,0
0.3950244862927248,0
0.38984954813954653,-1
0.3642020497803806,-1
0.3170848689857122,-1
0.28060786590599274,-1
0.29993184227798264,1
0.3158226889483515,1
0.32709395668198105,1
0.3377719997980513,1
0.34564800323118083,0
0.3367496339677891,-1
0.30489220982480947,-1
0.3160498813550765,1
0.324733680012117,0
0.3297192911596911,0
0.33234462563740097,0
0.33562629373453823,0
0.3305775735850962,-1
0.3039834401979098,-1
0.29819003382642495,0
0.3173499267935578,1
0.32172969152319886,0
0.3141187458979149,-1
0.26069066491644377,-1
0.1770964810420559,-1
0.08947594284848792,-1
0.015146160448326285,-1
-0.10110062099257833,-1
-0.18213257939112437,-1
-0.2888120361488362,-1
-0.40675835318049436,-1
-0.5082789510591119,-1
-0.6155862861907981,-1
-0.70322124162155,-1
-0.7523326994876589,-1
-0.8356339193773572,-1
-0.8687749932087964,-1
-0.898744732868794,-1
-0.9211209592338259,-1
-0.9533775972405603,-1
-1.0,-1
-1.0,0
-0.99719795100167,0
-0.9955217252615975,0
-0.9940956824678046,0
-0.9838506908176604,0
-0.984476148183359,-1
-1.0,0
-1.0,0
-0.9858385771555522,1
-0.9746931278003251,1
-0.9683508954834866,1
-0.9499199463826935,1
-0.8917600625535242,1
-0.7867470926263792,1
-0.6328579761949089,1
-0.47639969716150976,1
-0.2285437688498343,1
-0.1241513695994837,1
-0.03145052189993913,1
0.055019796204589744,1
0.1413908230008316,1
0.24344987650643524,1
0.3459309180722592,1
0.43560338086904715,1
0.6065209566717553,1
0.6803812786238224,1
0.7384666939717766,1
0.7972347370642043,1
0.8629283489096573,1
0.9152300455498876,1
0.9397177644561938,-1
0.8918221196212037,-1
0.8203944347221706,-1
0.7312556627074258,-1
0.6308845614427028,-1
0.5315932531556018,-1
0.4425537724491442,-1
0.35553735214903615,-1
0.27614153975996336,-1
0.29617356120688587,1
0.3278723113775428,1
0.3422199054250288,1
0.3506596666294324,0
0.35386181132169137,0
0.3418972086730958,0
0.35242208735152847,1
0.3869754626354396,1
0.39354110039592416,0
0.3905499497337752,0
0.3818991944992616,-1
0.362512566556205,0
0.3686065706023258,1
0.38498963646969764,0
0.38424495165754435,0
0.3802484764989884,0
0.381402737957826,0
0.36685656129376576,-1
0.33660994650680776,-1
0.34167380322944974,1
0.35908701642030016,1
0.3620905784959849,0
0.3692767869332638,0
0.37352149036253746,0
0.36348065681200437,-1
0.33600178724354923,-1
0.3372429285971379,0
0.34954263941120245,1
0.35536359235953374,0
0.3597199985106303,0
0.36557818569956924,0
0.36153206488687006,-1
0.3428280646882873,-1
0.3449876506435319,0
0.3582182174727879,0
0.36076255724764494,0
0.3588511995631183,0
0.35721289297638115,0
0.3510816546896527,-1
0.3303173598441127,-1
0.33308510506261557,0
0.34362239515458426,0
0.34267912772585674,1
0.3728364299743836,1
0.3786223885849569,0
0.35914515148606707,-1
0.3288287423617109,-1
0.32995489010461654,0
0.3224685670409828,-1
0.25788143455865886,-1
0.16346418402277885,-1
0.07643087948299576,-1
-0.09878747160636014,-1
-0.20031992833605272,-1
-0.27726909172345393,-1
-0.36496784720222675,-1
-0.4651566049204978,-1
-0.5522666922609336,-1
-0.6193492657644688,-1
-0.6722142240138209,-1
-0.8144799564897462,-1
-0.8397159036375852,-1
-0.8621492785616022,-1
-0.8844930735515244,-1
-0.9006174616885818,-1
-0.9064273602712992,0
-0.9101001375691845,-1
-0.9547493361487027,-1
-0.9410692004990882,1
-0.9372684518667819,1
-0.9227692996768724,1
-0.8700962984291518,1
-0.7560226509261925,1
-0.6274114598329974,1
-0.5221166458713249,1
-0.3132930223629907,1
-0.2196563969670794,1
-0.12850241545893715,1
-0.043081549732859825,1
0.029171065681287356,1
0.09704706145823327,1
0.18871292830405983,1
0.42032824647279,1
0.5165754870908916,1
0.5982723869853153,1
0.6753111303068113,1
0.7420353840739675,1
0.7958857215983619,1
0.855085260901558,1
0.9155005278817545,1
1.0,1
1.0,0
1.0,0
0.989498657676219,-1
0.9757382780795405,-1
0.9410251607666853,-1
0.926840232253231,-1
0.8810014359742773,-1
0.7814821751888619,-1
0.6744334144970969,-1
0.5881251170631205,-1
0.5067865393019917,-1
0.443466317038147,-1
0.3879378160704252,-1
0.3325466691640133,-1
0.2087656864581382,-1
0.15203845913716685,-1
0.11269276393831551,-1
0.079740275956796,-1
0.06640444527689326,0
0.07654367234813009,1
0.09196478741337333,0
0.08808141349815823,0
0.07618155709558594,0
0.09203970781045134,1
0.10634950365236939,1
0.11489042891927337,0
0.1220328401073858,0
0.12288953587081597,0
0.12251234735757066,-1
0.07389925136404019,-1
0.07426229298875087,0
0.08543483534864715,1
0.09268741141769987,0
0.09792254555205138,0
0.10151052772705804,0
0.10804806108507736,-1
0.06091908525607459,-1
0.0529386978561488,0
0.06349834646373065,1
0.0720916276159711,1
0.0849623964145716,1
0.09170422769002906,0
0.09774378487429303,0
0.09607109567526839,-1
0.04725666202740153,-1
0.058722882643615026,1
0.06692033658081908,1
0.07518163361722241,0
0.08254912726483399,0
0.09082319292107721,0
0.09677336976646189,-1
0.04643947035764895,-1
0.05051266008657129,0
0.058327055428578634,0
0.06248962549638004,0
0.06552855701827198,0
0.0671374031180969,0
0.07501564155930396,0
0.0633451230256521,-1
0.030402083838757976,-1
0.03152572238466744,-1
-0.0022855829513387382,-1
-0.08152763767764337,-1
-0.1691714442585901,-1
-0.24344650586718086,-1
-0.32353128950291765,-1
-0.5341752110014428,-1
-0.6041983222033531,-1
-0.6675051393694855,-1
-0.7253980617235083,-1
-0.7734846840405021,-1
-0.8104881443364786,-1
-0.8383875786866197,-1
-0.8925903699069168,-1
-0.9575826448919136,-1
-0.982430379100323,-1
-0.9963481747257938,0
-0.99784210324706,0
-0.9922877536167116,1
-0.9735434196917655,0
-0.9800809530497848,0
-0.9875633642759554,0
-0.9752927206098293,1
-0.9681295248796558,1
-0.9590254989338203,0
-0.9530625534685956,1
-0.9377529782805777,1
-0.9252524994573337,1
-0.8916454920387655,1
-0.6261220424684295,1
-0.4998531608718414,1
-0.3909112963979724,1
-0.2895156862494733,1
-0.19581955386442285,1
-0.11441960238517823,1
-0.03622457448574379,1
0.1597609714365975,1
0.25562776919442776,1
0.34369294023009056,1
0.42455660967606,1
0.5016790735089445,1
0.5758775233984958,1
0.6643895961285544,1
0.7546509697766768,1
0.8597877855382612,1
0.8853633310775437,0
0.8710624768568764,-1
0.829960289592298,-1
0.8155572864129117,-1
0.7882324399555651,-1
0.72412119973952,-1
0.535337155406872,-1
0.4287447169835412,-1
0.330707253852931,-1
0.25732599563313197,-1
0.19274231648301132,-1
0.1270477674068209,-1
0.06629467420866475,-1
0.011862047831249889,-1
-0.10694995977884747,-1
-0.1190418427672153,0
-0.09877804308132332,1
-0.07630527216313188,1
-0.06354942094309024,1
-0.054943371171010114,0
-0.04949117049938068,-1
-0.08562298277570068,-1
-0.06965775093471382,1
-0.059713034864027126,0
-0.057616719394113725,0
-0.05490684817690861,0
-0.052810532706995206,0
-0.04961492985651739,0
-0.0585498354264532,-1
-0.09399546224395228,-1
-0.08290032914709355,1
-0.07719937366184126,0
-0.07202249704406738,0
-0.07232927491771324,0
-0.06932540823826416,0
-0.06921036653564694,-1
-0.12310101300610365,-1
-0.11595564503243538,1
-0.10511616016361491,1
-0.09558048125778928,0
-0.09005847953216373,0
-0.08483047326878213,0
-0.07703320231361643,-1
-0.10934713833764742,-1
-0.11594286262103348,0
-0.101933339724539,1
-0.09111705135454684,1
-0.08099817501714968,1
-0.0613805011137325,1
-0.0457750687223617,1
-0.01579122227721763,0
-0.0546149830154522,-1
-0.05186219802423264,0
-0.04230203339955385,0
-0.03878985944523927,0
-0.03445049394183897,0
-0.030178931024429256,0
-0.021757849844393107,-1
-0.05914419575962626,-1
-0.06820262124797438,0
-0.06262924867954467,-1
-0.1020903537260911,-1
-0.18394163553397924,-1
-0.2652504966539424,-1
-0.33599571487656543,-1
-0.4020083125970425,-1
-0.5867432383871121,-1
-0.6458264118193469,-1
-0.6935323113223538,-1
-0.7446690216764867,-1
-0.7895678941194817,-1
-0.8254625831429211,-1
-0.8446778360126656,-1
-0.9114362621790395,-1
-0.9318584010794172,0
-0.9270715385084787,0
-0.9292819028117733,0
-0.926569799372148,0
-0.9231932305898147,1
-0.9007505746269162,1
-0.832663217775126,1
-0.602568361957325,1
-0.4434356926373172,1
-0.2987585346505116,1
-0.16376358594316787,1
-0.030056886369646096,1
0.09486259805948993,1
0.20830988493901148,1
0.41965054547180425,1
0.5522046010834853,1
0.6814634510160218,1
0.7869235932658472,1
0.8768976248754128,1
0.9564164977252232,1
1.0,1
1.0,0
1.0,0
1.0,0
0.9954720096143925,-1
0.9614331757236592,-1
0.8785211801909525,-1
0.7534976601336547,-1
0.6229992777066276,-1
0.4472574095767603,-1
0.37976243224706074,-1
0.3250987842406512,-1
0.2872724624134311,-1
0.27021662731482876,-1
0.26163408253567466,0
0.265373012934514,0
0.2693425916371781,0
0.2654579886253967,0
0.2644868378724514,0
0.26203468222126447,-1
0.24730960892973108,-1
0.22951327138200828,0
0.23503669128938465,0
0.2420411160950029,0
0.23729461678998254,0
0.23357996515996682,0
0.23298513532378773,0
0.23019307690906987,-1
0.206562884163634,-1
0.1983677751482178,0
0.2073828287017836,0
0.21273818527825905,0
0.2188579457257327,0
0.22553039538005004,0
0.2235874666848059,-1
0.19846693871475884,-1
0.1840271920123464,0
0.19448061704898323,0
0.193190924571772,0
0.1883827506761495,0
0.19074927376540107,0
0.19041119903836523,-1
0.1680356606230593,-1
0.15409946909746575,0
0.16273915656616245,0
0.16808574576780533,0
0.1669713512972053,0
0.16730942602424115,0
0.17367023940699178,0
0.16295201843133333,-1
0.1441450465791847,0
0.15123209456075326,0
0.15993438846038255,0
0.16146198537513778,0
0.1701517579885805,1
0.18051938295101677,0
0.1687994590804367,-1
0.14353150355604538,-1
0.14459581288189916,0
0.1549383952719623,0
0.1557021937293399,0
0.15058098767905448,0
0.1573299609335872,0
0.14578533506961833,-1
0.120930581989382,-1
0.12165681658819993,0
0.12745417209255727,0
0.10936091355304023,-1
0.05824902333967752,-1
-0.08872583391765998,-1
-0.16841129920865472,-1
-0.26721676850646103,-1
-0.3504582790744265,-1
-0.42261845136732445,-1
-0.49609335870980664,-1
-0.5689797656015225,-1
-0.6355429229690475,-1
-0.7564108985274968,-1
-0.8188670740258439,-1
-0.8416057297405589,-1
-0.8604252228788941,-1
-0.8799834719022338,-1
-0.8942827807272363,-1
-0.9004432535310027,-1
-0.9365671641791045,-1
-0.9541470499849745,0
-0.9434663928678754,1
-0.9368801963337674,1
-0.9264624862265852,1
-0.9113618150856456,1
-0.8663102273865572,1
-0.7750050085144746,1
-0.5233772413102273,1
-0.39333116297706106,1
-0.2803265551437444,1
-0.1787413603125313,1
-0.08887608935189828,1
-0.012533807472703606,1
0.05724732044475611,1
0.22862616447961526,1
0.3096138435340079,1
0.3946709405990183,1
0.4867524792146649,1
0.5779199639386958,1
0.6544125012521287,1
0.7286011219072424,1
0.7963538014624862,1
0.8824126014224181,1
0.8872833817489734,0
0.8711309225683663,-1
0.834606330762296,-1
0.7798507462686568,-1
0.7014174095963137,-1
0.6220574977461686,-1
0.44043624161073835,-1
0.34289542221777025,-1
0.26054292296904746,-1
0.19448061704898323,-1
0.12752929980967642,-1
0.061204046879695495,-1
-0.000525894019833717,-1
-0.06491034759090453,-1
-0.1819217670039066,-1
-0.17990583992787734,1
-0.15577732144645895,1
-0.14073925673645193,1
-0.13194931383351693,1
-0.12428628668736852,0
-0.14448312130622054,-1
-0.14994240208354204,0
-0.13654427158419935,1
-0.1279319033709837,0
-0.1240256561523303,0
-0.12427634845903868,0
-0.1323729308789715,-1
-0.16496866710237978,-1
-0.1895736419207259,0
-0.17340099701408374,1
-0.16897979060141222,0
-0.16749324003947053,0
-0.16311047889995256,0
-0.15261491932900184,0
-0.16421257673035772,-1
-0.18128227801058527,0
-0.16454576909768948,1
-0.15934284213089334,0
-0.157305242653749,0
-0.1546781489882486,0
-0.14942396165724758,-1
-0.17054323170966135,-1
-0.18717721989414737,0
-0.16655773839273125,1
-0.15264054951110428,1
-0.14949291233388784,1
-0.12908057479609392,1
-0.09277593428711306,0
-0.12253168688462168,-1
-0.14637164771800037,0
-0.13311211445357118,1
-0.12322526247076104,0
-0.12659794375237987,0
-0.1268427351357232,0
-0.12735951694500358,-1
-0.16197029864548773,-1
-0.1732851003644672,0
-0.15340260022847196,1
-0.14735081325137356,0
-0.15900560300277433,-1
-0.2166811728227166,-1
-0.30847794157645647,-1
-0.4144454115215145,-1
-0.48354457923081107,-1
-0.5526845455039983,-1
-0.6331393134961649,-1
-0.7689713322091063,-1
-0.8181879997824076,-1
-0.8878855464287657,-1
-0.9383261709187837,-1
-0.9557607572213458,-1
-0.9774927922537127,-1
-0.9946825871729316,-1
-1.0,0
-1.0,0
-1.0,1
-0.9737294680347072,1
-0.9018748904853688,1
-0.7620985274743817,1
-0.6112765998870782,1
-0.47592625041372194,1
-0.23794690081706027,1
-0.11099429550454609,1
0.013128776226726036,1
0.132306653946745,1
0.23676576523956938,1
0.33332035382149283,1
0.4227102518674273,1
0.526533367080064,1
0.7314409205069798,1
0.8115634470987547,1
0.878174301864507,1
0.9254456839878251,1
0.9704456515390456,1
1.0,1
1.0,-1
0.9109714080016456,-1
0.7940321917103774,-1
0.6615370770338374,-1
0.5483518461380232,-1
0.44925691658952993,-1
0.3603825979635915,-1
0.2774992286331379,-1
0.1983441324694024,-1
0.06487195310089477,-1
0.014411704206520604,-1
-0.03345160958551885,-1
-0.0749125784222976,-1
-0.12273732387123315,-1
-0.18087267304329935,-1
-0.2463617196338579,-1
-0.24980715828448008,0
-0.23132006582330555,1
-0.21896533991566391,1
-0.21005605265864447,1
-0.19919263601769,0
-0.19861411087113034,-1
-0.23162861256813738,-1
-0.23993366244986114,1
-0.21253728273166717,1
-0.20157101717576875,1
-0.19572148513833176,0
-0.18961483081353492,0
-0.1925074565463334,-1
-0.22702612362439578,-1
-0.23513833179059962,1
-0.2047979018821351,1
-0.19621001748431555,0
-0.1970328088038671,0
-0.19281600329116533,0
-0.18587370153244887,-1
-0.2130386711920189,-1
-0.22638331790599608,0
-0.21235729713051532,1
-0.20266378689704823,0
-0.1979455929239946,0
-0.1909390105934382,0
-0.18350817648873807,0
-0.20600637663272647,-1
-0.24175923069011618,-1
-0.24024220919469297,1
-0.22572765607322842,1
-0.2208937570708629,0
-0.21958243340532757,0
-0.21135452020981182,0
-0.22108659878638282,-1
-0.2592564023449553,-1
-0.26014347423634676,0
-0.24641314409132986,0
-0.24457471973670675,0
-0.25218553944255884,0
-0.25286691350406254,-1
-0.283323048441839,-1
-0.39479841612670985,-1
-0.5055795536357092,-1
-0.5813406356062943,-1
-0.7107374267201481,-1
-0.7611976756145222,-1
-0.8023500977064693,-1
-0.8325876786999897,-1
-0.8877789776817855,-1
-0.9407590249922864,-1
-0.9518538516918646,-1
-0.9595289519695567,0
-0.9581276355034455,0
-0.9554535637149029,0
-0.9460171757687956,0
-0.9576776715005657,-1
-0.9765118790496761,1
-0.9407076005348144,1
-0.8522832459117556,1
-0.5953923686105111,1
-0.46098169289313995,1
-0.33397613905173296,1
-0.2242877712640131,1
-0.11756916589529975,1
0.002326956700606786,1
0.11783914429702769,1
0.2280546127738352,1
0.45113390928725705,1
0.5648076725290547,1
0.6654967602591793,1
0.7664301141622956,1
0.8629666769515583,1
0.9459143268538517,1
1.0,1
1.0,0
1.0,0
1.0,-1
0.9595169326517528,-1
0.8770566539409519,-1
0.7784902086507408,-1
0.6748530856426878,-1
0.5676276640176003,-1
0.39753054465667037,-1
0.31594086954475675,-1
0.23644534903557113,-1
0.16613822596869365,-1
0.09563109937234193,-1
0.024265134090601492,-1
-0.03398295264034068,-1
-0.1464672905992459,-1
-0.20017412071977736,-1
-0.25119855056265694,-1
-0.31245845514920856,-1
-0.3749066159991059,-1
-0.37541250727954023,1
-0.34408254263310534,1
-0.32885874456608055,1
-0.3133525885750925,1
-0.309564286428584,0
-0.3056348053200939,-1
-0.3342823696888768,-1
-0.3487296834650023,0
-0.330905839514815,1
-0.32011741383671477,1
-0.3102819461519909,1
-0.3042818402677694,0
-0.2966346464937617,0
-0.3143761360494597,-1
-0.33540003647123184,0
-0.3233645299622935,1
-0.3141526026929887,0
-0.30842308981923205,1
-0.2938228321676265,0
-0.2973538681096509,0
-0.29894749360765893,-1
-0.3283938871380151,-1
-0.3332580127252185,0
-0.3187132068739965,1
-0.31476482131176786,0
-0.3080930011298091,0
-0.3005292263780698,0
-0.2957126717012547,-1
-0.3216031396800856,-1
-0.34080989474936074,0
-0.3319379199619432,0
-0.3299042635428435,0
-0.3278468216685497,0
-0.31801153594576914,1
-0.31020990664208836,0
-0.3226615924362253,-1
-0.3525004459772849,-1
-0.3503359695546173,0
-0.34394957483498845,0
-0.35020514955104953,-1
-0.38156627222453465,-1
-0.43959089017066066,-1
-0.495272640780163,-1
-0.5811738122138312,-1
-0.6692989237081525,-1
-0.7220669560563715,-1
-0.7710293155735268,-1
-0.8116191948623417,-1
-0.8759469584349171,-1
-0.8912528988523518,-1
-0.9258250579770471,-1
-0.9746328120354403,-1
-0.988654337872391,-1
-0.9916513052268537,0
-0.990390676101564,1
-0.9315930308616281,1
-0.8660878872569424,1
-0.7916156270440625,1
-0.6987572099661057,1
-0.5641077481120296,1
-0.42709163346613543,1
-0.3051554974133317,1
-0.08242849497532256,1
0.026092644347981198,1
0.1271451507403223,1
0.2284236189570077,1
0.34058393292501643,1
0.44597728489028965,1
0.5388357019682464,1
0.6130820003567818,1
0.7392162692513529,1
0.7970268181007314,1
0.8589284652435036,1
0.8960218826187787,1
0.9001724445501575,-1
0.8498899922697272,-1
0.7537135041921865,-1
0.5306653981090563,-1
0.4359992864363442,-1
0.34456799667003635,-1
0.26219896533269904,-1
0.18257715407028607,-1
0.10077897365760835,-1
0.029660462627103534,-1
-0.032015222691324285,-1
-0.152203127787358,-1
-0.21373610037462087,-1
-0.2857227805197122,-1
-0.37287268835107334,-1
-0.44573943033834806,-1
-0.48452161503240765,-1
-0.46349527264078016,1
-0.39140155794731524,1
-0.3739311411072129,1
-0.3604804661949218,0
-0.3746328120354403,-1
-0.3967651780935958,0
-0.3867039305464708,1
-0.37592911934352147,1
-0.3655229826960813,1
-0.3552595587798062,1
-0.3492418386156865,0
-0.36056371528810127,-1
-0.39438663257418094,-1
-0.39998810727240297,0
-0.3928762561693524,0
-0.3875483142058631,1
-0.3767378248201225,0
-0.3718499137777249,0
-0.3720639828744723,-1
-0.40498305286317415,-1
-0.42614021525836954,0
-0.420522129600879,1
-0.4084242959849046,1
-0.39820144744070507,1
-0.39083287553443047,0
-0.38246112690185585,0
-0.3931377934889053,-1
-0.4296940310984785,-1
-0.4378508132897031,0
-0.4263023383571787,1
-0.4167960446174792,1
-0.4069434160556047,0
-0.40198724532447994,0
-0.3961592662478802,0
-0.41321327059497936,-1
-0.44609119354145266,-1
-0.4445744858719277,0
-0.4325602503164784,1
-0.4250244822891538,1
-0.41476580600472923,1
-0.4078868798815296,1
-0.38758862870137234,1
-0.3834441832103298,-1
-0.4153161421728252,-1
-0.41128028464739685,0
-0.4005054251480443,1
-0.3904472132466651,0
-0.3863359191319763,0
-0.3774846926587626,0
-0.37172636634522294,-1
-0.39719878798546593,-1
-0.4273734236896036,-1
-0.4239787771728881,0
-0.42894501929919404,-1
-0.5569483385091216,-1
-0.6404817883500761,-1
-0.7124357217395678,-1
-0.7630159548386286,-1
-0.8286332147302513,-1
-0.88605303192225,-1
-0.9212693463419541,-1
-1.0,-1
-1.0,0
-0.9905619014653283,1
-0.9466251298026999,1
-0.8940694588669666,1
-0.8837083189108111,1
-0.8746855890158071,1
-0.842009922695281,1
-0.7470981885312103,1
-0.6529825775931695,1
-0.5396215530171917,1
-0.42224529825775936,1
-0.31288796584746736,1
-0.21379946925118265,1
-0.10894196377062426,1
0.07718933887158186,1
0.1705895927079728,1
0.2633552555670935,1
0.35670935733241027,1
0.452763355255567,1
0.5400138456213222,1
0.6301373024114456,1
0.7200992269528095,1
0.847132802584516,1
0.8962962962962964,1
0.9300219222337602,1
0.9573670243452175,1
0.9883235260182301,1
1.0,0
1.0,-1
0.9324383094327686,-1
0.8668760201747499,-1
0.7967501256685852,-1
0.7181634877691991,-1
0.643304547225972,-1
0.577256527706393,-1
0.5060575082037582,-1
0.442279995255658,-1
0.32141223249535456,-1
0.26322626558149254,-1
0.21373825916533473,-1
0.18999395661186202,-1
0.19610512106544364,1
0.22335119992318675,1
0.24637255511061662,1
0.2593178313838229,0
0.2404195353933567,-1
0.23233156173575154,0
0.24902712747030553,1
0.2612607524300634,1
0.2762054300124821,1
0.2916019496986777,1
0.2959509299475298,0
0.2831073181476733,-1
0.2516591077248056,-1
0.24305151564785676,0
0.25268704851089785,0
0.2585948840177801,0
0.2647625287343338,0
0.27012815371668375,0
0.27494027212190697,-1
0.2439551998554106,-1
0.23354023936335455,0
0.24782974589529694,1
0.2603118840121319,1
0.27198070634216864,0
0.2714159037124477,0
0.2691115089831859,-1
0.24682439721439353,-1
0.2272257459630731,0
0.23635295645936538,1
0.24546887090306302,0
0.2516139235144279,0
0.2550705156083206,0
0.2586965484911299,0
0.2591145024371233,-1
0.23087437095107122,-1
0.2252715288642384,0
0.23359671962632667,0
0.23645462093271497,0
0.2390753051346206,0
0.23874771960938257,0
0.24325484459455637,0
0.2297108775338459,-1
0.2102816670714418,0
0.2174659565214936,0
0.2237239696588027,0
0.22465024597154515,0
0.22389341044771904,0
0.22718056175269563,1
0.24012583802590193,0
0.21629116705167384,-1
0.19621808159138787,0
0.20090594341807266,0
0.20225017367680853,0
0.19908727895037082,0
0.1903328381896947,-1
0.15531507514698983,-1
0.04176715446787127,-1
-0.022507384794383634,-1
-0.09125516088402907,-1
-0.15295420015475591,-1
-0.22393859465809673,-1
-0.3092915680615409,-1
-0.3965987585638199,-1
-0.528141291025851,-1
-0.5745906592941097,-1
-0.6408081196026049,-1
-0.6897200273364472,-1
-0.7068222509644004,-1
-0.7279345732633731,-1
-0.7554065731730046,-1
-0.7879843888553145,-1
-0.8005794874980938,-1
-0.8060919611641711,-1
-0.8330895268648371,-1
-0.8300960729273156,0
-0.8178285598097745,1
-0.8024207440709844,1
-0.7459856653092577,1
-0.5248993239312523,1
-0.4083466532620176,1
-0.30791344964502154,1
-0.2020355486775146,1
-0.08590083195427356,1
0.030177404505995487,1
0.14168073966552397,1
0.24534461432452437,1
0.44470864656345843,1
0.5356983502115187,1
0.6251969749171151,1
0.7172033232986732,1
0.7960723625129198,1
0.8649782833388873,1
0.9278972962898115,1
1.0,1
1.0,0
1.0,0
0.9983788638902886,-1
0.9756172366201503,-1
0.9142988586325498,-1
0.818586106425395,-1
0.7035073498806055,-1
0.5186649725064079,-1
0.4409818827086118,-1
0.37230267049313204,-1
0.30199136854557795,-1
0.23942427760860507,-1
0.21081341599667014,-1
0.21449383311060966,0
0.21880956032159826,0
0.21253232106508224,-1
0.19126555107270082,-1
0.15864988149267334,-1
0.13436400419688255,-1
0.1362103804294026,0
0.13652861245152303,0
0.13159964722427486,0
0.12647486472957836,0
0.12335232283746089,0
0.12044430672419137,-1
0.1024122232021547,-1
0.08552427716730637,0
0.09454627797773707,1
0.1032584082187209,1
0.11174409458203227,0
0.11164874979143335,0
0.1147712916835506,0
0.1104926942054203,-1
0.08398684241889742,-1
0.07411865659190053,0
0.08321216599528047,0
0.08701403952041575,0
0.09230567539866041,0
0.09590494124377269,0
0.10033847400662643,0
0.08432054918599374,-1
0.056086573069863865,-1
0.05609849116868881,0
0.0639167639978071,1
0.07347507925535712,0
0.07413057469072526,0
0.07352275165065669,-1
0.049007222367887904,-1
-0.01127452148833219,-1
-0.027387791099563796,1
0.02130956069887735,1
0.06427430696255332,-1
-0.025349796200510144,-1
-0.1161776273448859,-1
-0.1912258956451267,-1
-0.27767978452077324,-1
-0.3965389841012562,-1
-0.5005363144471193,-1
-0.5822587180892904,-1
-0.7401616094200654,-1
-0.8187733892689438,-1
-0.8769694658308107,-1
-0.919803113007413,-1
-0.9578814387528901,-1
-0.9828617738898291,-1
-0.9806807618048768,0
-0.9782017972493028,-1
-0.9989512073034109,-1
-1.0,0
-0.9969476165873878,0
-0.993728955479147,0
-1.0,0
-0.9971843928184345,1
-0.9831770416097262,1
-0.9670491494274539,1
-0.9128575467697092,1
-0.7918453418783281,1
-0.6284812214316008,1
-0.47372885349418026,1
-0.3199071674284907,1
-0.16812355685405966,1
-0.023667593421610622,1
0.24957589180528728,1
0.3800009424626549,1
0.5053249140002827,1
0.6183379671080533,1
0.7172847650911833,1
0.7955445077988785,1
0.8646977051034352,1
0.9645634041751097,1
0.9614886197634418,-1
0.9012534753310399,-1
0.7901489090994769,-1
0.6637057631591348,-1
0.5536261250647943,-1
0.45153385797087786,-1
0.3743343857499646,-1
0.3766316384713255,0
0.37376890815701436,0
0.3613873050280383,-1
0.35394185005419154,-1
0.34095942698270587,0
0.3406884689694172,0
0.3510909005230667,1
0.37039960416568496,1
0.3734272654446067,0
0.357464304226945,-1
0.3294967249422742,-1
0.31063569106074174,0
0.31520663493709056,0
0.31757457235757025,0
0.31907073182225165,0
0.30763159134819285,0
0.30653597851185155,0
0.29378917110409497,-1
0.2762004618067009,0
0.28179633382027247,0
0.28834644927194764,0
0.2879576834267943,0
0.2879694642099806,0
0.29236369633853254,0
0.2924343810376513,-1
0.2722538994392347,-1
0.25399368550021206,0
0.26159229065548284,0
0.2689199377974647,0
0.27194759907638666,0
0.2686371990009895,0
0.26747090146552943,-1
0.25102492813722255,-1
0.1953960699307289,-1
0.11547523679374194,-1
0.03537769190895812,-1
-0.04801847226803635,-1
-0.20996889873238778,-1
-0.2947198529758258,-1
-0.37683191178549547,-1
-0.48284717968050517,-1
-0.5984048819565524,-1
-0.6705150558409123,-1
-0.725036520427878,-1
-0.7763653927713114,-1
-0.8551199283728382,-1
-0.8756656142500353,-1
-0.8946208943970595,-1
-0.9337684369256868,-1
-0.9504971490504689,0
-0.9435700485368267,0
-0.9464916827670704,0
-0.9386103388153244,1
-0.8970477357334715,1
-0.7971465629053178,1
-0.6793878549856156,1
-0.5620772367474214,1
-0.4371072199568242,1
-0.325581674262413,1
-0.22474214439913653,1
-0.04623410889901658,1
0.034936435596066184,1
0.10972655313024715,1
0.19997601343247773,1
0.3117774046533941,1
0.41153753897817213,1
0.507052050851523,1
0.6670664427920365,1
0.7305109138882226,1
0.7752338690333413,1
0.8222955145118733,1
0.8765531302470617,1
0.922139601822979,1
0.9497601343247781,1
0.9539337970736388,0
0.9481170544495083,-1
0.9170064763732311,-1
0.8434756536339649,-1
0.7329695370592468,-1
0.6162269129287599,-1
0.5068481650275845,-1
0.4071000239865674,-1
0.23166226912928756,-1
0.1493763492444231,-1
0.11581914128088266,-1
0.11783401295274643,0
0.12118013912209169,0
0.12497001679059716,0
0.13060686015831124,0
0.11928520028783884,-1
0.11446390021587916,0
0.13006716238906213,1
0.13809066922523394,0
0.14063324538258581,0
0.1401894938834254,0
0.14245622451427198,0
0.1353921803789877,-1
0.1082393859438715,-1
0.11664667786039828,0
0.11786999280402966,0
0.11953705924682168,0
0.12092828016310864,0
0.12579755337011278,0
0.11249700167905963,-1
0.08185416166946502,0
0.09793715519309187,1
0.11272487407052045,1
0.12914367953945782,1
0.13307747661309666,0
0.13521228112257133,0
0.11918925401775016,-1
0.09016550731590312,0
0.1043415687215159,0
0.10285440153514025,0
0.10159510674022543,0
0.10386183737107224,0
0.11235308227392671,0
0.09443511633485246,-1
0.0613696330055169,-1
-0.009030942672103581,-1
-0.07944351163348529,-1
-0.15719597025665633,-1
-0.2355121132165987,-1
-0.3116694650995443,-1
-0.4130109715891689,-1
-0.5348873781240171,-1
-0.6267572562102426,-1
-0.7857011036060975,-1
-0.837510304014567,-1
-0.8704462407263869,-1
-0.8905252279186506,-1
-0.9286039444382927,-1
-0.9548960986232606,-1
-0.9533335793993528,0
-0.9579350139642466,0
-0.9540594741569163,0
-0.9446351456095671,1
-0.934571045411484,1
-0.8872279432571759,1
-0.7323416872746957,1
-0.5656811722585169,1
-0.4253251147282816,1
-0.16901729545216482,1
-0.036612335162585,1
0.06260829022725978,1
0.17458117277922347,1
0.2960048388011367,1
0.410724749081699,1
0.5144817505371195,1
0.6810297573668858,1
0.7508269435536206,1
0.8269246520536553,1
0.8942016293150703,1
0.9506921123761161,1
0.9985004756894347,1
1.0,0
0.9864050035579193,-1
0.9055091569604135,-1
0.8649363943922199,-1
0.836223362420883,-1
0.7953509856060321,-1
0.7386739572800021,-1
0.690411095714268,-1
0.6489644582599903,-1
0.49661061383468774,-1
0.4218443753667154,-1
0.35659088923011617,-1
0.280426450944409,-1
0.214760995218656,-1
0.17186622223886738,-1
0.13647428935245864,-1
0.12033257181378976,-1
0.11678713656167683,0
0.11302947455151502,-1
0.08989675792417273,-1
0.07500343307990964,0
0.08123291262499532,0
0.08722519755814395,0
0.08918517408836113,0
0.08620151554873101,0
0.08864836522976671,0
0.07140806212002038,-1
0.04611562613135578,-1
0.05120906832453209,0
0.06043469033619209,0
0.05848719773291888,0
0.05169594147535039,0
0.053231464489469804,0
0.049398898917643486,-1
0.023107748773454118,-1
0.02217145425264966,1
0.0417087999201029,1
0.05048500056177674,0
0.055965444490218896,0
0.061957729423367525,0
0.059460944034555485,-1
0.027988964208581546,-1
0.0023594621924272197,-1
0.004481729772917387,0
0.00496665957739606,0
0.014824915867038602,0
0.017820687575770933,0
0.011486921747338785,-1
-0.007009509717004647,-1
-0.03365712718528957,0
-0.022074534240721477,1
-0.011512434066599964,0
-0.012979392424116831,-1
-0.033465784790830844,-1
-0.1866672619541161,-1
-0.274327590935473,-1
-0.37934905317405143,-1
-0.46695835751688597,-1
-0.5421048939006423,-1
-0.628731973951922,-1
-0.7052051509372588,-1
-0.7717412795703725,-1
-0.8600521726928891,-1
-0.915911395715206,-1
-0.9590654837454636,-1
-0.9779063315198326,-1
-1.0,-1
-1.0,0
-1.0,1
-0.9822625321114747,0
-0.994259190633813,0
-0.9813831958847065,1
-0.906400939633568,1
-0.7981044023340096,1
-0.6759646004358995,1
-0.5582717274560175,1
-0.44098083675122945,1
-0.2297014653510122,1
-0.11477222051240177,1
0.011437651921035519,1
0.13303729013698806,1
0.24910967207039714,1
0.35532092631790513,1
0.4576505392215362,1
0.6358291826569773,1
0.7204841374025663,1
0.7814598237558963,1
0.8136184057634208,1
0.8179271532745853,-1
0.7895874028804541,-1
0.7357092160717538,-1
0.6723216360678597,-1
0.4756141221398018,-1
0.3759225179164756,-1
0.27895685599613085,-1
0.1845789549717043,-1
0.10517489369453115,-1
0.03935029614787933,-1
-0.025230668735200412,-1
-0.15333739502923793,-1
-0.2260208151446822,-1
-0.2904007888902149,-1
-0.29498589921550644,1
-0.27237439624146575,1
-0.2618349234663434,1
-0.2501146277581323,1
-0.24091928321535572,0
-0.24954934018378128,-1
-0.27870561707419717,-1
-0.27092977244034644,1
-0.26069178637154466,0
-0.25526502565777487,0
-0.2482177738975322,0
-0.24496422985848965,0
-0.24731331377857058,-1
-0.2845594839552543,-1
-0.2926745011337156,0
-0.2769092587823706,1
-0.2692464716633901,0
-0.26459855160761503,0
-0.2670983788808562,0
-0.26554069756486676,0
-0.2709548963325399,-1
-0.3030757925017744,-1
-0.303578270345642,0
-0.3025858766040035,0
-0.3048972746857943,0
-0.3024853810352299,0
-0.29523713813744024,1
-0.2835670902136159,-1
-0.3226221806282229,-1
-0.344894511057653,-1
-0.34260823686805564,-1
-0.36496850092016253,-1
-0.4366595272939684,-1
-0.5349567555005621,-1
-0.6220487277889091,-1
-0.7672020149361539,-1
-0.8598714912914309,-1
-0.9029087186186884,-1
-0.9220782483622363,-1
-0.94259190633813,-1
-0.963130688206217,-1
-0.9793984084014296,-1
-0.979096921695109,-1
-0.995590756920062,0
-0.9865335937843491,1
-0.9078706873268807,1
-0.7912832656035073,1
-0.664055875536238,1
-0.538609428163064,1
-0.39884728505295364,1
-0.17185562564019619,1
-0.06363113654409547,1
0.04977300524471895,1
0.15754196120704544,1
0.2721380349233331,1
0.3831823489983899,1
0.4813878120746007,1
0.6825390244408052,1
0.7811452697333416,1
0.8842430398640104,1
0.9796568475023666,1
1.0,1
1.0,0
1.0,-1
0.9419106964130048,-1
0.6771123236367158,-1
0.5600426177638589,-1
0.4465631356342621,-1
0.3500532722048235,-1
0.2590062312336552,-1
0.17194976269654205,-1
0.08352435992638751,-1
-0.0707261162948375,-1
-0.145810867529784,-1
-0.23410712556097246,-1
-0.32465050205017276,-1
-0.4102992929325542,-1
-0.5057759984502631,-1
-0.5911664998547121,-1
-0.5927033222484099,1
-0.5495689794337003,1
-0.53959900558551,1
-0.5317599199302618,0
-0.5251864527168825,-1
-0.5488199399476964,-1
-0.5820230523359055,-1
-0.5733961837729635,1
-0.5636974138766022,0
-0.5593839795951312,0
-0.552500565008233,1
-0.5389403674167823,0
-0.5472314596584122,-1
-0.5849546379104381,-1
-0.5819326510186291,0
-0.5695347560778743,1
-0.5559874729603203,1
-0.5508733412972588,0
-0.5426597358990088,0
-0.5421689858909373,-1
-0.576301940399703,-1
-0.5861040260872372,0
-0.5714331837406774,1
-0.5595906111774771,1
-0.5547218545184516,0
-0.5465857359635812,1
-0.5363445581635617,0
-0.5605850256675169,-1
-0.5805249733638975,0
-0.5634907822942563,1
-0.5566848545507377,1
-0.5432925451199432,1
-0.5360991831595261,1
-0.5248377619216738,0
-0.5453588609434024,-1
-0.582681690504633,-1
-0.5845801181674362,-1
-0.6332241738612683,-1
-0.7561644899491309,-1
-0.8136350104197678,-1
-0.8522981736282796,-1
-0.8904565282110359,-1
-0.9447558150070544,-1
-0.9602883881072265,-1
-0.9629677569670062,0
-0.9706822682734251,0
-0.9714588969284337,0
-0.9624888359630842,0
-0.9776848699794194,-1
-0.999585798050662,0
-0.9924408144245829,0
-0.9887388845023752,1
-0.9523150005824715,1
-0.8058298924369313,1
-0.6790323206958593,1
-0.5616837309240587,1
-0.4270551535783166,1
-0.2902131845657998,1
-0.1729034262267497,1
-0.07542358621225265,1
0.006070647319983857,1
0.21016865785624606,1
0.3289410668288957,1
0.4448658373998473,1
0.5380871636227138,1
0.6160347929637444,1
0.6864361805402748,1
0.7368393802503332,1
0.763438911684378,-1
0.7029654270810413,-1
0.5998809169395654,-1
0.5051063334066817,-1
0.41746378968896014,-1
0.34509494285307474,-1
0.3062635101026445,-1
0.26471387705968397,-1
0.16738936277618865,-1
0.12115407018134272,-1
0.06031815887233516,-1
-0.0015273696881835663,-1
-0.055257128803862465,-1
-0.12569734781314312,-1
-0.2127833076614417,-1
-0.38199774777690043,-1
-0.44112507604488915,-1
-0.4775748475866265,-1
-0.4626506335995444,1
-0.43953298730212154,1
-0.43070530825685693,1
-0.41805920499113347,1
-0.40967161551704057,0
-0.40850667253452766,-1
-0.4413062893977244,-1
-0.4362064278965013,0
-0.42581254773030275,1
-0.4190947098644783,0
-0.4100858174663784,0
-0.404455259717566,0
-0.39964016205651265,-1
-0.4336564971458897,-1
-0.43095124066427637,1
-0.41512095991301756,1
-0.4119497262383991,0
-0.4074452800393492,0
-0.4065392132751725,0
-0.3997437125438471,-1
-0.44596606132777616,-1
-0.510866329264662,-1
-0.5844260067048941,-1
-0.6714601913095253,-1
-0.7534592334675175,-1
-0.8214271845916875,-1
-0.8721539795746663,-1
-0.9569229972688559,-1
-1.0,-1
-1.0,0
-1.0,0
-1.0,0
-1.0,0
-1.0,0
-1.0,0
-1.0,0
-0.9978684380112031,1
-0.9831581817280524,1
-0.9721657661230357,1
-0.9505403261785554,1
-0.919954890199772,1
-0.8530709364001388,1
-0.658590690526942,1
-0.5408218906459128,1
-0.4203390670698458,1
-0.3099315917315223,1
-0.20314281465324935,1
-0.10401278937193281,1
0.02072842701069577,1
0.3336081840288454,1
0.4609385918327418,1
0.5882410487184504,1
0.6933365011040613,1
0.7945048494843057,1
0.8874276769991893,1
0.9738099896581602,1
1.0,1
1.0,-1
0.9474760943025027,-1
0.8255913514644078,-1
0.6905168075191017,-1
0.5677300862108408,-1
0.4481983306862225,-1
0.33749027758714223,-1
0.19646790459943664,-1
0.1333424838395525,-1
0.07121054661202497,-1
0.004895520827205679,-1
-0.06877912638809913,-1
-0.10702824238383757,-1
-0.09998235259514887,1
-0.08538075909985166,1
-0.06077896952227824,1
-0.05671353033066007,-1
-0.08043948574155046,-1
-0.09731563363987528,0
-0.08372059582867641,1
-0.07502761492055399,1
-0.06609933528108392,1
-0.05772008601475842,0
-0.06544572769400703,-1
-0.10155101080413342,-1
-0.10930279678686505,0
-0.09377308051791866,1
-0.08497552239586392,1
-0.07400798708471412,1
-0.0659947580671516,0
-0.07183800989561884,-1
-0.10664914998333297,-1
-0.10855768413759748,0
-0.09660973744583223,1
-0.08970764132630049,1
-0.08033490852761815,1
-0.07340666810460339,0
-0.08436113126401168,-1
-0.11938142577959043,-1
-0.12177362954829185,0
-0.1265841813891776,-1
-0.17148702262135862,-1
-0.24840356346856474,-1
-0.3301437283083982,-1
-0.4034915717301646,-1
-0.5932861428655464,-1
-0.6564377079289136,-1
-0.7031445061014268,-1
-0.7581651927815578,-1
-0.8301796767256875,-1
-0.8974097531324143,-1
-0.9235932730707138,-1
-0.9752152002980451,-1
-0.9770975901488265,0
-0.9628489447505506,1
-0.9581037536683725,0
-0.9500643803473271,0
-0.9437113146009399,1
-0.9259724046876736,1
-0.9149917972247822,0
-0.9319986666405223,0
-0.9006516467643156,1
-0.8535526840395563,1
-0.7562697307790349,1
-0.636646470192226,1
-0.522082132329392,1
-0.4235311803499415,1
-0.23011562318215395,1
-0.11718530428701213,1
-0.007797538513827029,1
0.10002156905037363,1
0.20295169186323925,1
0.30445695013627727,1
0.39821042242658344,1
0.5041994287469689,1
0.7284783361765264,1
0.8208853768374544,1
0.8987954012170174,1
0.9622868422256645,1
1.0,1
1.0,0
1.0,-1
0.9071770946507318,-1
0.8050872371700646,-1
0.6869048379881126,-1
0.5590720265865661,-1
0.4329264395730812,-1
0.3425321147823863,-1
0.2722438806160925,-1
0.2037579088643191,-1
0.07390554099827451,-1
0.00481881510832749,-1
-0.08941011056432546,-1
-0.17668562663769416,-1
-0.25395283440915195,-1
-0.3344283249185147,-1
-0.40853837796382697,-1
-0.4372211925608743,-1
-0.4361602863168659,-1
-0.45349268230331696,0
-0.4359302102639484,1
-0.4183805202275197,1
-0.40544513325238063,1
-0.394401482712341,1
-0.3889819134658401,0
-0.4084616859461878,-1
-0.4264843100913913,0
-0.4095098101872563,1
-0.3999488719882406,1
-0.3915766600626318,0
-0.38545408065443854,0
-0.3815683517607209,-1
-0.405227839202403,-1
-0.4300760529174922,0
-0.4203106026714386,0
-0.41582411963954746,0
-0.41643765578066083,-1
-0.4417843676104045,-1
-0.5122643318207963,-1
-0.590285677765706,-1
-0.7690164248737777,-1
-0.7812232376813446,0
-0.7716367354764492,0
-0.7755352463731067,0
-0.7814405317313223,0
