0,1,0.0
1.0,1,0.104
1.0,-1,0.187
0.20921089581578212,-1,0.318
-1.0,-1,0.391
-1.0,0,0.508
-1.0,0,0.6
-1.0,0,0.699
-1.0,0,0.817
-1.0,0,0.912
-1.0,0,1.031
-1.0,0,1.114
-1.0,0,1.199
-1.0,0,1.322
-1.0,0,1.42
-1.0,0,1.532
-1.0,0,1.634
-1.0,1,1.721
-0.9471987943603664,1,1.83
-0.8595357197977285,1,1.922
-0.7720905319158594,1,2.039
-0.5399504307801251,1,2.139
-0.19846753034525966,1,2.234
0.0988751600105311,1,2.36
0.6540322653859771,1,2.439
0.9560595193782966,1,2.551
1.0,1,2.642
1.0,0,2.739
1.0,0,2.852
1.0,0,2.939
1.0,0,3.082
1.0,-1,3.145
0.9455271657479676,-1,3.247
0.8296402154624118,-1,3.357
0.6903015740900691,-1,3.462
0.46580397945883134,-1,3.573
0.24867691631201216,-1,3.675
0.0816987818730992,-1,3.751
-0.06821405949819659,-1,3.878
-0.2733011919531385,-1,3.969
-0.3429338693719868,-1,4.085
-0.420764169166261,-1,4.176
-0.500143955693055,-1,4.27
-0.5820468929126686,-1,4.398
-0.6723882511215458,-1,4.468
-0.7414136972533254,-1,4.593
-0.789384968931744,-1,4.681
-0.8748265988242746,-1,4.781
-0.9094073736723359,-1,4.899
-0.9564154508954044,-1,4.98
-1.0,-1,5.12
-1.0,0,5.198
-1.0,0,5.281
-1.0,0,5.404
-0.99686930372903,0,5.492
-1.0,0,5.621
-1.0,1,5.71
-0.8920936200110992,1,5.788
-0.6646114525153887,1,5.905
-0.4446848699920065,1,6.001
-0.25009291740279316,1,6.116
-0.07831027793759004,1,6.217
0.22241625978178403,1,6.317
0.3526635473573272,1,6.434
0.49310374673516244,1,6.512
0.623880536222513,1,6.626
0.7315934443590226,1,6.722
0.821659683011644,1,6.813
0.9057792078855054,1,6.932
1.0,1,7.037
1.0,0,7.151
1.0,-1,7.239
0.9261939289664496,-1,7.322
0.7765663020769324,-1,7.443
0.6422072016713776,-1,7.531
0.548246282413666,-1,7.656
0.44817008725574525,-1,7.752
0.22655524148949246,-1,7.834
0.117011183482856,-1,7.952
0.017810003686862474,-1,8.042
-0.07743885953053953,-1,8.162
-0.18921469829175375,-1,8.257
-0.29240752119945923,-1,8.347
-0.3659284748678874,-1,8.47
-0.43636229568637086,-1,8.565
-0.5886936217279095,-1,8.67
-0.6556077178321249,-1,8.761
-0.7380656261521445,-1,8.846
-0.8093842939658351,-1,8.982
-0.8434803981811478,-1,9.074
-0.8769374462332555,-1,9.196
-0.9044660194174757,-1,9.277
-0.9434386137397075,-1,9.36
-0.9719503502519355,-1,9.483
-1.0,-1,9.574
-1.0,0,9.698
-0.9930222249760496,0,9.799
-0.9963013979381247,0,9.872
-0.9911633914655711,1,9.991
-0.921890862641736,1,10.082
-0.6497671691872131,1,10.2
-0.49775271794822906,1,10.293
-0.3399329866688273,1,10.391
-0.1552507280431249,1,10.514
0.014865901844058227,1,10.591
0.1499125395002121,1,10.711
0.27626555581505086,1,10.801
0.49718076917577414,1,10.892
0.586061608415273,1,11.017
0.6948939273339085,1,11.117
0.7986073047390723,1,11.231
0.8783941584965373,1,11.313
0.9346262553083995,1,11.397
0.9567797377614877,-1,11.522
0.9029784232325591,-1,11.62
0.5497237964053019,-1,11.736
0.3857651483015505,-1,11.836
0.23894589841236558,-1,11.912
0.10934230657407462,-1,12.036
0.0009580141938621001,-1,12.123
-0.09703587548675219,-1,12.241
-0.197470079929841,-1,12.33
-0.2692877807911005,-1,12.425
-0.44445662483496895,-1,12.541
-0.5382657559971211,-1,12.631
-0.6146018521607748,-1,12.755
-0.6760482152815179,-1,12.842
-0.7453302765848939,-1,12.951
-0.79150560748109,-1,13.051
-0.813125271079887,-1,13.149
-0.8558498443822715,-1,13.28
-0.8721789818358603,-1,13.357
-0.8780319242739825,0,13.442
-0.8786801328827648,-1,13.56
-0.9104614196721781,-1,13.657
-0.9258468416512161,0,13.772
-0.9013960316287671,1,13.876
-0.8437626603243903,1,13.955
-0.4847218184157972,1,14.075
-0.27721880376914243,1,14.163
-0.08913344994733308,1,14.281
0.06037395917239019,1,14.374
0.20147372133702568,1,14.472
0.35413638118479196,1,14.595
0.49691385974862845,1,14.671
0.7395249965444761,1,14.791
0.8427331525339714,1,14.881
0.9332726432135896,1,14.973
0.9998570128068862,1,15.098
1.0,0,15.185
1.0,-1,15.32
0.9033914590583725,-1,15.388
0.7270098429088301,-1,15.479
0.3721318333739432,-1,15.601
0.21062721534408801,-1,15.706
0.07679859505234066,-1,15.813
-0.026614011778389735,-1,15.916
-0.12892325657304948,-1,15.99
-0.23099343959322716,-1,16.105
-0.3306821995522189,-1,16.201
-0.4227209827277868,-1,16.321
-0.6334447422500311,-1,16.419
-0.7022117811481401,-1,16.509
-0.7505390383280387,-1,16.635
-0.7950413071162254,-1,16.71
-0.8332819963497106,-1,16.831
-0.8608016844660418,-1,16.921
-0.8769659382944781,-1,17.017
-0.9456226409889802,-1,17.132
-0.9434618903350083,0,17.242
-0.9434802797022761,0,17.351
-0.9431860498259906,0,17.434
-0.9415034227209828,0,17.517
-0.9341844545483802,1,17.639
-0.915841060698704,0,17.738
-0.9280516005645536,1,17.861
-0.7204172547433074,1,17.959
-0.5185939489787006,1,18.026
-0.3369437791069204,1,18.158
-0.1658307166796158,1,18.248
-0.004638717893314048,1,18.359
0.14355199823462073,1,18.451
0.2767829640901631,1,18.56
0.5371028471337873,1,18.678
0.6477792540353169,1,18.746
0.738466418716698,1,18.866
0.8131272498241517,1,18.957
0.8776463448833884,1,19.061
0.9152985743643025,0,19.178
0.8808828735225294,-1,19.272
0.7391468253056084,-1,19.393
0.35925927628645127,-1,19.467
0.19794774661290848,-1,19.561
0.0692313704216223,-1,19.681
-0.047458359576492914,-1,19.777
-0.17076826179103244,-1,19.89
-0.27548651369778,-1,19.994
-0.36771838522966016,-1,20.066
-0.461320264622995,-1,20.193
-0.6248385183686792,-1,20.281
-0.6888151270935146,-1,20.396
-0.7600095624709793,-1,20.5
-0.8079966163564227,-1,20.6
-0.8347071723129686,-1,20.716
-0.8608108791496757,-1,20.793
-0.8806070330135116,-1,20.906
-0.8991067364849644,-1,21.005
-0.9233255331767172,-1,21.094
-0.9491258154535048,-1,21.218
-0.9418804047499736,0,21.312
-0.9357567454497809,1,21.429
-0.916549051338516,1,21.51
-0.8573904568378563,1,21.605
-0.7318554411839074,1,21.72
-0.4060786053503864,1,21.818
-0.24850931191585024,1,21.935
-0.08827356022747646,1,22.023
0.050878781888312075,1,22.112
0.17809642464726894,1,22.234
0.2893153178832,1,22.317
0.3950357903060451,1,22.442
0.5358063967414042,1,22.539
0.5907997995558967,1,22.634
0.6316150002068803,1,22.745
0.6537741877646346,-1,22.83
0.6071939204751813,-1,22.958
0.43524414183718974,-1,23.047
0.22579844334006083,-1,23.137
0.032783644496751974,-1,23.253
-0.2269110000597654,-1,23.357
-0.31923481842798496,-1,23.477
-0.4188684102851731,-1,23.551
-0.5205800006436279,-1,23.639
-0.6054653199520037,-1,23.759
-0.6920792397835571,-1,23.852
-0.775419852241434,-1,23.97
-0.8114722067700455,-1,24.061
-0.8738581352262123,-1,24.153
-0.9008077529572401,-1,24.264
-0.9196108809886123,-1,24.362
-0.925973602063287,-1,24.481
-0.9492361516571118,-1,24.582
-0.981886473241172,-1,24.674
-0.9778592018095137,1,24.795
-0.9615938064611042,1,24.872
-0.956090618940814,0,24.998
-0.9473492716311501,1,25.082
-0.9247980054480817,1,25.179
-0.8842665404760911,1,25.291
-0.7996260676325813,1,25.403
-0.628999707720358,1,25.517
-0.43758901770843484,1,25.597
-0.128644796726468,1,25.68
-0.006945121017689848,1,25.799
0.1072016775923581,1,25.891
0.2029858917080729,1,26.018
0.2789322050411278,1,26.11
0.36283038038107707,1,26.192
0.44542025637100036,1,26.313
0.565180679851726,1,26.403
0.6026388676251584,1,26.527
0.589268233842271,-1,26.613
0.4543278264137287,-1,26.726
0.23888525472402766,-1,26.836
0.06069673899427963,-1,26.913
-0.074651932061221,-1,27.038
-0.1933545815993728,-1,27.12
-0.4078043303780614,-1,27.219
-0.5115032916254924,-1,27.34
-0.6302059411636441,-1,27.428
-0.7194393798104357,-1,27.551
-0.7770323873679522,-1,27.632
-0.826497237261479,-1,27.727
-0.8692814096229593,-1,27.84
-0.9005042983664816,-1,27.941
-0.954979656409043,-1,28.056
-0.9851447712099913,-1,28.154
-0.979596097370875,0,28.233
-0.976970219952029,0,28.358
-0.974836114629292,0,28.436
-0.9646666388305103,1,28.563
-0.9411079718112523,1,28.651
-0.8263951713547393,1,28.751
-0.7388226233721648,1,28.868
-0.5920704069182128,1,28.965
-0.44130978394503284,1,29.071
-0.30562707901292985,1,29.163
-0.18038293272464934,1,29.259
-0.06515052401564392,1,29.378
0.03608029803244772,1,29.466
0.21070578574510423,1,29.595
0.31201083754355197,1,29.671
0.3884025293787434,1,29.767
0.44977197548562486,1,29.884
0.4972047859631543,1,29.973
0.5231109688374229,1,30.098
0.5176921970614297,-1,30.198
0.3365530487550279,-1,30.271
0.1666782650651597,-1,30.386
0.016789841658663818,-1,30.48
-0.07169408970848379,-1,30.597
-0.189977463833087,-1,30.698
-0.2926648411563719,-1,30.793
-0.4106477330554681,-1,30.904
-0.5223398841689486,-1,30.99
-0.6786391063077035,-1,31.112
-0.7442023893183416,-1,31.201
-0.7979111638839751,-1,31.295
-0.8321952165168294,-1,31.424
-0.860973659340393,-1,31.507
-0.908391693120411,-1,31.627
-0.9355707950662757,-1,31.713
-0.9391668887973441,0,31.802
-0.9494123633896334,0,31.918
-0.9517871422686408,0,32.011
-0.9464656989846608,0,32.138
-0.9364819347178133,-1,32.235
-0.9697191460489011,-1,32.313
-0.9831826883466208,1,32.426
-0.9336418930380207,1,32.521
-0.5898805340829234,1,32.644
-0.3732231565173141,1,32.739
-0.18437492427363267,1,32.83
-0.03009184093827999,1,32.948
0.08361644897860265,1,33.025
0.20127947270215918,1,33.156
0.31821552329948877,1,33.242
0.41840211306855357,1,33.343
0.5923910146121598,1,33.451
0.6468558412290693,1,33.546
0.6826810768895244,1,33.675
0.701979790147091,1,33.751
0.7077277243317905,-1,33.845
0.6084716601642959,-1,33.966
0.4282210967601232,-1,34.061
0.0886664889621247,-1,34.177
-0.0512322194489544,-1,34.274
-0.19045241960888848,-1,34.35
-0.29706010108987524,-1,34.472
-0.3438937476292493,-1,34.561
-0.4382546713736424,-1,34.68
-0.5854900726283363,-1,34.77
-0.6889348593528658,-1,34.867
-0.8406786139905111,-1,34.978
-0.8949250106806377,-1,35.077
-0.9152519506217256,-1,35.203
-0.9292042362781913,-1,35.281
-0.9401996717109258,-1,35.375
-0.9501045578215996,0,35.502
-0.9441234007150405,0,35.594
-0.9622130281294269,-1,35.716
-0.9791783778922043,0,35.788
-0.965675803296382,1,35.878
-0.9572212353562836,1,36.006
-0.9347244395475907,1,36.099
-0.8903154723090414,1,36.217
-0.8032514109684528,1,36.319
-0.6943089065275561,1,36.393
-0.29207609111146093,1,36.511
-0.10725608796348352,1,36.603
0.04724214692060347,1,36.722
0.18805792278461086,1,36.81
0.32299372653070413,1,36.901
0.4442021001506533,1,37.02
0.5517167719740066,1,37.113
0.6658646819418523,1,37.23
0.8799833606907561,1,37.329
0.9539945584961662,1,37.418
0.997088120882333,0,37.537
0.9444157129044588,-1,37.634
0.7255188541362174,-1,37.754
0.47241022642951913,-1,37.833
0.27888831425808913,-1,37.926
-0.04013671216243564,-1,38.042
-0.18040003828117523,-1,38.135
-0.30953144967432855,-1,38.254
-0.43864034272911,-1,38.339
-0.570079883805374,-1,38.437
-0.6637111347553664,-1,38.555
-0.7251073843261105,-1,38.639
-0.7773386701795275,-1,38.764
-0.8557700427285471,-1,38.851
-0.8784122319614036,-1,38.956
-0.9262299234939454,-1,39.075
-0.9537473329842991,-1,39.158
-0.9468004255965953,0,39.273
-0.948252858421577,0,39.363
-0.9486807068506415,0,39.458
-0.9511577240715408,0,39.578
-0.9470819048262429,-1,39.665
-0.98446234652345,0,39.793
-0.948151525898904,1,39.871
-0.7938090803916589,1,39.971
-0.5592358711624767,1,40.085
-0.32932772775498853,1,40.176
-0.11882350938707431,1,40.301
0.22597629543894282,1,40.398
0.3471203327035568,1,40.466
0.4949419300664386,1,40.596
0.6422528978230158,1,40.683
0.7644522362739925,1,40.803
0.8599967092758705,1,40.889
0.93313021622327,1,40.989
0.9766585533295886,1,41.115
1.0,0,41.193
0.9648680591731222,-1,41.317
0.8383213743579403,-1,41.401
0.6895147512701161,-1,41.502
0.5306592280159304,-1,41.618
0.3643090400891742,-1,41.711
0.17938463089616707,-1,41.844
-0.13436062892447642,-1,41.906
-0.275885440297546,-1,42.008
-0.4074397710150285,-1,42.12
-0.5192996017409132,-1,42.219
-0.6145344961826502,-1,42.333
-0.719202137491808,-1,42.431
-0.7826435217082011,-1,42.515
-0.820004817198519,-1,42.636
-0.8821018669444958,-1,42.72
-0.9012138219989133,-1,42.837
-0.9059526010071306,-1,42.933
-0.9364017767620584,-1,43.032
-0.9694836075215514,-1,43.146
-0.9563315352859791,1,43.235
-0.9341948276731251,1,43.356
-0.8887787281475631,1,43.438
-0.5720423241302436,1,43.538
-0.3715908518039288,1,43.651
-0.20119645767867045,1,43.751
-0.0384871756092916,1,43.871
0.13418138432842097,1,43.946
0.311599926061604,1,44.047
0.470365827017762,1,44.163
0.7289709679768326,1,44.26
0.8252813299949027,1,44.384
0.900989766253844,1,44.478
0.9708727531409815,1,44.548
1.0,1,44.666
1.0,-1,44.761
0.9091870697628053,-1,44.884
0.706051426324563,-1,44.978
0.2935775243812615,-1,45.073
0.13944253997086986,-1,45.192
0.028227436603182054,-1,45.267
-0.0815256217844702,-1,45.387
-0.19476765114720684,-1,45.487
-0.3027153055064823,-1,45.578
-0.4101756115390792,-1,45.701
-0.6328827207327947,-1,45.793
-0.6971240910676805,-1,45.905
-0.7485061112372555,-1,45.987
-0.79324247240667,-1,46.08
-0.8271907137991571,-1,46.202
-0.8427304797611993,-1,46.299
-0.8736770985052805,-1,46.41
-0.9257347606732053,-1,46.499
-0.9388045567068545,0,46.591
-0.939258676738532,1,46.711
-0.9190891016730447,1,46.803
-0.8917865192807182,1,46.921
-0.8871788623739402,-1,47.022
-0.942703343320282,-1,47.116
-0.9566259989256185,1,47.234
-0.9123991382795497,1,47.31
-0.7022966289894721,1,47.431
-0.4597189993852765,1,47.52
-0.22244682088287582,1,47.618
-0.027540718506498862,1,47.739
0.15426235954122802,1,47.82
0.3405291052173962,1,47.95
0.49893946358455765,1,48.03
0.7318698115401869,1,48.123
0.8237349711190736,1,48.249
0.8836898913988558,1,48.331
0.9389374698868576,1,48.452
0.9430134740736229,-1,48.553
0.7835508863647691,-1,48.637
0.5586285575043335,-1,48.757
0.34366364104580516,-1,48.842
-0.04526247584026055,-1,48.962
-0.16928154888159097,-1,49.064
-0.28152672939430357,-1,49.156
-0.3959871295737364,-1,49.276
-0.49316881635275156,-1,49.352
-0.5826636908882477,-1,49.472
-0.6832235876590113,-1,49.564
-0.7938405817166845,-1,49.66
-0.8351433524026827,-1,49.775
-0.867640624913468,-1,49.878
-0.8891614839756548,-1,50.0
-0.9199751895397328,-1,50.069
-0.9707591003992934,-1,50.166
-0.9803842298511927,0,50.28
-0.9774158354977875,0,50.372
-0.973960092817704,0,50.498
-0.9629282988774375,1,50.59
-0.9510768736604843,0,50.666
-0.9697400993526021,1,50.794
-0.887322851652277,1,50.883
-0.6869340806007675,1,51.002
-0.4867889837125974,1,51.101
-0.3097818562433198,1,51.187
0.024184660711417783,1,51.315
0.1605092790013789,1,51.393
0.2839523949293621,1,51.52
0.4411776107748284,1,51.601
0.6069424984355012,1,51.698
0.7539444755190536,1,51.821
0.863752914398374,1,51.916
0.9891897280264055,1,52.019
1.0,0,52.114
1.0,-1,52.199
0.8970517893638301,-1,52.325
0.7428577640561813,-1,52.415
0.5772274644518851,-1,52.539
0.3942579466886986,-1,52.628
0.210364395355916,-1,52.712
-0.06311692829499504,-1,52.829
-0.1833282602078532,-1,52.923
-0.30351785015436794,-1,53.039
-0.4127386180806192,-1,53.129
-0.5179914771491934,-1,53.233
-0.6312779927816672,-1,53.346
-0.7082336826542592,-1,53.43
-0.804137496195156,-1,53.557
-0.8406639996521286,-1,53.64
-0.8668195851632822,-1,53.741
-0.8930730095229813,-1,53.863
-0.9419380788798539,-1,53.946
-0.9571574553202592,-1,54.072
-0.9592881680219159,0,54.155
-0.9693112145062399,0,54.244
-0.9575161977649258,1,54.362
-0.9368939426881767,0,54.457
-0.9569726486063399,-1,54.57
-0.9585054572335522,1,54.675
-0.8590577031786755,1,54.754
-0.6961016654346219,1,54.876
-0.51056659564291,1,54.961
-0.35066545923547654,1,55.08
-0.0394994648884498,1,55.18
0.06372492522159101,1,55.261
0.18720122938448447,1,55.397
0.3167805493811915,1,55.474
0.43445020718421556,1,55.596
0.5404407123844022,1,55.682
0.6336104936747071,1,55.774
0.7555720205263303,1,55.9
0.7613457369446504,-1,56.006
0.6533794352515023,-1,56.12
0.4351527126039352,-1,56.191
0.2312724678247029,-1,56.283
0.05643643149200073,-1,56.399
-0.09756592848714363,-1,56.49
-0.25787986059658075,-1,56.619
-0.5135040201970309,-1,56.703
-0.6115584094838231,-1,56.791
-0.6963200790318598,-1,56.918
-0.765516862874235,-1,57.001
-0.8131555116489668,-1,57.12
-0.8733514448011854,-1,57.217
-0.9312752119864988,-1,57.316
-0.962866002579512,-1,57.431
-0.9742378090612223,-1,57.506
-0.9815592327323619,0,57.637
-0.9805603578386982,0,57.719
-0.9852583628330727,-1,57.822
-1.0,0,57.94
-1.0,1,58.031
-0.983672673924459,1,58.154
-0.9697489727751583,1,58.232
-0.9601886087667347,1,58.319
-0.9421505946806265,0,58.446
-0.960112818791583,-1,58.532
-0.9742855441449537,1,58.651
-0.8582835736055998,1,58.757
-0.6752724378928221,1,58.837
-0.48775721222817114,1,58.957
-0.12699693050600636,1,59.049
0.02556828947439649,1,59.164
0.14302109668094043,1,59.257
0.262054666226363,1,59.358
0.3933012489105192,1,59.466
0.5195023846774325,1,59.55
0.6381028686505594,1,59.67
0.8187753422729414,1,59.764
0.8626252564678623,1,59.864
0.8427033201422687,-1,59.977
0.7085658912630399,-1,60.074
0.5058385348715089,-1,60.192
0.31686164540036055,-1,60.272
0.13561533339468723,-1,60.363
-0.025081068205564105,-1,60.48
-0.34343144526069047,-1,60.572
-0.45466947450479367,-1,60.698
-0.5533371950130197,-1,60.797
-0.6419465031046823,-1,60.88
-0.7067902404166283,-1,61.007
-0.741447913339577,-1,61.083
-0.7746006138987988,-1,61.201
-0.8080023386620904,-1,61.303
-0.8252499715787593,-1,61.386
-0.8385781800661538,0,61.511
-0.8339874729998213,1,61.6
-0.820550993119353,0,61.71
-0.8286605204605865,-1,61.803
-0.8840954737144125,-1,61.895
-0.9290281018400723,-1,62.01
-0.9611955327223217,-1,62.102
-0.9674211378240698,0,62.226
-0.959723041776517,1,62.312
-0.8317787365811142,1,62.405
-0.6703893980651903,1,62.522
-0.5579820377758891,1,62.612
-0.402147021724655,1,62.737
-0.24400582500094736,1,62.831
-0.005722143123954471,1,62.91
0.11842183617455504,1,63.031
0.24462297194146854,1,63.122
0.34857433643169977,1,63.241
0.432679554571489,1,63.341
0.5288028973424788,1,63.438
0.6207794457587388,1,63.551
0.7442629695594978,1,63.627
0.7044299240476177,-1,63.757
0.5587182832487914,-1,63.836
0.3903562670189096,-1,63.935
0.2479035951516071,-1,64.054
0.1328868942892254,-1,64.152
-0.005126650462048188,-1,64.281
-0.15851473302981256,-1,64.349
-0.4085783424732434,-1,64.442
-0.5314772007514035,-1,64.561
-0.6453787062651242,-1,64.651
-0.7201184489040229,-1,64.771
-0.7832731524840164,-1,64.872
-0.8356331981745443,-1,64.948
-0.8764190319454745,-1,65.077
-0.933456401816794,-1,65.169
-0.9595606346869062,-1,65.28
-1.0,-1,65.37
-1.0,0,65.478
-0.9983486482887202,0,65.596
-1.0,0,65.677
-1.0,0,65.786
-1.0,0,65.882
-0.9890936621470662,0,65.971
-1.0,1,66.096
-0.9303683171643358,1,66.193
-0.7370963000293982,1,66.312
-0.5578934106085423,1,66.389
-0.38286926210574945,1,66.482
-0.21310528747217672,1,66.603
-0.06028726218974423,1,66.69
0.14565746923690726,1,66.823
0.22262819705178272,1,66.906
0.33255638150434663,1,66.992
0.44811221704254334,1,67.107
0.533093948175213,1,67.2
0.5992923438746798,1,67.322
0.638318424257696,0,67.414
0.6022826459247146,-1,67.52
0.47565804274465684,-1,67.637
0.34167604049493816,-1,67.706
0.20055118110236214,-1,67.841
0.059043869516310465,-1,67.922
-0.08210348706411696,-1,68.008
-0.21759280089988753,-1,68.136
-0.3627334083239595,-1,68.224
-0.6073453318335208,-1,68.36
-0.6851856017997751,-1,68.428
-0.7554330708661418,-1,68.522
-0.8132508436445445,-1,68.639
-0.8564116985376828,-1,68.744
-0.8963892013498312,-1,68.859
-0.9596962879640045,-1,68.96
-0.9972215973003374,-1,69.028
-1.0,0,69.151
-1.0,0,69.24
-0.9989472682170195,0,69.362
-0.9860905013355135,0,69.456
-0.987154432392781,1,69.555
-0.9608809349154175,1,69.67
-0.8653623245213711,1,69.758
-0.8086715980804444,0,69.876
-0.8501873078624504,-1,69.96
-0.8736385882194834,0,70.052
-0.8559101370231209,1,70.18
-0.7530112048739241,1,70.271
-0.5376603596086973,1,70.393
-0.2849263367733771,1,70.471
-0.07852371166348415,1,70.563
0.21994814736005108,1,70.68
0.30962073657626976,1,70.782
0.3694696583661379,1,70.899
0.40305628195292953,1,70.991
0.45161633526147504,1,71.066
0.4859197124026362,1,71.194
0.516079358057598,-1,71.281
0.4480661653124878,-1,71.402
0.3668042310858257,-1,71.496
0.22713808145232184,-1,71.592
0.03399539709826804,-1,71.716
-0.1354944199615865,-1,71.792
-0.2789571235783921,-1,71.913
-0.39974129676396974,-1,72.007
-0.4749444236013506,-1,72.098
-0.604620820570827,-1,72.223
-0.6765761578649703,-1,72.315
-0.7266481132022644,-1,72.425
-0.7762273004709295,-1,72.515
-0.8233314481221616,-1,72.602
-0.8654855165385283,-1,72.722
-0.8967538903479054,-1,72.81
-0.978642983934641,-1,72.941
-0.9839738384952655,1,73.029
-0.9561660404405794,1,73.114
-0.9570395838349675,1,73.242
-0.9344170497751746,1,73.323
-0.845685199599066,1,73.445
-0.7078893287714956,1,73.537
-0.5644714222518381,1,73.636
-0.3071680955074111,1,73.742
-0.14444264011692043,1,73.825
-0.010824098598410825,1,73.947
0.09742808665998437,1,74.044
0.18463683553305743,1,74.138
0.26379330619375874,1,74.252
0.33312801330473785,1,74.354
0.45685759562780337,1,74.464
0.5230565059384151,1,74.558
0.5725125011899228,1,74.64
0.6201094169097843,1,74.766
0.6520497471763829,1,74.863
0.6626330613776228,0,74.976
0.6462597223699904,0,75.066
0.6542097848288193,1,75.157
0.7245348968989149,-1,75.271
0.5361316067306487,-1,75.367
0.38386290567905945,-1,75.479
0.25102743198668653,-1,75.583
0.10422246213860942,-1,75.678
-0.06918539108027988,-1,75.802
-0.2301865184221985,-1,75.872
-0.3519990933546474,-1,75.993
-0.5835038264012741,-1,76.088
-0.670768441584005,-1,76.179
-0.7341620389976797,-1,76.299
-0.7770726091702406,-1,76.391
-0.8383188886436705,-1,76.508
-0.8926579620759792,-1,76.586
-0.8948887868250115,1,76.681
-0.8645996743234458,1,76.808
-0.8717335417027039,0,76.891
-0.8741194505251981,1,77.016
-0.8525150461375118,1,77.116
-0.8308867826616007,1,77.198
-0.7626617198823746,1,77.321
-0.6055615534652343,1,77.402
-0.4309607458350979,1,77.515
-0.11253735438500223,1,77.618
0.026322539084168817,1,77.726
0.1516901181621344,1,77.832
0.24140028988792195,1,77.915
0.3235232715581775,1,78.026
0.43078180267341093,1,78.12
0.5346046250842524,1,78.217
0.7018568335411062,1,78.331
0.7655963877340428,1,78.439
0.7838008720496745,-1,78.552
0.7242605173843282,-1,78.634
0.6103572301984479,-1,78.72
0.4605340856899154,-1,78.84
0.31124826189837296,-1,78.935
0.16692066852438736,-1,79.061
-0.15485611166729374,-1,79.155
-0.245646365647896,-1,79.231
-0.29799838033961856,1,79.347
-0.21882632011886016,1,79.441
-0.05205231375499764,1,79.562
0.07048073305573799,1,79.658
0.13596857603795365,1,79.752
0.2050018173354673,1,79.876
0.3278792013926528,1,79.955
0.34722585335059275,1,80.072
0.45731174636373484,1,80.16
0.6103122628696045,1,80.261
0.7631597405992743,1,80.38
0.9103447836095471,1,80.479
1.0,1,80.581
1.0,-1,80.679
0.8237872833474682,-1,80.762
0.6113453659352341,-1,80.881
0.4070857770823131,-1,80.98
0.21012458640419518,-1,81.102
0.03711313114421211,-1,81.191
-0.10496076065793092,-1,81.278
-0.23008469008684018,-1,81.395
-0.5008182328559313,-1,81.489
-0.5857472198000406,-1,81.6
-0.6572739109141512,-1,81.699
-0.7228161544250271,-1,81.793
-0.7784559886283551,-1,81.915
-0.8210757671679587,-1,81.985
-0.8563971475327592,-1,82.105
-0.9643561044949055,-1,82.204
-0.9676290359186306,0,82.299
-0.975727749441571,-1,82.419
-0.9880430497987267,-1,82.514
-0.9994027497401962,0,82.625
-1.0,0,82.715
-0.9852298147761506,0,82.8
-1.0,0,82.922
-0.9982844173869533,0,83.018
-0.9932329796929822,0,83.135
-0.9880147492449649,1,83.232
-0.8959570627796012,1,83.309
-0.6598380918908937,1,83.442
-0.37860168103268543,1,83.527
-0.12709012169914158,1,83.64
0.06808122807122041,1,83.735
0.3226427120501807,1,83.826
0.4069326216842495,1,83.948
0.4918539610300643,1,84.031
0.5771207996521179,1,84.15
0.6601955049352786,1,84.241
0.7569233885139361,1,84.339
0.8688055851745069,1,84.457
0.9980580557921763,1,84.554
1.0,0,84.676
1.0,0,84.752
1.0,-1,84.841
0.8907370534501022,-1,84.96
0.6104138126112735,-1,85.052
0.3558699715472631,-1,85.178
0.1589969994287268,-1,85.273
-0.1763459586575633,-1,85.349
-0.3302125913066628,-1,85.465
-0.45570413590757575,-1,85.561
-0.4953050211038331,1,85.681
-0.4053877170699782,1,85.782
-0.23097743193251208,1,85.866
-0.10841435615283501,1,85.992
0.030399503047715104,1,86.066
0.07440418416075523,1,86.19
0.13804291759799003,1,86.279
0.18502043827198156,1,86.379
0.21942994692150264,1,86.5
0.2641667452398515,1,86.589
0.3296468643752877,1,86.716
0.40801668339813313,1,86.79
0.5879289402603454,1,86.881
0.6927659055236024,1,87.0
0.7849793953377446,1,87.094
0.8639704047166097,1,87.22
0.9016300700503053,0,87.313
0.8606536919228616,-1,87.399
0.7487506863598801,-1,87.506
0.655660874436353,-1,87.602
0.525099972822922,-1,87.721
0.3985102524140456,-1,87.815
0.26687336036250886,-1,87.911
0.12000621190356009,-1,88.031
-0.024176506802588982,-1,88.107
-0.16128209252408499,-1,88.23
-0.28972429131609156,-1,88.322
-0.5222269674263307,-1,88.418
-0.5851668617130433,-1,88.535
-0.6437029600829733,-1,88.631
-0.6996766482343219,-1,88.752
-0.7490834669077477,-1,88.838
-0.8034154376896155,-1,88.92
-0.8694834691262847,-1,89.035
-0.9017742749543813,-1,89.138
-0.9361061348094,-1,89.257
-0.9458787902317817,-1,89.342
-0.9552299236268642,0,89.43
-0.9485188492448655,0,89.554
-0.9472542831629682,-1,89.642
-0.9817303479220628,-1,89.763
-0.9827619676204526,0,89.857
-0.9740431172663188,1,89.957
-0.9564723043389037,1,90.067
-0.9348304760425737,1,90.153
-0.8923344000798673,1,90.265
-0.8692394300578483,1,90.361
-0.736848235431145,1,90.459
-0.5026927492664962,1,90.58
-0.27852067953787873,1,90.675
0.06322275775240027,1,90.791
0.19101048813360033,1,90.881
0.2942833848218791,1,90.963
0.3879389236767814,1,91.081
0.4861202779826843,1,91.177
0.5658877753065741,1,91.295
0.6298703819766056,1,91.396
0.6845240406214121,1,91.466
0.7383235625266917,1,91.597
0.7663658700270106,0,91.68
0.7341748983632743,-1,91.799
0.55428482687092,-1,91.9
0.3025696204637851,-1,91.984
0.0719527007914631,-1,92.109
-0.14269075258320896,-1,92.195
-0.4472847880465227,-1,92.305
-0.5410512537507142,-1,92.402
-0.6267311521417201,-1,92.506
-0.6956943743448383,-1,92.615
-0.7630047864935469,-1,92.712
-0.8492282264460701,-1,92.837
-0.901674440790021,-1,92.906
-0.9283745334139402,-1,93.0
-0.9748085125264144,-1,93.123
-0.9887409247971425,-1,93.222
-1.0,0,93.344
-1.0,0,93.432
-0.9929740363620642,0,93.513
-0.9852454763603347,0,93.638
-0.987709968221026,0,93.73
-0.9742849730851547,0,93.844
-0.9892232526968892,-1,93.941
-1.0,1,94.036
-0.9305431306481249,1,94.156
-0.7764909442513004,1,94.232
-0.5951509827134569,1,94.347
-0.42137488817583313,1,94.442
-0.262105133465826,1,94.537
-0.03201787043931492,1,94.662
0.08392571125526982,1,94.748
0.19989072033512434,1,94.88
0.2953175806339292,1,94.95
0.3870589306663381,1,95.043
0.469179384712632,1,95.172
0.5399540382585963,1,95.256
0.6068610487633721,1,95.374
0.7427428124514537,1,95.465
0.7648237329719247,-1,95.553
0.7078911703102149,-1,95.678
0.5048988359572952,-1,95.761
0.24749165671186057,-1,95.878
0.001098153495074472,-1,95.979
-0.17232438918559867,-1,96.069
-0.4053579176866995,-1,96.196
-0.49679928432533194,-1,96.273
-0.5672096723217108,-1,96.388
-0.6357237367217172,-1,96.483
-0.7191298338841957,-1,96.57
-0.7711876663970387,-1,96.698
-0.8011217236188711,-1,96.78
-0.8324164198053322,-1,96.913
-0.880563754506447,-1,96.993
-0.8898739534061507,-1,97.083
-0.9294610476920028,-1,97.199
-0.9477493210197293,0,97.296
-0.9273397365502981,1,97.416
-0.9179973965726898,0,97.514
-0.9132726581207111,1,97.593
-0.8971914054757684,0,97.704
-0.9131333801164578,-1,97.801
-0.9586130053514895,-1,97.924
-0.9527419017875796,1,98.02
-0.9251434295601494,1,98.116
-0.8737391322980335,1,98.23
-0.7209618753247589,1,98.315
-0.47716108572561167,1,98.438
-0.12280570182722028,1,98.522
-0.005051506077342172,1,98.624
0.1219593201090654,1,98.745
0.23341386458963886,1,98.82
0.3359974715685381,1,98.953
0.42986013274265167,1,99.041
0.5239799225400021,1,99.123
0.5903083936424949,1,99.241
0.6953025814642404,1,99.338
0.7228367715358615,-1,99.458
0.6426340684712095,-1,99.552
0.4336742073206661,-1,99.624
0.20785099396283413,-1,99.754
-0.0015052738151994927,-1,99.841
-0.1865736003899784,-1,99.96
-0.4327099749835277,-1,100.047
-0.5063354498366224,-1,100.154
-0.5907743702512247,-1,100.272
-0.6522673205518281,-1,100.35
-0.7135690544348149,-1,100.48
-0.7941948945216496,-1,100.562
-0.8368923957729923,-1,100.653
-0.8578474655388647,-1,100.776
-0.9016135291239477,-1,100.86
-0.9116917591348019,0,100.999
-0.9109156454397697,-1,101.07
-0.9395418679594396,-1,101.17
-0.9700015184833164,0,101.275
-0.9438161172944002,1,101.374
-0.9069225967189513,1,101.512
-0.7214876637290576,1,101.588
-0.6112345269362068,1,101.67
-0.5211490981896305,1,101.798
-0.4077465145183877,1,101.883
-0.26086980973966445,1,102.001
-0.07644719896068253,1,102.1
0.08604176391521245,1,102.193
0.2256409967999371,1,102.304
0.46420034981356406,1,102.393
0.5663099168208583,1,102.505
0.6798552680699537,1,102.601
0.8448691241735351,1,102.698
0.9040666606285663,0,102.811
0.8402318630558827,-1,102.917
0.6417715786613531,-1,103.032
0.40178123962201484,-1,103.109
-0.006611719952902773,-1,103.207
-0.20072457204963323,-1,103.319
-0.34133985448178006,-1,103.424
-0.4411375781179241,-1,103.538
-0.5337620384626997,-1,103.633
-0.6142378407752921,-1,103.706
-0.6770340850768348,-1,103.836
-0.7905503728527006,-1,103.921
-0.8512212058086526,-1,104.047
-0.8747818736225583,-1,104.133
-0.8932463846873774,-1,104.225
-0.9015306584548501,-1,104.348
-0.9097545512181867,0,104.431
-0.9124958488059657,0,104.555
-0.9051052138997071,-1,104.643
-0.971645080457688,-1,104.732
-0.951695196691121,1,104.85
-0.941418349787157,1,104.957
-0.9160583280499954,1,105.057
-0.8402197868550554,1,105.157
-0.675113969145307,1,105.241
-0.4985236844488724,1,105.36
-0.21946683573347825,1,105.461
-0.047465507351387215,1,105.578
0.09434531896265441,1,105.671
0.22142318026748775,1,105.753
0.3362920025360021,1,105.871
0.4369350602300517,1,105.962
0.5096217130090874,1,106.087
0.5727560909337923,1,106.176
0.728200947981765,1,106.281
0.7998731998913142,1,106.394
0.8549527518642634,1,106.465
0.8629592730127102,-1,106.594
0.7340579053829666,-1,106.682
0.4774627902062012,-1,106.776
0.2664794855538448,-1,106.898
0.11262338671490846,-1,107.001
-0.18921117492077755,-1,107.116
-0.3127617983803407,-1,107.193
-0.4339205711302405,-1,107.283
-0.56124716195379,-1,107.401
-0.6405060524750191,-1,107.495
-0.6888044388863932,-1,107.611
-0.7368721391887134,-1,107.715
-0.810096766752061,-1,107.792
-0.836832072653983,-1,107.911
-0.8943943275499922,-1,108.001
-0.9293372023845659,-1,108.127
-0.9248813180675789,0,108.214
-0.9201461821448952,1,108.318
-0.8532472105192865,1,108.427
-0.6780107572575065,1,108.518
-0.31858965797748984,1,108.628
-0.18935687141070623,1,108.723
-0.02342071075604335,1,108.818
0.13897016864368705,1,108.929
0.2808421257117881,1,109.035
0.4186952879326882,1,109.14
0.5397812124376238,1,109.23
0.7179790365689933,1,109.32
0.7859562255970636,1,109.442
0.8770646269814877,1,109.536
0.9225141336880611,-1,109.652
0.8323910874625873,-1,109.756
0.6134328542043872,-1,109.844
0.3888457796006848,-1,109.951
0.2018623212504156,-1,110.039
-0.1387749571986353,-1,110.16
-0.2523001884491741,-1,110.253
-0.3591742723767998,-1,110.346
-0.4631046077670621,-1,110.472
-0.5553708014632524,-1,110.546
-0.6217714222370025,-1,110.674
-0.6875192452179483,-1,110.761
-0.8157252033649083,-1,110.859
-0.8352886235556201,-1,110.977
-0.8580074340996725,-1,111.07
-0.8764980215702485,-1,111.196
-0.8962886298664008,-1,111.265
-0.8985983756050461,-1,111.364
-0.9130879281075862,-1,111.484
-0.9649373023936791,-1,111.575
-0.9497283208905773,1,111.691
-0.9187171444979458,1,111.79
-0.8444644987031346,1,111.873
-0.7568961056172259,1,111.992
-0.6212900497920597,1,112.085
-0.45888841908632516,1,112.201
-0.32309303983995863,1,112.29
-0.16780996977136042,1,112.395
0.13390845581506894,1,112.507
0.265652313847746,1,112.592
0.38912904915467084,1,112.705
0.5028745606118934,1,112.8
0.5949614726837857,1,112.914
0.6643169526502124,1,113.014
0.7519484535431877,1,113.11
0.9115985838608094,1,113.225
0.9807647404060356,1,113.312
0.996970825260793,-1,113.409
0.878151446115399,-1,113.522
0.6338611249597688,-1,113.616
0.39030285436611356,-1,113.731
0.21279321464858425,-1,113.836
0.04803135195855068,-1,113.909
-0.24491508844559162,-1,114.039
-0.3521226310906922,-1,114.131
-0.45959522652547347,-1,114.241
-0.5833875008677323,-1,114.334
-0.6572993645043828,-1,114.435
-0.6953155074814306,-1,114.553
-0.7349598318808019,-1,114.645
-0.8029440206296337,-1,114.746
-0.8116787490756483,-1,114.841
-0.8539619135502057,-1,114.937
-0.9056750453485359,-1,115.061
-0.9178354053558675,-1,115.155
-0.9279353301436616,0,115.282
-0.9314873687736618,0,115.363
-0.9342936056984307,0,115.439
-0.9233088314298535,-1,115.56
-0.956111465753165,-1,115.65
-0.9493360468717411,1,115.779
-0.8503845935064689,1,115.874
-0.7218665267761772,1,115.944
-0.5586623603991936,1,116.078
-0.38191999696623036,1,116.162
-0.2018784090406336,1,116.281
0.08401645820034265,1,116.377
0.19922386059828456,1,116.475
0.3230143029598216,1,116.595
0.4238492216484746,1,116.674
0.5143061199982304,1,116.791
0.5951940032486616,1,116.88
0.6722011894905162,1,116.974
0.7366940759327261,1,117.087
0.7718226003198099,1,117.192
0.8171900972702393,1,117.312
0.8705970837889254,1,117.396
0.932802002287968,1,117.482
0.9833648297612803,1,117.601
1.0,-1,117.694
0.9416911454827936,-1,117.829
0.4935369635365232,-1,117.915
0.24724338128455603,-1,117.99
0.05241506846730104,-1,118.114
-0.09969115806291318,-1,118.202
-0.2148621533390782,-1,118.322
-0.32629685308307277,-1,118.419
-0.4576710424516137,-1,118.506
-0.5638975726659161,-1,118.636
-0.5355042426453476,1,118.713
-0.45114196036004306,1,118.832
-0.41713789698140025,0,118.92
-0.4478585491348023,-1,119.018
-0.5598216139035482,-1,119.137
-0.660512891477598,-1,119.231
-0.6826916423975192,1,119.351
-0.48870619759593914,1,119.44
-0.3042439033595209,1,119.519
-0.201577547002472,1,119.644
-0.10116303206043487,1,119.738
-0.01129065737415158,1,119.86
0.09455846925104261,1,119.952
0.23482638293003832,1,120.025
0.3750686997533199,1,120.145
0.5972292465573645,1,120.243
0.684397866878357,1,120.361
0.7639609994686403,1,120.459
0.8170073558126285,1,120.552
0.8729473825726779,1,120.679
0.9265058929726062,1,120.746
0.941614437622837,1,120.871
0.990205053680147,0,120.961
0.9487589867032002,-1,121.054
0.8117193651850476,-1,121.17
0.6438352656479069,-1,121.283
0.5175380754530963,-1,121.386
0.37618355601364883,-1,121.466
0.22260135848863327,-1,121.563
0.09207889733231767,-1,121.683
-0.22230686990646786,-1,121.775
-0.41029301613925473,-1,121.899
-0.5375504951889528,-1,121.985
-0.6063071771989015,-1,122.078
-0.6574201519817161,-1,122.19
-0.7109146431246519,-1,122.282
-0.7520278099652375,-1,122.409
-0.7857147429946928,-1,122.491
-0.8350223747303189,-1,122.584
-0.8813467090900943,-1,122.717
-0.8779024730638976,0,122.786
-0.8759818953541225,0,122.912
-0.8877102232351491,0,123.001
-0.8916666133172858,1,123.09
-0.855892652509875,1,123.215
-0.6676376253977196,1,123.312
-0.5076791098762508,1,123.431
-0.2874272581192423,1,123.51
-0.09558715261550677,1,123.6
0.07223292766464162,1,123.72
0.21872179151488758,1,123.822
0.3538664430260623,1,123.937
0.45636127347106004,1,124.029
0.6376382015710325,1,124.115
0.7237953176315435,1,124.232
0.7921550802481387,1,124.321
0.8146642510067028,-1,124.443
0.7151399140861572,-1,124.535
0.4916486879253279,-1,124.622
0.23434249022105846,-1,124.753
-0.13257747930577513,-1,124.833
-0.282638617696203,-1,124.958
-0.41650288406752756,-1,125.04
-0.520777449856917,-1,125.135
-0.6217102104312977,-1,125.257
-0.7222716593151219,-1,125.356
-0.7726804222710191,-1,125.478
-0.8049205200924439,-1,125.55
-0.86609732207448,-1,125.639
-0.8836129907876289,-1,125.76
-0.913791668533895,-1,125.859
-0.9604745107328284,-1,125.974
-0.9575552326139702,0,126.083
-0.9485157135266288,0,126.155
-0.9508716221839529,0,126.272
-0.9365185047662337,0,126.368
-0.9445081080388981,-1,126.481
-0.9951729480227652,-1,126.572
-0.9938797590315167,1,126.677
-0.960487314584227,1,126.785
-0.9170613376458358,1,126.873
-0.7676254283624042,1,126.991
-0.5227625685058976,1,127.086
-0.1354202764622079,1,127.171
0.022640637634284477,1,127.293
0.19197053123355534,1,127.392
0.34193266848921233,1,127.511
0.48065149589927225,1,127.594
0.6009908487672146,1,127.684
0.7064418004697548,1,127.798
0.7812431814973111,1,127.897
0.7749027761734242,-1,128.018
0.5574422753584125,-1,128.111
0.30228588297203296,-1,128.191
0.07885718686226939,-1,128.318
-0.11806758820735952,-1,128.401
-0.31007662392668744,-1,128.523
-0.46305494590119745,-1,128.62
-0.6399702231976692,-1,128.712
-0.710754302876285,-1,128.83
-0.7620166082681966,-1,128.915
-0.8029083721586898,-1,129.032
-0.864977603224109,-1,129.12
-0.9128643486966231,-1,129.218
-0.9208861165659132,0,129.338
-0.9244028595998101,0,129.432
-0.9143275191559816,0,129.556
-0.915059104385661,-1,129.632
-0.945760014375008,-1,129.721
-0.9839051249470563,-1,129.839
-0.9680284419801574,1,129.941
-0.959467611310051,1,130.059
-0.9474028724346386,1,130.15
-0.8698291684314556,1,130.233
-0.7872627161064264,1,130.352
-0.6501739119274061,1,130.44
-0.4343049298576618,1,130.565
-0.22137512353522515,1,130.656
-0.04118696494808316,1,130.751
0.12710330753532784,1,130.873
0.2761541719610334,1,130.945
0.5018289630741981,1,131.078
0.6203586051108287,1,131.167
0.7352944951420173,1,131.253
0.8279619575680566,1,131.375
0.893137217152465,1,131.471
0.8777867621577913,-1,131.591
0.7242052032395108,-1,131.669
0.4862859856506616,-1,131.761
0.06864066330394158,-1,131.884
-0.12054471012539625,-1,131.976
-0.28943821955257787,-1,132.086
-0.4330342818271662,-1,132.187
-0.5717274395800445,-1,132.266
-0.6801432366870741,-1,132.39
-0.7442917099842132,-1,132.487
-0.8435306046487749,-1,132.603
-0.8728325183217178,-1,132.7
-0.8927008329803755,-1,132.787
-0.944912915688011,-1,132.905
-0.9713790056816349,0,132.993
-0.9584550596216973,0,133.118
-0.9571523464958952,0,133.201
-0.9538891146065097,0,133.298
-0.9564171519595515,-1,133.409
-0.9979620923378542,-1,133.516
-1.0,1,133.633
-0.9458656862240963,1,133.709
-0.8885946418470715,1,133.802
-0.8111662467218594,1,133.921
-0.6953129017329152,1,134.018
-0.33134930837661336,1,134.139
-0.15340412402941328,1,134.224
0.04869645703707515,1,134.31
0.21828559675014136,1,134.426
0.3674859875559213,1,134.524
0.5066077029876073,1,134.634
0.6241065459968118,1,134.737
0.7150974443358873,1,134.83
0.895433742993778,1,134.956
0.9606108911400215,1,135.033
0.9540674654188306,-1,135.157
0.8318121046948115,-1,135.244
0.5912094410448911,-1,135.342
0.33329048182238896,-1,135.455
0.09673728595670283,-1,135.548
-0.10148094821823417,-1,135.68
-0.42194168766390705,-1,135.745
-0.5347740011312798,-1,135.848
-0.6205070190774926,-1,135.961
-0.7077826914176994,-1,136.062
-0.8007019077492672,-1,136.175
-0.8389634913973982,-1,136.274
-0.8641418380193033,-1,136.353
-0.898762064624423,-1,136.468
-0.9084662190516156,-1,136.56
-0.9255796265211917,-1,136.678
-0.9771296684851029,-1,136.782
-0.9839488040285355,0,136.873
-0.9666649181703735,1,136.993
-0.9667829416701637,0,137.083
-0.9570919009651699,1,137.191
-0.9122954259336971,1,137.281
-0.904230486781368,1,137.377
-0.8434746118338229,1,137.499
-0.6951715274863617,1,137.592
-0.5306598825010491,1,137.711
-0.3488905791019723,1,137.787
-0.17582878724297102,1,137.878
0.10392624842635323,1,138.002
0.2175566512798992,1,138.086
0.35681126731011337,1,138.216
0.48629616030214007,1,138.318
0.6003986571548467,1,138.387
0.7109604490138481,1,138.519
0.8060873898447336,1,138.604
0.8778456777171633,1,138.72
0.8951426772975242,-1,138.811
0.7081147712966849,-1,138.901
0.42871380612673105,-1,139.039
0.1657967897608057,-1,139.113
-0.059234683172471714,-1,139.238
-0.27433906840117495,-1,139.326
-0.4602785354595048,-1,139.415
-0.573882710868653,-1,139.529
-0.725674045321024,-1,139.636
-0.7846202266051197,-1,139.747
-0.8225582249265632,-1,139.834
-0.8732821023919429,-1,139.927
-0.9368705413344524,-1,140.045
-0.9524365295845573,-1,140.13
-0.9539839488040285,0,140.25
-0.9610522450692405,0,140.351
-0.9585999790180445,0,140.432
-0.9610391313470416,-1,140.56
-1.0,-1,140.639
-0.9936620362505391,1,140.765
-0.9520536309344902,1,140.863
-0.9291585536374685,1,140.951
-0.8943977627641363,1,141.077
-0.7205284685650066,1,141.147
-0.5880846281510135,1,141.274
-0.41028187603726984,1,141.366
-0.18612704677025205,1,141.456
0.008650993818851926,1,141.581
0.17873057773479872,1,141.668
0.3312990865491421,1,141.795
0.5854448989192791,1,141.865
0.6931118748611529,1,141.962
0.8063850084288384,1,142.084
0.9011539014413967,1,142.174
0.9896240346039753,1,142.299
1.0,0,142.396
1.0,-1,142.467
0.839142972781544,-1,142.589
0.32517960133562673,-1,142.686
0.09286147930790256,-1,142.803
-0.12072498229282602,-1,142.9
-0.2960639481938683,-1,142.998
-0.4264519882626733,-1,143.099
-0.5567894364059496,-1,143.191
-0.6651952848325406,-1,143.314
-0.727423353232824,-1,143.399
-0.8187544267934838,-1,143.498
-0.855218557118284,-1,143.613
-0.8766315895983001,-1,143.712
-0.9163462511383184,-1,143.832
-0.9500784174845694,-1,143.915
-0.9435267631286046,0,143.999
-0.9420216533441262,0,144.12
-0.9382525548922392,0,144.213
-0.9271349792573105,0,144.33
-0.9356723666902762,-1,144.421
-0.988047657593848,-1,144.505
-0.9762597389456643,1,144.626
-0.9436532429424264,1,144.722
-0.9153723565718911,1,144.842
-0.8376252150156835,1,144.942
-0.47161792977840733,1,145.041
-0.2862997065668319,1,145.154
-0.112604978245472,1,145.23
0.08238895072346453,1,145.351
0.24810280279267438,1,145.442
0.39522412223009207,1,145.539
0.5515531721137306,1,145.656
0.7881589598300112,1,145.757
0.8574193058787818,1,145.878
0.9417054538095719,1,145.95
1.0,1,146.035
1.0,-1,146.163
0.862075341452591,-1,146.251
0.5185271929392041,-1,146.381
0.15964449484739407,-1,146.472
-0.32401015729007443,-1,146.546
-0.423056062324343,-1,146.677
-0.5115255658005029,-1,146.76
-0.6021645875449928,-1,146.88
-0.6755214239928997,-1,146.978
-0.7049948227404961,-1,147.078
-0.7272200581825354,-1,147.198
-0.7829618855086041,-1,147.269
-0.8069128741186332,-1,147.395
-0.821815985405059,-1,147.479
-0.8351905724569795,0,147.571
-0.8334771460973325,1,147.703
-0.7947093338592772,1,147.793
-0.7601203096494256,1,147.916
-0.7449953158128297,1,147.994
-0.4562398303831172,1,148.08
-0.2726566737340368,1,148.2
-0.059378235787189926,1,148.299
0.1481312558552339,1,148.427
0.33083920911197673,1,148.507
0.47350968887135747,1,148.594
0.5899857009023224,1,148.71
0.7284527390168138,1,148.798
0.9516789112962871,1,148.923
1.0,0,149.014
0.9540785200613766,-1,149.106
0.778563813725913,-1,149.236
0.5596911453872082,-1,149.304
0.38316582140414224,-1,149.439
0.28492639129389863,-1,149.522
-0.054764384355145856,-1,149.625
-0.24689265884875855,-1,149.739
-0.3587754272016367,-1,149.834
-0.40626213203349826,-1,149.957
-0.44119006390307935,-1,150.027
-0.512968566093778,-1,150.117
-0.5607264122457281,-1,150.241
-0.5616630822605791,-1,150.338
-0.6815691687669849,-1,150.457
-0.71671894353482,-1,150.546
-0.7291051720206807,0,150.631
-0.7224129112566784,-1,150.751
-0.747998792188665,-1,150.843
-0.7913937280082821,-1,150.96
-0.7912088589264036,0,151.063
-0.7888302100729001,1,151.152
-0.7710458043961868,0,151.281
-0.7808685149466652,1,151.352
-0.7490463836526433,1,151.48
-0.696876328746526,0,151.559
-0.7352674747499646,-1,151.659
-0.7809917610012509,0,151.777
-0.743980970809172,1,151.875
-0.7266279263235086,1,151.996
-0.7080054474756127,1,152.07
-0.6984662028506812,0,152.166
-0.7088065468304197,-1,152.284
-0.7538776289924018,-1,152.376
-0.8106324371291064,-1,152.497
-0.8086112018339013,1,152.597
-0.7852807237008326,1,152.672
-0.7290188997824707,1,152.786
-0.5817275399471274,1,152.88
-0.2930852801074706,1,153.002
-0.024273310450649177,1,153.099
0.18295260572970906,1,153.186
0.3655909340202246,1,153.308
0.5519759423701449,1,153.396
0.8838405935529989,1,153.509
1.0,1,153.602
1.0,0,153.693
1.0,0,153.821
1.0,-1,153.916
0.9644822738319692,-1,154.028
0.750482252035267,-1,154.114
0.41889992044203717,-1,154.202
-0.04454156086184158,-1,154.324
-0.20154320651285462,-1,154.419
-0.341990256874135,-1,154.541
-0.48565232080386234,-1,154.625
-0.5890340791438256,-1,154.711
-0.6633281384526521,-1,154.835
-0.7316390030188433,-1,154.93
-0.7859236897457414,-1,155.047
-0.8580489771897511,-1,155.131
-0.9022962825724468,-1,155.24
-0.9508811316847761,-1,155.353
-0.9545538759985615,0,155.43
-0.953889076582713,0,155.555
-0.9567444445655372,0,155.642
-0.9526793596128905,1,155.737
-0.9389910306570616,0,155.852
-0.9545536499680378,-1,155.955
-1.0,-1,156.077
-0.9948959238432491,1,156.148
-0.9762611275964391,1,156.239
-0.9646649288762835,1,156.357
-0.94422676525075,1,156.451
-0.9255045330098202,1,156.581
-0.7083463121137106,1,156.672
-0.5546447639501396,1,156.754
-0.36478843221797796,1,156.871
-0.16073468094059273,1,156.955
0.018060997535397805,1,157.079
0.17975200966167737,1,157.178
0.32933313660234664,1,157.277
0.5951932062232568,1,157.386
0.6977884158237291,1,157.472
0.7913121410342585,1,157.586
0.8817646769513254,1,157.683
0.9402702865168233,1,157.777
0.9233842101524119,-1,157.893
0.7640539698673705,-1,157.996
0.5143695591586472,-1,158.114
0.04447759725888156,-1,158.194
-0.1597510260067435,-1,158.283
-0.3124470602379352,-1,158.403
-0.434070528058757,-1,158.492
-0.5397041384548966,-1,158.614
-0.6286156149755999,-1,158.716
-0.7011547015973463,-1,158.791
-0.7504686022809866,-1,158.914
-0.8743107584526015,-1,158.997
-0.8939729276303207,-1,159.125
-0.9042903749364722,-1,159.219
-0.9153728871911734,-1,159.324
-0.9210125088119088,0,159.442
-0.9298107557202266,0,159.512
-0.9211655218016187,-1,159.637
-0.9694301905558197,-1,159.721
-0.9758348771251045,0,159.816
-0.9599652441923373,1,159.938
-0.9497680213781006,1,160.034
-0.9308599876496658,1,160.142
-0.9245864550715609,0,160.237
-0.9156461246727982,1,160.321
-0.8990988627856015,-1,160.44
-0.9734741052838665,-1,160.543
-0.9419534294036319,1,160.656
-0.8941696586170904,1,160.752
-0.8086353973692695,1,160.833
-0.6756015323157969,1,160.952
-0.5153750730910263,1,161.045
-0.33680891409960056,1,161.162
-0.057221393401861276,1,161.26
0.08277456268341066,1,161.344
0.2304867452497663,1,161.473
0.36150958243848064,1,161.56
0.4812094583886639,1,161.678
0.5877830057215929,1,161.762
0.6902470613308851,1,161.852
0.7745244301632321,1,161.972
0.8854807067014225,1,162.072
0.8338934701706642,-1,162.182
0.630768726330803,-1,162.27
0.398243629468116,-1,162.358
0.18283412845440483,-1,162.485
-0.005710663365957935,-1,162.579
-0.1877086851265909,-1,162.702
-0.358503970140608,-1,162.782
-0.5657600647026356,-1,162.877
-0.6377526763611325,-1,163.0
-0.6938537960883322,-1,163.08
-0.7486215169052031,-1,163.196
-0.7879349257613762,-1,163.304
-0.8486482941784022,-1,163.386
-0.8918526047729123,-1,163.513
-0.9118207999300512,-1,163.591
-0.9161925996360477,0,163.715
-0.9275702083709034,-1,163.803
-0.9324775535408845,-1,163.891
-0.9453634331743092,-1,164.013
-0.9878682558158598,-1,164.124
-0.9841303670672328,1,164.238
-0.9643042554005388,1,164.309
-0.9400626260307884,1,164.402
-0.9327070730254493,1,164.523
-0.911962883420496,0,164.624
-0.9388385221131094,-1,164.738
-0.9560743424540005,1,164.824
-0.8712723576569339,1,164.913
-0.7352656688033838,1,165.03
-0.3726686011880366,1,165.126
-0.20151264269827474,1,165.242
-0.04864173647884318,1,165.336
0.06739675721756799,1,165.434
0.18479050882283832,1,165.562
0.31861129782339015,1,165.626
0.43798328879562387,1,165.757
0.5501199512544332,1,165.841
0.7263690564016809,1,165.941
0.7736500702220328,1,166.06
0.7955746457476052,0,166.145
0.7862845713723625,-1,166.264
0.6484198676437638,-1,166.357
0.4084517817816178,-1,166.441
0.19370898022307115,-1,166.564
-0.14910569372264215,-1,166.666
-0.29846823067801154,-1,166.783
-0.42753468749829227,-1,166.865
-0.5191348208381833,-1,166.951
-0.5995977944270483,-1,167.08
-0.6751206343481373,-1,167.16
-0.7289374887289539,-1,167.283
-0.7595728751687242,-1,167.376
-0.8721467175981332,-1,167.476
-0.8940275751266455,-1,167.592
-0.9021154045827391,-1,167.667
-0.9121596144072659,0,167.797
-0.9171543955713669,0,167.881
-0.9062576848041707,1,167.976
-0.8969566809296632,-1,168.092
-0.9314392511107104,-1,168.189
-0.9409260564727226,0,168.302
-0.9311332251312906,1,168.395
-0.9185096534802258,1,168.483
-0.8975250148914428,1,168.621
-0.8508669825291955,1,168.693
-0.7716609013558045,1,168.82
-0.6809023394593177,1,168.915
-0.3029602548759228,1,168.994
-0.11333344262832601,1,169.125
0.06861326864442607,1,169.2
0.23354325563579414,1,169.32
0.3737818685713641,1,169.413
0.50786926985343,1,169.518
0.6417651498935366,1,169.632
0.7798857632121492,1,169.718
0.9960118517850907,1,169.827
1.0,-1,169.92
0.9200999988986907,-1,170.011
0.701423993127829,-1,170.125
0.45166903448199913,-1,170.238
0.2336648274798736,-1,170.348
0.06513144128368631,-1,170.439
-0.22256362815387498,-1,170.522
-0.34981993590378957,-1,170.641
-0.459323135207762,-1,170.741
-0.5776698494509973,-1,170.856
-0.6718758603980133,-1,170.946
-0.7260602856796732,-1,171.033
-0.7677228224358763,-1,171.147
-0.8018964548848581,-1,171.239
-0.8518011427940486,-1,171.363
-0.8952529752011169,-1,171.454
-0.9338364027214503,-1,171.545
-0.9314872681337677,0,171.661
-0.9295038007224697,0,171.757
-0.930168650134078,0,171.876
-0.9276422223699665,0,171.961
-0.920639141901026,-1,172.052
-0.9618598054207389,0,172.175
-0.9198080801365157,1,172.276
-0.8115927575737429,1,172.396
-0.6628991866675531,1,172.472
-0.47780511047581053,1,172.562
-0.3057864060456973,1,172.68
-0.15221727278771358,1,172.775
0.0875828291558629,1,172.905
0.22181592535957262,1,172.985
0.33583759945039104,1,173.073
0.4276865456640737,1,173.195
0.49555658976575145,1,173.276
0.5547835915165216,1,173.401
0.5901203377435011,1,173.492
0.640626731378676,1,173.594
0.772078540877158,1,173.714
0.7784943376991778,-1,173.791
0.666245595372648,-1,173.912
0.4473771690712054,-1,174.003
0.20855217959798766,-1,174.102
0.004709349998891943,-1,174.219
-0.15005651219998672,-1,174.317
-0.41901026084258586,-1,174.44
-0.5272920683465195,-1,174.514
-0.6177115883252443,-1,174.604
-0.7234337255944863,-1,174.722
-0.797076878753629,-1,174.817
-0.8289674888637724,-1,174.946
-0.8558828092103805,-1,175.027
-0.8780001329698823,-1,175.111
-0.9118631296677969,-1,175.238
-0.9531502781286705,-1,175.32
-0.985151696474082,-1,175.441
-0.9726746891829001,1,175.544
-0.9652837798905215,0,175.623
-0.9632781508321698,0,175.759
-0.9570285663630521,0,175.832
-0.9478536444828579,-1,175.958
-1.0,-1,176.039
-0.9967050706530152,1,176.138
-0.9456004953450831,1,176.264
-0.8396983702262223,1,176.347
-0.686970655226554,1,176.468
-0.4763826540766458,1,176.557
-0.25596514893522926,1,176.642
0.02910152362840268,1,176.762
0.17878861590853812,1,176.859
0.32933813936003187,1,176.976
0.4734857698856725,1,177.074
0.6073395104044581,1,177.151
0.7267420003980452,1,177.278
0.820691714026669,1,177.364
0.8618672740540898,-1,177.481
0.671601689480551,-1,177.58
0.41207624776099605,-1,177.676
0.15886424448818026,-1,177.781
-0.046427544724796044,-1,177.87
-0.2140045554056743,-1,177.993
-0.3721943344906128,-1,178.079
-0.5119966387297936,-1,178.171
-0.6605117091616727,-1,178.298
-0.7145573959001349,-1,178.382
-0.7506468233785188,-1,178.52
-0.774783839366666,-1,178.597
-0.811669357157073,-1,178.68
-0.8754229229782623,-1,178.801
-0.9190752084208664,-1,178.901
-0.9336591406647354,-1,179.015
-0.9514827182061432,0,179.116
-0.9433338493177948,0,179.188
-0.9421728842794277,0,179.316
-0.9502554123084408,-1,179.402
-0.993233232347803,-1,179.526
-0.9974679905353707,1,179.615
-0.9719931005506292,1,179.718
-0.944704893744057,1,179.826
-0.7495632560093761,1,179.912
-0.5871276619269808,1,180.035
-0.43229915304836253,1,180.128
-0.297184936202207,1,180.22
-0.13573339819995134,1,180.337
0.01681740784148955,1,180.425
0.14035514473364152,1,180.55
0.3407929944052541,1,180.637
0.42060104818557753,1,180.722
0.48573671524291817,1,180.839
0.5615974878927932,1,180.937
0.6436611308905156,1,181.058
0.6945113995709957,1,181.141
0.6709714513168661,-1,181.231
0.5067446540324185,-1,181.353
0.03133499922602323,-1,181.44
-0.1680966807456713,-1,181.564
-0.31203423188341695,-1,181.657
-0.4420623161805356,-1,181.759
-0.5538356073505672,-1,181.877
-0.6405652241215365,-1,181.951
-0.7140819530748989,-1,182.08
-0.856416266778709,-1,182.162
-0.8808518166338648,-1,182.261
-0.9008535857234471,-1,182.38
-0.9186992768846333,-1,182.475
-0.929546007385949,0,182.595
-0.9278543154728998,-1,182.669
-0.9533181486477521,-1,182.759
-0.9950354923597444,-1,182.881
-0.9769576081908847,1,182.982
-0.9729439862011012,0,183.094
-0.9624289599964618,1,183.187
-0.9504323212666681,0,183.268
-0.9524778310961721,-1,183.388
-0.9994029322659826,-1,183.481
-1.0,1,183.603
-0.9732462538124917,1,183.696
-0.8983777571498033,1,183.795
-0.7741457808425054,1,183.906
-0.5502033328913053,1,184.001
-0.35325774654113073,1,184.114
-0.17244618308800774,1,184.205
0.0024090527339433176,1,184.298
0.1469743181717722,1,184.421
0.3912721566547319,1,184.516
0.48838571365424577,1,184.642
0.5623480528665517,1,184.707
0.6196901383547717,1,184.8
0.5847809751138222,-1,184.921
0.4311983379746276,-1,185.016
0.2320868143040269,-1,185.144
0.07445504204824749,-1,185.232
-0.31254488370298705,-1,185.304
-0.4460356933011259,-1,185.437
-0.5616976574416438,-1,185.52
-0.6606940430052644,-1,185.641
-0.7357959772332053,-1,185.738
-0.8035028577194034,-1,185.837
-0.8923028529713753,-1,185.95
-0.9602115246511683,-1,186.034
-0.9689241561863838,0,186.157
-0.9705978360862004,0,186.24
-0.9705622258755661,0,186.341
-0.9776486577918109,-1,186.457
-1.0,-1,186.543
-1.0,1,186.669
-0.9788853626260379,1,186.745
-0.9558852806501856,1,186.842
-0.9466688526893935,1,186.967
-0.9300628871895165,0,187.058
-0.9586021946106733,-1,187.174
-0.9609326509819536,1,187.278
-0.8941340422292747,1,187.354
-0.8399480038879976,1,187.468
-0.7600449696103805,1,187.56
-0.5337681957114919,1,187.684
-0.42021992950076703,1,187.781
-0.3012846787132133,1,187.865
-0.1180920705929196,1,187.989
0.05748849410359402,1,188.079
0.18414118583925698,1,188.197
0.3140377791570541,1,188.283
0.5512407630780762,1,188.376
0.6505135201602041,1,188.498
0.7577262240751368,1,188.596
0.8545748380976919,1,188.724
0.9196051106088463,1,188.786
0.9312925249733579,-1,188.882
0.8129076834795237,-1,189.003
0.6437095244229485,-1,189.092
0.3022215455961401,-1,189.212
0.11213125505029797,-1,189.315
-0.07533580822334907,-1,189.391
-0.24263681184199737,-1,189.506
-0.37988781019076956,-1,189.603
-0.49197222189692125,-1,189.722
-0.6041854527994753,-1,189.818
-0.6962560457191038,-1,189.911
-0.7194435010715414,-1,190.026
-0.7282968931151995,-1,190.112
-0.7362251291119672,-1,190.247
-0.7515311918117834,-1,190.322
-0.7947324659507442,-1,190.416
-0.8168893677319624,-1,190.542
-0.8133526952489138,0,190.631
-0.8196297033645232,0,190.756
-0.8255085430548887,0,190.831
-0.8244897003197058,-1,190.922
-0.8572214870419599,0,191.044
-0.8301928774695225,1,191.149
-0.6440022953238631,1,191.249
-0.4197749177313769,1,191.356
-0.22517595531144974,1,191.43
0.1031490438102376,1,191.554
0.22923961541614446,1,191.641
0.3335363211579674,1,191.765
0.45989624199271595,1,191.86
0.5853310067805741,1,191.951
0.6990080921877013,1,192.067
0.8047218090899508,1,192.165
0.9679005984237214,1,192.281
1.0,1,192.36
1.0,-1,192.453
0.9562775180427578,-1,192.577
0.7840769824338432,-1,192.668
0.5626163133766058,-1,192.797
0.3376151786119559,-1,192.88
0.1292269983205483,-1,192.962
-0.2550043121056693,-1,193.08
-0.3773546366483591,-1,193.172
-0.48199128500748945,-1,193.288
-0.5707298806227589,-1,193.387
-0.6376582996686487,-1,193.483
-0.6911624529072671,-1,193.594
-0.7601107530298217,-1,193.684
-0.8492124733330307,-1,193.798
-0.8622395715128682,-1,193.898
-0.8763333484635286,-1,193.991
-0.8859561526939312,0,194.102
-0.8894625754618493,0,194.188
-0.8868412691207843,-1,194.308
-0.9344673414733784,-1,194.401
-0.9604647996005629,1,194.501
-0.9102628114928963,1,194.615
-0.8916980618219781,1,194.712
-0.8712269075393764,1,194.825
-0.8425854477781308,1,194.912
-0.7900118015523581,1,195.0
-0.7126548953746993,1,195.124
-0.5484657981934546,1,195.216
-0.3494053833234987,1,195.341
-0.022184648903817328,1,195.443
0.11735736008351871,1,195.51
0.24161408923789196,1,195.633
0.3456947029186146,1,195.725
0.4337751350369934,1,195.84
0.5390018610140257,1,195.931
0.6452271798828924,1,196.021
0.8256661068494395,1,196.151
0.902319458944215,1,196.231
0.9613839589669102,1,196.351
0.9602718896100948,-1,196.438
0.8755163179156642,-1,196.541
0.7366892106577096,-1,196.662
0.5369933275838592,-1,196.76
0.3167695519949163,-1,196.878
-0.06834687485815438,-1,196.951
-0.23480550133902234,-1,197.042
-0.39975489083564064,-1,197.156
-0.5025305251690799,-1,197.254
-0.5597453588125822,-1,197.374
-0.6096523081112977,-1,197.475
-0.6579592392537787,-1,197.551
-0.7327969679088557,-1,197.67
-0.7848486223957152,-1,197.764
-0.8418024601697608,-1,197.88
-0.8573600835186782,-1,197.981
-0.8676070083064773,-1,198.071
-0.8769574690209251,0,198.182
-0.8825405110979982,0,198.273
-0.8873292179202034,-1,198.4
-0.9185238981435251,-1,198.48
-0.9332191003585857,0,198.575
-0.9121011302255913,1,198.695
-0.899108074985248,1,198.801
-0.8677091371249603,1,198.918
-0.8163383414279879,1,198.992
-0.7253529118060914,1,199.079
-0.6110140256910717,1,199.208
-0.3304775089646408,1,199.296
-0.15673369343198218,1,199.419
-0.0037106804048839814,1,199.506
0.13241568698651895,1,199.594
0.25002269529299626,1,199.718
0.36053742453815074,1,199.801
0.45054695656120924,1,199.922
0.6706799509781671,1,200.015
0.7823748354591258,1,200.115
0.8734850891925015,1,200.237
0.8998343243611275,-1,200.317
0.8186646089601017,-1,200.433
0.622838273342109,-1,200.52
0.36571195134129186,-1,200.619
0.15519041350823848,-1,200.738
-0.16095501792928146,-1,200.838
-0.2998502110662249,-1,200.951
-0.40287549362262265,-1,201.035
-0.49379283736553037,-1,201.119
-0.6039330942762471,-1,201.247
-0.6733126049657301,-1,201.341
-0.7091598202532794,-1,201.456
-0.7764286686941129,-1,201.558
-0.8020403068403613,-1,201.64
-0.8114815487267941,-1,201.75
-0.8503472379828424,-1,201.841
-0.9074894665940554,-1,201.961
-0.9189645600074026,0,202.064
-0.9177500693994634,0,202.152
-0.9158068844267604,0,202.265
-0.9055588970111964,1,202.362
-0.8967335985935042,-1,202.476
-0.9400569563103425,-1,202.558
-0.9518418188974554,1,202.662
-0.9061841587367738,1,202.781
-0.7906624065198768,1,202.865
-0.6035400893704708,1,203.001
-0.41622097196175134,1,203.07
-0.07663633627376076,1,203.168
0.04142066634252517,1,203.275
0.16972285892894345,1,203.376
0.30534139056747933,1,203.493
0.425632654951263,1,203.588
0.5472783681785558,1,203.676
0.6630895325415016,1,203.786
0.8638721029844181,1,203.876
0.9410409576069088,1,204.002
1.0,1,204.095
1.0,-1,204.188
0.9051147760196123,-1,204.304
0.6720971696010698,-1,204.395
0.4143302874972141,-1,204.517
0.18688433251615777,-1,204.602
-0.20758858925785606,-1,204.697
-0.33530198350791174,-1,204.817
-0.44268999331401826,-1,204.916
-0.5336750612881658,-1,205.032
-0.6134165366614664,-1,205.111
-0.6756630265210608,-1,205.197
-0.7388566971250279,-1,205.322
-0.8550033429908626,-1,205.419
-0.8726766213505683,-1,205.542
-0.8928348562513929,-1,205.627
-0.904357031424114,-1,205.72
-0.9167483842210831,0,205.831
-0.9106195676398484,0,205.922
-0.9317249832850457,-1,206.043
-0.9700245152663249,-1,206.13
-0.9525072431468687,1,206.236
-0.9452975261867618,1,206.356
-0.9341653666146645,1,206.427
-0.922788054379318,1,206.553
-0.8978047693336305,1,206.641
-0.89997771339425,1,206.736
-0.8354022732337865,1,206.861
-0.47168486739469584,1,206.955
-0.30978381992422555,1,207.076
-0.16940049030532645,1,207.156
-0.040483619344773736,1,207.239
0.06870960552707817,1,207.37
0.15219523066636942,1,207.456
0.2550144862937376,1,207.577
0.3734120793403164,1,207.67
0.5862268776465345,1,207.756
0.680020057945175,1,207.881
0.7645754401604636,1,207.966
0.8239246712725652,1,208.074
0.8214954312458214,-1,208.18
0.7229774905281925,-1,208.284
0.5211834187653221,-1,208.388
0.29877423668375314,-1,208.473
-0.0905950523735235,-1,208.589
-0.2646311566748384,-1,208.682
-0.4306217963004234,-1,208.774
-0.5458324047247605,-1,208.898
-0.6172721194562067,-1,208.98
-0.6837419211054157,-1,209.124
-0.7376866503231558,-1,209.19
-0.8101626922219746,-1,209.281
-0.8601069757075998,-1,209.401
-0.9115556050813461,-1,209.49
-0.9236906619121907,-1,209.614
-0.931992422554045,-1,209.707
-0.9663314114039496,-1,209.797
-0.9730515758503266,0,209.917
-0.972046374781877,-1,210.001
-0.9988705605972475,-1,210.121
-1.0,1,210.218
-0.9717212862506365,1,210.317
-0.9649285758248891,1,210.432
-0.9470347636819401,1,210.513
-0.9213187034539869,1,210.636
-0.8290967485634033,1,210.725
-0.544955545235311,1,210.816
-0.3589337570850656,1,210.936
-0.18570285528841046,1,211.026
-0.042440451877507446,1,211.14
0.08305123628448818,1,211.242
0.19705015079369526,1,211.33
0.29823579769584985,1,211.441
0.37799139440804375,1,211.541
0.5474958175032594,1,211.652
0.6189591598077451,1,211.754
0.6891915331718153,1,211.83
0.7471925515188478,1,211.95
0.7814806318227852,-1,212.043
0.7084617924026835,-1,212.166
0.49620917519485674,-1,212.261
0.27426547523794076,-1,212.358
-0.10280269246479146,-1,212.469
-0.26842396808433255,-1,212.552
-0.40722131142954665,-1,212.674
-0.5187918599381158,-1,212.764
-0.6367746375635768,-1,212.861
-0.7225731727105377,-1,212.979
-0.7730428992675735,-1,213.06
-0.8538168430122929,-1,213.186
-0.8861689448917587,-1,213.28
-0.902775834960637,-1,213.373
-0.9256159041187102,-1,213.48
-0.9747875179749442,-1,213.572
-0.9873322105404513,0,213.7
-0.9805395001147039,0,213.788
-0.9771039777082715,0,213.882
-0.9699979297340547,1,213.996
-0.9470571449354022,1,214.081
-0.9447294945753437,-1,214.209
-0.9776187465378998,1,214.302
-0.9085501983538589,1,214.393
-0.7736360024843192,1,214.51
-0.6389680004028626,1,214.597
-0.3298828900912596,1,214.705
-0.1763251100877905,1,214.805
-0.05431370683915149,1,214.895
0.04758814017379054,1,215.017
0.16793214003950285,1,215.118
0.27147900918190926,1,215.235
0.3562815785498066,1,215.312
0.43901388197245983,1,215.397
0.591709983717638,1,215.531
0.6523296087197363,1,215.615
0.7200664723227825,1,215.738
0.8016125693119442,1,215.84
0.8602290721291845,1,215.908
0.8593226313639695,-1,216.032
0.7449656167993688,-1,216.114
0.554378052942855,-1,216.24
0.12300177371433696,-1,216.329
-0.05884591066522682,-1,216.436
-0.19879588856373898,-1,216.558
-0.33440390329060377,-1,216.635
-0.45525148135921356,-1,216.754
-0.5515915868868235,-1,216.84
-0.6199327443333464,-1,216.94
-0.7847482948282518,-1,217.061
-0.8292869892178312,-1,217.15
-0.8555849620357988,-1,217.277
-0.8808757784479719,-1,217.348
-0.9003698502134612,-1,217.445
-0.9160814901438555,0,217.572
-0.9146043274153569,-1,217.659
-0.9357434213103105,-1,217.777
-0.9711281830338908,-1,217.873
-0.9577889559704791,1,217.955
-0.9527307926880445,1,218.075
-0.9419654097727743,1,218.162
-0.9326995708394649,1,218.279
-0.9089418702894456,1,218.375
-0.9040963289149009,1,218.476
-0.8152539432970943,1,218.596
-0.6608904381689897,1,218.674
-0.5319856088540238,1,218.791
-0.3775549599655329,1,218.88
-0.21944259488252638,1,218.977
-0.06868247156181984,1,219.101
0.05207558149294145,1,219.183
0.14567398347144422,1,219.301
0.3660062331790892,1,219.401
0.5422488043899745,1,219.483
0.6889148233482323,1,219.602
0.7783084984148565,1,219.701
0.8504851682297525,1,219.819
0.882380542738719,1,219.91
0.8953745089664382,-1,219.992
0.8386702841226967,-1,220.118
0.42217757217366203,-1,220.2
0.20456473220999682,-1,220.319
0.004878753060500118,-1,220.418
-0.17868508280645612,-1,220.517
-0.3603840438907304,-1,220.64
-0.49165919714132744,-1,220.711
-0.5791037772737937,-1,220.833
-0.7242872869681347,-1,220.923
-0.7786453790207603,-1,221.015
-0.8202621653000944,-1,221.13
-0.8865674874120952,-1,221.222
-0.9332735771306194,-1,221.346
-0.9374123960031522,0,221.425
-0.9459908200034891,0,221.52
-0.9498649469713832,0,221.644
-0.9453411216921032,0,221.739
-0.9518862306068062,-1,221.852
-0.9966191624907508,-1,221.949
-0.9925044065186397,1,222.033
-0.9637733034151271,1,222.156
-0.9435965614115297,1,222.249
-0.9123869795645818,1,222.361
-0.7427916573924238,1,222.457
-0.5927474418128988,1,222.564
-0.44436356636247154,1,222.678
-0.2507294066690329,1,222.747
-0.07322942170834557,1,222.879
0.07611696975894988,1,222.971
0.2129987788078036,1,223.06
0.33547894195426853,1,223.184
0.5410723631572931,1,223.287
0.6449398728275713,1,223.391
0.7630887138981297,1,223.484
0.866366682508076,1,223.562
0.9630153220518436,1,223.682
1.0,1,223.777
1.0,0,223.895
1.0,-1,223.993
0.7982887785321549,-1,224.084
0.5387516350602213,-1,224.194
0.31741402839200683,-1,224.288
0.13404945667869006,-1,224.402
-0.03623463326519405,-1,224.493
-0.20880639188217376,-1,224.592
-0.3807099700451305,-1,224.711
-0.569453960667954,-1,224.8
-0.6405075906432086,-1,224.917
-0.7085034456593752,-1,225.003
-0.7680168064371825,-1,225.099
-0.808809789409906,-1,225.215
-0.8679947225069224,-1,225.309
-0.9111433247073879,-1,225.434
-0.92096099093683,-1,225.507
-0.9401876155582527,-1,225.598
-0.9472317063487562,0,225.722
-0.940074184144557,0,225.814
-0.943749361948298,-1,225.943
-0.9856055536020145,-1,226.036
-0.9852652593609275,1,226.113
-0.9666738506562007,1,226.232
-0.9353894667589242,1,226.32
-0.9029027098764733,1,226.442
-0.8336982043807212,1,226.539
-0.7530824986671809,1,226.633
-0.6610329064531131,1,226.756
-0.49245113941855057,1,226.83
-0.3142844179267006,1,226.957
-0.15796458671264424,1,227.057
0.10225841944668157,1,227.14
0.21293344978958473,1,227.257
0.30501707142776113,1,227.351
0.3894100432173686,1,227.479
0.4962057192118785,1,227.553
0.6023208067242143,1,227.642
0.7094567769598112,1,227.762
0.8115450492859493,1,227.861
0.9578262003879354,1,227.982
0.9521432865617805,-1,228.075
0.8733084540432627,-1,228.152
0.7204936535124038,-1,228.278
0.5039303984845562,-1,228.361
0.28732177089123057,-1,228.481
0.08543654079560792,-1,228.577
-0.25028641431958165,-1,228.661
-0.4027155480438752,-1,228.8
-0.5094204789074286,-1,228.874
-0.5864857813722932,-1,228.992
-0.6556449143025669,-1,229.084
-0.714379700314205,-1,229.176
-0.7642441497748387,-1,229.293
-0.7975362696945292,-1,229.394
-0.8951440011796867,-1,229.519
-0.9052507401399743,-1,229.594
-0.9177168525051328,-1,229.692
-0.9287423859163557,-1,229.8
-0.935525584455359,0,229.896
-0.9386336051906214,0,230.013
-0.9365691534613596,-1,230.122
-1.0,-1,230.199
-0.980837497456305,1,230.311
-0.9720984918714812,1,230.403
-0.9537838876704275,1,230.521
-0.9291156985551812,1,230.622
-0.8880548081488684,1,230.709
-0.8157573427996473,1,230.833
-0.7135799398557443,1,230.912
-0.3145815904311846,1,231.029
-0.13669251814502448,1,231.124
0.013453320369909871,1,231.207
0.13230605738575973,1,231.335
0.23923169104845465,1,231.438
0.3289845569448526,1,231.55
0.4212698125579397,1,231.632
0.5368779252492821,1,231.723
0.7433468243380741,1,231.846
0.8429805322540529,1,231.937
0.9343726682795577,1,232.056
1.0,1,232.162
1.0,-1,232.237
0.9346287041907768,-1,232.353
0.7588330703138699,-1,232.442
0.2994147816938453,-1,232.562
0.0904458179905312,-1,232.66
-0.09031430825881115,-1,232.745
-0.2671620199894792,-1,232.869
-0.4069130282307557,-1,232.953
-0.498191741188848,-1,233.071
-0.5723851481676311,-1,233.161
-0.6360029808872523,-1,233.264
-0.731216026652639,-1,233.38
-0.7950640014027704,-1,233.483
-0.8475583026477292,-1,233.603
-0.8658819919340698,-1,233.664
-0.8835700508504296,-1,233.767
-0.8968086971769245,-1,233.883
-0.908852796773628,-1,233.971
-0.9253901455374365,-1,234.09
-0.9636704366123093,-1,234.191
-0.9492591618446432,1,234.273
-0.9030882868665615,1,234.397
-0.8194152200596178,1,234.475
-0.6467539014553744,1,234.602
-0.4619717692442574,1,234.691
-0.28888304401192355,1,234.797
-0.04572155006137124,1,234.919
0.08703752411011756,1,234.987
0.22156102051551807,1,235.108
0.34198009819393294,1,235.203
0.4623443801507978,1,235.294
0.5708618271085393,1,235.423
0.6704585305979309,1,235.504
0.8290154304751884,1,235.633
0.9297847624057514,1,235.712
0.9877915132386463,-1,235.8
0.890134578292127,-1,235.924
0.654567771348413,-1,236.018
0.40102796773627913,-1,236.13
0.18431088900578652,-1,236.223
-0.021995002630194604,-1,236.312
-0.3467473259687883,-1,236.43
-0.4576867438190426,-1,236.522
-0.554445028932141,-1,236.644
-0.632123443801508,-1,236.739
-0.6907110292828336,-1,236.837
-0.7360270910047344,-1,236.95
-0.8032943187795897,-1,237.042
-0.8612353147466246,-1,237.155
-0.8936963001928809,-1,237.243
-0.9048088725232334,-1,237.337
-0.9108144836051201,0,237.458
-0.911636419428371,0,237.548
-0.9057075223566544,-1,237.678
-0.93756575486586,-1,237.752
-0.9459823776959495,1,237.842
-0.7295831141504472,1,237.962
-0.5788072067332983,1,238.058
-0.42000920568122047,1,238.171
-0.25909608977731013,1,238.285
-0.10595300718919864,1,238.351
0.010433105383131691,1,238.479
0.12308214974574794,1,238.561
0.25487681921795535,1,238.681
0.5067508328949675,1,238.778
0.6306549184639663,1,238.874
0.7462300543573557,1,238.996
0.850046028406102,1,239.067
0.9297518849728212,1,239.198
1.0,1,239.281
1.0,-1,239.373
0.9019290656071999,-1,239.498
0.7611246647451537,-1,239.589
0.6131857245983527,-1,239.716
0.48591270991300495,-1,239.798
0.39625146879824635,-1,239.875
0.3424210010485771,-1,240.003
0.25322345229501364,-1,240.105
0.11917420605856233,-1,240.216
-0.1062329737961124,-1,240.315
-0.20323952345071428,-1,240.393
-0.29532461099899354,-1,240.506
-0.36039961850764823,-1,240.606
-0.4048403159431134,-1,240.718
-0.44413824355441267,-1,240.817
-0.48217155563517955,-1,240.913
-0.5237774065897007,-1,241.039
-0.5948382609428763,-1,241.109
-0.6424510356674271,-1,241.224
-0.6651192690522234,-1,241.321
-0.680241963104842,-1,241.414
-0.69978027305157,-1,241.53
-0.7129638899573719,0,241.635
-0.6873765023895964,1,241.755
-0.45842839904943067,1,241.832
-0.34574061681622503,1,241.918
-0.16937944262070492,1,242.043
0.003862346599501576,1,242.14
0.15730236430411892,1,242.255
0.3066007661462422,1,242.353
0.44946016724540394,1,242.431
0.5724334891269411,1,242.553
0.7552758179164405,1,242.642
0.8547694447810898,1,242.763
0.9434189934714223,1,242.856
1.0,1,242.96
1.0,-1,243.072
0.8948241937756716,-1,243.152
0.6847752905747821,-1,243.274
0.20576400160749042,-1,243.363
0.014117733020881706,-1,243.467
-0.1364227073688825,-1,243.574
-0.269583461636822,-1,243.672
-0.3873999885179251,-1,243.802
-0.487022645783208,-1,243.874
-0.5713010756616546,-1,243.963
-0.6681784731971838,-1,244.083
-0.7882914150613508,-1,244.176
-0.8210883963194731,-1,244.301
-0.8541150190759017,-1,244.383
-0.8930705677886046,-1,244.478
-0.9140932031335627,-1,244.592
-0.9193018898451486,-1,244.68
-0.9641028585147414,-1,244.803
-0.9914823880628174,0,244.895
-0.9592699488003841,1,244.991
-0.9322870727493828,1,245.118
-0.904375192455233,1,245.184
-0.8842398083537314,1,245.312
-0.8313283194939536,1,245.402
-0.7587152164455649,1,245.497
-0.6286224952433865,1,245.612
-0.3422193336023943,1,245.715
-0.21451671235461534,1,245.825
-0.0869189200522048,1,245.912
0.050218306278729585,1,246.0
0.17196664342958368,1,246.126
0.26610303637040267,1,246.211
0.38157211969368987,1,246.342
0.5108471751219947,1,246.432
0.703910643806968,1,246.511
0.7541970889001872,1,246.632
0.7666402847154157,-1,246.719
0.6842028020777098,-1,246.844
0.5134154842835204,-1,246.939
0.33175740485462857,-1,247.029
0.13986802035778112,-1,247.146
-0.17552034467757238,-1,247.228
-0.310099744741518,-1,247.348
-0.4534009130601142,-1,247.442
-0.5737235765539581,-1,247.53
-0.6453636778187193,-1,247.649
-0.7046234806354731,-1,247.748
-0.7579499651443756,-1,247.87
-0.7973237170247449,-1,247.958
-0.8765324681451042,-1,248.041
-0.9205815909889039,-1,248.16
-0.9329933381205219,-1,248.264
-0.9452478418340873,-1,248.375
-0.9550388653314953,-1,248.476
-0.9611399099519359,0,248.547
-0.9591167113063259,-1,248.675
-0.977335982011353,-1,248.763
-0.9970752724242218,0,248.879
-0.962838138866904,1,248.982
-0.9117864424724955,1,249.078
-0.8095153233710892,1,249.195
-0.6497769764187287,1,249.272
-0.49654850697374564,1,249.392
-0.35171683605277093,1,249.475
-0.02716642119221957,1,249.579
0.09107014628879329,1,249.701
0.18959887204054793,1,249.8
0.2891863701405233,1,249.916
0.3819390210024791,1,249.987
0.4384208567669705,1,250.085
0.48619140717134823,1,250.211
0.5163402118592986,-1,250.297
0.41713009796264955,-1,250.417
0.2650232982331082,-1,250.511
0.08407805563272142,-1,250.594
-0.11491873136010311,-1,250.723
-0.2625388522278772,-1,250.801
-0.36275532400006294,-1,250.922
-0.440999648823033,-1,251.02
-0.5431554560845341,-1,251.114
-0.533427329954347,-1,251.219
-0.5844895092432922,-1,251.308
-0.6308553517797334,-1,251.431
-0.6584148815170845,-1,251.522
-0.6903562611708345,-1,251.619
-0.7127162752179133,-1,251.73
-0.7217420474141321,-1,251.838
-0.7555598651899762,-1,251.951
-0.7540503283766713,1,252.034
-0.7070240634844094,1,252.121
-0.68927652303354,0,252.242
-0.692023041402192,0,252.335
-0.6807539297750895,1,252.447
-0.6521985250567386,1,252.552
-0.6109693008433489,1,252.638
-0.4003050522310221,1,252.751
-0.2387950961019356,1,252.834
-0.10264326185746409,1,252.963
0.017333466116664198,1,253.056
0.1139752708517876,1,253.152
0.1960877837588515,1,253.276
0.258104587838794,1,253.351
0.364778522645673,1,253.478
0.34883404005513996,0,253.563
0.36419148055161,1,253.656
0.38035610392741637,-1,253.78
0.3451440611781724,-1,253.867
0.24033608159885111,-1,254.0
0.11695241290024994,-1,254.074
0.00852783470571894,-1,254.155
-0.20607798225245955,-1,254.281
-0.29997326861893103,-1,254.377
-0.3994349719844643,-1,254.495
-0.5246950788051596,-1,254.582
-0.649693113262434,-1,254.674
-0.7183246237951223,-1,254.788
-0.7455277351182208,-1,254.884
-0.7982042801658393,-1,255.003
-0.803644902430459,-1,255.098
-0.8175557034808452,-1,255.18
-0.8671712433237065,-1,255.312
-0.8812812193702926,0,255.391
-0.864529553900423,1,255.518
-0.8645190710058861,0,255.6
-0.8625273210438866,1,255.701
-0.8360684952329037,1,255.811
-0.8185830271454554,1,255.907
-0.8107627878209731,1,256.037
-0.7502450376597987,1,256.111
-0.6809006902986052,1,256.201
-0.6022789812723088,1,256.321
-0.49020635577895766,1,256.417
-0.36316415688699966,1,256.538
-0.16411495542149102,1,256.64
-0.11035867223657791,1,256.713
-0.026977729090556513,1,256.828
0.06669741649064131,1,256.922
0.15238459643476765,1,257.041
0.2354510527446838,1,257.137
0.30822330661942376,1,257.233
0.2974468910355528,-1,257.359
0.18783774575835888,-1,257.431
0.05530251012909693,-1,257.554
-0.11189965773349342,-1,257.654
-0.2697930152473701,-1,257.736
-0.3911534853003611,-1,257.851
-0.4708339666748783,-1,257.963
-0.5645300780451499,-1,258.077
-0.6717281575788707,-1,258.153
-0.6883330625252244,-1,258.24
-0.6937209135027751,0,258.366
-0.6863510674910696,0,258.452
-0.7016246751243131,0,258.577
-0.7012923821843513,-1,258.686
-0.7191175248923014,0,258.757
-0.7143704828928474,-1,258.874
-0.735530422605414,-1,258.963
-0.7555985426581062,-1,259.08
-0.7724861445711642,-1,259.17
-0.7785148879104709,-1,259.278
-0.7963281630134222,-1,259.391
-0.811494962201678,0,259.475
-0.7933612617637634,1,259.594
-0.6047138127054579,1,259.681
-0.40893393304297265,1,259.784
-0.19155501228297123,1,259.899
0.018976300392817835,1,259.977
0.18994101800315688,1,260.101
0.35762301853822054,1,260.192
0.5410081606209918,1,260.283
0.8126207302359032,1,260.402
0.8954275559148157,1,260.491
0.9890518107306518,1,260.618
1.0,0,260.724
0.9926492545884731,-1,260.785
0.9091264098499989,-1,260.907
0.7561390209725956,-1,260.997
0.5684308455654332,-1,261.12
0.19698849148921505,-1,261.219
0.009441113637929766,-1,261.325
-0.19729860106126385,-1,261.432
-0.3599682999104128,-1,261.513
-0.4585142305836951,-1,261.644
-0.5516734431350929,-1,261.725
-0.6329106654721706,-1,261.824
-0.6886040475041922,-1,261.938
-0.7868972963039533,-1,262.03
-0.8246502653159672,-1,262.16
-0.8229848620586682,0,262.233
-0.8328049985068798,-1,262.327
-0.8430845565433119,0,262.439
-0.8432912962580111,0,262.544
-0.84528978016677,-1,262.651
-0.8891185996829991,-1,262.758
-0.901775664438472,1,262.832
-0.8242597569659799,1,262.951
-0.6518618059862633,1,263.039
-0.43469322123446585,1,263.16
-0.24952335010222126,1,263.258
-0.05385569567913995,1,263.35
0.13560976730296548,1,263.466
0.4262513495509155,1,263.557
0.5487331449704822,1,263.664
0.6633588312314795,1,263.761
0.7623871545723933,1,263.856
0.8155422323294972,0,263.98
0.7585739553901638,-1,264.075
0.5794599276626129,-1,264.197
0.2931034482758621,-1,264.265
0.1393525788138663,-1,264.359
-0.038579538591617335,-1,264.484
-0.20914361637878975,-1,264.584
-0.3651407174779563,-1,264.694
-0.5382050972339655,-1,264.794
-0.671518299311511,-1,264.883
-0.7466360671578693,-1,264.993
-0.8311511052059427,-1,265.081
-0.8771469984297621,-1,265.198
-0.9053871240487982,-1,265.303
-0.9405604541611305,-1,265.394
-0.9583403792728591,0,265.511
-0.9421910858799372,0,265.589
-0.9425655272375891,0,265.712
-0.9550428795748279,0,265.802
-0.9285058581954342,0,265.897
-0.9640173934050006,-1,266.019
-1.0,0,266.118
-0.9642497816067717,1,266.245
-0.9297888363406333,1,266.305
-0.9209085158297436,0,266.402
-0.9288971895050757,1,266.526
-0.832635479109558,1,266.62
-0.6744163629243607,1,266.737
-0.48794168147724193,1,266.836
-0.3201313371690213,1,266.909
-0.17604602825556526,1,267.041
-0.04294966412627643,1,267.121
0.06722896647287402,1,267.237
0.15822514082597827,1,267.33
0.2788143506943399,1,267.438
0.3599662620116275,1,267.557
0.4289002018254662,1,267.631
0.49286983763593106,1,267.76
0.560008434497093,1,267.84
0.6162906286712655,1,267.944
0.6052052896346056,-1,268.059
0.3604241347109678,-1,268.153
0.1925655932765009,-1,268.267
0.015718287797090058,-1,268.351
-0.13875350182245383,-1,268.443
-0.29574359128836947,-1,268.562
-0.4544687772991536,-1,268.664
-0.6083381028406181,-1,268.777
-0.7002741211555261,-1,268.875
-0.7982829773774739,-1,268.944
-0.825695092930084,-1,269.074
-0.8367924812483056,-1,269.161
-0.8431545019128235,-1,269.286
-0.8868090490104528,-1,269.375
-0.928861041660391,-1,269.474
-0.94563364159412,-1,269.584
-0.967888664638371,-1,269.673
-0.9819501762207429,0,269.79
-0.9619604181100702,1,269.887
-0.9219568033256017,1,269.975
-0.8507575985781848,1,270.095
-0.6832605355905654,1,270.196
-0.4661324818507696,1,270.317
-0.2679940958520348,1,270.39
0.11607675392354722,1,270.485
0.2475826128867067,1,270.599
0.35441154321173607,1,270.702
0.4653733771123896,1,270.815
0.5953851251619122,1,270.914
0.711479953007802,1,270.985
0.8208994788685724,1,271.107
0.9181130825074555,1,271.201
0.9061240473536765,-1,271.32
0.6735488146519264,-1,271.417
0.3838358887851312,-1,271.496
0.13488568244118437,-1,271.622
-0.08543543091243189,-1,271.706
-0.2771876976835256,-1,271.827
-0.43226195138114887,-1,271.921
-0.6605235412838509,-1,272.019
-0.6948398951712504,-1,272.133
-0.6830436485224569,0,272.233
-0.6875982769527367,-1,272.355
-0.7006717474470585,-1,272.425
-0.723203903967226,-1,272.521
-0.7431454649516522,-1,272.64
-0.789438804711269,-1,272.731
-0.8515769497243727,-1,272.855
-0.8750850980510287,0,272.945
-0.8455402596620176,1,273.032
-0.7705334819411392,1,273.159
-0.7081664005783654,1,273.252
-0.6734885682441185,1,273.364
-0.6138084766695786,1,273.462
-0.46502394794710367,1,273.56
-0.1320781998373347,1,273.676
0.018212489080338568,1,273.752
0.15638160074705554,1,273.872
0.2775973732566195,1,273.961
0.37418441425430005,1,274.059
0.48451968551375124,1,274.18
0.5997228665240835,1,274.265
0.780425942103202,1,274.396
0.8489020092177004,1,274.479
0.8999066180678976,1,274.557
0.9243666596379192,1,274.684
0.9364882368888754,1,274.776
0.9539235473084917,-1,274.898
0.9151971563695516,-1,274.997
0.7388438714341656,-1,275.072
0.19110763020754895,-1,275.195
-0.05497484712474021,-1,275.279
-0.26330692532457756,-1,275.402
-0.4063680453052987,-1,275.498
-0.5112329427357893,-1,275.595
-0.5810344308220623,-1,275.72
-0.6167846492152905,-1,275.787
-0.6643311142573124,-1,275.917
-0.7227977864465209,-1,276.002
-0.746017846461233,-1,276.096
-0.7790097495698719,-1,276.22
-0.8110026455189596,-1,276.303
-0.8409481934620532,-1,276.431
-0.8685503912778041,-1,276.51
-0.9111006962216562,-1,276.601
-1.0,-1,276.72
-1.0,0,276.812
-0.9993888912654229,1,276.94
-0.9578823860129433,1,277.026
-0.8823615685938999,1,277.111
-0.7591742698778394,1,277.244
-0.6215648050257583,1,277.329
-0.4874753264848415,1,277.441
-0.12043119832311766,1,277.531
0.04020484364783017,1,277.626
0.18711538344017553,1,277.756
0.3157904385927388,1,277.83
0.41607338193684806,1,277.949
0.4914475332595929,1,278.042
0.5876238259073436,1,278.14
0.7736697690620091,1,278.248
0.8436906078698583,1,278.356
0.8702738378239641,-1,278.472
0.8145529434052201,-1,278.553
0.6760634819753479,-1,278.643
0.4736153803846319,-1,278.76
0.2532006819973478,-1,278.866
0.06213142504445823,-1,278.976
-0.25778399750667635,-1,279.077
-0.43828107335138144,-1,279.152
-0.5795938571350001,-1,279.266
-0.6483191454255456,-1,279.36
-0.7143066665851855,-1,279.481
-0.7900963718474427,-1,279.58
-0.8434339422013359,-1,279.676
-0.8557661164651027,-1,279.805
-0.8807726858839994,-1,279.871
-0.9057914774775876,1,279.993
-0.7993363359142492,1,280.078
-0.6903878707138361,1,280.181
-0.6413402836766746,1,280.3
-0.6179714856664447,1,280.394
-0.5691438977737309,1,280.516
-0.4218544705659478,1,280.588
-0.30090382981843955,1,280.681
-0.21375972426773893,1,280.8
-0.11374566876684367,1,280.901
-0.002988321712082187,1,281.012
0.10533681257906213,1,281.115
0.19003648319145428,1,281.193
0.2757994830020105,1,281.317
0.4479243691830088,1,281.403
0.5223574130545048,1,281.52
0.5949693528969608,1,281.615
0.6521446861039986,1,281.705
0.6774934764142584,1,281.836
0.7055067008072746,0,281.913
0.6747190427592782,-1,282.028
0.23540519564646134,-1,282.123
-0.017923819185147627,-1,282.216
-0.25416623379797965,-1,282.338
-0.47473982045625374,-1,282.437
-0.6276147814980719,-1,282.554
-0.7232044097606287,-1,282.631
-0.8119007314971552,-1,282.72
-0.8920048644255272,-1,282.842
-0.9906378141862782,-1,282.942
-1.0,0,283.058
-1.0,0,283.154
-1.0,0,283.234
-1.0,0,283.348
-1.0,0,283.442
-1.0,0,283.563
-1.0,0,283.649
-1.0,1,283.751
-0.9713063261910422,1,283.874
-0.9468233216747598,1,283.958
-0.912617293173509,1,284.067
-0.86437570036334,1,284.162
-0.7675303066318041,1,284.246
-0.6361959093121441,1,284.376
-0.2382197471334624,1,284.463
-0.060884919691670314,1,284.604
0.09193294622341441,1,284.667
0.22862123218671826,1,284.766
0.3429092102731275,1,284.883
0.4270207250953626,1,284.981
0.5217494651770858,1,285.098
0.7279477514799597,1,285.196
0.8155568383759493,1,285.268
0.8925713380194007,1,285.392
0.9560030334929313,1,285.474
0.9496304345365434,-1,285.605
0.8261853826389125,-1,285.692
0.6380069498681336,-1,285.799
0.4244399923030777,-1,285.905
-0.00521806060194463,-1,285.993
-0.2118917450507657,-1,286.116
-0.38637418361687437,-1,286.2
-0.506083964367777,-1,286.299
-0.6025671499881151,-1,286.409
-0.6844488211257881,-1,286.514
-0.7507895004923766,-1,286.627
-0.8110292369859757,-1,286.713
-0.913647322489728,-1,286.801
-0.9210046747484352,-1,286.918
-0.9329914994283903,-1,287.019
-0.9410279918955935,0,287.143
-0.9425560573647096,-1,287.232
-0.9688501024369814,-1,287.309
-0.99827951147181,0,287.431
-0.9638131458906358,1,287.522
-0.9512150950230341,1,287.64
-0.9281356469376436,1,287.737
-0.8871495353549074,1,287.826
-0.8359989586516803,1,287.954
-0.7313208145154901,1,288.038
-0.5372112239238458,1,288.147
-0.3429318482800774,1,288.242
-0.03968442618311885,1,288.33
0.08132703996740132,1,288.456
0.17580676197267597,1,288.546
0.27618368478839117,1,288.675
0.4011115261412386,1,288.757
0.5186254202180041,1,288.849
0.6283744779109648,1,288.96
0.8209220460230682,1,289.05
0.8883040737093506,1,289.17
0.9470383827407836,1,289.261
0.9165902633932108,-1,289.346
0.7004425730358699,-1,289.474
0.42790360736640753,-1,289.561
0.18388853045377895,-1,289.681
-0.029508642059153156,-1,289.778
-0.36137050494074496,-1,289.871
-0.4763602612426002,-1,289.982
-0.5793971498749251,-1,290.073
-0.6568941664745216,-1,290.199
-0.7187150983467105,-1,290.281
-0.7911311463077306,-1,290.375
-0.8612093260110991,-1,290.494
-0.8842408004305381,-1,290.591
-0.9163228341444501,-1,290.711
-0.9278732921698774,0,290.79
-0.9216235453424919,0,290.884
-0.9239266927844358,-1,291.001
-0.9675244637080673,-1,291.098
-0.9602909604356304,1,291.217
-0.9274103479604414,1,291.305
-0.9249567436504308,1,291.392
-0.9026081119399099,1,291.511
-0.8312336884501207,1,291.598
-0.7143634227780125,1,291.722
-0.5427268571296302,1,291.814
-0.307933127708947,1,291.911
-0.07683137835851561,1,292.032
0.09931889333186739,1,292.112
0.3715416620854479,1,292.232
0.4844190339511709,1,292.324
0.5786397541766248,1,292.412
0.6843183435856186,1,292.539
0.7972420098722852,1,292.629
0.9039969445682177,1,292.746
1.0,1,292.835
1.0,-1,292.921
0.9264664700940584,-1,293.043
0.7710093838711625,-1,293.133
0.6063386429901001,-1,293.265
0.42373476974099633,-1,293.346
0.22492189258789486,-1,293.431
0.040385238385469036,-1,293.545
-0.12452710011475887,-1,293.64
-0.45347324031825,-1,293.766
-0.5568440761911038,-1,293.852
-0.632200569950747,-1,293.957
-0.6991231104595297,-1,294.066
-0.757128502479121,-1,294.153
-0.7985734758759286,-1,294.273
-0.862992186513362,-1,294.367
-0.9155067235519243,0,294.454
-0.8557881847782518,1,294.575
-0.8440707002487358,1,294.676
-0.838261375678807,0,294.793
-0.8313868252425585,-1,294.872
-0.8655399432245595,-1,294.961
-0.8723925302408838,1,295.084
-0.8283998001328787,1,295.181
-0.8465964935400091,-1,295.292
-0.8642111563191505,-1,295.391
-0.8833412950730558,-1,295.476
-0.896958615426008,1,295.597
-0.7869658084460331,1,295.681
-0.5803778806397943,1,295.804
-0.37425118465196217,1,295.894
-0.18844065209393757,1,295.981
0.08889145128788001,1,296.108
0.20518775978607628,1,296.19
0.33574930952498616,1,296.313
0.4535171671580982,1,296.401
0.5654976636412055,1,296.501
0.6708122621773436,1,296.616
0.7692852554071195,1,296.706
0.9733583716320469,1,296.838
1.0,0,296.908
0.9671445929526123,-1,297.002
0.7978560820845146,-1,297.12
0.5510733090319968,-1,297.217
0.2942999864992575,-1,297.341
0.04223572296476297,-1,297.439
-0.1505332793303632,-1,297.513
-0.440723639800189,-1,297.627
-0.5551235317942487,-1,297.72
-0.6389469420818146,-1,297.84
-0.7147023086269745,-1,297.94
-0.8003402187120292,-1,298.036
-0.8440286215741866,-1,298.147
-0.8657594167679222,-1,298.239
-0.8874146078034292,-1,298.346
-0.918487916835426,-1,298.443
-0.9175050627784528,-1,298.536
-0.9452949912245173,-1,298.663
-0.9829134602403132,-1,298.754
-0.9726096935331443,1,298.866
-0.962025111381126,0,298.955
-0.9576160801630068,1,299.039
-0.9394453662517633,1,299.163
-0.9174156726461035,0,299.26
-0.9419964004475119,-1,299.374
-0.9561568021273031,1,299.467
-0.8423006869416234,1,299.553
-0.665295665944234,1,299.671
-0.4735897699204964,1,299.763
-0.29187182134113054,1,299.881
0.04141647254665637,1,299.98
0.16706571615420795,1,300.077
0.28387281581208823,1,300.196
0.42046123995395157,1,300.278
0.5493965615085692,1,300.397
0.6643768612550871,1,300.478
0.7553493349475471,0,300.574
0.8164120136415474,0,300.691
0.7819514330650783,0,300.797
0.7204239472930392,0,300.905
