0,-1,0.0
-1.0,-1,0.097
-0.6214442013129102,1,0.221
0.6105032822757113,1,0.296
1.0,1,0.426
1.0,0,0.51
1.0,0,0.607
1.0,0,0.732
1.0,0,0.833
1.0,0,0.943
1.0,0,1.018
1.0,0,1.111
1.0,0,1.235
1.0,0,1.334
1.0,0,1.462
1.0,0,1.536
1.0,0,1.628
1.0,-1,1.749
0.9123079483055079,-1,1.84
0.8881246880026623,1,1.962
0.9990570747129623,1,2.051
1.0,0,2.148
1.0,0,2.269
1.0,0,2.347
1.0,0,2.471
1.0,0,2.553
1.0,0,2.642
1.0,0,2.777
1.0,0,2.864
1.0,-1,2.976
0.9773203295841446,-1,3.072
0.9071591359949807,-1,3.154
0.8120853670914108,-1,3.271
0.6900783362090441,-1,3.373
0.5635778148903385,-1,3.493
0.4707646315245573,-1,3.582
0.28153055481227907,-1,3.667
0.1525572297216251,-1,3.777
0.038023971433580384,-1,3.874
-0.06291809298849405,-1,3.988
-0.16941473901770643,-1,4.09
-0.2466252687328726,-1,4.185
-0.31441515422729494,-1,4.308
-0.375635501342511,-1,4.39
-0.453538047038633,-1,4.507
-0.5054669262495501,-1,4.588
-0.5654785521180302,-1,4.681
-0.6166508271897693,-1,4.806
-0.6580333828509213,-1,4.898
-0.7155260705487225,-1,5.023
-0.7790254569612194,-1,5.096
-0.90128161359673,-1,5.191
-0.9486062798143552,-1,5.31
-1.0,-1,5.411
-1.0,0,5.531
-1.0,0,5.631
-1.0,0,5.696
-1.0,0,5.826
-1.0,0,5.912
-0.9999912176700478,0,6.043
-1.0,0,6.131
-0.9984343102314799,1,6.229
-0.9771201688522888,1,6.345
-0.9696117781391648,0,6.425
-0.9640237362028996,0,6.55
-0.955987682087125,1,6.627
-0.9413688107677936,-1,6.73
-0.9936334382893326,-1,6.846
-0.9641534894986332,1,6.943
-0.945918826338189,1,7.066
-0.9429604511954603,0,7.148
-0.9313259056780042,1,7.237
-0.9160755683194353,0,7.352
-0.9257119130825923,-1,7.443
-0.9509619044323726,0,7.561
-0.9286097366873118,1,7.659
-0.9142157710805855,1,7.743
-0.9090948410089617,1,7.87
-0.8927805266253763,1,7.952
-0.8858776512923429,0,8.077
-0.8981263624096052,0,8.159
-0.8707397667900765,1,8.264
-0.8394432718591052,1,8.38
-0.8359918341925885,1,8.459
-0.8124718867859244,1,8.581
-0.7735977993841043,1,8.668
-0.7081675374554514,1,8.769
-0.6063371509636345,1,8.89
-0.47737102522404073,1,8.991
-0.15104148645375592,1,9.11
-0.0034860385453791,1,9.178
0.12213245216428503,1,9.27
0.2327774125462787,1,9.389
0.34981488529808646,1,9.483
0.45791668108369943,1,9.607
0.5508200408290371,1,9.699
0.6246237154423722,1,9.788
0.7351302723089166,1,9.908
0.7775422995744092,1,9.989
0.8177658212518597,1,10.121
0.8206030933185704,-1,10.214
0.7727500778519774,-1,10.298
0.6845783882910625,-1,10.427
0.6024445520916231,-1,10.498
0.4922667035742707,-1,10.631
0.43027057887270326,-1,10.714
0.3369779592401647,-1,10.809
0.218184491886094,-1,10.932
0.09187398359918353,-1,11.016
-0.038208020483720295,-1,11.157
-0.13648316667243343,-1,11.218
-0.2153385695996678,-1,11.309
-0.36458081035258294,-1,11.43
-0.4331165011591295,-1,11.534
-0.5039098993114426,-1,11.647
-0.5859139822151482,-1,11.745
-0.65132694370437,-1,11.827
-0.7062385384588769,-1,11.938
-0.7545240649112488,-1,12.03
-0.8490882668419778,-1,12.149
-0.8794505380436664,-1,12.247
-0.9139476142694024,-1,12.343
-0.9541711359468531,-1,12.468
-0.9551918618732915,0,12.54
-0.9500622815819522,0,12.668
-0.9607107020518321,-1,12.749
-0.9693349711082662,0,12.855
-0.9693090204491194,-1,12.981
-0.9861077471367773,-1,13.059
-1.0,0,13.193
-0.985109341206358,1,13.258
-0.9487366541934155,1,13.351
-0.9200367331525284,1,13.474
-0.9052576470184353,1,13.568
-0.8965034844999829,-1,13.691
-0.9381372515362697,-1,13.787
-0.9438703697346287,1,13.86
-0.9015414192042295,1,13.992
-0.8782313158707817,0,14.076
-0.8920491606302997,-1,14.186
-0.9191784819252291,-1,14.288
-0.9279841395173195,-1,14.394
-0.9963009372103402,-1,14.499
-0.9823886848158193,1,14.582
-0.9709739434927392,0,14.707
-0.9676267637062721,0,14.795
-0.9675666861203611,0,14.894
-0.9592244841910124,-1,15.005
-0.9851608362799958,-1,15.101
-0.9907308867451681,0,15.225
-0.9699182944831611,1,15.308
-0.9556627415977205,1,15.392
-0.9453980569192214,1,15.515
-0.9352106148511792,-1,15.613
-0.9694376737958735,-1,15.724
-0.998849943355419,0,15.826
-0.9798310961584675,1,15.9
-0.948187373407944,1,16.024
-0.935545332829826,1,16.114
-0.9203628686189022,0,16.23
-0.9358285557348347,0,16.327
-0.9194187922688729,1,16.421
-0.8641645782553469,1,16.544
-0.8107641868927873,1,16.623
-0.7455628411548629,1,16.742
-0.5926310549624085,1,16.827
-0.5319441106800783,1,16.932
-0.4571904287823132,1,17.051
-0.3750643688420474,1,17.145
-0.30601805760582235,1,17.269
-0.24391499879844825,1,17.346
-0.18963919118404338,1,17.434
-0.12177726664149124,1,17.549
-0.07646160184009065,1,17.654
-0.026159497408081323,1,17.766
0.01617803563459086,1,17.867
0.05452470047032176,1,17.938
0.086494558687219,1,18.065
0.10363383569638507,1,18.148
0.1303789672729796,1,18.271
0.24548593981253086,1,18.369
0.3359352223674683,1,18.457
0.362447183844969,1,18.588
0.38087454602836646,0,18.667
0.374835722327161,-1,18.791
0.36155219437287145,-1,18.867
0.35470316967587245,-1,18.97
0.20426014988718433,-1,19.087
0.09341334853245287,-1,19.173
-0.03603039195828406,-1,19.307
-0.15285007042154009,-1,19.379
-0.2730989717042013,-1,19.468
-0.3841247709533522,-1,19.589
-0.45485720207449143,-1,19.69
-0.5124379984267027,-1,19.799
-0.6340246734466044,-1,19.906
-0.6871493643219513,-1,19.998
-0.7265477429778655,-1,20.1
-0.7671896859529047,-1,20.191
-0.8289062757603878,-1,20.312
-0.8662132053341373,-1,20.408
-0.8741267964558417,-1,20.494
-0.8883806814167212,-1,20.62
-0.8950036035102429,0,20.699
-0.9020222051598499,0,20.817
-0.9049992227723005,0,20.913
-0.9041984427183185,-1,21.001
-0.929644406551323,-1,21.125
-0.9637670577927675,-1,21.219
-0.957709392207939,1,21.348
-0.9391124530719336,1,21.419
-0.9325554775710928,0,21.516
-0.9332620482069592,0,21.635
-0.929474829598715,0,21.73
-0.9213728196407796,0,21.845
-0.9150042629761698,-1,21.951
-0.9533003914401322,-1,22.017
-0.9625234934736425,0,22.148
-0.9492588074029761,1,22.232
-0.9377275746256353,1,22.35
-0.9330924712543514,0,22.448
-0.9298799300966117,0,22.535
-0.9193850009185418,1,22.658
-0.907750137781274,-1,22.74
-0.9368985317462186,-1,22.876
-0.9672245434376074,0,22.953
-0.949324753995657,1,23.047
-0.9339309350755796,1,23.161
-0.9248303052856194,0,23.263
-0.9192719496168031,0,23.386
-0.9099263753397427,1,23.46
-0.895634806611617,0,23.552
-0.909436486365542,0,23.669
-0.8889930426344722,1,23.77
-0.8163293184419647,1,23.889
-0.7353280607462328,1,23.998
-0.6461588464998846,1,24.057
-0.5730711799258572,1,24.189
-0.4979203270950997,1,24.276
-0.42305210251868874,1,24.396
-0.31725492597494975,1,24.49
-0.22882996613171414,1,24.585
-0.14317476318107525,1,24.707
-0.07092556042827602,1,24.779
-0.008106720428841308,1,24.904
0.049408129330689166,1,25.005
0.11199144578483522,1,25.078
0.16280800591635147,1,25.198
0.24912267479379913,1,25.308
0.3112820488664252,1,25.433
0.40546814921576124,1,25.502
0.5317752635220381,1,25.6
0.6568505342834081,1,25.709
0.8206566629955947,1,25.812
0.923191500816539,1,25.926
1.0,1,26.014
1.0,0,26.107
1.0,0,26.221
1.0,0,26.315
1.0,0,26.432
1.0,-1,26.526
0.976745238714934,-1,26.629
0.917844492978307,-1,26.74
0.7984700517149679,-1,26.818
0.7529450372868314,-1,26.945
0.6908870757844945,-1,27.032
0.6122622186513369,-1,27.135
0.5134492865145017,-1,27.254
0.4016001086353811,-1,27.336
0.271848725231699,-1,27.456
0.09529359843383989,-1,27.537
0.031085561678869222,-1,27.627
-0.031074245493329156,-1,27.749
-0.10097432357500935,-1,27.852
-0.16293043940748453,-1,27.966
-0.22481865812671864,-1,28.055
-0.31291516255700524,-1,28.15
-0.38520295578766306,-1,28.265
-0.46381649673528047,-1,28.353
-0.5063758465266925,-1,28.473
-0.5410749473398111,-1,28.567
-0.5505764308849177,-1,28.663
-0.5603497089533647,-1,28.793
-0.5866798034019615,-1,28.858
-0.638909650970533,-1,28.989
-0.6867341623066295,-1,29.069
-0.6933025299540214,0,29.168
-0.6951711173019863,0,29.282
-0.7048311476523748,-1,29.382
-0.71264524019841,0,29.506
-0.7068809313492332,0,29.578
-0.7065072138796403,-1,29.671
-0.7390319585060361,-1,29.788
-0.7547620665443591,1,29.893
-0.7185454463092569,1,30.003
-0.6870965550044167,1,30.11
-0.6922040270888541,-1,30.185
-0.7298249190278816,-1,30.307
-0.752236642431655,-1,30.389
-0.7541392040950374,0,30.513
-0.7524065140087427,1,30.608
-0.7341736314013272,1,30.698
-0.7207651015832031,0,30.817
-0.7258159498086114,0,30.897
-0.7307422255441554,0,31.017
-0.7261050072252677,1,31.111
-0.6879354030670846,1,31.21
-0.6373983458290766,1,31.333
-0.6538015341194396,1,31.425
-0.6142191747614842,1,31.541
-0.5747753363461638,1,31.617
-0.5645478734149453,1,31.709
-0.5546320826046555,1,31.839
-0.5452242019173608,1,31.933
-0.5387021742016288,-1,32.049
-0.5640399632919502,-1,32.139
-0.5551169059038781,1,32.227
-0.4933019352530027,1,32.343
-0.45223047576172093,1,32.433
-0.4160995965577545,1,32.55
-0.3657010602623818,1,32.646
-0.28351196763227304,1,32.736
-0.2024310425432445,1,32.862
-0.07604222580067987,1,32.938
-0.002002781962264555,1,33.06
0.053313247796651364,1,33.147
0.12365879983146622,1,33.248
0.20485515903935725,1,33.363
0.2822075620891267,1,33.458
0.3394167113973878,1,33.582
0.3688062380597834,1,33.657
0.4400868064573846,1,33.755
0.46302356587536586,1,33.868
0.49736521623696306,1,33.973
0.52708950184406,1,34.095
0.5470596044072746,1,34.181
0.5465632376961658,1,34.262
0.5706197080671134,0,34.394
0.53903693314633,-1,34.469
0.44599703334314533,-1,34.59
0.3382854570325351,-1,34.689
0.21180429299488046,-1,34.79
0.07192122775728826,-1,34.903
-0.04460951523441781,-1,34.988
-0.12522870384799634,-1,35.107
-0.1926306858518172,-1,35.19
-0.334418414050641,-1,35.285
-0.39841508954801774,-1,35.4
-0.4753865600055408,-1,35.508
-0.545882176394877,-1,35.622
-0.5798313507523418,-1,35.704
-0.6125684668617504,-1,35.789
-0.6449015635551401,-1,35.907
-0.6963390069202755,-1,36.001
-0.7142197519320785,-1,36.133
-0.7631869051535562,-1,36.23
-0.7971360795110211,-1,36.301
-0.8008876883740528,0,36.417
-0.8090835108132911,-1,36.511
-0.8174524844308232,-1,36.629
-0.8311198841041447,-1,36.731
-0.8400544849041032,-1,36.826
-0.8710831760543464,-1,36.941
-0.9116236385988606,-1,37.017
-0.9073410327890614,1,37.147
-0.8919421213328024,1,37.235
-0.8855239843240467,0,37.33
-0.8833769097132039,0,37.442
-0.8729878390155779,1,37.553
-0.8667890268326609,-1,37.661
-0.9132628030867084,-1,37.746
-0.9420982459785638,0,37.835
-0.9250255397987983,1,37.952
-0.9127202627280545,1,38.041
-0.9041781379322287,-1,38.169
-0.9299715801329372,-1,38.251
-0.9376285167182207,-1,38.346
-0.952464757435159,-1,38.465
-1.0,-1,38.558
-1.0,1,38.676
-0.9767379019467322,1,38.76
-0.965482806019949,1,38.861
-0.9557785166300504,1,38.985
-0.9442649529471199,1,39.061
-0.9261839585511707,0,39.18
-0.9560252358518275,-1,39.274
-1.0,-1,39.372
-0.9816925329428989,1,39.488
-0.9452181551976574,1,39.584
-0.895402635431918,1,39.705
-0.824316251830161,1,39.78
-0.6186354319180087,1,39.868
-0.5282225475841874,1,40.002
-0.47148462664714497,1,40.094
-0.39065300146412885,1,40.209
-0.2844040995607613,1,40.3
-0.18733821376281112,1,40.39
-0.10261786237188875,1,40.505
0.04876134699853596,1,40.59
0.1074904831625183,1,40.708
0.14265300146412874,1,40.812
0.1918477306002928,1,40.905
0.25184187408491954,1,41.025
0.29023718887262073,1,41.099
0.31435431918008794,1,41.221
0.3125856515373353,-1,41.306
0.10033382137628122,-1,41.4
-0.05718301610541732,-1,41.526
-0.1742664714494876,-1,41.621
-0.26084919472913615,-1,41.746
-0.3507572838554788,-1,41.827
-0.4295308581564622,-1,41.919
-0.4776547819093637,-1,42.026
-0.5456828590230866,-1,42.125
-0.7003499867534895,-1,42.255
-0.7240156499567721,-1,42.333
-0.7557074719399789,-1,42.427
-0.7831272977769126,-1,42.543
-0.8097684065502085,-1,42.635
-0.8130779540706685,-1,42.747
-0.8527625736598954,-1,42.851
-0.8919829580765688,-1,42.949
-0.8771274325548659,1,43.063
-0.861882548501344,1,43.142
-0.8549040455848989,1,43.259
-0.8416059541904712,0,43.357
-0.8419503867378494,-1,43.452
-0.903753566000015,-1,43.572
-0.9330153571990146,0,43.658
-0.9072877434426782,1,43.784
-0.8981527932730826,1,43.87
-0.8849595291756831,1,43.954
-0.852567894393986,1,44.073
-0.860040583139278,-1,44.171
-0.9350669771551369,-1,44.282
-0.9446811378254326,1,44.382
-0.895037925018532,1,44.472
-0.8767830000074877,1,44.583
-0.8640389957544945,1,44.669
-0.8535712413798268,-1,44.797
-0.9074075460678532,-1,44.887
-0.965377041324418,-1,44.98
-0.9414314916175601,1,45.11
-0.9135025046236326,1,45.187
-0.88497450450383,1,45.306
-0.8680823343541515,1,45.399
-0.8499921379527229,-1,45.495
-0.9090398568358629,-1,45.61
-0.9724304208815976,-1,45.708
-0.9501770832553368,1,45.827
-0.9236707524353628,1,45.914
-0.8860227774741114,1,45.998
-0.8688760267459361,1,46.109
-0.8428938324111027,0,46.213
-0.8835967743143172,-1,46.329
-0.934692593951465,0,46.417
-0.8833272184076734,1,46.501
-0.8061743277949578,1,46.619
-0.7049411095220623,1,46.712
-0.43030856663646644,1,46.833
-0.2954257860175361,1,46.929
-0.19973343915898556,1,47.027
-0.09417235105164246,1,47.145
0.061945444879560885,1,47.217
0.20382170374308317,1,47.35
0.32414846540324804,1,47.435
0.5197112756733282,1,47.529
0.5648169640517249,1,47.643
0.5744610753783141,1,47.745
0.6530515974931301,1,47.871
0.7664148315649966,1,47.943
0.8541403038494082,1,48.027
0.9277889676757543,1,48.159
0.9915838655814546,1,48.251
1.0,0,48.368
0.9950120699182736,0,48.468
1.0,0,48.548
1.0,0,48.667
1.0,0,48.751
1.0,-1,48.868
0.9813001435833226,-1,48.97
0.8797438636843071,-1,49.055
0.5281756752158853,-1,49.182
0.40643607139697724,-1,49.264
0.3181493402652549,-1,49.386
0.21404802896164088,-1,49.475
0.10710227079406343,-1,49.561
0.0035453512347485283,-1,49.688
-0.08459167216729158,-1,49.776
-0.28019162589399327,-1,49.903
-0.35730471647397466,-1,49.978
-0.4189298619286439,-1,50.069
-0.4835763815641736,-1,50.193
-0.5417854688233653,-1,50.292
-0.5913659469354147,-1,50.407
-0.6276632664865638,-1,50.497
-0.6699216756377889,-1,50.584
-0.8076255673582711,-1,50.712
-0.8219022408525175,-1,50.79
-0.8349132035412683,-1,50.913
-0.8476247507706546,-1,51.014
-0.8679169530394072,-1,51.098
-0.875483998285166,0,51.225
-0.8633985015617238,-1,51.301
-0.9192122651459991,-1,51.422
-0.9376263158969195,0,51.511
-0.9179873837213258,1,51.608
-0.9072764761522392,1,51.728
-0.8905228202214314,1,51.829
-0.8903595026981416,0,51.943
-0.8791042033847557,1,52.033
-0.8636979170210883,-1,52.112
-0.949466836335427,-1,52.229
-0.9559859274734098,1,52.333
-0.9276775567698516,1,52.451
-0.9119854647404272,1,52.542
-0.8930270222452077,1,52.621
-0.8913257980442727,0,52.743
-0.8787911781317836,0,52.834
-0.9052350071111172,-1,52.95
-0.96775839894388,-1,53.046
-0.9613617959483645,1,53.147
-0.9400760787462659,1,53.269
-0.9169666492007649,1,53.347
-0.903302416418855,1,53.465
-0.8965927881703674,1,53.548
-0.8733608704823992,-1,53.648
-0.940906276156322,-1,53.768
-0.9655672221730758,0,53.859
-0.9360475798384518,1,53.988
-0.9116996590746701,1,54.059
-0.8903186733173192,1,54.15
-0.8847386579382523,1,54.269
-0.8694684695106598,-1,54.376
-0.9104611678563894,-1,54.492
-0.9720454839302362,-1,54.577
-0.9760918907765321,0,54.669
-0.9607751254203649,1,54.786
-0.9440156568719335,1,54.876
-0.9428854953415293,0,54.993
-0.936269915651359,1,55.089
-0.9173190363305584,-1,55.188
-0.9902558024146866,-1,55.304
-0.9624014554275319,1,55.388
-0.9102210706213132,1,55.51
-0.863801753128618,1,55.591
-0.8432521087160263,1,55.695
-0.8259551243177683,1,55.812
-0.7961298858812503,0,55.894
-0.8205661833618171,1,56.038
-0.7237030707315728,1,56.1
-0.5860990131760295,1,56.188
-0.44506312365621037,1,56.309
-0.3086305750041347,1,56.411
-0.18451954352500133,1,56.527
-0.06441920723303385,1,56.618
0.023636914934671127,1,56.705
0.21980263520590992,1,56.825
0.3175891725012405,1,56.916
0.40335740669276143,1,57.036
0.48521142290093167,1,57.126
0.5569491151662165,1,57.232
0.6031065659628425,1,57.337
0.6345305694911516,1,57.423
0.6899084844809527,1,57.547
0.8185263796240145,1,57.643
0.88582612051381,1,57.717
0.9437537901758641,1,57.846
0.9764182148960803,1,57.946
0.9975053751584984,1,58.056
1.0,0,58.151
1.0,0,58.233
1.0,0,58.349
1.0,0,58.451
0.98726025300959,-1,58.572
0.9774280759028771,0,58.659
1.0,1,58.737
1.0,0,58.866
1.0,0,58.958
1.0,-1,59.073
0.9290219462715927,-1,59.169
0.8121104075736152,-1,59.269
0.7086125284317943,-1,59.378
0.6281797504149504,-1,59.459
0.5521977008667855,-1,59.582
0.4802729452265322,-1,59.673
0.3956599250015369,-1,59.762
0.18299625007684273,-1,59.894
0.08160078686912153,-1,59.977
0.019056986537161036,-1,60.103
-0.045994959119690204,-1,60.18
-0.1095469355136165,-1,60.267
-0.1700006147415012,-1,60.391
-0.22460195487797385,-1,60.492
-0.2777279154115694,-1,60.607
-0.4438556586955186,-1,60.702
-0.500473350955923,-1,60.789
-0.5365709719063134,-1,60.904
-0.5781776100752815,-1,60.993
-0.6204411013375848,-1,61.11
-0.6662009023926332,-1,61.212
-0.7015702616692416,-1,61.301
-0.7961306684230289,-1,61.418
-0.8624497559354167,-1,61.513
-0.883895430790917,-1,61.621
-0.8939165440701231,-1,61.71
-0.9055257698960341,-1,61.816
-0.9213576515631828,-1,61.929
-0.9341241066866924,0,62.018
-0.933299273038404,-1,62.142
-0.9728912881562506,-1,62.219
-1.0,0,62.316
-0.986395223646863,1,62.432
-0.9654008025839288,1,62.53
-0.9449814035431144,1,62.656
-0.909452383282764,1,62.737
-0.8361064891846922,1,62.83
-0.622907898600372,1,62.944
-0.5749853185866693,1,63.032
-0.5437016736811198,1,63.148
-0.47354898698248016,1,63.252
-0.40564745032788485,1,63.34
-0.3509714201820495,1,63.472
-0.3047127336791622,1,63.538
-0.25807477733189776,1,63.663
-0.15342076930605852,1,63.747
-0.12563619457766473,1,63.85
-0.10064108838210828,1,63.97
-0.04984339825780559,1,64.059
-0.002703826955074873,1,64.177
0.03562689634922189,1,64.269
0.060866692766957,1,64.354
0.11586082020162469,1,64.471
0.1278873446217088,-1,64.563
0.09947880982675938,-1,64.687
0.10268425173730056,1,64.782
0.14079475384163653,1,64.856
0.1646031124596261,1,64.992
0.18126651658999715,1,65.074
0.1900019575217775,1,65.188
0.2318562200254477,0,65.292
0.2033620436527357,-1,65.388
0.1767275129685817,0,65.502
0.205025937163551,1,65.588
0.23199079964764602,1,65.708
0.24815258882255065,1,65.799
0.2590780072428305,1,65.89
0.27530096897327994,0,66.008
0.27160614661838123,-1,66.1
0.2532176764216503,0,66.232
0.28544337868258784,1,66.299
0.33374522854066746,1,66.395
0.39084369188607226,1,66.509
0.460739453851424,1,66.612
0.5319320739943232,1,66.726
0.6488205931290985,1,66.824
0.679186649701478,1,66.908
0.7254942742488011,1,67.042
0.7692448859743564,1,67.113
0.8093251443672311,1,67.235
0.8613095820691006,1,67.319
0.9050968973279827,1,67.429
0.9288196143682099,0,67.542
0.9078986003719292,0,67.63
0.928599393168249,1,67.739
0.9589165116961926,1,67.827
0.9716648722717041,0,67.935
0.946425075853969,-1,68.044
0.8483777038269551,-1,68.138
0.7305471273367916,-1,68.27
0.47428305764901624,-1,68.34
0.37409464617793864,-1,68.437
0.306866007634335,-1,68.553
0.23764314377997464,-1,68.654
0.17074483703631205,-1,68.763
0.1001884114710776,-1,68.869
0.02577811490652837,-1,68.937
-0.06316678085543703,-1,69.06
-0.22911568953704609,-1,69.153
-0.27040716452970537,-1,69.278
-0.3139130860330821,-1,69.373
-0.3551923265146325,-1,69.462
-0.39904081432905936,-1,69.581
-0.44056474503278853,-1,69.659
-0.47950719389253205,-1,69.791
-0.6117622589801311,-1,69.878
-0.640513360086131,-1,69.971
-0.6651781344817461,-1,70.094
-0.6909562493882744,-1,70.178
-0.7175296075168835,-1,70.312
-0.7395517275129686,-1,70.379
-0.7484217480669473,-1,70.472
-0.7680459038856807,-1,70.589
-0.8575046491142214,-1,70.689
-0.8587770382695508,0,70.809
-0.8617010864245864,0,70.908
-0.8655671919350103,0,70.98
-0.8728222570226094,0,71.108
-0.8790373886659489,0,71.191
-0.8797592248213761,-1,71.313
-0.9544876186747577,-1,71.407
-0.9653640990506019,0,71.506
-0.9555153176079084,0,71.629
-0.9574239013409024,0,71.701
-0.9579132817852598,0,71.828
-0.9474527747871195,1,71.908
-0.8982455711069786,1,72.013
-0.8514118625819712,-1,72.121
-0.9348756973671332,-1,72.226
-0.9205980229030049,1,72.343
-0.9043505921503376,1,72.42
-0.8974258588626799,0,72.51
-0.9029803269061368,0,72.638
-0.8931560144856612,1,72.723
-0.8737520798668885,-1,72.854
-0.9656210237838896,-1,72.94
-0.93433737887834,1,73.03
-0.8816800430654791,1,73.139
-0.8050063619457767,1,73.236
-0.7040838798081629,1,73.349
-0.6579964764608006,1,73.45
-0.6188949789566409,0,73.547
-0.6710384653029264,-1,73.667
-0.7783473622394049,-1,73.74
-0.8008955662131741,-1,73.866
-0.8107076441225409,0,73.958
-0.8117842811001272,0,74.045
-0.8027429773906235,0,74.161
-0.801690809435255,-1,74.267
-0.8303755367470029,0,74.376
-0.7953287497828192,1,74.47
-0.70082404626573,1,74.548
-0.6831144977537293,1,74.684
-0.641564695078061,1,74.763
-0.6652187942118196,-1,74.881
-0.7169202511851871,0,74.993
-0.6753083968328824,1,75.059
-0.5766089999751793,1,75.183
-0.488235002109757,1,75.271
-0.43268634118493887,1,75.389
-0.3502196629352925,1,75.491
-0.2820000496413413,1,75.578
-0.19326615205142839,1,75.709
-0.08027004889672118,1,75.783
0.019707612499689775,1,75.908
0.116892948447467,1,75.998
0.31838715282086927,1,76.083
0.4054580654769291,1,76.199
0.5207004393258705,1,76.301
0.6489612549331083,1,76.428
0.7609148899203257,1,76.504
0.8629526669810619,1,76.587
0.9487701357690685,1,76.709
1.0,1,76.811
1.0,0,76.927
1.0,0,77.016
1.0,0,77.1
1.0,-1,77.221
0.970788545171084,-1,77.314
0.8939150617168177,-1,77.435
0.7751116529322815,-1,77.534
0.4930326950078463,-1,77.62
0.2751239511823036,-1,77.741
0.054812643020595075,-1,77.828
-0.13544050343249425,-1,77.943
-0.31803012967200606,-1,78.029
-0.497354118993135,-1,78.123
-0.6389921815408086,-1,78.254
-0.7973159801678108,-1,78.337
-0.8532131960335622,-1,78.473
-0.8731884057971014,-1,78.542
-0.8848922578184591,-1,78.63
-0.9371662852784134,-1,78.751
-0.961920766590389,-1,78.849
-0.9579519450800915,0,78.963
-0.9579638634630053,1,79.062
-0.8995041952707856,1,79.149
-0.8921982265446224,1,79.265
-0.8794574752097636,0,79.351
-0.9066909801678108,-1,79.47
-0.9596681922196796,-1,79.568
-0.9236150839054157,1,79.669
-0.8466104118993135,1,79.782
-0.6915880053394355,1,79.869
-0.635762299771167,1,79.986
-0.5723803394355453,1,80.069
-0.5330020022883295,1,80.172
-0.5229190503432495,1,80.293
-0.46007341723874906,1,80.378
-0.3993492562929062,1,80.503
-0.3571700991609459,1,80.59
-0.26330091533180777,1,80.671
-0.24178823417238748,1,80.794
-0.22197988176964145,1,80.89
-0.21764159038901598,1,81.009
-0.1962480930587338,1,81.103
-0.13486842105263153,1,81.182
-0.07880434782608692,1,81.308
-0.04210764683447754,1,81.39
-0.04642210144927539,0,81.515
-0.05010488176964145,-1,81.609
-0.06962719298245612,0,81.697
-0.05988987414187641,1,81.823
-0.014516590389015982,1,81.899
0.015601163234172377,1,82.027
0.041964626239511915,1,82.115
0.07172482837528604,1,82.213
0.07565789473684204,-1,82.336
0.05028365751334851,-1,82.417
0.054133295194507935,1,82.546
0.09619326849733034,1,82.619
0.12819412662090013,1,82.715
0.15296052631578938,1,82.832
0.20068173150266966,1,82.923
0.217331712433257,0,83.056
0.19664139969488947,-1,83.153
0.19468678489702507,1,83.223
0.21909563310450042,1,83.341
0.2389397406559879,1,83.427
0.25451706712433264,1,83.549
0.2673650839054158,1,83.647
0.28741180396643773,0,83.748
0.26401601830663624,0,83.862
0.27792477116704806,1,83.949
0.3095323226544622,1,84.078
0.3206045003813882,0,84.158
0.31060497711670476,-1,84.253
0.3027388443935928,0,84.368
0.30557541952707856,-1,84.482
0.2712981502669718,0,84.589
0.31071224256292895,1,84.668
0.3707451372997712,1,84.751
0.41472397025171626,1,84.871
0.4577970061022121,1,84.969
0.5052083333333333,1,85.082
0.5448727116704806,1,85.186
0.5484720633104501,1,85.268
0.5895189740655988,1,85.385
0.6367038520213577,1,85.472
0.6712909992372236,1,85.595
0.7108242753623188,1,85.691
0.7482241609458429,1,85.775
0.7698321891685735,1,85.9
0.774849828375286,1,85.979
0.8545599733028222,1,86.096
0.8867872807017543,1,86.189
0.8954877002288331,0,86.294
0.8819245804729214,0,86.413
0.8910063882532417,1,86.503
0.9010774218154081,0,86.624
0.8908037757437071,1,86.697
0.93565265064836,1,86.79
0.958476353928299,1,86.916
0.9775696033562167,1,87.01
0.9853523073989321,0,87.139
0.9864964721586575,-1,87.219
0.938489225781846,-1,87.301
0.8366466437833715,-1,87.43
0.7752550533943554,-1,87.51
0.6689549961861174,-1,87.632
0.5542882341723876,-1,87.728
0.4345561594202898,-1,87.817
0.34367848970251713,-1,87.944
0.2560187833714722,-1,88.029
0.13521405415713206,-1,88.141
-0.0317516989307175,-1,88.229
-0.17277493272098798,-1,88.323
-0.2195270118398911,-1,88.449
-0.2520031832236822,-1,88.553
-0.23674314908300076,-1,88.667
-0.2680893975566936,-1,88.747
-0.34349048981550667,-1,88.83
-0.42053179275026886,-1,88.951
-0.4859944232837018,-1,89.053
-0.5684301968860297,-1,89.174
-0.6125093400885714,-1,89.256
-0.6690540844283258,-1,89.35
-0.724881995954147,-1,89.464
-0.7763724614702363,-1,89.555
-0.8231852891326931,-1,89.67
-0.883034754241767,-1,89.763
-0.8618213628328261,1,89.867
-0.8600353556523482,0,89.985
-0.8535595609095272,1,90.071
-0.8391257069611756,1,90.19
-0.8045354862617169,1,90.271
-0.7858492342646085,-1,90.367
-0.8665840486474337,-1,90.495
-0.9469786711863583,-1,90.579
-1.0,-1,90.707
-1.0,0,90.783
-1.0,0,90.87
-1.0,0,90.991
-1.0,0,91.079
-1.0,0,91.208
-0.9885154669805392,0,91.299
-1.0,0,91.385
-1.0,1,91.508
0.7833104476538146,1,91.59
0.7791686978482499,0,91.711
0.7786762526033235,0,91.806
0.7818269098378652,0,91.898
0.7843585993716051,0,92.015
0.7861237116726889,0,92.097
0.7889134077831157,0,92.224
0.7864152094876957,0,92.307
0.7918705600851421,1,92.404
0.8029653140552957,1,92.52
0.8122476693257135,1,92.626
0.8215312658846134,1,92.751
0.8309526454650455,1,92.819
0.8378107643295893,1,92.913
0.8495732139875833,1,93.031
0.856380440024354,0,93.124
0.8619736859254643,0,93.247
0.8667129253507726,0,93.339
0.8716160148557406,0,93.431
0.8742947154004801,0,93.545
0.8762013345092472,0,93.645
0.8885496723308728,1,93.749
0.8935483410489757,0,93.855
0.8988784337918445,0,93.937
0.9037070459878764,0,94.075
0.9056558689050409,0,94.144
0.9077213729395388,0,94.27
0.9124010305176979,0,94.354
0.91494443061787,0,94.446
0.9056844185401329,-1,94.573
0.8937258453019403,-1,94.665
0.8797638324533632,-1,94.789
0.8690117916199374,0,94.865
0.8648671293776367,0,94.957
0.8614362080126412,0,95.087
0.8562364505604108,-1,95.163
0.8452547713577647,0,95.288
0.8408469559572227,0,95.377
0.8371988091078302,0,95.472
0.8357589144683966,0,95.585
0.8342159928849344,0,95.675
0.8320064993864931,0,95.8
0.8297610085220661,0,95.888
0.8281076122636819,0,95.98
0.8198629741644421,0,96.098
0.8161502803139715,0,96.178
0.816520184281688,0,96.297
0.8164308115109646,0,96.398
0.8161142829479857,0,96.483
0.8153546143968362,0,96.612
0.8153235821847795,0,96.701
0.8118293551071885,0,96.828
0.806268382706617,0,96.899
0.8061839750898228,0,96.991
0.8054118936538506,0,97.118
0.8033377005999769,0,97.209
0.8012982636236066,0,97.329
0.7991533171262435,0,97.419
0.7995952158259316,0,97.507
0.7931318266987499,0,97.624
0.7914424330743799,0,97.718
0.7929282553876575,0,97.829
0.7954455884297018,0,97.933
0.8043654874632966,1,98.018
0.8190251044389096,1,98.14
0.8377772495405682,1,98.219
0.8738664708740966,1,98.337
0.88890343954832,1,98.437
0.9050079163172957,1,98.532
0.9187874597589789,1,98.647
0.9302259331231004,1,98.755
0.9395467683364687,1,98.863
0.9476672775874813,0,98.948
0.9539134412302659,0,99.035
0.9623318597170234,0,99.15
0.9688548306913543,0,99.256
0.9748514953492025,0,99.371
0.9809176721620576,0,99.458
0.9864128562730685,0,99.548
0.9907486769416389,0,99.662
0.9934335839287898,0,99.753
0.9960129813949476,0,99.87
1.0,0,99.971
1.0,0,100.073
1.0,0,100.193
1.0,0,100.258
1.0,0,100.38
1.0,0,100.469
1.0,-1,100.573
0.9702392387823553,-1,100.688
0.9507095422635603,-1,100.781
0.9325919553802724,-1,100.903
0.9159231880883536,-1,100.985
0.9008831191715296,-1,101.073
0.8922538322134757,0,101.191
0.886237070447629,0,101.288
0.8786919508527111,-1,101.414
0.865291593297741,-1,101.497
0.8592075299461466,0,101.579
0.8501866701255603,-1,101.7
0.8395970715244543,-1,101.789
0.8324582087744137,0,101.915
0.8266213257922925,0,102.01
0.8199866131027622,-1,102.095
0.8073106653434767,-1,102.227
0.8026276986406304,0,102.3
0.7973280046792957,0,102.421
0.790408177999234,0,102.509
0.7871275316103312,0,102.61
0.7856236470851683,0,102.728
0.783795491283221,0,102.825
0.7821557799213672,0,102.933
0.7807143023211705,0,103.03
0.7815500656496377,0,103.108
0.7787539906781185,0,103.231
0.7745727267053917,0,103.327
0.7752188219285698,0,103.443
0.7769270585413666,0,103.54
0.7778545967594899,0,103.625
0.7782204726529183,0,103.748
0.7796484899359657,0,103.833
0.7810043109724834,0,103.952
0.7779365823275826,0,104.05
0.7728045304980196,0,104.135
0.7729905276077222,0,104.268
0.7748174597444741,0,104.343
0.7768083630174116,0,104.457
0.7788543312241425,0,104.552
0.7797463831515987,0,104.649
0.779981326869118,0,104.768
0.7751600859991898,0,104.867
0.7685204786488777,0,104.981
0.7681081034780235,0,105.059
0.7687860139962825,0,105.147
0.770682695049173,0,105.272
0.7725573501285461,0,105.37
0.7773382100470254,0,105.485
0.7847780944351377,1,105.583
0.7934318546971,1,105.657
0.8015508732686667,1,105.787
0.8153476983469508,1,105.873
0.8343707974748444,1,105.99
0.8707356797521344,1,106.078
0.8854135437711159,1,106.189
0.8998699243897277,1,106.307
0.9136594074768392,1,106.388
0.9246393552752818,1,106.51
0.9339135137913186,1,106.594
0.9447172538016217,-1,106.683
0.6953401263846704,-1,106.803
0.7502231931331329,1,106.902
0.7986623374680173,1,107.033
0.8350062386655823,1,107.099
0.8503353443787707,0,107.19
0.8487467544152807,1,107.308
0.8673015546175229,1,107.41
0.8902604756511892,1,107.535
0.9227180972900608,1,107.617
0.9184926420600139,-1,107.699
0.8977523506709479,-1,107.827
0.8249992155714301,-1,107.91
0.6827770863185199,-1,108.029
0.5443725094392904,-1,108.133
0.42148915919716345,-1,108.216
0.2994006965725702,-1,108.355
0.0910146322075911,-1,108.42
-0.0029599104705525514,-1,108.551
-0.10530169122799682,-1,108.637
-0.19192352344395525,-1,108.73
-0.26497997092384773,-1,108.85
-0.32669881080628793,-1,108.947
-0.384976624028616,-1,109.063
-0.516614197111211,-1,109.141
-0.6071581721768415,-1,109.232
-0.6952128939138802,-1,109.348
-0.7521728671387183,-1,109.448
-0.7988411375260169,-1,109.571
-0.8500067983809394,-1,109.657
-0.8981602535273138,-1,109.749
-0.9378000439279999,-1,109.863
-1.0,-1,109.952
-1.0,0,110.075
-1.0,0,110.159
-1.0,0,110.258
-1.0,0,110.384
-1.0,0,110.468
-0.990590668996405,1,110.581
-0.9561567351529393,0,110.667
-0.9975999678656785,-1,110.763
-1.0,0,110.881
-0.9818373137975573,1,110.988
-0.9667266770063984,1,111.105
-0.9535809216989741,0,111.19
-0.9553164007759786,0,111.269
-0.9541693887423263,0,111.392
-0.9549473621216731,-1,111.49
-0.9954917440068621,-1,111.607
-0.9888291001939946,1,111.698
-0.9616798240583281,1,111.779
-0.9325257703681908,1,111.902
-0.8829748505144099,1,111.989
-0.806354446666434,1,112.109
-0.5313707791203914,1,112.212
-0.4048004947112771,1,112.303
-0.26944310072261757,1,112.423
-0.1137287366410501,1,112.499
0.024989901307095108,1,112.627
0.1509019005490697,1,112.72
0.2684456989542243,1,112.803
0.3723649892031258,1,112.929
0.5466210521591255,1,113.032
0.631689448985393,1,113.148
0.729125627739738,1,113.221
0.8165279447040459,1,113.313
0.891652245899432,1,113.429
0.9537903760703368,1,113.525
0.9892679569720877,1,113.643
1.0,0,113.742
1.0,0,113.823
1.0,0,113.946
1.0,0,114.036
1.0,0,114.148
0.9963336561857741,-1,114.251
0.9758758356759822,-1,114.343
0.8905577472774089,-1,114.474
0.6331199357444899,-1,114.537
0.5152205239658878,-1,114.67
0.4057310245446599,-1,114.754
0.2944272518957738,-1,114.846
0.18278330301670165,-1,114.971
0.07193309867473019,-1,115.061
-0.018090760908081593,-1,115.184
-0.17031962391627886,-1,115.264
-0.25042167678533467,-1,115.353
-0.32818974274172596,-1,115.467
-0.4044459143417354,-1,115.579
-0.4981266683990456,-1,115.678
-0.5840495145401715,-1,115.784
-0.6445252887954454,-1,115.859
-0.6962982211617963,-1,115.984
-0.7922468167536794,-1,116.073
-0.8280976116793839,-1,116.204
-0.8567858070917295,-1,116.289
-0.9016796201365429,-1,116.383
-0.9509012307764995,-1,116.506
-0.9652547778223997,-1,116.58
-0.9704897120313718,0,116.703
-0.9786255935366517,-1,116.793
-0.9874607261817581,0,116.883
-0.9822730386714228,0,117.003
-0.9735796461222272,-1,117.109
-1.0,-1,117.222
-1.0,1,117.321
-0.982491042849888,1,117.391
-0.9690541529028621,1,117.509
-0.942860603914589,1,117.609
-0.9380523964162082,1,117.728
-0.9201986646974137,1,117.82
-0.9041340334431331,0,117.901
-0.9111786165221565,1,118.022
-0.8585399262927882,1,118.114
-0.7471684223768014,1,118.229
-0.6367473780825874,1,118.327
-0.4301435473575824,1,118.436
-0.3197504577581267,1,118.544
-0.21082033051767435,1,118.629
-0.11737710417317004,1,118.744
-0.04491853536035928,1,118.833
0.03584257779558597,1,118.917
0.1161564158354027,1,119.047
0.24159844944626419,1,119.141
0.2936594093172997,1,119.273
0.3396821551206013,1,119.339
0.37987168795106063,1,119.435
0.4155418784623055,1,119.55
0.44808114316065106,1,119.653
0.4798749493321157,1,119.772
0.5033755293920319,1,119.861
0.5416641429789455,1,119.948
0.5601049232876585,1,120.064
0.5704667968113011,0,120.155
0.5640838081748845,0,120.272
0.5573933178961297,1,120.37
0.5829252724417959,1,120.469
0.6118211085900118,1,120.582
0.6466153853321717,1,120.661
0.6507526801563599,0,120.78
0.6522901883680514,0,120.88
0.6587570410887422,0,120.965
0.6631645646289248,1,121.098
0.6883796993006668,1,121.185
0.7147782493838319,1,121.308
0.7324549347024922,0,121.381
0.7301719679639198,0,121.478
0.7289419613945665,0,121.593
0.7188596348185041,0,121.691
0.7231273848848965,1,121.809
0.7443636346694125,1,121.91
0.7577166605321641,1,121.977
0.7645096513583651,-1,122.12
0.6699482372235397,-1,122.189
0.5714452111278321,-1,122.311
0.44958137844599855,-1,122.41
0.35310040860445513,-1,122.504
0.28806847036569394,-1,122.616
0.22020378972478594,-1,122.7
0.15793936626706984,-1,122.822
0.09819086533757626,-1,122.912
-0.012854500472900265,-1,123.004
-0.08523852343302285,-1,123.118
-0.14988841417675758,-1,123.229
-0.19170863753476863,-1,123.341
-0.23327726863995746,-1,123.428
-0.2804834298546822,-1,123.513
-0.33437076311657576,-1,123.631
-0.4430586163357918,-1,123.734
-0.5133833101154063,-1,123.851
-0.588655984867192,-1,123.94
-0.6381544310520749,-1,124.025
-0.6807480676317248,-1,124.138
-0.7260439913713175,-1,124.23
-0.7685724003298654,-1,124.351
-0.8049414582100609,-1,124.441
-0.8693863478589033,-1,124.554
-0.91859592886462,-1,124.683
-0.9333000983073432,-1,124.738
-0.938881719027363,-1,124.864
-0.9512936034999278,0,124.948
-0.9532783868277478,0,125.044
-0.9614411576970923,0,125.173
-0.9624382084767953,-1,125.257
-1.0,-1,125.385
-1.0,1,125.457
-0.9788599401433775,1,125.556
-0.9649861958564369,1,125.677
-0.9513258937892954,1,125.774
-0.9480036192376401,0,125.895
-0.9359951743498133,0,125.977
-0.9469735285246966,-1,126.068
-0.9712131406166624,1,126.191
-0.9119782845741595,1,126.269
-0.7973783727350765,1,126.388
-0.6765607962322808,1,126.489
-0.5756026262673132,1,126.579
-0.48230053592557365,1,126.702
-0.39256200264482755,1,126.778
-0.2723197921258381,1,126.902
-0.1997215971046099,1,126.989
-0.13954945131429364,1,127.092
-0.09201679697468856,1,127.204
-0.03666102127462123,1,127.305
0.011604760689511107,1,127.422
0.059824142171078565,1,127.498
0.128032851541656,1,127.594
0.1757232675219822,1,127.71
0.2082128854140084,1,127.803
0.23694406421826786,1,127.935
0.2587151706377746,1,128.018
0.269507922882398,0,128.114
0.2612115165997726,-1,128.229
0.21973876528315905,-1,128.308
0.13596733406027428,-1,128.429
0.06039022805837191,-1,128.535
-0.03916664733313224,-1,128.619
-0.1487367468621673,-1,128.748
-0.25118901236572866,-1,128.818
-0.36491659513258934,-1,128.947
-0.45630698559265015,-1,129.029
-0.5297589494930748,-1,129.123
-0.5586107695520033,-1,129.249
-0.5892629283344547,-1,129.339
-0.6189134790147215,-1,129.472
-0.6681004122801251,-1,129.538
-0.6831312244707821,1,129.631
-0.6518137329625795,1,129.748
-0.6102458434738729,1,129.852
-0.43139037967231386,1,129.974
-0.35740079792686197,1,130.061
-0.354478219960787,1,130.138
-0.32888989345205866,1,130.266
-0.2586008420809176,1,130.356
-0.24242153456368964,1,130.474
-0.2374489468732095,1,130.563
-0.20008620553712886,1,130.666
-0.18749178682001444,1,130.788
-0.15483881141487466,1,130.877
-0.08362462745015586,1,130.985
-0.03460311286091999,1,131.075
-0.02843205794694159,0,131.168
-0.022681517848225696,1,131.283
0.013577372097790752,1,131.38
0.004504764958500385,0,131.505
0.019464579511466962,1,131.587
0.053452689455065316,1,131.677
0.07334304021698568,1,131.787
0.09350672560882667,1,131.889
0.12639098416236072,1,132.01
0.16378526410958627,1,132.105
0.14623928344275483,0,132.18
0.17715763523493644,1,132.305
0.20169467470550817,1,132.395
0.1991085085916433,0,132.513
0.2055634110059239,1,132.603
0.2232881104692419,1,132.709
0.2253276073232655,-1,132.821
0.19168642210225872,0,132.902
0.23197174140441446,1,133.025
0.2777447790457468,1,133.116
0.2975825654557591,1,133.207
0.3243483334472228,1,133.328
0.36315133802557775,1,133.432
0.3792255168389902,1,133.544
0.3902324921284883,1,133.623
0.40737898372082015,1,133.709
0.47456673832939966,1,133.828
0.5072302266049211,1,133.927
0.5413444909930982,1,134.052
0.564966910740474,1,134.135
0.5815877588137277,1,134.219
0.5913647282685828,0,134.347
0.5840162318718691,1,134.43
0.6140304768112361,1,134.552
0.6240912937663936,1,134.652
0.6403441913762924,0,134.74
0.6352244235004705,0,134.86
0.6301046556246486,0,134.941
0.6246274501558533,-1,135.068
0.5798531352007696,-1,135.152
0.530242899870166,-1,135.25
0.5271626288483675,1,135.374
0.563568698979726,1,135.464
0.5890518967846385,1,135.579
0.6070919823594034,1,135.657
0.6139463738481836,0,135.754
0.6140935540335255,0,135.875
0.6103089206961623,-1,135.964
0.5974411673491271,0,136.084
0.6083535268051912,1,136.176
0.6319864594229485,1,136.266
0.6588153046367016,1,136.388
0.6637668665864185,0,136.48
0.661748395473158,0,136.589
0.6510568062951068,-1,136.694
0.6339944176658274,-1,136.779
0.6243856541370774,0,136.901
0.6470619155501123,1,136.977
0.6636722507529844,0,137.112
0.6591727422296747,-1,137.194
0.6431931792496965,1,137.289
0.7262889030789306,1,137.411
0.8058328024350534,1,137.507
0.9046758498673069,1,137.627
0.9039934285353217,1,137.698
0.9277770756982182,1,137.789
0.9410969291040061,0,137.91
0.9405156072286112,0,138.008
0.9479085049917857,1,138.125
0.9676608113231391,1,138.222
0.9662833312270946,-1,138.299
0.9020978137242512,-1,138.422
0.840970554783268,-1,138.511
0.7580690003791231,-1,138.637
0.6521673196006572,-1,138.73
0.5435359534942499,-1,138.83
0.4452293693921394,-1,138.947
0.35978769114116016,-1,139.02
0.21997978010868202,-1,139.139
0.13324908378617462,-1,139.235
0.07544546948060149,-1,139.333
0.042474409200050633,-1,139.453
0.000530772147099734,-1,139.54
-0.047643118918235805,-1,139.664
-0.11225830911158852,-1,139.74
-0.19706811575887784,-1,139.834
-0.28637684822444076,-1,139.952
-0.3885252116769873,-1,140.043
-0.4702641223303424,-1,140.17
-0.509541261215721,-1,140.269
-0.5496271957538228,-1,140.337
-0.5988499936812839,-1,140.472
-0.6471628964994314,-1,140.557
-0.7062681663086061,-1,140.667
-0.7625623469374672,-1,140.764
-0.8340917000734736,-1,140.865
-0.8710475773082922,-1,140.982
-0.8548834091700074,1,141.066
-0.8040577991466763,1,141.186
-0.7504350404104203,1,141.271
-0.7214323463823973,1,141.371
-0.6903780877163501,0,141.489
-0.7178720531297794,-1,141.584
-0.7360320762776086,1,141.697
-0.6827093982942254,1,141.798
-0.5615277567273378,1,141.872
-0.46372817834851265,1,141.988
-0.3850668944707001,1,142.085
-0.3307659451341334,1,142.206
-0.2744533392121471,1,142.3
-0.27448089615167337,1,142.381
-0.22303209005607838,1,142.517
-0.17539992008487537,1,142.591
-0.14413657219229237,1,142.71
-0.11438885597365556,1,142.804
-0.07354947159568459,1,142.901
-0.06666023671411048,1,143.029
-0.03585157832371133,1,143.1
0.0064758807886795555,1,143.229
0.04920291552420197,1,143.315
0.07266764953084315,1,143.405
0.10562574920429335,1,143.522
0.1309505766289596,1,143.626
0.125687201179437,1,143.752
0.22020750375463294,1,143.82
0.2687352742604405,1,143.919
0.31850310704493157,1,144.035
0.3925623820218527,1,144.12
0.48046901911073747,1,144.244
0.5353348857075932,1,144.355
0.6006448323849154,1,144.419
0.7226531821375919,1,144.546
0.7679292337792964,1,144.629
0.8059164749162957,1,144.75
0.8253441172823346,0,144.848
0.8119790016120809,0,144.945
0.8361188806371165,1,145.071
0.8785152320983232,1,145.14
0.9070366645080397,1,145.263
0.9571627375063725,1,145.359
0.9694806894746268,0,145.449
0.9602628932030808,0,145.568
0.9691913416096007,1,145.664
0.9948606307783459,1,145.783
1.0,0,145.861
1.0,-1,145.951
0.9342163445512492,-1,146.071
0.8758478064178181,-1,146.166
0.8367041504248387,-1,146.29
0.8359150186738504,0,146.378
0.8449083994911462,1,146.468
0.8662829853670484,1,146.588
0.8886780002312973,1,146.675
0.8953039857956284,1,146.79
0.9099437403484425,0,146.89
0.8916848643169588,0,146.983
0.9093178772355899,1,147.109
0.9498493166527209,1,147.182
0.982761552956863,1,147.309
0.9937549745913181,1,147.391
0.9991020224902549,0,147.493
1.0,-1,147.602
0.9565264704282062,-1,147.706
0.9097067305076445,-1,147.829
0.9058980358017303,0,147.898
0.8992328200663802,0,147.992
0.9164263561673649,1,148.125
0.9263289624027422,-1,148.209
0.8375047608683823,-1,148.331
0.5591979977147832,-1,148.422
0.4072990913542631,-1,148.501
0.29414005114532893,-1,148.624
0.223992056151042,-1,148.708
0.14535611295500295,-1,148.83
0.06999836770226886,-1,148.923
-0.007535774525273431,-1,149.031
-0.14460797649491264,-1,149.142
-0.2112193264051363,-1,149.22
-0.30192067033026826,-1,149.35
-0.39655313129114755,-1,149.43
-0.45840361281897823,-1,149.532
-0.5038222971870069,-1,149.651
-0.5523151422819522,-1,149.74
-0.6036781108874258,-1,149.865
-0.6938353555688558,-1,149.942
-0.7228222427770825,-1,150.035
-0.7801158931389085,-1,150.156
-0.8304586756624408,0,150.252
-0.778007508569563,1,150.37
-0.6598835627618478,1,150.46
-0.5743375591707928,1,150.554
-0.48208553240110996,1,150.663
-0.32843190597965066,1,150.752
-0.271886392077915,1,150.875
-0.22033298873714569,1,150.97
-0.2393764622667175,0,151.064
-0.20530224712987644,1,151.187
-0.14297567876380657,0,151.259
-0.21551771043038248,-1,151.388
-0.33946351814570974,-1,151.478
-0.2884678165297351,1,151.569
-0.24985037270798194,0,151.687
-0.2820066380107732,-1,151.778
-0.33081234017084715,-1,151.906
-0.35034550301975076,-1,151.978
-0.3836715816965014,-1,152.073
-0.45216007399749714,-1,152.2
-0.6037325208117961,-1,152.292
-0.6520621361336307,-1,152.413
-0.7211219326405136,-1,152.503
-0.8057429675172751,-1,152.579
-0.8241879318787747,1,152.703
-0.7651259589749171,1,152.801
-0.6270879808477066,1,152.911
-0.23011317264269004,1,153.015
0.02422601882583386,1,153.099
0.27396757168507535,1,153.223
0.5281027259372109,1,153.303
0.8238342673703682,1,153.43
1.0,1,153.517
1.0,0,153.608
1.0,0,153.726
1.0,0,153.819
1.0,0,153.938
1.0,0,154.027
1.0,0,154.117
0.9971975364774934,-1,154.231
0.9501012689620965,-1,154.328
0.8640267846071177,-1,154.448
0.6405571859628818,-1,154.55
0.5076179060058694,-1,154.625
0.3633861034183441,-1,154.746
0.2110527838631009,-1,154.831
0.06014136320423269,-1,154.95
-0.07983300954821637,-1,155.043
-0.21544248336295624,-1,155.156
-0.3303434877857231,-1,155.267
-0.47182242797503415,-1,155.349
-0.5302360186830901,-1,155.464
-0.5947753482412268,-1,155.551
-0.659488281734386,-1,155.652
-0.7325920720869673,-1,155.774
-0.7863514239656099,-1,155.858
-0.8164841069730914,-1,155.994
-0.8654652172115902,-1,156.059
-0.8947877485222998,-1,156.153
-0.9471987235952068,-1,156.272
-1.0,-1,156.368
-1.0,0,156.496
-1.0,0,156.578
-1.0,0,156.661
-1.0,0,156.784
-1.0,0,156.871
-0.9878895800431882,1,156.991
-0.9595352434975989,1,157.092
-0.9456521739130435,1,157.18
-0.9392948077480904,0,157.307
-0.9344361362684114,0,157.379
-0.9297789022464306,-1,157.506
-0.9661826796016373,0,157.595
-0.9379733780255907,1,157.696
-0.9157185676991008,1,157.809
-0.9006429883649725,1,157.911
-0.8911673703548523,1,158.026
-0.8746414413252973,1,158.097
-0.8729010216907854,-1,158.191
-0.9083943017371966,-1,158.311
-0.9014809681889967,0,158.409
-0.8995874560866343,0,158.532
-0.8965336642279305,0,158.622
-0.8919328326941052,1,158.701
-0.8782914880587875,0,158.826
-0.8777919231636961,-1,158.913
-0.9105859412769524,-1,159.038
-0.9031488703387373,1,159.132
-0.8432816579108519,1,159.219
-0.8399216811164469,0,159.351
-0.8431849679311567,0,159.42
-0.8365617043220421,-1,159.552
-0.8727156992297032,-1,159.63
-0.8964933767363908,0,159.728
-0.875761433590099,0,159.853
-0.8859783414445483,-1,159.939
-0.9081042317981113,-1,160.077
-0.9161536726077287,-1,160.153
-0.9440970767396138,-1,160.236
-0.9682776291616979,1,160.349
-0.9064363296483707,1,160.454
-0.7899651916073098,1,160.575
-0.6584909917168917,1,160.664
-0.4127534083217842,1,160.739
-0.30978663744480617,1,160.863
-0.21759274180552424,1,160.961
-0.11287749379572631,1,161.075
-0.013834724594707803,1,161.161
0.08024462564862866,1,161.271
0.16962645437844448,1,161.385
0.2949608405582236,1,161.46
0.3303010281367842,1,161.587
0.3447158926096625,-1,161.669
0.2785880039965192,-1,161.772
0.16871595706964904,-1,161.887
0.06622457859283859,-1,161.996
-0.03569471750410935,-1,162.111
-0.15030457343603953,-1,162.181
-0.3298095207400007,-1,162.271
-0.4132046282270281,-1,162.391
-0.4978808779450157,-1,162.485
-0.5786089534921197,-1,162.61
-0.6643649079833693,-1,162.699
-0.7593708705321172,-1,162.789
-0.8255148741418764,-1,162.904
-0.9107954362329584,-1,162.993
-0.9442743417023882,-1,163.109
-0.9665049795339543,-1,163.212
-0.9926435040448641,-1,163.3
-1.0,0,163.423
-1.0,0,163.503
-0.9929366480823794,0,163.626
-0.9942937640126188,0,163.708
-0.9983651118033372,0,163.811
-0.9899605166564156,0,163.924
-1.0,0,164.031
-1.0,0,164.165
-0.9861701007406367,1,164.219
-0.9721061930335685,1,164.313
-0.9662949832488953,0,164.429
-0.9581436889871724,1,164.535
-0.945015815070924,0,164.654
-0.9546179617084176,-1,164.741
-0.995569440056786,-1,164.819
-0.993065549666343,1,164.945
-0.97076454460006,1,165.029
-0.961232600496878,1,165.164
-0.9526834918740567,1,165.24
-0.9368021185564799,1,165.343
-0.927231173045347,-1,165.458
-0.9574416636440576,-1,165.547
-0.9883307787411125,0,165.661
-0.9714743702247651,1,165.75
-0.9541967465025487,1,165.848
-0.9356242760363649,1,165.967
-0.8542049367982184,1,166.063
-0.7729026017839244,1,166.178
-0.696202432907828,1,166.279
-0.6198688772664693,1,166.349
-0.5050955339487755,1,166.469
-0.37839556007971886,1,166.57
-0.26402003112312356,1,166.683
-0.16171933806810423,1,166.785
0.02409896997281602,1,166.87
0.10643094215701177,1,166.988
0.17300634552907357,1,167.07
0.24454272799248056,1,167.193
0.3156890963763792,1,167.29
0.3740040015444557,1,167.379
0.4219601327607927,1,167.497
0.45529853627715955,-1,167.585
0.37882457556717797,-1,167.703
0.248247861747809,-1,167.798
0.14178181832364145,-1,167.89
0.04402868943568872,-1,168.007
-0.054535668737641374,-1,168.109
-0.14125139917551022,-1,168.218
-0.22408258938147663,-1,168.299
-0.42393360400310454,-1,168.39
-0.5098147043108257,-1,168.514
-0.5817098997273802,-1,168.61
-0.6523492498079181,-1,168.732
-0.7154769287171268,-1,168.822
-0.7645719010456278,-1,168.907
-0.8124890308540138,-1,169.021
-0.8704451230689427,-1,169.107
-0.9183310517509682,-1,169.228
-0.931053311024528,-1,169.336
-0.9394912169708899,0,169.42
-0.9444890459928504,0,169.543
-0.9433805786966615,-1,169.617
-0.9625213107208777,-1,169.745
-0.9834992887624466,0,169.848
-0.9470225652570081,1,169.927
-0.938521734469636,0,170.048
-0.9342873988315378,0,170.148
-0.9290989976952351,0,170.268
-0.9189901913490914,-1,170.346
-0.9499598006110307,-1,170.433
-0.9937824945060835,-1,170.554
-0.9831698558181916,1,170.646
-0.9453395508388273,1,170.779
-0.9347805113362277,0,170.865
-0.9331189365921638,0,170.949
-0.9248432223830197,0,171.082
-0.9313823229886906,-1,171.155
-0.9855818191563488,-1,171.271
-0.9966768505118723,1,171.369
-0.943195583427132,1,171.46
-0.9084525915206089,1,171.586
-0.8594522163263119,1,171.66
-0.7771453073913277,1,171.79
-0.6817923567561773,1,171.869
-0.6121991745725466,1,171.968
-0.5326365439245324,1,172.085
-0.42885780136141927,1,172.176
-0.2380875810687677,1,172.302
-0.12859516535348658,1,172.379
-0.027357024173232602,1,172.477
0.06349359489735762,1,172.596
0.13187543549338043,1,172.692
0.19332154151256908,1,172.808
0.2691536688642333,1,172.903
0.3902985474620786,1,172.981
0.45225920566007405,1,173.104
0.513716031516321,1,173.194
0.5628021654070858,1,173.31
0.5839738435975774,1,173.409
0.6157152811277269,1,173.51
0.662764645977381,1,173.621
0.6869378785442461,-1,173.709
0.5992388915688482,-1,173.821
0.49064694216647897,-1,173.915
0.3665005091922602,-1,174.015
0.22149327330224589,-1,174.126
0.10910650158117607,-1,174.219
0.03707991638527086,-1,174.339
-0.03620088974647584,-1,174.432
-0.2314627217666292,-1,174.513
-0.31781100927265904,-1,174.63
-0.4210644798199067,-1,174.73
-0.5152704078898,-1,174.844
-0.5690196709010023,-1,174.953
-0.6121991745725466,-1,175.023
-0.6597094924157153,-1,175.145
-0.7070054135177145,-1,175.232
-0.7741437530149542,-1,175.355
-0.8141073055689554,-1,175.452
-0.8733344053170392,-1,175.54
-0.8940665701881332,-1,175.668
-0.8928123492522914,0,175.744
-0.8914294902717479,0,175.874
-0.888620892962427,0,175.956
-0.9010773436243769,0,176.052
-0.8957388647692555,0,176.171
-0.9091386610923514,-1,176.261
-0.9534866270032696,-1,176.389
-0.9570134533955084,1,176.462
-0.9352521841668007,1,176.56
-0.9198048989655357,1,176.669
-0.9052580800771828,1,176.774
-0.8941094495363671,1,176.888
-0.8838291257972879,0,176.982
-0.905397437958943,-1,177.06
-0.9594468564077826,-1,177.182
-0.9542798949455968,1,177.271
-0.9310285683657609,1,177.391
-0.9197405799431848,1,177.491
-0.907755802111808,1,177.574
-0.8902288685211985,1,177.716
-0.8782012113415876,-1,177.783
-0.917853888620893,-1,177.908
-0.9694484643833414,-1,177.996
-0.9570884922549178,1,178.088
-0.9349734684032802,1,178.211
-0.9098783298493863,1,178.301
-0.7898483143056225,1,178.421
-0.6781904915045291,1,178.511
-0.5636919118829393,1,178.6
-0.472251701774133,1,178.708
-0.361344267567133,1,178.808
-0.2277858176555716,1,178.925
-0.10810955673473766,1,179.019
-0.00083614729056114,1,179.109
0.19749155812831654,1,179.219
0.27039716996301655,1,179.311
0.31665413937506703,1,179.435
0.3562332223773219,1,179.532
0.41207988832814335,1,179.618
0.45987329539353583,1,179.743
0.5049071190808547,1,179.822
0.5755503060238376,1,179.944
0.5940513261032965,0,180.03
0.5829163534843766,0,180.132
0.5822935681305701,1,180.253
0.6067325244282187,1,180.337
0.6285729625255019,1,180.469
0.6582519059379361,1,180.54
0.6791152152904543,1,180.631
0.7027273703425319,1,180.758
0.7103403844088907,1,180.855
0.747610866530656,1,180.975
0.7855363470417696,1,181.061
0.8026092558788789,0,181.151
0.7765059594115753,-1,181.27
0.6721464619349298,-1,181.35
0.35015569633845156,-1,181.474
0.2207666702458928,-1,181.565
0.1362718780199721,-1,181.67
0.05923977236121547,-1,181.785
-0.014152260281327211,-1,181.883
-0.08890797809513584,-1,181.981
-0.1571674004080318,-1,182.068
-0.24702029421239124,-1,182.165
-0.40016106517770855,-1,182.29
-0.45884247825620106,-1,182.382
-0.522334371308923,-1,182.499
-0.5828304520562655,-1,182.578
-0.6360463867711801,-1,182.672
-0.6817674218833888,-1,182.791
-0.7365348868839824,-1,182.892
-0.8213930437165305,-1,183.015
-0.8375953823334942,-1,183.098
-0.8566212167241493,-1,183.187
-0.8711556675423078,-1,183.311
-0.8809723785867034,0,183.388
-0.8794355391149472,-1,183.511
-0.8983660656313849,-1,183.61
-0.9450192700608183,-1,183.7
-0.920787243041036,1,183.837
-0.9122571882985757,1,183.9
-0.9035007773548491,0,184.027
-0.9031076323737022,0,184.113
-0.894053384323046,0,184.206
-0.8900027996688051,-1,184.328
-0.93994412575874,-1,184.421
-0.9509521852308536,0,184.545
-0.9375018614819183,1,184.63
-0.9240634512172603,1,184.711
-0.9169034471666756,1,184.832
-0.9061336573801057,1,184.928
-0.8868099858825211,0,185.052
-0.8970079284237864,-1,185.137
-0.9633183819105655,-1,185.23
-0.9434466901362307,1,185.356
-0.9270775627393866,1,185.428
-0.9091596823865091,1,185.552
-0.9022141210529138,1,185.644
-0.8875486219077062,1,185.739
-0.8753015600707661,-1,185.865
-0.9211327340850742,-1,185.943
-0.9361318107900427,1,186.07
-0.7784211059287455,1,186.155
-0.6822792878119099,1,186.243
-0.5603566897192587,1,186.358
-0.4313098280288544,1,186.475
-0.3066352150681749,1,186.586
-0.23867011013868644,1,186.662
-0.16859505131942643,1,186.751
0.06334335327240725,1,186.87
0.16835312120094104,1,186.97
0.26068575092084645,1,187.085
0.34410325577456957,1,187.18
0.42270635127043543,1,187.269
0.4722657360421443,1,187.382
0.5068375499736901,1,187.481
0.5634371011933204,1,187.589
0.6517899804641429,1,187.683
0.696135771182494,1,187.789
0.7396710960039192,1,187.906
0.7682793325148032,1,187.981
0.7735171195800092,1,188.112
0.7986173693728567,1,188.206
0.8345681849797686,1,188.281
0.8204273695543043,-1,188.408
0.7213932755523567,-1,188.503
0.5852229083629195,-1,188.628
0.4249925908901213,-1,188.702
0.2854472985478145,-1,188.795
0.18942523452100857,-1,188.911
0.09652406902266275,-1,189.013
5.443427665907663e-05,-1,189.12
-0.18692125779468605,-1,189.216
-0.30207999419367715,-1,189.315
-0.41178320642082533,-1,189.421
-0.4770075663644556,-1,189.517
-0.5342482323980718,-1,189.635
-0.5929888651662967,-1,189.726
-0.6473868523077109,-1,189.832
-0.7377719445738098,-1,189.944
-0.8131936590115945,-1,190.023
-0.8480678855912469,-1,190.149
-0.8527734263957856,0,190.23
-0.8628740088425458,-1,190.336
-0.8704101320333621,0,190.451
-0.8732528109255642,0,190.538
-0.8666118291731433,-1,190.661
-0.9109334268796458,-1,190.74
-0.8894621288640776,1,190.834
-0.8722729939456988,1,190.951
-0.8607329272939511,1,191.056
-0.8536322783164083,1,191.178
-0.8328746741503716,1,191.256
-0.827201412871892,-1,191.351
-0.9056351572848182,-1,191.47
-0.8969135765134241,0,191.549
-0.9008691339506584,0,191.673
-0.8948934600240721,0,191.775
-0.8877807145406049,0,191.863
-0.8952200656840271,-1,191.994
-0.9553759896453909,-1,192.061
-0.9701216303670684,1,192.198
-0.9327313305551691,1,192.27
-0.9325740759781537,0,192.372
-0.9290056067304959,0,192.49
-0.9276387015610541,-1,192.583
-0.9805972044974809,-1,192.71
-0.9901655406835735,1,192.779
-0.9474285852531497,1,192.876
-0.847704990413519,1,192.995
-0.7610577184780176,1,193.092
-0.6419676176536407,1,193.202
-0.557409677301909,1,193.313
-0.4500418694401631,1,193.387
-0.2977706040121846,1,193.512
-0.16423743006589886,1,193.594
-0.04049806429689684,1,193.712
0.17994150414446786,1,193.813
0.25105887207369015,1,193.899
0.3061444920448064,1,194.027
0.38794160123302457,1,194.12
0.46140123059745863,1,194.224
0.5227733346278474,1,194.31
0.5831866891588491,1,194.41
0.6327989417347297,1,194.524
0.6772169565164625,1,194.621
0.737059915775677,1,194.746
0.7882619934707946,1,194.819
0.8288692823942039,1,194.915
0.8576803116542677,1,195.039
0.8699134698236628,0,195.124
0.866042063617277,1,195.255
0.9102901734244349,1,195.35
0.8839670384349325,-1,195.42
0.7933105984295925,-1,195.548
0.6949962984987681,-1,195.635
0.6025073119819415,-1,195.753
0.49345259044405876,-1,195.851
0.3638879112610589,-1,195.942
0.28422675032463984,-1,196.061
0.20167720482044693,-1,196.141
0.15316933457930304,-1,196.261
0.10176094370077315,-1,196.357
0.07266870731121466,-1,196.45
0.04998538810464659,-1,196.567
0.023315502585670167,-1,196.667
0.02759742322401948,-1,196.786
-0.03124404406439396,-1,196.862
-0.08993303940129349,-1,196.95
-0.14145585301703878,-1,197.074
-0.19760364916203954,-1,197.171
-0.2881465763693887,-1,197.285
-0.37500476474848476,-1,197.38
-0.4235924932975871,-1,197.461
-0.45563701510742916,-1,197.587
-0.5076172445777163,-1,197.675
-0.5280357800846219,-1,197.795
-0.5421394355996595,-1,197.896
-0.5654168201974512,-1,197.979
-0.6274474924716974,-1,198.105
-0.6634816970128203,-1,198.198
-0.6565061052310586,1,198.308
-0.5884527908720125,1,198.391
-0.5814771990902508,0,198.48
-0.5886179688194859,0,198.6
-0.5848188760275974,0,198.713
-0.6028486842941184,-1,198.827
-0.6768229927702882,-1,198.902
-0.7028702844872495,0,198.989
-0.682019745117721,1,199.123
-0.6656671283178532,0,199.201
-0.6761749869763541,0,199.323
-0.6625287473158583,1,199.427
-0.6346390861847706,1,199.5
-0.6394038346695805,-1,199.632
-0.6996429615135382,-1,199.711
-0.7200487910244844,1,199.834
-0.6795928998894578,1,199.93
-0.678512890232901,0,200.023
-0.6842178824187134,0,200.147
-0.6759716910410023,1,200.222
-0.6629734571744406,0,200.353
-0.6719565963178024,-1,200.433
-0.7363363286918005,-1,200.533
-0.7731970572512282,0,200.658
-0.7441005014891938,1,200.737
-0.7334088537026194,0,200.866
-0.7373545808619504,0,200.94
-0.7247409821042181,1,201.035
-0.711898276608202,0,201.153
-0.7185041875620497,-1,201.243
-0.7797265992923148,-1,201.359
-0.7898327520810529,0,201.474
-0.7855306366621694,1,201.541
-0.7709696306290252,1,201.674
-0.7276557289412723,1,201.75
-0.5987959168087977,1,201.871
-0.3986711809179543,1,201.976
-0.19890283328666347,1,202.062
-0.0045057658529135125,1,202.187
0.4196599037751698,1,202.263
0.6061273324338772,1,202.383
0.7935493725021001,1,202.482
0.9862790520072295,1,202.57
1.0,0,202.692
1.0,0,202.782
1.0,0,202.905
1.0,-1,202.982
0.9513639136012788,-1,203.071
0.7816581487791028,-1,203.204
0.5946852587965592,-1,203.286
0.4186383998990473,-1,203.404
0.23974172923633463,-1,203.503
0.08000504763707483,-1,203.581
-0.07015163943045832,-1,203.707
-0.3827791448461523,-1,203.79
-0.5229562327801964,-1,203.913
-0.6554041264433087,-1,204.01
-0.7796706416808632,-1,204.116
-0.8532504679580205,-1,204.22
-0.8890571434580521,-1,204.298
-0.9101099964245905,-1,204.427
-0.9241802847708583,-1,204.52
-0.9308368561633752,-1,204.606
-0.9662754747933624,-1,204.734
-0.964761183670894,1,204.824
-0.9408164552968642,1,204.945
-0.9214671798431027,1,205.029
-0.904578627463352,1,205.111
-0.8929585462805224,-1,205.235
-0.9337918270343029,-1,205.333
-0.9288598649757083,1,205.451
-0.9054514480408858,1,205.541
-0.8941363282646644,1,205.625
-0.8880371001325005,0,205.747
-0.8788567102025364,1,205.832
-0.8673838517677246,-1,205.952
-0.8979220560708352,0,206.052
-0.8750499505752203,1,206.139
-0.8549435295602246,1,206.273
-0.8375291816518392,1,206.341
-0.8131322691231834,1,206.466
-0.7878204723747029,1,206.55
-0.7853912970324101,1,206.649
-0.7375228721054956,1,206.769
-0.563232170273624,1,206.875
-0.48709697772730143,1,206.984
-0.411960796685385,1,207.06
-0.3407470502870844,1,207.15
-0.2939407323280123,1,207.28
-0.22855280038698556,1,207.362
-0.1427534860243549,1,207.487
-0.053736303026479026,1,207.581
0.16656150756093968,1,207.666
0.29011294087955086,1,207.781
0.4124655603928744,1,207.875
0.5637579658022589,1,207.998
0.7114466175707692,1,208.091
0.8611623640904691,1,208.182
1.0,1,208.307
1.0,0,208.383
1.0,-1,208.509
0.9776270504947036,-1,208.589
0.8593290029821026,-1,208.687
0.6842226189849363,-1,208.81
0.5089534878155022,-1,208.902
0.35908248888293204,-1,209.023
0.24147372351170104,-1,209.104
0.0477088548821758,-1,209.202
-0.0597712923561482,-1,209.315
-0.17745664463197597,-1,209.406
-0.29864584779310044,-1,209.529
-0.41725024292408797,-1,209.621
-0.5054304902040563,-1,209.701
-0.5804569366195498,-1,209.827
-0.7007749637408873,-1,209.923
-0.7498863163134893,-1,210.03
-0.8018313843561674,-1,210.132
-0.8348020467850253,-1,210.224
-0.8515650055286171,-1,210.361
-0.8709702124807934,-1,210.422
-0.8918497173464552,-1,210.553
-0.9123462876891337,-1,210.636
-0.9798193506387827,-1,210.732
-0.9862717973510504,0,210.858
-0.9792928156696806,0,210.941
-0.9800108179002742,0,211.068
-0.9878035354429835,0,211.142
-0.989641621153303,0,211.231
-0.9889906324642315,0,211.349
-1.0,0,211.448
-0.9825812983130068,1,211.565
-0.9681713674768901,1,211.665
-0.9651058273646763,0,211.748
-0.9693162142471923,0,211.866
-0.9661371356123037,0,211.951
-0.9648314426015461,-1,212.068
-1.0,-1,212.169
-1.0,1,212.257
-0.9838070401717207,1,212.382
-0.9747126220356057,0,212.458
-0.970005366271571,1,212.58
-0.9492651973752342,1,212.674
-0.9116918818667094,1,212.763
-0.9043485628748152,1,212.891
-0.8700797409126427,1,212.979
-0.6644197365819675,1,213.099
-0.5749442190191962,1,213.191
-0.49832892420376773,1,213.271
-0.4095783240286578,1,213.395
-0.31378566923055196,1,213.493
-0.2347131869062974,1,213.602
-0.16804903077603817,1,213.705
0.003125617827319127,1,213.791
0.06950733861173619,1,213.902
0.12589084815334362,1,213.989
0.17897927866012675,1,214.108
0.22988354249239773,1,214.206
0.25669607132433936,1,214.327
0.26798407064649443,1,214.419
0.2984965025089674,1,214.506
0.35033280298251723,1,214.628
0.35310066937176954,-1,214.722
0.2944482625518976,-1,214.805
0.18218021257967032,-1,214.919
0.04623466611434868,-1,215.025
-0.08905186454400815,-1,215.142
-0.1801560926011354,-1,215.218
-0.33006335966258393,-1,215.309
-0.40745064442331413,-1,215.429
-0.47869025315621494,-1,215.52
-0.5481505192103108,-1,215.648
-0.6369199484084769,-1,215.738
-0.7071522044078743,-1,215.824
-0.7519558647699565,-1,215.951
-0.7942364360425159,-1,216.034
-0.8617573127218294,-1,216.151
-0.8790423558873648,-1,216.241
-0.9072011598678202,-1,216.349
-0.9475235127425413,-1,216.469
-0.9508280062888937,0,216.546
-0.949105150679257,0,216.67
-0.9579924495617544,-1,216.751
-0.9770097628484546,-1,216.847
-0.9808038109942666,-1,216.962
-1.0,-1,217.063
-1.0,1,217.188
-0.9778046962355572,1,217.261
-0.9674245247856876,0,217.352
-0.9628307864330973,0,217.47
-0.960659709280656,-1,217.571
-0.9841502049944092,-1,217.685
-1.0,0,217.78
-0.9830928920855333,1,217.865
-0.9669248927137756,1,217.984
-0.9567436725379601,0,218.076
-0.9545910189073205,0,218.209
-0.9439386170355281,-1,218.285
-0.980912521884542,-1,218.379
-1.0,0,218.502
-0.977249491107038,1,218.591
-0.9611767631644392,1,218.71
-0.9525094640274848,0,218.79
-0.950105462885354,0,218.887
-0.9390433733386141,1,219.014
-0.9318221591798764,-1,219.103
-1.0,-1,219.225
-0.9786129749793913,1,219.303
-0.962116781261945,1,219.4
-0.9491482492942374,1,219.513
-0.9456297981495895,1,219.612
-0.9322007359273468,1,219.735
-0.9245927761224274,-1,219.817
-0.9657457596676814,-1,219.91
-0.9750300495991084,0,220.03
-0.958690436168204,1,220.108
-0.9451876891052358,1,220.228
-0.9405915971649758,1,220.329
-0.925900682045307,1,220.425
-0.9111637139001847,-1,220.55
-0.9435021483736374,0,220.621
-0.9144795317328371,1,220.744
-0.8471500085198097,1,220.837
-0.7609387448708442,1,220.935
-0.6556707392892176,1,221.05
-0.5359789261355525,1,221.136
-0.4243556030413418,1,221.254
-0.34489571292386056,1,221.341
-0.2644042350362207,1,221.428
-0.06791439663628707,1,221.556
0.009777057303779646,1,221.65
0.07953818026075221,1,221.774
0.1423452963742453,1,221.86
0.19269967440510993,1,221.948
0.2272947071257847,1,222.066
0.27765829576174017,1,222.157
0.3787446866321884,1,222.277
0.4058514974141225,1,222.369
0.39812379974302403,-1,222.461
0.32682450573590427,-1,222.593
0.18479697523728822,-1,222.669
0.04128653731906917,-1,222.787
-0.06118144431498429,-1,222.875
-0.1494098304788133,-1,222.97
-0.3244113272021405,-1,223.089
-0.4028948931800075,-1,223.188
-0.4935180366674189,-1,223.301
-0.5859372481475171,-1,223.38
-0.6484127824777448,-1,223.471
-0.6953131835995966,-1,223.588
-0.7341635158721752,-1,223.699
-0.7969590882851343,-1,223.808
-0.8153393233784645,-1,223.9
-0.8577401768066205,-1,223.987
-0.881650668081617,-1,224.113
-0.8758467969128766,0,224.202
-0.8820577328773406,0,224.315
-0.8873776484924722,0,224.412
-0.8969299107669326,0,224.498
-0.880760512074636,-1,224.622
-0.9167682167800097,-1,224.703
-0.9548593367139694,-1,224.824
-0.9392009643984958,1,224.92
-0.9219702032312591,1,225.008
-0.9130599997379352,1,225.133
-0.906115282309315,1,225.232
-0.8844294193954165,1,225.348
-0.8755323191425239,-1,225.427
-0.9321121113251307,-1,225.513
-0.9773444972941808,-1,225.646
-0.9521469659446781,1,225.72
-0.9245515415962368,1,225.85
-0.9031408467313967,1,225.941
-0.8930906613205446,1,226.02
-0.8671069355451604,1,226.151
-0.8605160056081869,-1,226.232
-0.9239487925363943,-1,226.362
-0.977278981092024,-1,226.44
-0.956929648702124,1,226.545
-0.9335010548108548,1,226.66
-0.9127848316888767,1,226.746
-0.897270595018148,1,226.863
-0.8777729732562862,1,226.96
-0.8747985376783678,-1,227.051
-0.9419657481295124,-1,227.167
-0.9801092810251976,0,227.262
-0.9519504173382077,1,227.388
-0.9247480902027071,1,227.467
-0.8969561172477953,1,227.558
-0.8606601412529319,1,227.677
-0.8301164878074347,1,227.769
-0.8197649278666614,-1,227.891
-0.8515926988744317,1,227.98
-0.7892998938637525,1,228.072
-0.6452297653209639,1,228.192
-0.5022209992531153,1,228.275
-0.21810343697996515,1,228.389
-0.07042991731855286,1,228.498
0.06449414940314746,1,228.579
0.1621657035784949,1,228.7
0.23686727727767076,1,228.779
0.33164301531768814,1,228.909
0.42500360339111865,1,228.998
0.5047630278967989,1,229.091
0.6521482762687212,1,229.216
0.7118990526357167,1,229.302
0.7351573044013784,1,229.425
0.7487846744499915,1,229.504
0.7935060340422186,1,229.592
0.8325930002489617,1,229.711
0.8645255971801826,1,229.81
0.8963271617070903,1,229.935
0.9226384684932585,-1,230.03
0.8435604124900087,-1,230.102
0.7278587994811117,-1,230.24
0.635808535450817,-1,230.316
0.5412424492577015,-1,230.429
0.4407143886683176,-1,230.53
0.3378539512821521,-1,230.62
0.1232621827377911,-1,230.747
0.00499233460434767,-1,230.824
-0.0759987945018803,-1,230.953
-0.14032260177942002,-1,231.03
-0.20532777755939047,-1,231.132
-0.2750501198946499,-1,231.247
-0.33814222257164195,-1,231.339
-0.39533786705452256,-1,231.471
-0.5638324357613638,-1,231.544
-0.6034697380662237,-1,231.63
-0.6338823591074072,-1,231.753
-0.6621198422369852,-1,231.849
-0.6903442221261318,-1,231.979
-0.7128948989085,-1,232.059
-0.7274525990277396,-1,232.149
-0.8121650484164734,-1,232.262
-0.8479106883132199,-1,232.353
-0.8496534192905906,0,232.472
-0.8570043371725828,0,232.568
-0.8650235203165743,-1,232.667
-0.8788605422120891,-1,232.786
-0.8838528768164367,0,232.863
-0.8794763945123629,-1,232.989
-0.9375499561041446,-1,233.074
-0.9635336818795288,0,233.172
-0.9470104956955855,1,233.28
-0.9320465951229739,1,233.386
-0.9146192853492668,1,233.507
-0.9046608226214343,1,233.582
-0.8920555053264673,1,233.67
-0.8509768465741578,0,233.797
-0.8807343055937733,-1,233.893
-0.9198605815218104,0,234.014
-0.8747199182357797,1,234.107
-0.8089154447894964,1,234.18
-0.7350917881992216,1,234.305
-0.6328472031133299,1,234.391
-0.5120834325948278,1,234.513
-0.19841711003467533,1,234.611
-0.07419465840811035,1,234.732
0.027859392784351122,1,234.822
0.1560787739220202,1,234.908
0.28245850869530686,1,235.028
0.3927181767648693,1,235.11
0.48852537123798934,1,235.21
0.6535906191270282,1,235.326
0.7085814870695359,1,235.42
0.7299690304137219,1,235.552
0.7636120596098361,1,235.619
0.8071018290584717,1,235.714
0.8465152598004182,1,235.835
0.9043516239180498,1,235.93
0.9805976865454353,1,236.051
1.0,1,236.139
1.0,0,236.242
1.0,0,236.343
1.0,0,236.431
1.0,0,236.56
0.9918338536057005,-1,236.65
0.9240949999087242,-1,236.739
0.6492816590299202,-1,236.868
0.4842670853185831,-1,236.941
0.3424730888357461,-1,237.064
0.2413881231858923,-1,237.152
0.15140230136852928,-1,237.239
0.05962747281500813,-1,237.365
-0.027279310197946938,-1,237.473
-0.11068110042169443,-1,237.59
-0.32724827640762577,-1,237.663
-0.41896225439188983,-1,237.75
-0.48606826216859256,-1,237.872
-0.5564602006851774,-1,237.975
-0.6339838259186914,-1,238.09
-0.702550247357564,-1,238.187
-0.7525937555145829,-1,238.263
-0.8123976949804366,-1,238.389
-0.9292672982955755,-1,238.47
-0.9430803775169316,-1,238.593
-0.9577575348217382,-1,238.691
-0.9692582924113256,-1,238.781
-0.9798584615759081,0,238.906
-0.9802357351053019,0,238.987
-0.9821707832076769,-1,239.106
-1.0,0,239.196
-0.977930328844049,1,239.28
-0.964391091229239,1,239.405
-0.9505187265026412,1,239.508
-0.9420001903583496,1,239.62
-0.9331009375148718,1,239.702
-0.9116975205824965,0,239.79
-0.9208466187598153,0,239.918
-0.8998715081140246,1,240.01
-0.8075715033550659,1,240.129
-0.7052657878456194,1,240.222
-0.585304335411412,1,240.299
-0.4615119211916433,1,240.421
-0.33190167991243513,1,240.519
-0.20503973730547753,1,240.633
-0.008102127254556724,1,240.732
0.1157973635368581,1,240.818
0.22531290153714378,1,240.941
0.3181839813448817,1,241.019
0.39725408080711944,1,241.147
0.4679365154904107,1,241.239
0.525162994336839,1,241.324
0.5513967543901395,1,241.444
0.5858992052538905,0,241.555
0.5475895873982772,-1,241.668
0.4557297863227525,-1,241.745
0.3312830152762576,-1,241.838
0.21428401465759284,-1,241.951
0.10712416123352209,-1,242.043
-0.03466901441964498,-1,242.205
-0.2382691667063247,-1,242.295
-0.3166135249607386,-1,242.392
-0.39712320944177415,-1,242.486
-0.47456336553562084,-1,242.555
-0.5337053252748298,-1,242.67
-0.5899800123732928,-1,242.764
-0.6671227335459002,-1,242.866
-0.7139865797363537,-1,242.986
-0.7641816970446866,-1,243.06
-0.78784561937848,-1,243.188
-0.8088207300242707,-1,243.275
-0.8144125065435682,-1,243.37
-0.835494693761005,-1,243.49
-0.8817279779184315,-1,243.589
-0.8894850806643506,0,243.704
-0.8799433683909961,0,243.787
-0.8831080759529815,0,243.876
-0.8903416932375197,0,243.996
-0.8841788416694427,0,244.092
-0.8876171893589683,-1,244.211
-0.9282943891876457,0,244.304
-0.9022747822776377,1,244.378
-0.8124732308570884,1,244.504
-0.6396516442202447,1,244.591
-0.5604030838052634,1,244.712
-0.4794294008470946,1,244.812
-0.37849188597534855,1,244.898
-0.28369342787798035,1,245.021
-0.18162566030552518,1,245.101
-0.03368153048113076,1,245.242
0.23930424023223718,1,245.314
0.34960500642459436,1,245.412
0.4540760481606625,1,245.526
0.5448055965354781,1,245.627
0.609586922381383,1,245.747
0.6488483319849616,1,245.82
0.6987817065626041,1,245.922
0.7579712558892115,1,246.031
0.8449055346690144,1,246.133
0.8753628706039118,1,246.244
0.9040118022176749,1,246.347
0.9170275543711035,0,246.422
0.9031551896445058,0,246.554
0.9175034502450863,1,246.632
0.9624518155427593,1,246.756
0.9600366439822967,-1,246.844
0.7614571931661354,-1,246.948
0.6339527911293008,-1,247.07
0.5130871365345262,-1,247.143
0.3982177699519345,-1,247.265
0.3214795602722125,-1,247.355
0.26712035406653034,-1,247.451
0.20663398848331993,-1,247.563
0.07182458478084985,-1,247.672
-0.00637700471136915,-1,247.788
-0.10432827297387337,-1,247.865
-0.19719935278161138,-1,247.956
-0.25436634464379193,-1,248.071
-0.3050730500166564,-1,248.172
-0.35942035882548895,-1,248.288
-0.411768904963594,-1,248.38
-0.48471184504830345,-1,248.463
-0.5442107266929996,-1,248.585
-0.6147028030266978,-1,248.677
-0.6481582829676866,-1,248.798
-0.6750820920382621,-1,248.887
-0.7023152334269263,-1,248.982
-0.7267762813496407,-1,249.106
-0.7512254318755056,-1,249.183
-0.7659187169847237,-1,249.298
-0.8183624422976252,-1,249.393
-0.8517346404606672,-1,249.49
-0.8527816113834293,0,249.611
-0.864143625374768,-1,249.701
-0.8771355827344977,-1,249.829
-0.8968019797268357,-1,249.907
-0.9050468757435873,-1,249.997
-0.9288654642364251,-1,250.11
-0.9699590729548375,-1,250.231
-0.9515062104411555,1,250.322
-0.8851544282111075,1,250.421
-0.8135677913672489,1,250.501
-0.7238733165183457,1,250.631
-0.5307071812687384,1,250.715
-0.43694379669728267,1,250.829
-0.38210869461761765,1,250.924
-0.3288083567315472,1,251.019
-0.22379003474039882,1,251.166
-0.10808785037833724,1,251.224
-0.00017846095274354212,1,251.349
0.10792128682244329,1,251.43
0.31945700280778566,1,251.525
0.40526102888687965,1,251.642
0.45684814162661214,1,251.753
0.5254101640656264,1,251.868
0.6256517205422314,1,251.942
0.6809782476901811,1,252.032
0.7196813541237239,1,252.152
0.7683633629992483,1,252.254
0.769454616000194,-1,252.369
0.7523825690520649,-1,252.462
0.73835390547324,-1,252.544
0.6847006329267404,-1,252.666
0.5779033392341828,-1,252.765
0.46442515216916846,-1,252.875
0.35362659747314296,-1,252.973
0.14594902635982243,-1,253.06
0.019788054417149592,-1,253.19
-0.06788806169216965,-1,253.264
-0.14060188665518836,-1,253.378
-0.21658947062104417,-1,253.471
-0.2880544171496472,-1,253.569
-0.35616072944200594,-1,253.693
-0.5083420229405631,-1,253.784
-0.5686761888595193,-1,253.905
-0.5989887722191236,-1,253.993
-0.6250212188083517,-1,254.07
-0.654800300700827,-1,254.194
-0.686204137061377,-1,254.285
-0.7052525644445522,-1,254.405
-0.7645883023796238,-1,254.517
-0.8827259686128196,-1,254.583
-0.9030063476231814,-1,254.707
-0.926512870714123,-1,254.802
-0.9443674849005375,-1,254.908
-0.9592668526009247,-1,255.014
-0.9626653860598561,-1,255.1
-1.0,-1,255.229
-1.0,0,255.302
-1.0,1,255.425
0.9506336296287934,1,255.51
0.9509726395215659,0,255.61
0.9517086357964237,0,255.73
0.9526411418561112,0,255.827
0.9524617198786582,0,255.94
0.9532712547531186,0,256.049
0.9577235439929415,0,256.112
0.9597823196423889,0,256.242
0.9623930924979796,0,256.324
0.9654270937255556,0,256.45
0.968193487684039,0,256.541
0.9700652128705975,0,256.619
0.9723763388182651,0,256.748
0.9751650079542218,0,256.829
0.9796948026060737,0,256.956
0.9815619507013706,0,257.051
0.9831273159128222,0,257.139
0.9840360210979495,0,257.273
0.9833824124657995,0,257.339
0.9821029628884863,0,257.466
0.9803892999201602,0,257.557
0.9756495693491116,0,257.649
0.9732621585470849,0,257.77
0.971082242548915,0,257.857
0.9684003722090615,0,257.981
0.9655824096890309,0,258.064
0.9638919373164301,0,258.156
0.9627089117950269,0,258.274
0.9615524334029406,0,258.363
0.9595153226521314,0,258.497
0.9588913125434728,0,258.585
0.9573869752155084,0,258.667
0.9559818081982112,0,258.789
0.9554221825066318,0,258.876
0.9547331777020591,0,258.995
0.9539831450139991,0,259.092
0.9529365168121902,0,259.188
0.9527558742770674,0,259.298
0.9515896314236234,0,259.388
0.9507837582221723,0,259.507
0.9510940850097058,0,259.6
0.9512426879059976,0,259.691
0.951325380688123,0,259.808
0.9512747275448283,0,259.906
0.9516292995478901,0,260.025
0.9509274788877851,0,260.101
0.9502656314913642,0,260.19
0.95160549867333,0,260.31
0.9537436105713111,0,260.412
0.956277793433125,0,260.53
0.9591656328797487,0,260.621
0.9662894177192323,0,260.7
0.9696441204745345,0,260.832
0.9720489242233554,0,260.918
0.9749294403239603,0,261.032
0.9777782219251521,0,261.134
0.9801497654774722,0,261.216
0.9822485143906037,0,261.34
0.9841516689371581,0,261.422
0.9872079453422069,0,261.546
0.9880830851914162,0,261.635
0.9891785357000149,0,261.727
0.9899975298964159,0,261.859
0.9899691519305942,0,261.943
0.9886917932347885,0,262.069
0.9911195234499128,0,262.14
0.9853933222112852,0,262.235
0.981791994236896,0,262.357
0.9793918229840803,0,262.453
0.9777395821841375,0,262.564
0.9759906367920883,0,262.662
0.9741094876538685,0,262.742
0.9723339178962711,0,262.868
0.970676780661285,0,262.949
0.9661050404667404,0,263.073
0.9645908179295821,0,263.168
0.9638468658301822,0,263.273
0.9630435444558814,0,263.396
0.9622337965105863,0,263.459
0.961460465800926,0,263.588
0.9610917030367232,0,263.674
0.9596702067381986,0,263.77
0.9586291022371047,0,263.891
0.9586694978262125,0,263.98
0.9586832690497717,0,264.107
0.9586306323730558,0,264.181
0.9584956743821731,0,264.277
0.9584549727658753,0,264.391
0.9587839519953509,0,264.491
0.95704724769091,0,264.612
0.956890867796713,0,264.702
0.9573229781892891,0,264.783
0.9575760626755927,0,264.908
0.9577814069202235,0,264.993
0.9577804888386527,0,265.109
0.9581865869200612,0,265.211
0.9584262062099955,0,265.299
0.956301765455559,0,265.434
0.9569147379175493,0,265.501
0.9574352901680963,0,265.621
0.9578692367238137,0,265.713
0.9579423772222737,0,265.81
0.9581728156965019,0,265.926
0.9584748645332388,0,266.025
0.9561631351383939,0,266.145
0.9568568987785995,0,266.22
0.9578833139745633,0,266.31
0.9592206527957803,0,266.434
0.9608704453782013,0,266.531
0.962932150558645,0,266.648
0.9655713290470145,0,266.742
0.9678325639554748,0,266.825
0.9726494319293775,0,266.951
0.9756129992393694,0,267.036
0.9782332040419459,0,267.152
0.9805957339503657,0,267.255
0.9830231416231101,0,267.344
0.985524301848695,0,267.46
0.9873981063343498,0,267.547
0.9907321120319244,0,267.67
0.9928291106940024,0,267.755
0.9956010506133455,0,267.852
0.9989484177274874,0,267.974
1.0,0,268.06
1.0,0,268.189
0.9999132453371284,0,268.292
0.9993252755725079,0,268.353
0.9977891355878816,0,268.474
0.9949872358753522,0,268.565
0.9918346388683881,0,268.691
0.9886759107898431,0,268.779
0.9856490007502898,0,268.868
0.9821107593408791,0,268.989
0.9788704880103063,0,269.069
0.9745729133855854,0,269.195
0.972457693690131,0,269.282
0.9704286155503901,0,269.388
0.9687060909897005,0,269.514
0.9670332281088174,0,269.586
0.9647408204446712,0,269.708
0.9632132639602584,0,269.795
0.9625943322841537,0,269.897
0.9616087625275036,0,270.011
0.9611415748730294,0,270.098
0.9609735835117093,0,270.227
0.9608209198293416,0,270.304
0.9597105827660175,0,270.392
0.9588850339776323,0,270.51
0.9591860695922607,-1,270.611
-0.9620787354607814,-1,270.731
-0.9539665970772443,0,270.822
-0.9475395168505816,1,270.906
-0.930450342976439,1,271.029
-0.9215031315240083,-1,271.121
-0.972457500745601,-1,271.231
-0.9957798985982702,1,271.321
-0.9452430659111244,1,271.436
-0.8330599463167313,1,271.55
-0.7576498657918282,1,271.629
-0.6789889651058754,1,271.749
-0.6011482254697287,1,271.835
-0.5297196540411572,1,271.936
-0.47439606322696093,1,272.049
-0.36677602147330746,1,272.148
-0.07655830599463165,1,272.281
0.06173575902177153,1,272.343
0.19249925439904558,1,272.433
0.31975842529078435,1,272.553
0.4354309573516255,1,272.65
0.5249328959141069,1,272.772
0.5834178347748284,1,272.862
0.6609305099910527,1,272.943
0.8345213241872949,1,273.074
0.9073068893528184,1,273.15
0.9746644795705339,1,273.285
1.0,1,273.368
1.0,0,273.463
1.0,0,273.579
1.0,0,273.664
1.0,0,273.78
1.0,0,273.875
1.0,0,273.965
1.0,-1,274.086
0.936844790205331,-1,274.183
0.781265144751945,-1,274.302
0.5876546358882795,-1,274.394
0.43000892743272545,-1,274.473
0.20051013901288095,-1,274.6
0.083305700803469,-1,274.686
-0.03507205713556949,-1,274.808
-0.13662798112485652,-1,274.904
-0.22790460400459123,-1,274.982
-0.35736513199846953,-1,275.112
-0.4741997194235429,-1,275.19
-0.5531692386175233,-1,275.312
-0.7044892233133528,-1,275.414
-0.7724652467797475,-1,275.501
-0.8228542277770693,-1,275.627
-0.8531182247162352,-1,275.704
-0.8993495727585767,-1,275.823
-0.9658589465629384,-1,275.912
-0.9888279556179059,-1,276.002
-0.9845682948603495,0,276.131
-0.9805254431832674,0,276.218
-0.9831143986736386,0,276.346
-0.9748373931896441,1,276.424
-0.9637291161841601,-1,276.509
-0.9949878841984441,-1,276.631
-1.0,0,276.729
-0.9820428171268507,1,276.85
-0.9217687074829932,1,276.946
-0.8988220288115246,1,277.024
-0.8869672869147659,1,277.147
-0.8676970788315326,1,277.235
-0.8618072228891557,-1,277.353
-0.919405262104842,-1,277.452
-0.9665491196478592,0,277.541
-0.9295093037214885,1,277.665
-0.9118022208883554,1,277.743
-0.8973089235694278,1,277.87
-0.8496898759503801,1,277.957
-0.7596788715486195,1,278.052
-0.6760954381752702,1,278.162
-0.5826955782312926,1,278.273
-0.44610344137655067,1,278.38
-0.18501150460184068,1,278.462
-0.06194977991196482,1,278.556
0.06365046018407372,1,278.669
0.18496148459383743,1,278.771
0.27637304921968786,1,278.885
0.35280362144857946,1,278.98
0.449467286914766,1,279.062
0.6185724289715886,1,279.189
0.6818352340936376,1,279.28
0.7322804121648661,1,279.391
0.7730217086834734,1,279.489
0.7904036614645857,1,279.587
0.8270933373349341,1,279.711
0.8784513805522209,1,279.78
0.9139155662264906,-1,279.908
0.8483018207282913,-1,279.992
0.6863495398159263,-1,280.092
0.4881077430972389,-1,280.214
0.32362945178071234,-1,280.3
0.2165116046418567,-1,280.419
0.11685924369747891,-1,280.511
0.011529611844737886,-1,280.595
-0.20360644257703087,-1,280.72
-0.3348839535814325,-1,280.813
-0.4465911364545818,-1,280.932
-0.5210834333733494,-1,281.026
-0.5846338535414166,-1,281.105
-0.6507352941176471,-1,281.225
-0.7123724489795918,-1,281.311
-0.7687825130052021,-1,281.434
-0.8993972589035615,-1,281.53
-0.9142907162865146,-1,281.621
-0.9276710684273709,-1,281.749
-0.9366496598639455,0,281.828
-0.9415266106442577,0,281.95
-0.9415891356542617,-1,282.029
-0.9610969387755102,-1,282.13
-1.0,0,282.241
-0.9700282153334454,1,282.341
-0.960187105654901,1,282.466
-0.944852414497574,1,282.539
-0.93626947200578,1,282.635
-0.9196267852582668,0,282.754
-0.9395581466325342,-1,282.851
-0.9970227528947189,-1,282.971
-0.9591656233844698,1,283.06
-0.9432329913859148,1,283.142
-0.9297668653574254,1,283.261
-0.9207230101338515,1,283.35
-0.9036194106545583,0,283.469
-0.9262539629152108,-1,283.571
-0.9927250530983924,-1,283.668
-0.9951292735641634,1,283.788
-0.9473313775684985,1,283.86
-0.9296422943488362,1,283.996
-0.9218690634128719,1,284.073
-0.8998573661951654,0,284.172
-0.9183810751723751,-1,284.289
-0.9805669226600893,-1,284.382
-0.9731549476490337,1,284.501
-0.8610659541204975,1,284.589
-0.7620195451912477,1,284.675
-0.641596751188096,1,284.792
-0.504244757117676,1,284.889
-0.39233016300116474,1,285.01
-0.29634820088320846,1,285.103
-0.16979651325746958,1,285.18
-0.04201157264669797,1,285.305
0.17221319082409958,1,285.395
0.2727170805538428,1,285.512
0.3688236136803882,1,285.604
0.4385833784903239,1,285.708
0.4992245454715325,1,285.825
0.5854525976169567,1,285.908
0.6645427309702212,1,286.033
0.7647351931784916,1,286.112
0.8079488760580751,1,286.211
0.8350679846279376,1,286.327
0.8273819533979856,0,286.429
0.8404868235015666,1,286.548
0.8938655006820262,1,286.62
0.9291066390119027,1,286.711
0.9155283990756831,-1,286.831
0.6989866148451271,-1,286.924
0.5545216161842654,-1,287.051
0.42540376578158967,-1,287.14
0.33764349023051876,-1,287.229
0.25637336422694346,-1,287.342
0.15956923345229868,-1,287.43
0.05816843246071346,-1,287.55
-0.16285790807905276,-1,287.65
-0.2719945687040255,-1,287.74
-0.3429128438938406,-1,287.864
-0.4107043867680674,-1,287.943
-0.49113988701409517,-1,288.066
-0.5675268294809749,-1,288.16
-0.6271963425951879,-1,288.251
-0.6913877833211877,-1,288.363
-0.8222994562475475,-1,288.468
-0.8476621135963027,-1,288.586
-0.8849462164670416,-1,288.663
-0.9189665589127443,-1,288.755
-0.9230774021961868,1,288.87
-0.8935416160596944,1,288.973
-0.8902529414329403,-1,289.094
-0.9557025493456908,-1,289.19
-0.9378141525122858,1,289.26
-0.9308478846265079,0,289.385
-0.9253002712127083,0,289.474
-0.9247707606870722,0,289.596
-0.9214387188428258,1,289.69
-0.9072839984502131,-1,289.782
-0.9400232468035645,-1,289.908
-0.9597184553790521,1,289.983
-0.9177321451633733,1,290.112
-0.8965388092470619,1,290.192
-0.8825519824357484,1,290.288
-0.8801498127340824,1,290.418
-0.8654655818158337,1,290.508
-0.860092987214258,-1,290.624
-0.9241121012527445,-1,290.713
-0.9497739894097895,0,290.791
-0.926333462482242,1,290.911
-0.9044168926772569,1,291.013
-0.8977528089887641,0,291.125
-0.8897972362133539,1,291.223
-0.8730207929742994,0,291.307
-0.8751775797494511,-1,291.427
-0.9345731628567738,0,291.519
-0.8677515174996772,1,291.63
-0.8074389771406432,1,291.731
-0.738486374790133,1,291.818
-0.641857161306987,1,291.946
-0.5172284644194757,1,292.021
-0.3872142580395196,1,292.149
-0.2903009169572517,1,292.242
-0.04912824486633083,1,292.322
0.1046364458220328,1,292.444
0.23732403461190743,1,292.551
0.36759653880924703,1,292.665
0.49644840501097764,1,292.743
0.6209737827715356,1,292.83
0.7220973782771536,1,292.951
0.9056825519824359,1,293.05
0.9969391708640063,1,293.165
1.0,0,293.258
0.9958896102671753,-1,293.345
0.9013255064138421,-1,293.47
0.7570721957903073,-1,293.557
0.5639467283434627,-1,293.67
0.35528474190649173,-1,293.771
0.06997090045189136,-1,293.861
-0.04786027188908237,-1,293.981
-0.1594567246353129,-1,294.065
-0.2661760176985588,-1,294.182
-0.3720405508173642,-1,294.27
-0.5012601424180907,-1,294.363
-0.596301906240376,-1,294.484
-0.6717847513339912,-1,294.58
-0.7046175891998567,-1,294.701
-0.7341068072830575,-1,294.782
-0.750359816226612,-1,294.873
-0.7867122538637035,-1,294.993
-0.8346039507507432,-1,295.091
-0.8281681111690727,1,295.213
-0.8143913920645596,1,295.312
-0.7718796548278224,1,295.382
-0.7504352362217097,1,295.501
-0.7384685969995413,-1,295.592
-0.7979498331332608,-1,295.711
-0.8114374422565662,1,295.812
-0.7504478062208926,1,295.906
-0.7134417286262876,1,296.02
-0.6679509015831914,1,296.102
-0.6505163127164397,0,296.227
-0.6733434312326769,-1,296.309
-0.7168481984048671,-1,296.416
-0.7330509273516896,-1,296.531
-0.7418122167822059,-1,296.623
-0.7503095362298802,0,296.75
-0.7559534658630247,0,296.821
-0.7565316858254404,-1,296.92
-0.7903826936251249,0,297.029
-0.7705723749127956,1,297.134
-0.7456334965338227,1,297.244
-0.7366459471180135,0,297.338
-0.7380286470281379,0,297.426
-0.7368917983256751,-1,297.542
-0.8228362812362309,-1,297.631
-0.8236167936048342,1,297.753
-0.7980613079876628,1,297.855
-0.7667275130609933,1,297.944
-0.7457795682004154,1,298.072
-0.72757600553912,0,298.14
-0.7342834461119722,-1,298.274
-0.8031981249763732,-1,298.35
-0.7687722879572575,1,298.447
-0.7221739185221587,1,298.574
-0.6672463110674278,1,298.661
-0.6071145049710808,1,298.791
-0.5437820537053139,1,298.86
-0.5071510477702592,1,298.957
-0.4622752286590204,1,299.074
-0.37538162730325164,1,299.166
-0.31336917403474474,1,299.291
-0.26287059898825127,1,299.381
-0.19161657643018992,1,299.468
-0.16884270925235956,1,299.588
-0.14924117894414923,1,299.676
-0.07583819475607412,1,299.792
0.017975511250721166,1,299.894
0.1966792743124559,1,299.982
0.2830309635233028,1,300.109
0.3768831335342009,1,300.183
0.43152766202961734,1,300.316
0.43498942239887173,0,300.394
0.4780050003205334,0,300.49
0.5476761330854543,0,300.602
0.5936534393230335,0,300.71
