0,1,0.0
1.0,1,0.101
1.0,0,0.216
1.0,0,0.305
1.0,0,0.398
1.0,0,0.507
1.0,-1,0.618
0.7826471763832581,-1,0.734
0.3992120139325086,-1,0.82
-0.017078741506311612,-1,0.905
-0.35644949466110887,-1,1.022
-0.6016730428824322,-1,1.113
-0.7257751384685662,-1,1.243
-0.8289841831782104,-1,1.329
-0.9109404442414233,-1,1.41
-0.9775081368126521,-1,1.538
-1.0,-1,1.635
-1.0,0,1.754
-1.0,0,1.836
-0.995780309961464,0,1.926
-0.9993623333056086,0,2.048
-1.0,0,2.134
-1.0,0,2.257
-1.0,0,2.349
-1.0,0,2.436
-0.9935221836702532,1,2.564
-0.9791384992968333,1,2.651
-0.9686100115655912,0,2.775
-0.9731547997198182,0,2.861
-0.98055026144749,-1,2.947
-0.9906769399512393,-1,3.075
-0.999489593683992,1,3.163
-0.9533412609207922,1,3.285
-0.7449000092307507,1,3.37
-0.3807848311586789,1,3.459
0.04595285800387616,1,3.583
0.4282960573827006,1,3.669
0.5851536920295182,1,3.792
0.524713982418131,-1,3.876
0.26555246053853465,-1,3.975
-0.08116003409948636,-1,4.091
-0.40664179793339716,-1,4.18
-0.5774378688907347,-1,4.306
-0.702742619470369,-1,4.385
-0.794007612655901,-1,4.481
-0.8677558954644427,-1,4.605
-0.9226517237072843,-1,4.688
-0.9534009893194726,-1,4.818
-0.9588797124349071,0,4.9
-0.9567946483354743,0,4.987
-0.9606661345409317,0,5.112
-0.9689629521032554,-1,5.198
-0.9804959629032339,-1,5.312
-0.991562006222615,-1,5.412
-0.9983276048369117,0,5.502
-0.986577399859906,1,5.608
-0.9676489273322557,1,5.698
-0.9532598131044082,1,5.817
-0.9247259280978684,1,5.927
-0.8011858802065518,1,5.996
-0.3710925410089778,1,6.144
0.08824056427047378,1,6.222
0.47939098752762654,1,6.347
0.7510357447316851,1,6.428
0.8401125065836998,-1,6.525
0.5523899504254295,-1,6.634
0.1905661709209563,-1,6.738
-0.14500969229014837,-1,6.847
-0.3960481519490473,-1,6.945
-0.5712478348455474,-1,7.028
-0.6828313432916859,-1,7.154
-0.7611732829442832,-1,7.24
-0.8052691307346026,-1,7.353
-0.8397161272106252,-1,7.441
-0.8714101874928728,-1,7.532
-0.8996128513794552,-1,7.654
-0.9205883790255552,-1,7.758
-0.9234933511432527,0,7.869
-0.9197358918807349,0,7.958
-0.9227440312325201,0,8.037
-0.9315946939462528,-1,8.162
-0.9430028180944463,-1,8.257
-0.9545412587488523,-1,8.37
-0.9642444086074021,0,8.468
-0.9578480400940426,1,8.568
-0.9414715991464256,1,8.673
-0.9297648330048272,0,8.761
-0.9316272730728051,0,8.891
-0.936166631372611,-1,8.969
-0.9475204569765485,-1,9.07
-0.9549322082674964,0,9.186
-0.950360270841135,1,9.284
-0.9280055601709306,1,9.405
-0.8917992908610083,1,9.494
-0.7715280153339116,1,9.572
-0.5005674197874745,1,9.696
-0.14951647146339875,1,9.785
0.11946222721768684,1,9.914
0.2885587537398113,1,9.991
0.3047234303648316,-1,10.093
0.11703508228944193,-1,10.221
-0.1909191114586236,-1,10.301
-0.45315393094311307,-1,10.42
-0.6452513208120898,-1,10.51
-0.7780221212269314,-1,10.591
-0.872762221244846,-1,10.722
-0.9312471832630161,-1,10.81
-0.9562027942030855,-1,10.932
-0.9657430484288704,-1,11.028
-0.9743330781301747,0,11.104
-0.9814733366998393,-1,11.233
-0.9927131353608372,-1,11.324
-1.0,0,11.448
-1.0,0,11.531
-0.9918173476547754,1,11.621
-0.977055108760186,1,11.738
-0.9705294974901495,0,11.83
-0.9736924488584215,0,11.949
-0.9807254277540899,-1,12.027
-0.9939385761321321,-1,12.129
-1.0,0,12.254
-0.9921057388526586,1,12.342
-0.9717414589004686,1,12.461
-0.9539510426306309,1,12.553
-0.9233236835928331,1,12.634
-0.7795110738191653,1,12.762
-0.48157960766115493,1,12.846
-0.1678056598021327,1,12.976
0.08361819403262727,1,13.059
0.24852893168469214,1,13.152
0.22766822519418617,-1,13.267
0.0031485313598598186,-1,13.352
-0.2705929329365516,-1,13.475
-0.49865236382669287,-1,13.579
-0.6696605143950208,-1,13.651
-0.7936430423392458,-1,13.782
-0.8697150133954227,-1,13.87
-0.9169996411699441,-1,13.997
-0.9539402507493594,-1,14.075
-0.9791392935094909,-1,14.172
-0.9901146367587658,-1,14.278
-1.0,0,14.391
-1.0,0,14.489
-1.0,0,14.595
-0.9885354535891477,1,14.684
-0.9829446850320108,0,14.805
-0.9820796377481016,0,14.883
-0.987499532767672,-1,15.008
-0.998969418976578,0,15.097
-1.0,0,15.199
-0.999071477650464,0,15.3
-0.98442735373783,1,15.402
-0.9711521370605098,1,15.519
-0.9665785012588098,0,15.617
-0.9662123981609927,0,15.699
-0.9735132367493222,0,15.81
-0.9536226212024826,1,15.902
-0.6486070383341432,1,16.032
-0.23807687548381262,1,16.117
0.17573389122783634,1,16.222
0.5050029208885234,1,16.331
0.7023628980969578,1,16.417
0.5409284108927541,-1,16.537
0.23988984077560271,-1,16.627
-0.09364972935017923,-1,16.71
-0.38486375421946073,-1,16.835
-0.5846755511558375,-1,16.925
-0.7213386014843293,-1,17.048
-0.8243380518392914,-1,17.14
-0.8996077663979841,-1,17.226
-0.9355447672929539,-1,17.347
-0.9629291763669916,-1,17.436
-0.974324958201076,0,17.562
-0.967458711873767,0,17.653
-0.9605694437649802,0,17.744
-0.9622557892586097,0,17.865
-0.964275950583742,0,17.947
-0.9755048245020768,-1,18.067
-0.9915567616411037,-1,18.156
-1.0,0,18.24
-0.9878120360459938,1,18.373
-0.9655249801470889,1,18.463
-0.887108840014275,1,18.58
-0.6436257754146126,1,18.667
-0.21129832314792918,1,18.765
0.32779753478575935,1,18.882
0.8249663363601829,1,18.972
1.0,1,19.09
0.9534368511791314,-1,19.178
0.6483366043609273,-1,19.267
0.18669283488742594,-1,19.39
-0.2664415290799569,-1,19.481
-0.4988539569019652,-1,19.6
-0.6618903036517176,-1,19.687
-0.7656732399646717,-1,19.778
-0.8292040751986074,-1,19.902
-0.879385709538434,-1,19.994
-0.9196946157276334,-1,20.11
-0.949710435950822,-1,20.202
-0.9758521476592047,-1,20.296
-0.997608504861102,-1,20.414
-1.0,0,20.497
-0.9914043521837369,0,20.62
-0.9879898754820201,0,20.715
-0.9878313259834303,0,20.795
-0.9885844361017155,0,20.928
-0.9925878109410466,0,21.011
-0.9965741983340912,1,21.133
-0.950017270570378,1,21.226
-0.7696332410348731,1,21.315
-0.2752815669220441,1,21.436
0.20815850419873194,1,21.529
0.588507426345265,1,21.642
0.8200519815856073,1,21.731
0.8410031653274888,-1,21.825
0.4907333480557905,-1,21.937
0.11718506690222563,-1,22.034
-0.2024677096958697,-1,22.144
-0.4382421390592357,-1,22.25
-0.5993680669984882,-1,22.334
-0.7130140825929604,-1,22.457
-0.7948029739355927,-1,22.534
-0.8357427194636474,-1,22.664
-0.8557822435886503,-1,22.754
-0.8626961342234698,-1,22.843
-0.8742872350666141,-1,22.952
-0.8853404001109803,-1,23.05
-0.899400343146413,-1,23.165
-0.9130299375428214,-1,23.267
-0.9258101596253696,0,23.343
-0.9217784723755766,1,23.463
-0.9075996172162081,1,23.551
-0.7839366708002751,1,23.668
-0.4976642261368832,1,23.768
-0.03618892305252941,1,23.866
0.5022281867033598,1,23.979
0.9614101845402914,1,24.057
1.0,-1,24.194
0.9106288635592994,-1,24.282
0.5674639401131982,-1,24.358
0.07673126581287937,-1,24.479
-0.3500247789457184,-1,24.578
-0.6472051957536705,-1,24.695
-0.8137197109992427,-1,24.789
-0.8934296669188022,-1,24.875
-0.8984532721249885,0,25.0
-0.9002686559378187,-1,25.089
-0.9165340775711418,-1,25.211
-0.932601267638697,-1,25.296
-0.948986671535511,-1,25.391
-0.9641200865958921,-1,25.511
-0.9787474895015478,0,25.604
-0.9732543884816991,1,25.724
-0.9618612900701587,0,25.809
-0.957594094785987,0,25.895
-0.9605571350322079,0,26.009
-0.9669214116174083,0,26.098
-0.9626072667518691,1,26.22
-0.8956832468243789,1,26.319
-0.6801585852526146,1,26.411
-0.30626255249223955,1,26.533
0.1631341453872024,1,26.626
0.5027726336106826,1,26.742
0.6796264899971272,1,26.829
0.64919794465166,-1,26.921
0.4160828399280103,-1,27.042
0.05682464331359793,-1,27.134
-0.20699027100341327,-1,27.252
-0.3996922194110457,-1,27.34
-0.5456063016771411,-1,27.427
-0.6598137666605806,-1,27.55
-0.7430814575236677,-1,27.638
-0.8069537546623528,-1,27.759
-0.8448264169644442,-1,27.849
-0.8590834398393259,-1,27.944
-0.8654737995252854,-1,28.047
-0.8773520436109429,-1,28.155
-0.8933566342366758,-1,28.27
-0.9068937635306062,-1,28.365
-0.9202535277393742,0,28.455
-0.9210360207621446,0,28.574
-0.910305433109887,1,28.66
-0.9025848352852176,0,28.782
-0.9036490257961838,0,28.867
-0.9044628185398639,1,28.963
-0.8309971569420138,1,29.08
-0.6352330525052812,1,29.173
-0.26924541589503903,1,29.297
0.22144552544406593,1,29.38
0.7042072041524294,1,29.469
1.0,1,29.581
1.0,-1,29.686
0.7954563650920723,-1,29.791
0.44005704563650894,-1,29.894
0.06516212970376212,-1,29.974
-0.2337770216172944,-1,30.113
-0.45897217774219334,-1,30.193
-0.5771066853482775,-1,30.316
-0.6645466373098479,-1,30.4
-0.7321607285828666,-1,30.492
-0.7747648118494811,-1,30.611
-0.7878252602081621,0,30.698
-0.7829063250600472,0,30.812
-0.7773368694955933,1,30.92
-0.7643865092073633,1,30.997
-0.7547888310648498,0,31.109
-0.7514411529223347,0,31.21
-0.7523668935148087,0,31.321
-0.7462520016012772,0,31.415
-0.7436098879103251,0,31.514
-0.7538530824659702,0,31.624
-0.7484787830264175,1,31.721
-0.670451361088868,1,31.841
-0.4587970376301037,1,31.928
-0.08864091273018371,1,32.01
0.37074659727782033,1,32.135
0.7065652522017618,1,32.225
0.8572007606084864,1,32.338
0.7960418334667725,-1,32.441
0.5269465572457943,-1,32.528
0.14276421136909367,-1,32.647
-0.157295836669335,-1,32.734
-0.37235788630904587,-1,32.864
-0.5144265412329836,-1,32.944
-0.6174889911929502,-1,33.033
-0.6939651721377083,-1,33.151
-0.7477331865492403,-1,33.246
-0.7778672938350666,-1,33.374
-0.8039081265012007,-1,33.45
-0.8175440352281822,0,33.547
-0.8154223378702947,0,33.673
-0.8148268614891887,0,33.756
-0.818134507606084,0,33.884
-0.8217273819055259,0,33.969
-0.8283426741393105,0,34.058
-0.8370996797437941,0,34.178
-0.8373698959167336,1,34.27
-0.813215572457966,1,34.397
-0.7578112489991986,1,34.488
-0.6033827061649325,1,34.558
-0.29030724579663547,1,34.692
0.1511058847077651,1,34.779
0.5984537630104061,1,34.901
0.9316102882305839,1,34.989
1.0,-1,35.076
0.8437626365963062,-1,35.206
0.5102218713906213,-1,35.298
0.12408380893345017,-1,35.417
-0.20474978631288654,-1,35.498
-0.4523653286907323,-1,35.589
-0.5793523767091933,-1,35.706
-0.6657080085939766,-1,35.803
-0.7199392795999862,-1,35.922
-0.7622107657463251,-1,36.007
-0.7923624212502032,-1,36.098
-0.815738805282484,-1,36.219
-0.8357784772371314,-1,36.315
-0.8708478331576655,-1,36.427
-0.8806836662077292,0,36.521
-0.8819504393355077,0,36.609
-0.886753416986011,0,36.724
-0.8909303445965279,0,36.824
-0.8958262515498423,0,36.944
-0.8977973309726041,0,37.026
-0.8920650602940023,1,37.114
-0.8399072663378295,1,37.241
-0.6759066109416951,1,37.331
-0.3144898792652765,1,37.444
0.021112070293680674,1,37.553
0.2644890233374795,1,37.628
0.386872024122491,1,37.756
0.3400454375380575,-1,37.849
0.05521712442500193,-1,37.967
-0.2304720074930362,-1,38.061
-0.4571070129832051,-1,38.146
-0.6303565795169183,-1,38.247
-0.750900558309472,-1,38.351
-0.8308735599014966,-1,38.464
-0.8851393817266798,-1,38.566
-0.9163440634071351,-1,38.656
-0.9164565567736942,0,38.769
-0.9160457114349535,0,38.862
-0.9213182266154437,0,38.969
-0.9309388549642618,-1,39.055
-0.9399040871774732,-1,39.162
-0.9488791014225543,0,39.281
-0.9473335403863448,1,39.375
-0.9325577812395347,1,39.495
-0.9202470941251601,1,39.567
-0.9144952593828078,1,39.664
-0.7963332053517536,1,39.781
-0.5404205784604565,1,39.871
-0.17346721674292553,1,39.991
0.21834717898428146,1,40.084
0.5459767725653137,1,40.186
0.6615857162770546,0,40.299
0.5549762418900845,-1,40.387
0.24076759604121145,-1,40.507
-0.1180226600768387,-1,40.594
-0.4255795242508813,-1,40.685
-0.6471572192618029,-1,40.798
-0.7963958220958183,-1,40.899
-0.860296178986148,-1,41.02
-0.9041229964145736,-1,41.112
-0.9346802870309814,-1,41.194
-0.9598028752280859,-1,41.319
-0.9831501235772587,-1,41.403
-1.0,0,41.532
-0.9985289362678922,0,41.616
-0.9899395037381314,0,41.711
-0.9860791955552155,0,41.829
-0.9897124267861935,0,41.923
-0.9980056719873418,0,42.044
-1.0,0,42.127
-1.0,0,42.212
-0.9943997783449917,1,42.34
-0.9768684364740176,1,42.427
-0.9487594430182368,1,42.551
-0.8715823078111318,1,42.634
-0.6621330371394744,1,42.733
-0.23321588560247863,1,42.857
0.15656346468354054,1,42.941
0.44683344734835373,1,43.073
0.601575123638866,1,43.15
0.5574353730988282,-1,43.235
0.2352853195240292,-1,43.36
-0.09018955916643945,-1,43.45
-0.36250156310915227,-1,43.571
-0.5620548203834352,-1,43.662
-0.7042327769890726,-1,43.75
-0.792291603835807,-1,43.872
-0.8455574598924599,-1,43.959
-0.8701111462555284,-1,44.077
-0.8903347137732603,-1,44.171
-0.9080867298775727,-1,44.253
-0.9244215270166555,-1,44.381
-0.9381180410993489,0,44.471
-0.9392949703438367,0,44.592
-0.9303503080857497,0,44.677
-0.9251669155381632,0,44.772
-0.9279228915189994,0,44.893
-0.9222687272736201,1,44.986
-0.7934734369521458,1,45.089
-0.5359220872840155,1,45.189
-0.17530115903011345,1,45.285
0.20226755034437405,1,45.408
0.5125649456528383,1,45.487
0.6203618567039622,0,45.616
0.5233534637272841,-1,45.696
0.27111791114674544,-1,45.788
-0.057544484247536776,-1,45.905
-0.346858211901206,-1,46.009
-0.5665565747435897,-1,46.117
-0.7187972763895742,-1,46.218
-0.8237548456383739,-1,46.306
-0.8680564239495278,-1,46.424
-0.8983770636105743,-1,46.506
-0.9219009368847156,-1,46.619
-0.940251225354978,-1,46.708
-0.9441498034773372,0,46.798
-0.9373089022437655,0,46.916
-0.9345970611095986,0,47.031
-0.9372157286785759,0,47.146
-0.9421784469928215,0,47.236
-0.9519469597220503,1,47.314
-0.9152463827815258,1,47.428
-0.7746229535529796,1,47.518
-0.47552109768267525,1,47.639
-0.03636466171866082,1,47.733
0.4523208799507634,1,47.84
0.8186008763218984,1,47.951
0.9698215726226631,0,48.042
0.8212048322753231,-1,48.158
0.49274839949882354,-1,48.239
0.09217072339465426,-1,48.336
-0.26036862404711814,-1,48.451
-0.5200433502271729,-1,48.552
-0.6458423748470579,-1,48.658
-0.7410608545977484,-1,48.764
-0.8173111580248176,-1,48.851
-0.8712929793718615,-1,48.972
-0.895954550915675,-1,49.058
-0.9079199982346057,-1,49.177
-0.9209348741298699,-1,49.269
-0.9314144482776388,-1,49.361
-0.9435515311113902,-1,49.481
-0.9603914270512277,-1,49.57
-0.9720037955968124,0,49.697
-0.968978106664115,0,49.78
-0.9595577688363842,0,49.864
-0.9567184270340631,0,49.996
-0.9569734283703687,0,50.066
-0.9604453696415989,0,50.204
-0.9545214924443584,1,50.292
-0.9094220126615992,1,50.379
-0.6307672391688062,1,50.502
-0.22735861504106747,1,50.589
0.2190387042647648,1,50.714
0.5987622203357352,1,50.806
0.8396462917644845,1,50.887
0.769382628763192,-1,51.009
0.5162153617119798,-1,51.097
0.14680833584358055,-1,51.219
-0.18672996636684513,-1,51.31
-0.4448812134821416,-1,51.401
-0.6338243458214967,-1,51.523
-0.767938718454917,-1,51.608
-0.8371368752287229,-1,51.73
-0.890247879567923,-1,51.819
-0.9219043683265826,-1,51.915
-0.9309860662655234,-1,52.028
-0.9403515672650596,-1,52.116
-0.9491195881370309,-1,52.251
-0.9572005068623065,-1,52.338
-0.9669493909436927,-1,52.418
-0.9787446444619804,0,52.542
-0.9796010326448199,0,52.626
-0.9701110566187112,1,52.744
-0.9614724897743772,0,52.843
-0.9577830499866801,0,52.933
-0.9566976277549429,0,53.055
-0.9485569610169107,1,53.135
-0.8834664801200935,1,53.263
-0.693990594666995,1,53.351
-0.35724083677091767,1,53.443
0.05478643819690188,1,53.561
0.3585851670579321,1,53.653
0.5090854321897365,1,53.76
0.4688949356090677,-1,53.865
0.2392783435859278,-1,53.947
-0.09909954765775364,-1,54.082
-0.35930214321100484,-1,54.155
-0.5401295038176457,-1,54.269
-0.6834301334123347,-1,54.359
-0.783478180772591,-1,54.468
-0.8559375832426758,-1,54.577
-0.9079830813543891,-1,54.676
-0.9461172504960325,-1,54.787
-0.9521517997844122,0,54.878
-0.9482880949595095,0,54.965
-0.9552487384456062,0,55.08
-0.9633396151730055,-1,55.174
-0.9754435667572009,-1,55.294
-0.9869799122202113,-1,55.378
-0.9991187168118426,0,55.482
-0.9925364774065367,1,55.601
-0.9789189094991889,1,55.684
-0.9599738104544073,1,55.811
-0.8658557533602028,1,55.9
-0.6722323600216089,1,55.979
-0.34799981079795983,1,56.106
0.07983081354387611,1,56.193
0.52324571121296,1,56.311
0.808313438074918,1,56.412
0.8828540629893431,-1,56.488
0.6821405721370122,-1,56.621
0.33341631668438265,-1,56.705
-0.06046747840980571,-1,56.832
-0.3927311563481032,-1,56.91
-0.6315987323463306,-1,57.012
-0.7353511564974726,-1,57.122
-0.805430596459433,-1,57.219
-0.8605033272174598,-1,57.342
-0.9046222556368498,-1,57.433
-0.9387312893825807,-1,57.517
-0.9629199770865001,-1,57.635
-0.9808572638290488,-1,57.722
-0.9826206072077952,0,57.85
-0.9730218425443989,0,57.941
-0.9701676172449022,0,58.026
-0.9738337774899759,0,58.146
-0.980956887748749,0,58.236
-0.9878757689721319,0,58.356
-0.9946352519239893,0,58.451
-0.987517122861203,1,58.548
-0.9633583223331962,1,58.661
-0.8910911309805529,1,58.743
-0.7076436452392239,1,58.868
-0.318597295210582,1,58.962
0.05167492715000854,1,59.053
0.3367886229483694,1,59.179
0.4950013698288964,1,59.26
0.4716196358745728,-1,59.381
0.18129560907573672,-1,59.472
-0.13430300615177926,-1,59.557
-0.4144902991208227,-1,59.678
-0.6212149137007825,-1,59.762
-0.7646434708973638,-1,59.893
-0.8491046300216686,-1,59.974
-0.8927000572837578,-1,60.069
-0.9098602774526203,-1,60.196
-0.925526138825936,-1,60.278
-0.9409230156160522,-1,60.398
-0.9563597419740519,-1,60.494
-0.9690866977161257,0,60.581
-0.9667156484271925,0,60.709
-0.9558267540036397,0,60.793
-0.9526686757490496,0,60.922
-0.9557022241040107,0,61.006
-0.9638763667156507,0,61.091
-0.9677168688202048,1,61.205
-0.9332868421708086,1,61.304
-0.7915419292172095,1,61.408
-0.5272247266568719,1,61.513
-0.18154965007098434,1,61.605
0.16933575751537822,1,61.721
0.427386615526387,1,61.813
0.5054718437896921,-1,61.929
0.35207093223082775,-1,62.009
0.08580110084431136,-1,62.097
-0.21640307837912176,-1,62.221
-0.4906179173619619,-1,62.33
-0.6970685661627382,-1,62.434
-0.797708649846832,-1,62.526
-0.8718089213220122,-1,62.614
-0.9242908022216151,-1,62.731
-0.9514482827326863,-1,62.827
-0.9596722373041778,-1,62.948
-0.9676471320764144,-1,63.03
-0.9764439241861989,-1,63.136
-0.9863365794127176,-1,63.242
-1.0,0,63.341
-1.0,0,63.463
-0.9996115200067215,0,63.547
-0.9858572283527417,1,63.641
-0.9721606837247888,1,63.753
-0.9679923983914853,0,63.837
-0.9682653843327099,0,63.958
-0.9769431874258501,-1,64.067
-0.9843610554056484,1,64.147
-0.871134886553345,1,64.275
-0.618512646598704,1,64.354
-0.246480056277102,1,64.482
0.1678548554749426,1,64.566
0.5305796751467307,1,64.656
0.6880295664773246,1,64.772
0.6380416408554968,-1,64.876
0.4120250307109199,-1,64.987
0.07428892412041121,-1,65.075
-0.23651081969278487,-1,65.166
-0.4772004241781531,-1,65.294
-0.6579486156462955,-1,65.379
-0.7906355322700863,-1,65.498
-0.8581575548859222,-1,65.585
-0.910885839379272,-1,65.686
-0.9437543966485714,-1,65.803
-0.9537236332328886,0,65.889
-0.9497863360036958,0,66.01
-0.9499963251892528,0,66.083
-0.9549415705091194,0,66.177
-0.9640131033251788,-1,66.299
-0.9786493495584971,-1,66.398
-0.9941728001007948,0,66.522
-0.993789569837154,0,66.613
-0.9804500068246473,1,66.699
-0.9669792005711706,1,66.824
-0.9620077066031093,0,66.907
-0.9580546601850005,1,67.025
-0.9388826475436509,1,67.113
-0.8755709080982294,1,67.214
-0.596973005890195,1,67.332
-0.19206660856965896,1,67.42
0.24792373192780293,1,67.537
0.6072519765232098,1,67.634
0.8195247944730852,1,67.728
0.7390989364047729,-1,67.849
0.4847337862100085,-1,67.93
0.15037325577732719,-1,68.047
-0.1693825267998682,-1,68.138
-0.4009113530653179,-1,68.231
-0.5699421479793791,-1,68.351
-0.6979305565763364,-1,68.438
-0.7901525571433078,-1,68.567
-0.843384815681993,-1,68.646
-0.8886952321955414,-1,68.738
-0.9166920403599202,-1,68.864
-0.9224404943145447,0,68.947
-0.9241886542843056,0,69.063
-0.9314437806452986,0,69.157
-0.9386411599802585,-1,69.251
-0.9512247619247621,-1,69.375
-0.9674411767793983,-1,69.462
-0.9753525193452537,0,69.585
-0.963383135768508,1,69.667
-0.9396123599634625,1,69.77
-0.881560849616246,1,69.867
-0.7350041472864155,1,69.975
-0.46827063406234837,1,70.079
-0.08426341043436592,1,70.19
0.3623310899488672,1,70.269
0.6567936751257324,1,70.394
0.7656363197295346,0,70.475
0.6699179992230413,-1,70.59
0.3896349338009075,-1,70.683
0.003412324265298805,-1,70.783
-0.2857217853280558,-1,70.893
-0.4953434898102749,-1,71.0
-0.6375481662694397,-1,71.102
-0.7281847484854524,-1,71.191
-0.7923731927805718,-1,71.282
-0.8457944415862572,-1,71.402
-0.8852514095524087,-1,71.5
-0.9164558025261687,-1,71.611
-0.9408985437249988,-1,71.7
-0.9516783325735607,0,71.812
-0.9488565872461768,0,71.922
-0.9414358009659771,0,72.004
-0.9442229236513052,0,72.13
-0.9508358482835826,-1,72.212
-0.9614592289537635,-1,72.297
-0.9787936317420383,-1,72.424
-0.9903287419862989,0,72.526
-0.9747485530620855,1,72.647
-0.8243304846592885,1,72.733
-0.5370606530984396,1,72.814
-0.10729556772477433,1,72.941
0.4029787013046928,1,73.032
0.8715673093013723,1,73.148
1.0,1,73.237
0.9898303687933534,-1,73.332
0.7295900006867666,-1,73.451
0.34894032003296616,-1,73.541
-0.03856053842456064,-1,73.664
-0.34260559027539195,-1,73.755
-0.5622718219902473,-1,73.843
-0.6757805095803853,-1,73.961
-0.7571925005150733,-1,74.049
-0.8087823638486387,-1,74.179
-0.8396154110294616,-1,74.259
-0.8679101710047381,-1,74.354
-0.8924744179658003,-1,74.474
-0.9138081175743431,-1,74.556
-0.9340704621935306,-1,74.685
-0.9518439667605247,-1,74.772
-0.9563931048691704,0,74.858
-0.9468717807842836,0,74.982
-0.9425698784424121,0,75.074
-0.9432841151019854,0,75.196
-0.9332078840738953,1,75.283
-0.8735031934619862,1,75.376
-0.7104154934413851,1,75.497
-0.39287686285282475,1,75.58
0.049054323192090354,1,75.704
0.4415713206510554,1,75.789
0.6718906668498075,1,75.877
0.7006304512052763,-1,75.994
0.5149893551267091,-1,76.09
0.16779891490969145,-1,76.214
-0.17100199162145524,-1,76.303
-0.4167048966417167,-1,76.387
-0.5896875214614374,-1,76.51
-0.7115747544811477,-1,76.596
-0.7973985303207209,-1,76.718
-0.8593393310899002,-1,76.82
-0.9077041411990954,-1,76.905
-0.937559233569123,-1,77.01
-0.9510308357942455,-1,77.107
-0.9538328411510205,0,77.233
-0.9598763821166167,0,77.321
-0.9675022319895612,-1,77.404
-0.9759906599821441,-1,77.518
-0.987978847606621,-1,77.626
-0.9979836549687515,0,77.737
-0.9974836893070538,0,77.832
-0.9871437401277385,1,77.924
-0.9670572076093688,1,78.049
-0.9168628528260447,1,78.12
-0.7942888537875139,1,78.253
-0.5579644255202265,1,78.34
-0.19791772543094444,1,78.433
0.21508138177322977,1,78.538
0.5698811894787439,1,78.64
0.7611436704391508,1,78.76
0.6691726842252872,-1,78.854
0.4018830879562665,-1,78.942
0.04022460663590488,-1,79.056
-0.31072051212952934,-1,79.145
-0.5881515049854544,-1,79.265
-0.7092048023142622,-1,79.348
-0.7847813055123226,-1,79.442
-0.8490119837869665,-1,79.572
-0.8970186273916734,-1,79.648
-0.9349663695010146,-1,79.779
-0.9651815716964853,-1,79.864
-0.9893251351544596,-1,79.96
-0.9909090409120663,0,80.069
-0.983225998053119,1,80.168
-0.972479637461573,0,80.281
-0.97270512404512,0,80.381
-0.9789197542746213,0,80.46
-0.9854313668336753,0,80.592
-0.972661126662968,1,80.676
-0.8888021162740836,1,80.804
-0.6819044266866139,1,80.881
-0.34466999213546834,1,80.98
0.13812428160524615,1,81.112
0.5333637648559884,1,81.191
0.7479169989385612,1,81.314
0.7640310401531121,-1,81.402
0.5923807533451753,-1,81.487
0.23371409401140353,-1,81.608
-0.09289497274912173,-1,81.696
-0.3397697836978717,-1,81.818
-0.5308174163637275,-1,81.916
-0.6705036050354997,-1,81.999
-0.7750083870009702,-1,82.111
-0.8517233224623147,-1,82.209
-0.8956767072359213,-1,82.334
-0.9096843737797626,-1,82.417
-0.9267388590378884,-1,82.509
-0.9446017961931271,-1,82.626
-0.959742395327478,-1,82.718
-0.9736015707065462,-1,82.837
-0.9838694597671445,0,82.928
-0.9771048622606961,1,83.025
-0.9632511865544026,1,83.142
-0.9592309257599211,1,83.234
-0.9447942847400586,1,83.351
-0.7800570866033464,1,83.443
-0.4907577999109083,1,83.532
-0.08877571784478733,1,83.65
0.3641333340666215,1,83.737
0.7528337063944688,1,83.864
0.8847268587519042,1,83.95
0.798612982527537,-1,84.043
0.4969669304676383,-1,84.165
0.1244685941186523,-1,84.252
-0.21933794939201023,-1,84.36
-0.47177842918346147,-1,84.466
-0.6433022235177013,-1,84.548
-0.7284811553712585,-1,84.674
-0.7965231068751383,-1,84.758
-0.8454481958323505,-1,84.881
-0.8839789032552575,-1,84.967
-0.912846685622208,-1,85.064
-0.9256224254656866,0,85.17
-0.920155750732832,0,85.273
-0.9161739876477375,0,85.387
-0.9201447513872925,0,85.484
-0.9280092834476348,-1,85.582
-0.9391461208058153,-1,85.692
-0.9513828927178865,-1,85.77
-0.9567010762859616,0,85.895
-0.9448382821222137,1,85.987
-0.9158715056454134,1,86.083
-0.842467373191297,1,86.203
-0.6637995039295174,1,86.293
-0.34825027910839224,1,86.402
0.08323204769316206,1,86.505
0.4241897607092364,1,86.589
0.6243118534447181,1,86.698
0.6430877362796905,-1,86.787
0.46286345962415476,-1,86.907
0.11482766775377162,-1,87.006
-0.18631241441134483,-1,87.11
-0.4281385257577185,-1,87.223
-0.6080658200837081,-1,87.302
-0.7322814292549611,-1,87.433
-0.8087818774782887,-1,87.508
-0.8625081807632478,-1,87.608
-0.8880376617591259,-1,87.722
-0.9050151515984779,-1,87.817
-0.9223501201678519,-1,87.936
-0.9369957487529504,-1,88.027
-0.9453772500536212,0,88.111
-0.9387116466570226,1,88.242
-0.9291037183287575,0,88.325
-0.9275693096260772,0,88.451
-0.9318365869095968,0,88.538
-0.9279598947178002,1,88.631
-0.7743786074036065,1,88.746
-0.47623271801995015,1,88.839
-0.04222960157340072,1,88.967
0.43023886920845467,1,89.05
0.827434067312913,1,89.131
0.9582139376360528,1,89.26
0.8583008946652737,-1,89.346
0.5730818388201884,-1,89.472
0.1758924767579615,-1,89.557
-0.17149210091684397,-1,89.653
-0.4215023139907439,-1,89.77
-0.5997525518094675,-1,89.858
-0.7332461817693718,-1,89.98
-0.7975185148439767,-1,90.073
-0.8473291352736262,-1,90.161
-0.8844697080228052,-1,90.282
-0.9078372211101312,-1,90.369
-0.9104926203246033,0,90.493
-0.9037578275916418,0,90.579
-0.9038978926051502,0,90.671
-0.9121617284022681,-1,90.801
-0.9227483090067633,-1,90.883
-0.9384005742665553,0,91.014
-0.9361186817547791,1,91.093
-0.8931128865648505,1,91.182
-0.7721784194830426,1,91.298
-0.5379663727246748,1,91.39
-0.1837886418946152,1,91.504
0.2302260299155523,1,91.596
0.6086583522518381,1,91.69
0.7447315128772272,1,91.814
0.7002316908765152,-1,91.9
0.4908870200584783,-1,92.021
0.16002427793567686,-1,92.119
-0.20157106256820845,-1,92.198
-0.41512351983379003,-1,92.328
-0.5746634062644089,-1,92.414
-0.6971969489171188,-1,92.533
-0.7849068275858023,-1,92.621
-0.8339821066945233,-1,92.713
-0.8573671279085375,-1,92.826
-0.8759724305365066,-1,92.916
-0.893825870457989,-1,93.035
-0.9152545851720462,-1,93.135
-0.9327537421747857,-1,93.223
-0.9459895321731736,0,93.344
-0.9470744329927135,0,93.429
-0.9331349235438132,1,93.553
-0.9160579982113783,1,93.635
-0.8808368397132343,1,93.741
-0.7736720960577036,1,93.841
-0.5368646366315295,1,93.947
-0.16294330660176737,1,94.056
0.2748171062469762,1,94.156
0.6087789001451449,1,94.238
0.7656966089519,1,94.364
0.7077277192159379,-1,94.446
0.44791449808676,-1,94.563
0.08493600551246772,-1,94.649
-0.21668401530589876,-1,94.754
-0.45336832382823444,-1,94.864
-0.6140626603527408,-1,94.958
-0.7179081939333526,-1,95.081
-0.7933000043982493,-1,95.172
-0.8514741456406073,-1,95.251
-0.885445921029031,-1,95.369
-0.9117656573023327,-1,95.463
-0.9360386297268923,-1,95.588
-0.9475369726127706,0,95.687
-0.9436316530852893,0,95.764
-0.937185996203256,0,95.89
-0.936032257589804,0,95.982
-0.9376215913940511,0,96.105
-0.9452150751254571,-1,96.185
-0.956293320383206,1,96.277
-0.8882933792474238,1,96.393
-0.7019528203317005,1,96.491
-0.3761747089900366,1,96.611
0.08038791517666422,1,96.7
0.5983694612452726,1,96.789
0.9939369858578724,1,96.914
1.0,-1,96.998
0.9476571112814607,-1,97.128
0.6686503368266532,-1,97.216
0.3050671621779022,-1,97.297
-0.04508628558890859,-1,97.421
-0.3169583483440406,-1,97.51
-0.5112478702858474,-1,97.63
-0.6087122576730659,-1,97.718
-0.6840140743971119,-1,97.797
-0.7391902616873539,-1,97.94
-0.7682708481747466,-1,98.019
-0.78678751073322,-1,98.136
-0.8093387434739976,-1,98.234
-0.8283073184614356,0,98.322
-0.819655005058937,1,98.445
-0.786421627438975,1,98.532
-0.72071238548104,1,98.646
-0.6139918350762268,1,98.739
-0.5031805864798315,1,98.829
-0.40666207263871834,1,98.948
-0.33107475545037446,1,99.04
-0.2762429270730101,1,99.161
-0.24872268635326622,1,99.254
-0.21898962500103292,1,99.339
-0.056470853089026884,1,99.463
0.24591685175474298,1,99.548
0.655870700991926,1,99.669
1.0,1,99.756
1.0,0,99.847
1.0,-1,99.977
0.8482723984173002,-1,100.062
0.5546084080456242,-1,100.188
0.20131937044854298,-1,100.274
-0.09751170172093149,-1,100.361
-0.3203703829386795,-1,100.47
-0.48393431200215453,-1,100.566
-0.6097541111556031,-1,100.69
-0.6885543708670689,-1,100.788
-0.7447950247608206,-1,100.875
-0.7768653187913022,-1,100.991
-0.7966196787993549,-1,101.081
-0.8254471895811094,-1,101.21
-0.8449303361592868,-1,101.299
-0.8642634725094893,-1,101.387
-0.8848285110348444,-1,101.488
-0.9015478328067829,-1,101.593
-0.9066936382026057,0,101.707
-0.9009250630724822,0,101.808
-0.8922381071436699,0,101.893
-0.8892379025842682,0,102.008
-0.8805509466554533,1,102.092
-0.8355706070868489,1,102.217
-0.7111848535127421,1,102.306
-0.47493238175330343,1,102.402
-0.09499284042094092,1,102.509
0.23507057299361112,1,102.616
0.4436757051617135,1,102.74
0.47853717298906373,-1,102.81
0.3436279746346309,-1,102.911
0.04020274109598487,-1,103.027
-0.24234834193240662,-1,103.11
-0.4545128076914351,-1,103.228
-0.5963315680614598,-1,103.321
-0.6839542798900686,-1,103.421
-0.7424694683581146,-1,103.542
-0.7903827603152391,-1,103.621
-0.8283266294159392,-1,103.745
-0.8531933094297717,-1,103.836
-0.8769451977503948,-1,103.923
-0.8921473163096305,-1,104.038
-0.8948728682452713,0,104.136
-0.8889940483774105,0,104.249
-0.8828331179586144,0,104.357
-0.8846713867098615,0,104.442
-0.89092332053219,-1,104.563
-0.9011794041097143,-1,104.642
-0.9140836867298832,0,104.774
-0.9149254682125133,1,104.857
-0.8916467975902305,1,104.951
-0.827393844529787,1,105.07
-0.6917805725934156,1,105.154
-0.46224723804670376,1,105.282
-0.1400997397302658,1,105.372
0.22549733360027324,1,105.451
0.45661867753854013,1,105.587
0.5388857543272094,0,105.665
0.4706468521922691,-1,105.789
0.2587909287807362,-1,105.885
-0.04987896547330917,-1,105.966
-0.2879848206322905,-1,106.092
-0.461096044992084,-1,106.181
-0.590853247911471,-1,106.301
-0.688231439855854,-1,106.389
-0.7488852083067941,-1,106.48
-0.7841490271736169,-1,106.603
-0.8109449793422291,-1,106.69
-0.8354703965928316,-1,106.813
-0.8513004386364077,-1,106.902
-0.8684136286697139,-1,106.989
-0.8825737582585584,-1,107.111
-0.8881977685965466,0,107.202
-0.880826492910836,1,107.319
-0.8714394918369937,0,107.405
-0.8691052545365192,0,107.487
-0.873587172160241,0,107.611
-0.8807309393371308,-1,107.712
-0.891278233805946,1,107.833
-0.8451258577070805,1,107.916
-0.6872895546293434,1,108.013
-0.4131691025244336,1,108.141
-0.05181733796843946,1,108.224
0.33127058952004895,1,108.335
0.604453706568626,1,108.437
0.6900424075860438,-1,108.523
0.5475447281728334,-1,108.642
0.2849316564439508,-1,108.733
-0.020753326174397846,-1,108.849
-0.29165680796461724,-1,108.936
-0.4976339115082917,-1,109.031
-0.6012094352328785,-1,109.137
-0.6785714285714272,-1,109.242
-0.7391023424276049,-1,109.35
-0.7810094097519227,-1,109.453
-0.7995604535609644,-1,109.54
-0.8048750523269603,0,109.664
-0.8130289572830035,-1,109.741
-0.8220610450830872,-1,109.866
-0.8328039968694857,-1,109.964
-0.8478332089620148,-1,110.058
-0.8574113171832649,0,110.179
-0.8544628069089785,1,110.262
-0.8389012249058115,1,110.382
-0.8008891032524607,1,110.476
-0.6905520266457972,1,110.553
-0.480802832025918,1,110.68
-0.16629506943559735,1,110.768
0.21462242687876465,1,110.878
0.4698596727517612,1,110.977
0.5671013595908478,1,111.077
0.4961915075623837,-1,111.188
0.268068725770342,-1,111.276
-0.06456236463243825,-1,111.404
-0.3124738365214852,-1,111.48
-0.5278136039925971,-1,111.57
-0.6881954724638606,-1,111.691
-0.7728960881270373,-1,111.788
-0.8259842650654511,-1,111.9
-0.8683797199457243,-1,112.002
-0.9015366629677759,-1,112.089
-0.9195717208391638,-1,112.208
-0.9377968715471409,-1,112.295
-0.9529900415115227,-1,112.424
-0.9542351495911789,0,112.505
-0.9436802448395691,1,112.598
-0.9357343642701483,0,112.723
-0.9354729866198384,0,112.81
-0.9382388373922098,0,112.925
-0.9442837895957428,0,113.028
-0.9261251713805704,1,113.104
-0.6841702566490893,1,113.231
-0.3240488823729256,1,113.318
0.0687209365874053,1,113.443
0.40361699144819996,1,113.522
0.616544730032528,1,113.622
0.5385163729336317,-1,113.742
0.3030436239298362,-1,113.828
0.00012118418332507375,-1,113.948
-0.2863249589518254,-1,114.037
-0.4895009350191364,-1,114.139
-0.6335675435490797,-1,114.258
-0.7433984322093307,-1,114.345
-0.8235510767571105,-1,114.456
-0.8676668718085153,-1,114.555
-0.903846290932332,-1,114.638
-0.9248848156218278,-1,114.765
-0.9270756355635157,0,114.853
-0.9211019681737064,0,114.98
-0.9209071230162009,0,115.063
-0.9259588401485577,0,115.143
-0.9289566836124766,0,115.265
-0.9386437669926014,-1,115.355
-0.9541798614792725,0,115.476
-0.9322648960811034,1,115.571
-0.8389349270115398,1,115.67
-0.6318229112032833,1,115.782
-0.28244789879992316,1,115.872
0.18471792632828987,1,115.981
0.6530461234892715,1,116.072
0.9713602871342406,1,116.162
0.9768716316017758,-1,116.297
0.78584004059797,-1,116.378
0.4274552274138348,-1,116.504
0.0042780960913120225,-1,116.589
-0.35515568697604394,-1,116.68
-0.5316774729464973,-1,116.791
-0.662367780181272,-1,116.9
-0.7539570262554305,-1,116.999
-0.8107148020990715,-1,117.109
-0.8486591613344014,-1,117.186
-0.8844602199434652,-1,117.314
-0.91385405710365,-1,117.399
-0.9401009846141588,-1,117.516
-0.9635695594609963,-1,117.615
-0.9786407051345619,0,117.709
-0.9710370910080575,1,117.811
-0.9542989337362857,1,117.903
-0.9340056190765084,1,118.021
-0.866208143975364,1,118.125
-0.7101384356740501,1,118.207
-0.4369753378675264,1,118.322
-0.024100791830508395,1,118.409
0.48721249011275036,1,118.534
0.8250545039081238,1,118.625
0.9467520206845534,1,118.725
0.8595287573675949,-1,118.842
0.5773161680279639,-1,118.923
0.162519455556283,-1,119.051
-0.1472782066584043,-1,119.134
-0.3527572315133213,-1,119.228
-0.4960975485290333,-1,119.342
-0.6051053647721867,-1,119.442
-0.6965131674070875,-1,119.55
-0.7718915762048274,-1,119.658
-0.8347333773711677,-1,119.741
-0.8761761929197344,-1,119.862
-0.8994009531450631,0,119.944
-0.9051050812668137,0,120.076
-0.9226616231086677,0,120.153
-0.9254871618523627,0,120.252
