-0.9741774621930728,-1
-1.0,-1
-0.9982786339498855,1
-0.9671857830320942,1
-0.9533498974217401,1
-0.9473088769439798,0
-0.9532632878091557,-1
-0.9699031596269291,1
-0.9024884024315649,1
-0.811461699605385,1
-0.7089700493133482,1
-0.6053091692514223,1
-0.5146072524724338,1
-0.4388238414611042,1
-0.2935470425523853,1
-0.23211917482691613,1
-0.1726833281908876,1
-0.11914776141216976,1
-0.07014837309255861,1
-0.01139457715563208,1
0.04717517335455268,1
0.09812327795731224,1
0.20134028375474333,1
0.2504262816869387,1
0.30348549559644256,1
0.36361421913314595,1
0.40459139208712935,1
0.39932985812262833,-1
0.3379561214050244,-1
0.201957377244407,-1
0.16640413127852027,-1
0.15256824566816607,0
0.15271981249018873,0
0.16064459204165926,0
0.150467962562995,-1
0.13796369974612555,-1
0.13233407492814098,1
0.15803547746255497,1
0.15891239978997174,0
0.16629586926278983,0
0.17414486540324892,0
0.17105939795493041,-1
0.15122579667310831,-1
0.12405203072476012,0
0.13915458191916086,1
0.14017224486702728,0
0.14244574719736702,0
0.1402696806811845,0
0.14271640223669335,0
0.14672209681872062,-1
0.1261414876283582,-1
0.12622809724094264,1
0.14334432192793,1
0.14267309743040113,0
0.14099503618657883,0
0.14178534890141115,0
0.12964917693802547,-1
0.09470219826022941,-1
0.0913352495710118,0
0.10757455193058241,1
0.11962411428138386,1
0.13600415726140413,1
0.1456827814677082,0
0.1306884922890379,-1
0.09651017392292838,-1
0.0913460757725848,0
0.10339563812338626,0
0.10621045053237843,0
0.10736885410069452,0
0.10937170139170815,0
0.09524350833888184,-1
0.07018085169727772,0
0.08184067079144941,1
0.10060247811754008,1
0.10551757363170355,0
0.11369135581935397,0
0.11579163892452504,0
0.10317911409192537,-1
0.0739158912399791,-1
0.07565890969323963,1
0.09079393949235937,0
0.0898953647617966,0
0.08959223111775128,0
0.09256943655033911,0
0.08186232319459563,-1
0.055424738953214536,-1
0.058802513844005366,1
0.07358027899121455,1
0.07480363976896887,0
0.07852785311009702,0
0.08332386040695683,0
0.08516431467437502,-1
0.06400991680064094,-1
0.06395578579277572,0
0.0767740084552635,0
0.0753666022507673,0
0.07375349821638322,0
0.07729366613076971,0
0.07244352782604468,-1
0.026388866334302374,-1
-0.026726655962121204,-1
-0.08759374210038484,-1
-0.15891441746292112,-1
-0.2042657819118997,-1
-0.24500012179971253,-1
-0.35352032776552156,-1
-0.4313862465642525,-1
-0.4920206420298451,-1
-0.5403225806451613,-1
-0.5985439338207237,-1
-0.67630645907199,-1
-0.7531216278711269,-1
-0.8653614922151996,-1
-0.9347772468012949,-1
-0.9722521967010945,-1
-0.9803761368891629,-1
-0.9903036842916603,-1
-1.0,0
-1.0,0
-0.9875053856096511,0
-1.0,0
-0.9982962281228845,1
-0.9829014322332342,1
-0.9785811535448343,0
-0.9676435465837092,1
-0.9572383683341826,1
-0.9401398005674169,0
-0.9724810417348049,-1
-0.967826093570543,1
-0.9553672617191362,1
-0.9379644489743141,1
-0.8324522905843785,1
-0.6132894206415005,1
-0.35913837822214445,1
-0.12523483909243727,1
0.30489149863470066,1
0.48246408007727815,1
0.6101556973675204,1
0.7029960524214096,1
0.7960341667110358,1
0.8965567074608474,1
0.9831296159667764,1
1.0,1
1.0,0
1.0,0
1.0,0
0.9908245156673312,-1
0.9367683893063437,-1
0.8794791187445687,-1
0.8726805704646527,-1
0.7966569544548383,-1
0.7426902826764812,-1
0.7087742166334408,-1
0.6876757143587384,-1
0.6612482748044779,-1
0.6439963195828862,-1
0.6336579256760211,0
0.6309615089710168,0
0.6232556356387058,-1
0.6069365639216888,-1
0.5953713643101775,-1
0.5766370188621377,-1
0.5781960844451259,1
0.5972115728671472,1
0.6071410315391299,1
0.6197157900117569,1
0.625172519552216,0
0.6176072177068956,-1
0.5803429944282574,-1
0.5634360783110974,0
0.5770587333231099,1
0.582349332924398,0
0.5905024791698614,0
0.5976205081020294,0
0.6006875223636456,-1
0.5747073557225375,-1
0.5481010070030159,0
0.5599217911363288,1
0.5731610693656393,1
0.5770715125492001,0
0.5845345805857998,0
0.5898124009609977,0
0.5801640852629966,-1
0.548305474620457,-1
0.5463246945764964,1
0.5648162347288248,1
0.5676404436947298,0
0.5689311455298267,0
0.5745667842355466,0
0.5757041353575627,-1
0.5500306701426161,-1
0.5205489955528293,-1
0.5335326892603385,1
0.5500434493687063,1
0.555640750396156,0
0.5593211675100955,0
0.566158053468282,0
0.565237949189797,-1
0.5371747686960078,-1
0.5336604815212391,1
0.5533788273782139,1
0.5573276082400449,0
0.5623242856412616,0
0.568241067320963,0
0.5672187292337576,-1
0.5412385625926495,-1
0.5267980371108725,0
0.5403056790880745,1
0.5447911874456883,0
0.5482799161682768,0
0.5582604917446199,0
0.5587588815621325,-1
0.5356795992434698,-1
0.5107728875939272,0
0.5225042171446097,1
0.5325614680774933,0
0.5331237540254563,0
0.5364846904871441,0
0.536267443643613,-1
0.5131881613249503,-1
0.49258804886776053,0
0.5097505495067218,1
0.5219419311966467,0
0.5216607882226652,0
0.5220313857792771,0
0.5230281654143025,-1
0.4954250370597557,-1
0.48029443336911526,0
0.5040382354444615,1
0.5183254102131576,1
0.5219930481010071,0
0.5262740888411799,0
0.5345933650258141,-1
0.5087154321934264,-1
0.5026452998006441,0
0.5230792823186627,1
0.530452895772632,0
0.5329959617645554,0
0.5356412615651995,0
0.5400756530184532,-1
0.5025430659919234,-1
0.5066324183407453,1
0.5230281654143025,1
0.5226959055359608,0
0.5213540867965036,0
0.5214563206052241,0
0.5254689975975055,-1
0.4069544548382149,-1
0.306573633900731,-1
0.21492102438276328,-1
0.13336400347594957,-1
0.061455298267137026,-1
-0.004319378418442987,-1
-0.07075857486070647,-1
-0.14768951592291568,-1
-0.2713285283443234,-1
-0.3271226294535603,-1
-0.38290395133670707,-1
-0.43970761130705927,-1
-0.5010734549915656,-1
-0.5592700506057353,-1
-0.6048407708429178,-1
-0.6587179880386445,-1
-0.6983974850483055,-1
-0.7208633645146449,-1
-0.7372463323621121,-1
-0.7566707560190155,-1
-0.7870725348872872,-1
-0.7805551295813525,1
-0.6454659305832439,1
-0.20683922451276282,1
-0.029501866392071086,1
0.10615360808789398,1
0.19110507773360474,1
0.2688192895697987,1
0.370593748989948,1
0.4822715666311128,1
0.6855216369041837,1
0.7765448980920753,1
0.8396336582997652,1
0.8554539830916215,1
0.896368759028046,1
0.9404899815506071,1
0.952031578495731,-1
0.8753593341056336,-1
0.5435419973970623,-1
0.37300667896626183,-1
0.3318030348536205,-1
0.35694569585675273,1
0.4012957480585231,1
0.4475765506786231,1
0.4871497833268974,1
0.47015917964559995,0
0.48202971925458726,1
0.49804779679924494,1
0.5115724102239729,1
0.5516235859562746,1
0.5500556825508469,0
0.5527811968817771,0
0.5441064415919348,-1
0.4825039563917708,-1
0.4999560400914367,1
0.5029013539651837,0
0.5083963425356075,0
0.5152687415743509,0
0.519444932887873,0
0.5171297110368678,-1
0.4595422308188266,-1
0.4823720766660806,1
0.49437313170388597,0
0.4969814196119806,0
0.4985639763202625,0
0.4961608346521307,0
0.4934646269269094,-1
0.47680382158138435,-1
0.4558935584080652,0
0.47637887579860494,1
0.48218158372897246,0
0.4865482679796027,0
0.4851415509055741,0
0.4883652775335561,0
0.48281167575171446,-1
0.43546685422894327,-1
0.462619424418264,1
0.4751333450559756,1
0.4797784420608404,0
0.4806869468378172,0
0.4851855108141374,0
0.48824805111072034,0
0.46946251685129825,-1
0.4499589707520075,0
0.4670886817888753,1
0.4690668776742277,0
0.4709278471367446,0
0.4725690170564445,0
0.4823574233632262,0
0.47774163296407,-1
0.4358624934060138,-1
0.45604009143660984,1
0.4571830490592579,0
0.4584578864075963,0
0.4582380868647793,0
0.46102221440712743,0
0.4595715374245355,-1
0.4303235449270266,-1
0.42611804700779565,0
0.44052224371373305,1
0.44241251978195884,0
0.44017056444522606,0
0.4410937225250571,0
0.4475558290838755,0
0.4320379813609987,-1
0.3982767715843152,0
0.420344645683137,1
0.425693101225016,0
0.42748080417326073,0
0.4263085399449036,0
0.4298253326299748,0
0.42443291717953224,-1
0.3963571889103803,-1
0.31218861731434266,-1
0.17506300920227424,-1
0.053352675693101315,-1
-0.04228943203798141,-1
-0.12020104331516324,-1
-0.19137213527929198,-1
-0.277636129183518,-1
-0.4296934529042846,-1
-0.49868120274309824,-1
-0.571024558935584,-1
-0.6406570540999941,-1
-0.7082234335619249,-1
-0.7631147060547447,-1
-0.8259773753003927,-1
-0.8847371197467909,-1
-0.9749721587245765,-1
-1.0,-1
-1.0,0
-1.0,0
-1.0,0
-1.0,1
-0.9835638404489878,1
-0.6569141767059945,1
-0.4564455595413358,1
-0.26863928228309175,1
-0.09115917086555936,1
0.06490831553555743,1
0.18884995265446047,1
0.3035989521775493,1
0.4139935444184102,1
0.6183050988035748,1
0.7045638335372302,1
0.76379759609071,1
0.809940489767143,1
0.8689807231080791,1
0.9275094863872935,1
0.9742467912165385,-1
0.8839930605953787,-1
0.7401317380996815,-1
0.6391924302430865,-1
0.5901051278329565,-1
0.5466992901624954,-1
0.5233375495054637,-1
0.5240010782341842,0
0.5139652062122877,1
0.5409763548772817,1
0.5497957575631907,0
0.548247523862843,0
0.5409487078469184,0
0.5350184198339796,-1
0.5055743324970106,-1
0.48214347426407067,0
0.5049660978290169,1
0.5062655082560945,0
0.5070119780759048,0
0.5051458035263787,0
0.5019111009738666,-1
0.47313054236561825,-1
0.45086085940793885,0
0.4690664289022055,1
0.4847975891789522,1
0.49061728907043767,0
0.4943358146543084,0
0.5016899247309599,0
0.49733551744873195,-1
0.4588784982133107,-1
0.44173733938803306,0
0.4734484832147967,1
0.4814937690505319,0
0.48406494287432356,0
0.48521229463440263,0
0.4892625845826335,0
0.4738631886702469,-1
0.467560111470543,0
0.4803456146984273,1
0.5068408743995856,1
0.5097116609951127,0
0.509963730062037,0
0.5165735411502752,0
0.509445588091137,-1
0.47426794941814054,-1
0.46992675993222144,1
0.4930470949040038,1
0.49583385847722283,0
0.5006091669117338,0
0.5081992465935667,0
0.5030318307216177,-1
0.4698147292358106,-1
0.46236468792449137,0
0.4828382976935681,1
0.49778039182736067,1
0.5092775420465208,1
0.5456455068688821,1
0.5489924239241553,-1
0.41745438250080524,-1
0.21098180901567032,-1
0.052598411964878355,-1
-0.19874245543278857,-1
-0.2955089694576314,-1
-0.38286490498396564,-1
-0.45516671568009637,-1
-0.5422705821395062,-1
-0.625551401083897,-1
-0.7140696550854935,-1
-0.8859807587278914,-1
-1.0,-1
-0.9704249113771882,1
-0.9288012185209724,1
-0.9214791642476111,1
-0.845417227318366,1
-0.6824741986380433,1
-0.469396955063624,1
-0.019705341957693245,1
0.15002697958430944,1
0.29779313830622844,1
0.4395896371075154,1
0.5763044116743052,1
0.6906705280485224,1
0.7918268935228507,1
0.8872321678608264,1
1.0,1
1.0,0
1.0,-1
0.9700679044956126,-1
0.8745892873249237,-1
0.7864165238567691,-1
0.7158448118130629,-1
0.605818912754964,-1
0.5911556649357677,-1
0.5820716669458439,0
0.5860660490407041,0
0.5828834284683477,-1
0.5544073496630546,-1
0.5369609194809881,0
0.555979332293935,1
0.5533378860699145,0
0.5438029094563774,0
0.5395250550838175,-1
0.5225811439394916,-1
0.5168343877643058,0
0.5325799842801737,1
0.5346029455346675,0
0.5263951345849065,0
0.5250421987140668,0
0.5184192554987179,-1
0.4943369969977709,-1
0.500070868069425,1
0.5227357651818731,1
0.5277094151451507,0
0.5346158306381992,0
0.5379530724529371,0
0.5349250731229624,-1
0.5073251813578321,-1
0.48980144055457475,0
0.5067453516989009,1
0.5158937752064838,0
0.5199912381295984,0
0.5294360190184129,0
0.5339586903580771,0
0.5148500818204074,-1
0.485858598873842,-1
0.497738664330168,1
0.5108170444149518,1
0.5143089074720715,0
0.5165509154866059,0
0.5205710677885296,0
0.5058433944516745,-1
0.47596283936141437,-1
0.4854591606643559,1
0.5042069863031349,1
0.5077761599814454,0
0.5108556997255473,0
0.5188573490187993,0
0.509013129920499,-1
0.4733600484479892,-1
0.4766844051591954,1
0.4970944091535776,1
0.5000966382764886,0
0.5005862722106973,0
0.4998389362058524,0
0.49561262224741975,-1
0.4653841693618008,-1
0.47035781932507836,1
0.4891829555850482,1
0.4926103931245087,0
0.4967593964617505,0
0.49942661289283463,0
0.5059722454869924,0
0.5068355474236235,0
0.5092966021981986,-1
0.4557976523341365,-1
0.2899792549833138,-1
0.12842582690151905,-1
-0.01253720573644812,-1
-0.12454741073844533,-1
-0.333466479403162,-1
-0.41678155883982526,-1
-0.48947931296627967,-1
-0.5641356028295688,-1
-0.6285740055921349,-1
-0.697960288110915,-1
-0.764679354198611,-1
-0.8850777615998144,-1
-0.895450269942919,0
-0.8977695885786442,0
-0.8857477869834685,1
-0.8051643494955482,1
-0.6250821425350153,1
-0.43808063497790206,1
-0.28896133180430106,1
0.013593784226056282,1
0.13623419964179417,1
0.2437732737182543,1
0.34614542127846004,1
0.44728059889961225,1
0.5412130036464844,1
0.6318854771998093,1
0.7612132613485549,1
0.8132690796170547,1
0.8546946874718138,1
0.8775915164478347,1
0.8944967722815653,0
0.887912484376812,-1
0.8227782860235282,-1
0.7345282119341829,-1
0.5919030009406125,-1
0.5224780631112371,-1
0.4697779896661469,-1
0.44453607184733723,-1
0.42764370111713856,-1
0.40786506719581483,-1
0.38579288484582963,-1
0.34003788220438347,-1
0.34328492829439883,1
0.3606153925446791,1
0.3650092128490252,0
0.367496037830664,0
0.36780528031542725,0
0.36482882139957984,-1
0.3349224961022561,-1
0.3277970338491669,0
0.34398072388511647,1
0.35415995567524394,1
0.3639912896700126,0
0.36592405519978355,0
0.36989266708757995,0
0.3632181834581041,-1
0.32080042263139585,-1
0.34208661366594084,1
0.3485033952247807,0
0.3548686363694933,0
0.3578322101818088,0
0.3628058601450863,0
0.36221314538262317,-1
0.33398188354443437,-1
0.33061096482917685,0
0.3209204965134729,0
0.32093396668227747,0
0.3110181689796583,0
0.31100458977214096,0
0.31205018875098456,-1
0.2873088726541919,-1
0.2841720757176611,0
0.29650199614350514,1
0.3008745009641238,0
0.30322370386464237,0
0.30469025827652696,0
0.30945656011515177,0
0.29233317943564807,-1
0.2659759376442792,0
0.29298498139648577,1
0.294899649656446,1
0.3190444326405033,1
0.37499281072065327,1
0.37653131650083393,-1
0.3579829757865072,-1
0.32551619025708867,0
0.36916949444987623,1
0.3743745326968424,0
0.3798815206763675,1
0.3926928164720769,-1
0.3494277333640077,-1
0.21122102720423297,-1
0.06990855236671067,-1
-0.03617645367228384,-1
-0.19593661931328,-1
-0.27799505377580946,-1
-0.3579829757865072,-1
-0.4347501006499108,-1
-0.5111146258699029,-1
-0.5916489331109449,-1
-0.6495082532926899,-1
-0.743141427503307,-1
-0.7672398918732386,-1
-0.7889658940587796,-1
-0.8241502271812273,-1
-0.8730085696209812,-1
-0.9281790993270834,-1
-0.9532553056881579,-1
-0.9791367113360556,-1
-1.0,0
-0.98996544905671,1
-0.9455769866792392,1
-0.8462025628214962,1
-0.6929962212104792,1
-0.5117691349597844,1
-0.3390003448057477,1
-0.04141187398405455,1
0.08702474860846254,1
0.20911413070248885,1
0.3293457838701279,1
0.4465515906803932,1
0.550823663525885,1
0.6458352391474149,1
0.7292782300909866,1
0.887987389961227,1
0.9650549929983323,1
1.0,1
1.0,-1
0.96831882024404,-1
0.8494903223143906,-1
0.7284470306632,-1
0.5641808702350983,-1
0.5021528895492,-1
0.4601130782881433,-1
0.42594197515579224,-1
0.4078659568321572,0
0.4188848995088936,1
0.42803296053265094,0
0.4219250821949845,-1
0.4000247616689365,-1
0.3769688965925193,-1
0.3532664768272049,0
0.36922399680849605,1
0.3922523489194283,1
0.4042480018708816,1
0.412694482274772,1
0.4213748228852847,0
0.41825210130273893,-1
0.3906015709903292,-1
0.39091797009340645,0
0.40569243255884335,0
0.4049908519389762,0
0.41028709779483585,0
0.41276326468848445,0
0.41137385993149267,-1
0.3725255526666942,-1
0.3694028310841484,1
0.3895010523709297,1
0.3943708472617722,0
0.40269351932097996,0
0.406380256695968,0
0.4026247369072675,-1
0.367270576259062,-1
0.358383888407412,0
0.37927998569325805,1
0.3838884074119928,0
0.38782276147634565,0
0.3886343939581527,0
0.3932290591941452,-1
0.3586865310277467,-1
0.3480527698678002,0
0.37296576011445404,1
0.38163234424222425,0
0.3853878640309245,0
0.3840809981703879,0
0.38409475465313037,-1
0.3578611420631972,-1
0.33481903346952246,0
0.3543669954466042,1
0.36633513543257257,0
0.36760073184488196,0
0.3693890746014059,0
0.37135625163358243,0
0.3762122900416822,-1
0.3236075000343912,-1
0.33074711457774475,1
0.3443522760100697,1
0.3494559311075345,0
0.3563616854442657,0
0.36063995157718076,0
0.3678758614997317,0
0.35556380944520094,-1
0.3223556601048243,0
0.3409956942209016,1
0.34615437524933634,0
0.35132681276051336,0
0.3511892479330885,0
0.35795743744239483,0
0.35717331792607276,-1
0.3094795922578515,-1
0.32927517092429803,1
0.33856079677548045,0
0.3437469907694002,0
0.34415968525167484,0
0.3495384700039894,0
0.3512992997950284,-1
0.3214890016920473,-1
0.314940915906621,0
0.32765190596068394,1
0.33100848774985203,0
0.33311322960945344,0
0.3364010289849091,0
0.3425776897362882,0
0.3245704538263656,-1
0.2991622302009822,0
0.31075894515290337,0
0.31115788315243553,0
0.3144319260451487,0
0.3138128843217367,0
0.3182562282475616,0
0.31661920680120503,-1
0.2898628478670573,-1
0.22061271374135072,-1
0.09833133864333576,-1
-0.02272570949059749,-1
-0.1208507008927957,-1
-0.20319700658935524,-1
-0.27763333470898166,-1
-0.36633513543257257,-1
-0.5441239183965444,-1
-0.6124248552130191,-1
-0.6743565405197199,-1
-0.7236322617033277,-1
-0.7642551552419077,-1
-0.7931437690011418,-1
-0.818043002765053,-1
-0.8721059799430482,-1
-0.9511782427468944,-1
-0.991869918699187,-1
-1.0,0
-1.0,0
-1.0,1
-0.9817092570654933,1
-0.9273379590455237,1
-0.5557420883398206,1
-0.32827889659840925,1
-0.13577255034692837,1
0.02749026908106278,1
0.1717989507530886,1
0.3068877982738196,1
0.43073954983922835,1
0.5352580808935523,1
0.7292130648163817,1
0.8109460145540701,1
0.8873041123709595,1
0.9456557793196818,1
0.9836317481807413,1
0.9754950076155018,-1
0.8849754611609408,-1
0.70198679979692,-1
0.6264410221695718,-1
0.5515586393636824,-1
0.4930851243865291,-1
0.4662244034523608,-1
0.46277204264681004,0
0.4575867321035709,0
0.45276696564562524,-1
0.4360873244203758,-1
0.42383482822812657,0
0.44817735657471647,1
0.47078693518361825,1
0.4766762565577931,1
0.4962396344559148,1
0.5453443899136909,1
0.5258216280250465,-1
0.5065290235234388,0
0.5252665425621932,1
0.561617843784979,1
0.5710912118812963,0
0.5614949903082258,0
0.5619454530563215,0
0.5696442709328673,-1
0.5091594092112808,-1
0.5041770182096152,0
0.5140052963498867,0
0.5175407464031232,0
0.503453547735401,-1
0.4809167599443065,-1
0.4851756804717573,0
0.4755112069671572,-1
0.4527423626088618,-1
0.45963580769335777,0
0.46435884135521044,0
0.44688634688361684,-1
0.4322531327636572,-1
0.42070490594883836,0
0.4202817439733544,-1
0.3822654181113325,-1
0.36196729367441094,0
0.3718228725872943,0
0.3603019465450872,-1
0.2668241011220618,-1
0.15162849108629772,-1
0.041033061235632884,-1
-0.14812034180567313,-1
-0.24252641349750192,-1
-0.3168527669333042,-1
-0.38689289906904367,-1
-0.46951868737885283,-1
-0.5408419558273498,-1
-0.6058177946435884,-1
-0.6527751235359961,-1
-0.7692811706571296,-1
-0.8068470337710557,-1
-0.8200469573288924,-1
-0.8479073957793005,-1
-0.8796854950995113,-1
-0.9057850337164541,-1
-0.9201179393376833,0
-0.9178656255972044,1
-0.7853203745666002,1
-0.582666739468727,1
-0.39213464741052173,1
-0.21821507548663632,1
-0.06741925796500037,1
0.06920745857107757,1
0.19285265773021387,1
0.4253733380654672,1
0.5347675339212099,1
0.6274809577111031,1
0.7081820415517759,1
0.7834093204837698,1
0.8539954680717465,1
0.9123508695296076,1
0.973095088591007,-1
0.8868928990690437,-1
0.7394004750334435,-1
0.5735482814163642,-1
0.4505719511862185,-1
0.40089819541893035,-1
0.3952059843293565,0
0.39999726992273876,1
0.41562696224303153,0
0.4072046738922712,-1
0.38580086816456904,0
0.3990963444265472,1
0.4244451117966639,1
0.43548827431816317,0
0.4394059351879658,0
0.42634251549318836,-1
0.3922438505009691,-1
0.3837533102186792,0
0.4020175270960169,1
0.4059488383521255,0
0.40867891561331193,0
0.4077916405034263,0
0.40929318299707873,-1
0.37524911955008333,-1
0.36862868219170597,0
0.39012804062354967,1
0.395301537033498,0
0.39670752682300914,0
0.3965164214147261,0
0.3990144421087116,-1
0.37668241011220616,-1
0.35002320565672007,0
0.3659395560894374,1
0.38249747467853346,1
0.3840945698763274,0
0.3865106882524776,0
0.3883671407900844,0
0.39591580441726504,-1
0.3563706352889786,-1
0.35850009555270423,1
0.3778153921755987,1
0.3831663436075241,1
0.39838652433863886,1
0.4208004586529799,1
0.44086652652270053,-1
0.4027409975702312,-1
0.39437331076469473,1
0.4518414371126702,1
0.4831144721395615,-1
0.4104534658330832,-1
0.2630019929564007,-1
0.1226760217314149,-1
-0.000546015452237314,-1
-0.21002484370307684,-1
-0.2699090884272025,-1
-0.32939747194845614,-1
-0.4022222828906058,-1
-0.4840491854097062,-1
-0.590404466202382,-1
-0.6537706875959735,-1
-0.7848632201558323,-1
-0.8240487971335949,-1
-0.8577319001308081,-1
-0.9047659671273389,-1
-0.9564209748052096,-1
-1.0,-1
-1.0,0
-1.0,0
-1.0,1
-0.9450692241225784,1
-0.7660561048486567,1
-0.5374417086056896,1
-0.3164070777707141,1
-0.11620043037196437,1
0.055614215640412246,1
0.3569815153904756,1
0.4884855451155454,1
0.5822585172215613,1
0.6586428580975421,1
0.7266202435210307,1
0.7938625215520121,1
0.8663040136863631,1
0.9277055293441505,1
1.0,0
0.913057245009697,-1
0.7519558821589245,-1
0.6060793962821747,-1
0.5043339446152222,-1
0.4397403591171154,-1
0.40235101653099736,-1
0.35118804174307683,-1
0.3470981701122735,1
0.3755293745135031,1
0.39165138461944404,1
0.39353800282333085,0
0.38782537567449893,-1
0.3771917094344104,-1
0.35042283995408785,0
0.3662150217027058,1
0.3778909455519348,1
0.3832605512091507,0
0.3851603625473303,0
0.38736361597424707,0
0.38091217330501204,-1
0.34758631608111146,-1
0.3587872870957953,1
0.36399857514149647,0
0.36682190588018004,0
0.3715846273599219,0
0.37927622465269084,0
0.38151905748248605,-1
0.35729646292069606,-1
0.32430043405411824,0
0.349024367719039,1
0.34943335488211935,0
0.3532725569613573,0
0.3561486602372126,0
0.3602385318680159,0
0.3533781020357005,-1
0.32017098302043623,-1
0.3367943322295077,1
0.3444199638508121,0
0.3489056295104027,0
0.3513067799517131,0
0.3549480850165574,0
0.3605815533596317,0
0.344129714896368,-1
0.3192606567542251,0
0.34075227251738194,1
0.34015858147420075,0
0.3414251223663205,0
0.34423525997071125,0
0.35064712323706737,0
0.33761230655566843,-1
0.3029803290367692,0
0.3263057904666411,1
0.32835072628204287,0
0.3274140137472459,0
0.3270050265841655,0
0.3329551301502698,0
0.32980197105426345,-1
0.3015686636674275,-1
0.30129160784727627,1
0.32683351583835774,1
0.32738762747866,0
0.32259851973033227,0
0.3238518674881592,0
0.31519717139200765,-1
0.2849848938612347,-1
0.2858952201274456,1
0.3107906645381744,1
0.3149728881090281,0
0.3228228030133118,1
0.3471245563808594,1
0.3598955103764001,0
0.33736163700410304,-1
0.3161338839268044,-1
0.21006108421177627,-1
-0.02527804530522315,-1
-0.10210166629286122,-1
-0.16925471984379326,-1
-0.24679077008324868,-1
-0.32571209942346,-1
-0.38938216552106286,-1
-0.45784133936699345,-1
-0.597147644365872,-1
-0.6539308943625737,-1
-0.717825243743156,-1
-0.7878148211670647,-1
-0.8269588506141404,-1
-0.8594931197804663,-1
-0.9076480599496022,-1
-0.9320949377943718,0
-0.9183344987268626,0
-0.9252740873649353,1
-0.8677652149821233,1
-0.7396334947293428,1
-0.5742311700990804,1
-0.3604892014195813,1
-0.16027019539031884,1
0.133408973969946,1
0.2616990118342415,1
0.3682335712495217,1
0.4577753736955288,1
0.552515271052944,1
0.6396691161919337,1
0.688074725912635,1
0.687322717257939,1
0.7688299009195614,1
0.7854532501286331,-1
0.7414013747245933,-1
0.6522817525759594,-1
0.5334907714025621,-1
0.41669195350739474,-1
0.33203161074976584,-1
0.27684473000250676,-1
0.2668971067456496,0
0.27336174254917744,1
0.3155665791522091,1
0.34821958652717133,1
0.3631674076810427,1
0.370661107959418,0
0.3696980091560351,-1
0.32146391018114184,-1
0.3308574217976965,1
0.3464121271290421,1
0.34982914891090666,0
0.35544942411968816,0
0.35683470322044397,0
0.36081902977690405,-1
0.31554019288362345,-1
0.3323482459727958,1
0.3638402575299815,1
0.3688272622927029,0
0.3715186616884574,0
0.3687481034869453,0
0.3708985843766903,0
0.3686425584126021,-1
0.2962490673539986,-1
0.30967517258803534,1
0.32269011997514463,1
0.3264457448769862,0
0.32909516753501267,0
0.3336155742350475,0
0.33121197429786875,-1
0.28028570062889635,-1
0.3023687750517252,1
0.3164489542291751,1
0.32020457913101663,0
0.31980853141409527,0
0.3210239882005095,0
0.32135175182830644,-1
0.29467998661631856,1
0.36006063336121885,1
0.47201290471252455,1
0.47573069093981646,0
0.477205515228329,0
0.48524023505012104,0
0.4875600107539271,-1
0.45838614279678924,1
0.5067480892575951,1
0.5930867611475976,1
0.6184813918654224,-1
0.5411760187425587,-1
0.36246111303145523,-1
0.19379344778584318,-1
0.04509736144717125,-1
-0.07605330875292848,-1
-0.24690248492529865,-1
-0.3433805737988247,-1
-0.42709221492491456,-1
-0.49797595729154664,-1
-0.5748050850712447,-1
-0.6477167108345816,-1
-0.6943887544648001,-1
-0.7879325575143066,-1
-0.8390905250220839,-1
-0.8750240043015709,-1
-0.8928447977877636,-1
-0.9231247839612858,-1
-0.9447555401928025,-1
-0.9396551061950301,1
-0.9209279102815224,1
-0.6553827245842455,1
-0.4340361792833276,1
-0.22352037485117338,1
-0.026815685370818465,1
0.15047048431078847,1
0.29137765487575384,1
0.4137419825632753,1
0.6227368744479012,1
0.7134078426854091,1
0.8033721242846719,1
0.9012635864346892,1
0.9879863271498253,1
1.0,0
1.0,0
1.0,-1
0.8795422031473534,-1
0.8338197424892704,-1
0.7995565092989985,-1
0.7498426323319027,-1
0.6877539341917025,-1
0.6315736766809728,-1
0.5898998569384835,-1
0.5522603719599428,-1
0.541859799713877,-1
0.5348783977110156,-1
0.521173104434907,-1
0.5001859799713877,-1
0.5007296137339057,0
0.5132618025751072,0
0.5108583690987125,0
0.5049213161659514,0
0.49862660944206016,-1
0.47567954220314745,-1
0.4488268955650929,-1
0.45596566523605153,1
0.47120171673819744,0
0.4705007153075822,0
0.4623032904148785,0
0.46540772532188845,0
0.4554649499284693,-1
0.42379113018598,-1
0.4222317596566523,1
0.44038626609442066,1
0.44297567954220307,0
0.4440200286123033,0
0.4480400572246066,0
0.44333333333333336,-1
0.4100858369098712,-1
0.40650929899856947,1
0.4297711015736767,1
0.43846924177396285,0
0.44324749642346206,0
0.4495565092989986,0
0.4475679542203148,-1
0.41753934191702435,-1
0.41010014306151654,1
0.4338483547925609,1
0.4420600858369099,0
0.44560801144492124,0
0.442028101060431,0
0.43918496873272406,-1
0.40125106457960125,-1
0.37568647029455815,0
0.38664062729435256,1
0.40070776188658197,1
0.40652256908754514,0
0.4089160377081438,0
0.420340078118117,0
0.40282223723238664,-1
0.3709435846230653,-1
0.3731021115385744,0
0.3845408358051159,0
0.38822648380370617,0
0.3899885465918769,0
0.39191213180229645,0
0.3808845555196616,-1
0.3554521159437314,-1
0.3644239523068338,1
0.3765821855452116,0
0.3765821855452116,0
0.3772135913776393,0
0.3802384658306657,-1
0.33624563155267095,-1
0.24341429032921202,-1
0.14166984816892314,-1
0.05419811459281676,-1
-0.03193738803559365,-1
-0.11145047135179587,-1
-0.17980382367625036,-1
-0.251152682740595,-1
-0.4331737687586268,-1
-0.5010278699597662,-1
-0.5703650406742826,-1
-0.6358550409679598,-1
-0.687498164517929,-1
-0.7322105077677601,-1
-0.7778773016945171,-1
-0.8462159701624035,-1
-0.8407829432322105,0
-0.8548647616810079,-1
-0.8796364277113741,-1
-0.9098117529587971,-1
-0.9243047193915009,-1
-0.93007547502276,1
-0.8812516519338639,1
-0.4308977709905729,1
-0.2228715749904555,1
-0.06136383659804412,1
0.07681125370767372,1
0.20575019823206375,1
0.3097412704472702,1
0.37665560482805205,1
0.47960412322692436,1
0.5146104372852487,1
0.5757393321782034,1
0.6304807494640392,1
0.6209802942644855,-1
0.5683386684678864,-1
0.5146398049983847,-1
0.4824087398314294,-1
0.35533464509118673,-1
0.3151889812340314,-1
0.26849431734750806,-1
0.2349857566591289,-1
0.2237966579542452,-1
0.20871633725881766,-1
0.19323955243605173,-1
0.16633872720331278,-1
0.1388799154209861,-1
0.1333881530645209,0
0.14084755220111012,0
0.1363396082347068,0
0.133564359343338,0
0.1376905230389709,1
0.15046547825320844,-1
0.12175853866259434,-1
0.12868931896273228,1
0.13923232797862028,0
0.14350533023993428,0
0.1502011688349829,1
0.1742239581803764,1
0.1935625972805497,-1
0.13747026519044958,-1
0.14986344013391673,1
0.15589850518340143,0
0.1562362338844674,0
0.15736689084021038,0
0.16359514837494116,0
0.16720756314378438,-1
0.0397437653109356,-1
-0.27009631624594876,-1
-0.3876995176579784,-1
-0.4981056283379741,-1
-0.6032470595395688,-1
-0.697326577501864,-1
-0.7825656943747052,-1
-0.870711036046317,-1
-0.9655056983308227,-1
-1.0,-1
-1.0,0
-1.0,0
-1.0,0
-1.0,0
-1.0,0
-1.0,0
-1.0,1
-0.9390141587532576,1
-0.773313416455812,1
-0.5680213128192193,1
-0.3639594278451912,1
-0.1829227817668153,1
0.004201306533476945,1
0.32594529397003225,1
0.4728372175855844,1
0.6166368500724502,1
0.7466425975245481,1
0.8616078294868577,1
0.9662276476730913,1
1.0,1
1.0,0
1.0,0
0.9849680200614239,-1
0.9099630892338904,-1
0.8066270322053479,-1
0.7059677101236934,-1
0.630596489250796,-1
0.569651460933758,-1
0.45907413146995,-1
0.3891549970415036,-1
0.33991716209743306,-1
0.3250683271815389,-1
0.3186159871516723,0
0.3100926995576343,0
0.30883886055619736,0
0.3114733312670819,-1
0.2867910174410413,0
0.3021329351103097,1
0.31362880730326004,0
0.31653095150883326,0
0.31753120509424915,0
0.3209264320531966,0
0.309867290298949,-1
0.284649629483531,0
0.30416161843847744,1
0.31143106703107826,0
0.3134174861232426,0
0.3110506889070468,0
0.31012087571497005,0
0.2970753148685583,-1
0.2737736327519653,0
0.29532839311374715,1
0.29579329970978563,0
0.2936519117522751,0
0.29582147586712115,0
0.3034149502690824,0
0.28881970076920904,-1
0.2615310923896199,0
0.2823391845820067,1
0.28221239187399627,0
0.28531176918091905,0
0.2895381927812686,0
0.29086247217604466,0
0.27840861063368183,0
0.294764869967034,0
0.28959454509593985,-1
0.05091431630554233,-1
-0.05476036178186017,-1
-0.13686568425798085,-1
-0.19927587275647352,-1
-0.2702375250063397,-1
-0.34976472908624723,-1
-0.4131751711701558,-1
-0.5304020737651799,-1
-0.5906286100701587,-1
-0.6540813163900707,-1
-0.706080414753036,-1
-0.7538812656729875,-1
-0.807021498408047,-1
-0.838099799949283,-1
-0.8538502718999184,-1
-0.9185427291425995,-1
-0.9503395226958947,-1
-0.9650897410611141,-1
-0.9837282691386549,-1
-1.0,0
-0.9942162044543649,0
-0.9931352523742341,0
-1.0,1
-0.9261603523242055,1
-0.7236159442106663,1
-0.49195857810016597,1
-0.2995525930697437,1
-0.12869775876434464,1
0.02136210554322493,1
0.16358009564285858,1
0.40756040693725804,1
0.5284933099010662,1
0.6480258781848862,1
0.775372313983042,1
0.8873850850353235,1
0.9732956176526191,1
1.0,1
1.0,-1
0.967711732919587,-1
0.902653683591033,-1
0.8397357016746028,-1
0.7638703119148254,-1
0.6754989032154513,-1
0.5651383018565084,-1
0.45915146327109313,-1
0.34473810925044135,-1
0.31755925311647326,-1
0.30507998501952804,-1
0.2856454978331817,-1
0.26059333369001125,-1
0.267347921459526,1
0.28963137338826184,1
0.29662671874164026,0
0.29042052324648227,-1
0.27531967256968604,-1
0.2455192338558665,-1
0.24356642234230375,1
0.26816382216039814,1
0.28548499277727246,1
0.29111604515542244,0
0.2887352201594351,-1
0.27437001765555613,-1
0.23513990690706765,-1
0.22649938473061892,0
0.24434219677919855,1
0.24808731475041457,0
0.24858220533946818,0
0.24244288695093896,0
0.24535872879995724,-1
0.21920978010807346,-1
0.20263763308544225,0
0.2236370445669038,1
0.2342437536782409,0
0.23531378738430253,0
0.2329062115456637,0
0.22478733080092028,-1
0.20671713658980262,-1
0.17247605799582688,-1
0.17663581402814188,0
0.18187897918784435,0
0.17422823818950306,0
0.19047937510031576,-1
0.15369696645444342,-1
0.06850890803060294,-1
-0.01824407468835265,-1
-0.08488042373334759,-1
-0.14506981969932053,-1
-0.20897758279385803,-1
-0.2650205981488417,-1
-0.32669466588197527,-1
-0.4648895190198491,-1
-0.5440452624257663,-1
-0.6030977475790487,-1
-0.6636616553421433,-1
-0.7372532234765394,-1
-0.8061500187255899,-1
-0.8677037076667915,-1
-0.982357819271307,-1
-1.0,-1
-1.0,0
-1.0,0
-1.0,1
-0.9608506665888736,1
-0.8738819685521748,1
-0.8329589544619155,1
-0.8356311444324513,1
-0.7783715977712302,1
-0.6723825082411972,1
-0.5021558388517751,1
-0.2977508095335336,1
-0.11227282009393502,1
0.044114472417515094,1
0.3085679278858777,1
0.4229236558826104,1
0.5184573645672277,1
0.6075031360308061,1
0.6769333994573938,1
0.7289885935995799,1
0.7695148633274016,1
0.7895037778231571,0
0.7753493392456023,-1
0.7211937337728638,-1
0.6628022987835118,-1
0.6146211966510109,-1
0.5776772951369644,-1
0.5495551212112373,-1
0.5250969981621401,-1
0.44318095627060305,-1
0.3985705534000408,-1
0.3824440619621343,-1
0.377088013069226,0
0.36862802298783515,-1
0.35648064412614144,-1
0.34437994107179315,-1
0.334367980396161,0
0.3340179118410689,0
0.34967764520551947,1
0.35607223081186734,0
0.3522564835613642,0
0.34685375886111025,0
0.3401557805070159,-1
0.3110534146270312,-1
0.3112401178564135,0
0.32325913824790686,0
0.32385425479156327,0
0.32043525190349786,0
0.3257446249890603,1
0.3395606639633595,0
0.33837043087604646,-1
0.3128621021616733,-1
0.29994457247877704,0
0.30826453513813123,-1
0.2632107120977858,-1
0.18146970448379474,-1
0.10607660666880592,-1
0.03874675457277044,-1
-0.02176842965080661,-1
-0.11542343708976344,-1
-0.1587269173546486,-1
-0.21133055223314567,-1
-0.2639458560634791,-1
-0.32043525190349775,-1
-0.3688030572653811,-1
-0.4180810408705038,-1
-0.4825286618629482,-1
-0.5753551737215205,-1
-0.6190670673006797,-1
-0.6603984947052131,-1
-0.6977158026780245,-1
-0.7042154088509,0
-0.6826628548090667,1
-0.6833513229674144,1
-0.5748884156480645,1
-0.4286297733306106,1
-0.27430788529420347,1
-0.14039499401966216,1
-0.021791767554479424,1
0.09927360774818395,1
0.209941946964614,1
0.32233729105283127,1
0.5139764870620496,1
0.5921701333177747,1
0.6741095131129846,1
0.7455118293999241,1
0.7982904985559671,1
0.8337641121386272,1
0.8497272382508241,-1
0.7763653901917966,-1
0.7525545799642939,-1
0.72919398041565,-1
0.6688809402146143,-1
0.6002700025864733,-1
0.5483260470485816,-1
0.5266122876410733,-1
0.5085069740154053,-1
0.4812796103887911,-1
0.4757912400562716,-1
0.460953714743529,-1
0.4394670603152975,0
0.4453591728331976,1
0.47015146640423433,1
0.4920418630178467,1
0.4868941501542421,-1
0.4581149025025708,-1
0.4393282739390727,-1
0.42608048348126704,0
0.4323258704113755,0
0.43830630153232786,0
0.4393535078256592,0
0.4360226347962679,0
0.43250250761747955,-1
0.4087700372830674,-1
0.39654421923200656,0
0.4110410870758341,1
0.4218790413646485,0
0.42508374496110823,0
0.4220304446841663,0
0.4176902161913234,-1
0.3948409318874315,-1
0.38396512676873784,0
0.39256988209466503,0
0.3970236630771462,0
0.3991811603802746,0
0.3987521843083077,0
0.40077089523521137,-1
0.3825267952333189,-1
0.36252894011367864,0
0.37128509875912363,1
0.3826781985528367,0
0.38285483575894075,-1
0.3435278235141972,-1
0.2775790609209108,-1
0.20768119507686866,-1
0.03733984367607257,-1
-0.018439662622936392,-1
-0.07365140647375357,-1
-0.1404455042676811,-1
-0.20329049881085315,-1
-0.2525848962571837,-1
-0.2573793347085801,1
-0.2219131071115401,1
-0.23193096008629988,-1
-0.274626696190314,-1
-0.3420390242056057,-1
-0.4122396966886832,-1
-0.47254868562993246,0
-0.5269655620532814,0
-0.5855460297633692,0
-0.6432811622728162,0
