0,1,0.0
1.0,1,0.09
1.0,0,0.183
1.0,-1,0.309
-0.21959734667752406,-1,0.391
-1.0,-1,0.526
-1.0,0,0.606
-1.0,0,0.696
-1.0,0,0.817
-0.9848832892477555,1,0.911
-0.6254002505916723,1,1.023
-0.685345027611489,-1,1.122
-0.9480950392129539,-1,1.208
-1.0,-1,1.324
-1.0,0,1.424
-1.0,1,1.536
-0.6555586403839317,1,1.636
-0.1506207115377005,1,1.719
0.454329115932256,1,1.833
1.0,1,1.925
1.0,0,2.042
1.0,0,2.138
1.0,0,2.226
1.0,-1,2.348
0.9447098032008527,-1,2.433
0.8582598991657777,-1,2.547
0.6621920927932512,-1,2.644
0.423240374613725,-1,2.745
0.2811857589186737,-1,2.858
0.24154551844743266,-1,2.939
0.13915766857333334,-1,3.062
0.0825412042887701,1,3.168
0.17418249819532772,1,3.246
0.12252248497054663,-1,3.36
-0.11684984946864141,-1,3.45
-0.2626596968152548,-1,3.568
-0.31493737175467196,-1,3.659
-0.5060676737457794,-1,3.761
-0.6155415813276719,-1,3.878
-0.524730151933416,1,3.963
-0.518098814506337,-1,4.088
-0.5907820620427944,-1,4.17
-0.5744310786154538,-1,4.263
-0.6363109301492823,-1,4.388
-0.8799500565558357,-1,4.483
-1.0,-1,4.592
-0.9750015513221677,0,4.689
-1.0,-1,4.773
-1.0,1,4.901
-0.8942618218271575,1,4.989
-0.6879437348916,1,5.105
-0.7999727176402667,-1,5.198
-0.9115639136862271,1,5.284
-0.754953651712126,1,5.412
-0.6390416912525139,1,5.497
-0.5728312110195342,1,5.62
-0.39969608720203487,1,5.71
-0.126850283292409,1,5.796
0.046694075921097644,1,5.927
0.1691030448382409,1,5.994
0.2820742207079465,1,6.131
0.35458185025156896,1,6.219
0.3959400041875256,1,6.306
0.371496913286508,-1,6.431
0.2708250058688797,-1,6.518
0.149139336721422,-1,6.643
0.030343694285297262,-1,6.728
-0.11876709112942585,-1,6.817
-0.3232071365577278,-1,6.927
-0.5022047953505774,-1,7.029
-0.6107156226405508,-1,7.148
-0.7430509291864136,-1,7.229
-0.9564497401831076,-1,7.325
-1.0,-1,7.454
-0.9985799751804366,0,7.54
-1.0,0,7.654
-1.0,0,7.747
-1.0,0,7.837
-1.0,0,7.962
-1.0,0,8.052
-1.0,0,8.165
-0.9918249108265813,1,8.251
-0.9636888930125154,1,8.347
-0.9206743159934848,1,8.475
-0.7982696233067362,1,8.562
-0.6498319622275832,1,8.683
-0.4617610977093255,1,8.769
-0.2657909115275976,1,8.859
-0.07878445805241152,1,8.986
0.07421496463990418,1,9.063
0.2396625842766127,1,9.196
0.4298931980783893,1,9.274
0.6034360116286261,1,9.355
0.7575565452258717,1,9.474
0.8851312344075379,1,9.576
0.950758747242324,0,9.697
0.8838761056473059,-1,9.792
0.7299746396981517,-1,9.878
0.5382002432939523,-1,10.003
0.3537890971320179,-1,10.087
0.14248417558400894,-1,10.204
0.013301272138718456,-1,10.293
-0.047870147007276875,-1,10.394
-0.07251139151770025,-1,10.505
-0.11538937341498101,-1,10.603
-0.13121378940640394,-1,10.712
-0.15741943465083308,-1,10.817
-0.17443197047483605,-1,10.894
-0.1866069771757295,0,11.008
-0.18393435186903295,1,11.098
-0.1602157687470358,1,11.226
-0.14221098534050713,1,11.311
-0.1433475598441265,-1,11.41
-0.16721304715366803,-1,11.522
-0.27368250139172434,-1,11.617
-0.37515205872043866,-1,11.73
-0.41739087853858736,-1,11.818
-0.41253273128389,1,11.912
-0.4012855405043194,1,12.032
-0.34127389125997387,1,12.118
-0.2700459784334339,1,12.244
-0.11588678583946832,1,12.342
0.002832415826477197,1,12.421
0.1311029669491346,1,12.549
0.30791890888847684,1,12.626
0.43358384363208957,1,12.759
0.4136821921197493,0,12.838
0.44935413702810245,1,12.934
0.4809024556194712,0,13.064
0.45798024782994196,0,13.149
0.4825957196758828,1,13.272
0.5016752231912738,-1,13.356
0.4469547019649085,-1,13.444
0.43462248201068077,1,13.57
0.47149285581740585,1,13.65
0.47988958990536257,1,13.783
0.5330096286674508,1,13.869
0.5678130347827877,0,13.958
0.5462542009443101,0,14.08
0.5530324117028511,1,14.163
0.575060308034886,-1,14.276
0.5287184800313403,-1,14.365
0.513455908125606,0,14.459
0.5194248572194384,-1,14.577
0.47875816993464126,-1,14.677
0.4498592812519324,-1,14.803
0.4583127152017479,1,14.883
0.48513174986082785,1,14.979
0.5277906641100174,1,15.098
0.5590657924578881,1,15.187
0.5801194820725328,1,15.304
0.6291519762479121,1,15.4
0.6623652089647636,1,15.484
0.703640131131317,1,15.603
0.7571879961237902,0,15.697
0.7126141729036504,-1,15.814
0.6186882744685673,-1,15.913
0.6103765901733982,-1,15.991
0.5619806808107051,-1,16.116
0.5069792375414945,1,16.204
0.6326982948805187,1,16.328
0.7909450320611946,1,16.425
0.8161326570586172,1,16.501
0.8251840168243953,0,16.627
0.8295524834539494,-1,16.724
0.7476701511309036,-1,16.84
0.666341931094204,-1,16.93
0.6287215727510767,-1,17.011
0.5815962557473036,-1,17.136
0.5529808663738889,-1,17.24
0.560998742293974,-1,17.337
0.5371358322508815,-1,17.443
0.5228474670625343,1,17.531
0.6388482122336394,1,17.648
0.7467968450674458,1,17.735
0.836350424753274,1,17.857
0.9926120674849064,1,17.93
1.0,0,18.037
1.0,0,18.147
1.0,0,18.258
0.9881205478424546,-1,18.364
0.960001781449022,0,18.464
0.9787655964689785,-1,18.546
0.9367304316029039,-1,18.663
0.8592491192375395,-1,18.755
0.8450467513167479,-1,18.872
0.8156223703116827,-1,18.954
0.7631211924457184,-1,19.066
0.7288423628577247,0,19.171
0.7477913548154205,0,19.272
0.7226494834969848,-1,19.389
0.6588993926665232,-1,19.479
0.5993239869766693,-1,19.564
0.6051980807230808,-1,19.677
0.5687182239890867,-1,19.776
0.5845004559103089,1,19.885
0.6268333102838834,1,19.985
0.6679636865681091,1,20.072
0.6973107151814619,1,20.199
0.7461364824351473,1,20.286
0.7895874304707471,1,20.41
0.8526718219301053,1,20.498
0.8971588232122802,1,20.584
0.8741148425175624,-1,20.704
0.8535859865594362,-1,20.79
0.8047367791870488,-1,20.915
0.7292994451723895,-1,21.004
0.676617778392429,-1,21.098
0.6998563120723642,1,21.223
0.721451693431375,1,21.3
0.7311113663479583,1,21.428
0.7610701820594017,1,21.516
0.7498306451423855,-1,21.602
0.6782562426896115,-1,21.723
0.5426035877445679,-1,21.816
0.373248730131569,-1,21.948
0.20449862758104942,-1,22.036
0.09884229253736887,-1,22.114
0.04021152363115532,-1,22.236
0.05936210060967717,1,22.323
0.17737372222052983,1,22.445
0.2922232718186477,1,22.532
0.35835019068536567,1,22.63
0.38875436865212243,1,22.747
0.400807277688054,0,22.841
0.39767098980589255,-1,22.953
0.3827396341935063,0,23.051
0.4132727328131185,1,23.139
0.46779913693482933,1,23.26
0.5107086182284419,1,23.35
0.4854517178666129,1,23.467
0.5348358873096428,1,23.547
0.5837920188118799,-1,23.646
0.4845960785325776,-1,23.767
0.45405857507283476,0,23.861
0.49447002391382844,-1,23.965
0.3606789746500596,-1,24.07
0.16650855175778645,-1,24.157
0.19891068128658196,-1,24.282
0.09320913739414882,-1,24.372
-0.03001844762516548,-1,24.484
-0.06437216688643288,-1,24.577
-0.06140651582238599,-1,24.667
-0.11124220918682104,-1,24.799
-0.15541127680844968,-1,24.877
-0.25396974717027354,-1,24.992
-0.25848837895280563,1,25.09
-0.2349991469767101,-1,25.168
-0.28196804431256584,-1,25.292
-0.25241676645179023,1,25.391
-0.09027856392333367,1,25.516
0.0012101769664571993,1,25.599
0.0029353567789827117,1,25.692
0.27308065773676216,1,25.8
0.505721633786737,1,25.898
0.58884277425496,1,26.007
0.6807173686702876,1,26.117
0.7492621747151154,-1,26.195
0.6080908063222574,-1,26.32
0.5287548570508342,-1,26.404
0.4967640920244698,-1,26.532
0.47643503231124695,1,26.61
0.5828604501730752,1,26.702
0.7399474792763157,1,26.826
0.8418606430998379,1,26.915
0.8034283564074809,-1,27.031
0.7539373352780112,-1,27.121
0.7569943246603474,-1,27.212
0.633027522935778,-1,27.328
0.5366081296819345,-1,27.426
0.49585158615823377,-1,27.546
0.3440558807750398,-1,27.635
-0.0364537203066877,-1,27.731
-0.19637379598694982,-1,27.853
-0.4420266494734555,-1,27.928
-0.6154289510188921,-1,28.059
-0.5703944669128412,1,28.15
-0.5723238184553456,0,28.227
-0.5730027548209369,1,28.346
-0.4634302405095422,1,28.449
-0.3453148506339999,1,28.572
-0.35073168825586776,1,28.655
-0.24856886075454732,1,28.754
-0.22242248402790032,1,28.87
-0.23018385010647935,0,28.95
-0.212746419709668,1,29.08
-0.10998280679131789,1,29.175
-0.05740675614950497,1,29.261
-0.08652286892132266,-1,29.381
-0.12931539769063938,0,29.468
-0.0957935251939126,1,29.585
-0.0959498270910274,0,29.675
-0.09712209131938443,1,29.762
0.1859797198288482,1,29.884
0.45687044526502807,1,29.976
0.47938768731805337,-1,30.103
0.3785192349022135,-1,30.187
0.4417335834163689,1,30.275
0.43603833304026884,-1,30.397
0.31074770920032013,-1,30.485
0.31304339331418607,1,30.61
0.4990719574858855,1,30.698
0.48147334075767256,0,30.791
0.5045767149248765,1,30.907
0.5841148428189049,1,30.995
0.585379911298672,-1,31.118
0.5061055428560279,-1,31.208
0.5386554129300742,-1,31.293
0.4783375339468168,1,31.423
0.5824639040306332,1,31.499
0.7142410566008235,1,31.634
0.7672567063282703,0,31.716
0.726676826289977,1,31.804
0.8565148584490927,1,31.916
0.847166051227944,-1,32.004
0.7885577242443742,1,32.131
0.8823681691186533,1,32.233
0.8418127112517813,-1,32.317
0.5158402203856758,-1,32.439
0.38048277748471215,-1,32.528
0.3581462595002227,-1,32.642
0.21213586542406526,-1,32.745
0.28227634175409677,1,32.822
0.3439569779028202,-1,32.947
0.24579450208076947,-1,33.033
0.20500459136822924,0,33.16
0.24524744544086885,1,33.254
0.25591993435320304,1,33.343
0.36221499325948114,1,33.446
0.5364098556860106,1,33.555
0.6196351194415677,-1,33.657
0.4378242029944719,-1,33.761
0.4463868223913465,-1,33.844
0.38495670518266145,-1,33.971
0.23572257065086188,-1,34.045
0.15562002278264853,1,34.179
0.3376217301838953,-1,34.265
0.039283202856393196,-1,34.36
-0.1847859650579582,-1,34.471
-0.31012167180011596,-1,34.568
-0.5294941888676399,-1,34.683
-0.7507557456127828,-1,34.786
-0.6466561662354902,1,34.868
-0.5610058617316344,1,34.976
-0.46115662162898285,1,35.076
-0.3657912559259556,1,35.193
-0.27441674602536315,1,35.281
-0.15403717360222702,1,35.373
-0.21429961518601082,-1,35.5
-0.3643537174899657,-1,35.582
-0.39363383249303807,1,35.708
-0.33320013181760266,1,35.795
-0.35459194926579085,1,35.878
-0.2712562373339631,1,36.002
-0.11644320814985831,1,36.094
-0.052132824399750755,-1,36.211
-0.20572628126451442,-1,36.307
-0.32354215698231104,-1,36.395
-0.31729379497172805,-1,36.514
-0.3707785282616429,-1,36.606
-0.4714996328308867,-1,36.729
-0.39223262174315676,1,36.808
-0.38654993370197155,-1,36.909
-0.4558579691266551,-1,37.03
-0.4300341739732887,1,37.117
-0.33178335205939,1,37.231
-0.29261172709604266,1,37.325
-0.17110080673411399,1,37.415
-0.25851348133252194,-1,37.539
-0.29109623475247104,-1,37.62
-0.3373587701426203,-1,37.738
-0.4204958590215132,-1,37.831
-0.47615696028365406,1,37.93
-0.3545048024766504,1,38.046
-0.3808959331093078,-1,38.137
-0.4664514592649457,0,38.256
-0.3937819172862749,1,38.349
-0.3298706109597027,1,38.435
-0.2139337972640455,1,38.563
-0.007853306167810103,1,38.647
0.15846320747228138,1,38.769
0.22309951578334242,1,38.849
0.3804090704627823,1,38.946
0.2766438229301711,-1,39.065
0.05885216839097063,-1,39.154
-0.11874685788373629,-1,39.28
-0.33246897573625056,-1,39.363
-0.4801471171910161,1,39.462
-0.31615378509248115,1,39.572
-0.09924060011113411,1,39.668
0.17001561135659804,1,39.791
0.2753896224168477,1,39.878
0.2813642738073181,-1,39.956
0.06558357367766465,-1,40.088
-0.20171460323340362,-1,40.171
-0.3473288704257427,-1,40.287
-0.2567459582462379,1,40.39
-0.29416558621967404,-1,40.48
-0.5029064484366488,-1,40.601
-0.6137884833142636,-1,40.69
-0.7775926771284765,-1,40.804
-1.0,-1,40.901
-1.0,1,40.986
-0.9655759020764687,0,41.105
-1.0,-1,41.206
-0.9863082019279668,1,41.307
-0.9800702207113862,1,41.418
-0.9456050022951983,1,41.492
-0.7094946838207008,1,41.62
-0.47145887870178316,1,41.707
-0.49647035470143575,1,41.824
-0.4193565996302864,1,41.914
-0.3788717541530715,-1,42.009
-0.4650422440852062,-1,42.123
-0.5326526307953794,-1,42.222
-0.516752478195599,1,42.328
-0.43476049278562623,1,42.432
-0.39826061064724727,-1,42.514
-0.535838616428669,-1,42.625
-0.6351897572050668,-1,42.725
-0.5667258042504604,-1,42.84
-0.6718980683101101,-1,42.941
-0.6931776732875946,-1,43.032
-0.6918030346265021,-1,43.152
-0.8073669714526752,-1,43.241
-0.8868975100182359,-1,43.36
-0.9282309591454407,-1,43.441
-1.0,-1,43.534
-0.9616823168876266,1,43.648
-0.9747360148363637,-1,43.748
-0.9844496145948421,1,43.859
-0.9443492678859389,0,43.969
-0.9748749859231879,-1,44.041
-1.0,1,44.163
-0.8156138371874387,1,44.259
-0.6696747508930228,1,44.38
-0.6666196653506276,1,44.458
-0.4905151344237624,1,44.559
-0.31758789246098706,1,44.677
-0.3469214137995862,-1,44.765
-0.47694585448392623,1,44.891
-0.30705489753713033,1,44.981
-0.27402707275803606,1,45.065
-0.27148430156044356,1,45.187
-0.12437018236510633,1,45.266
-0.053031584884377536,-1,45.391
-0.17359936078210303,-1,45.49
-0.15943316412859565,0,45.582
-0.15793382214701912,-1,45.699
-0.2247837939462316,0,45.788
-0.1712821959014842,1,45.908
-0.11359748072945997,1,45.997
-0.08367174280879774,1,46.089
0.012662154540326931,1,46.213
0.0872673434856166,1,46.295
0.08820736980635369,1,46.422
0.14557247602932777,1,46.506
0.1389781913893584,-1,46.596
-0.00223256251174897,-1,46.721
0.015792442188382605,1,46.802
0.08273171648806077,1,46.937
0.034513066365859046,1,47.016
0.10085072382026605,1,47.106
0.2590712539951101,1,47.228
0.23119477345365613,0,47.326
0.2529422823839067,1,47.441
0.30507146161350174,1,47.532
0.42456242418920276,-1,47.619
0.2775841534163568,-1,47.736
0.16719814266974997,-1,47.823
0.03694901672366013,-1,47.945
0.08816281277957305,1,48.035
0.1608094535036264,1,48.129
0.11094584433333265,0,48.256
0.14640197149239675,1,48.339
0.1636525299538416,1,48.465
0.17997552100199088,-1,48.555
0.14400346877281245,0,48.637
0.1731861666218446,1,48.754
0.19775298166270572,1,48.85
0.31723959206695485,1,48.97
0.22206470876039752,-1,49.067
0.11212914060802937,-1,49.15
-0.06608437973148806,-1,49.277
-0.18746332337998672,-1,49.359
-0.15270766666990798,1,49.481
-0.15607299984762046,1,49.559
-0.06546837462188404,1,49.66
-0.01768583090983955,1,49.769
0.19579560302037313,1,49.865
0.37738742506622325,1,49.972
0.44728131008076577,0,50.079
0.37015747035880575,1,50.162
0.5015870236902638,1,50.283
0.49292404656998823,-1,50.365
0.32575322835309395,-1,50.484
0.30813548221852893,1,50.576
0.45237794182966384,1,50.668
0.5109956912063676,-1,50.797
0.40539944689225704,-1,50.892
0.3834696649904863,-1,51.008
0.3687892905890635,-1,51.092
0.2487590739173693,-1,51.184
0.21412661822921208,1,51.308
0.28767762831548827,1,51.39
0.3315112550617778,1,51.506
0.49793638288284026,1,51.606
0.7105035355451177,1,51.7
0.7816553678361047,1,51.818
0.7507448798627931,1,51.905
0.9541303142598723,1,52.031
0.9422965318912353,1,52.118
0.9877058348652386,1,52.197
1.0,0,52.322
1.0,0,52.407
1.0,0,52.539
1.0,-1,52.619
0.9298365656322969,-1,52.706
0.7947120180932112,-1,52.834
0.6986362188108828,-1,52.919
0.4917760494742851,-1,53.041
0.18991083973612266,-1,53.13
0.021843481167703738,-1,53.221
-0.003368973063883618,1,53.34
0.11194392357393101,1,53.429
0.08368633554971616,1,53.55
0.14457856497417265,1,53.641
0.2068392764803877,1,53.728
0.18258267042041654,-1,53.854
0.07798258580435036,1,53.938
0.2678359701858948,1,54.064
0.41370466903104264,1,54.155
0.48920622816043724,1,54.24
0.6019284106281957,1,54.37
0.7183434054310971,0,54.456
0.6062636782917998,-1,54.572
0.4228923025494531,-1,54.661
0.38726998271116075,-1,54.749
0.32390717303985905,-1,54.875
0.18117762584028663,-1,54.971
0.14164311867664736,1,55.086
0.3539719931262497,1,55.17
0.46213430972614566,1,55.266
0.5277953335805659,1,55.38
0.6750534073636869,1,55.472
0.7104511289977178,-1,55.59
0.48307939807681133,-1,55.678
0.3062892720406556,-1,55.774
0.1954265537756017,-1,55.892
-0.0015983035000760593,-1,55.994
-0.07405995205089466,1,56.112
0.042496069531428704,1,56.193
0.10204070973032575,1,56.284
0.07961745180279323,1,56.408
0.14024852052461978,1,56.497
0.15969976965626165,-1,56.617
0.052890265495970645,-1,56.713
-0.023034373971681288,-1,56.797
-0.01883490987344183,0,56.924
-0.022334463288640305,-1,57.003
-0.0755433448418128,-1,57.13
-0.2307354807707357,-1,57.221
-0.25501297968692127,-1,57.315
-0.30437757569743207,-1,57.418
-0.385791813134294,-1,57.522
-0.3989438661185767,1,57.638
-0.28237739810815066,1,57.735
-0.2535086940397917,1,57.812
-0.25273043514596283,1,57.941
-0.12718003896517638,1,58.028
-0.0371631679837886,1,58.135
-0.017022454597211523,1,58.238
0.017518659932202363,1,58.34
0.03559620376802508,-1,58.443
-0.05918423842927534,0,58.541
0.03810856972729626,1,58.657
0.16946717993450222,1,58.74
0.19489900915629366,1,58.828
0.2770131572761996,1,58.954
0.3614881981478488,1,59.044
0.3023666382872061,-1,59.162
0.11245579855107879,-1,59.256
0.03993669464568361,-1,59.347
0.06975756235523889,-1,59.468
0.007075547139388183,-1,59.556
0.0022950483370507424,1,59.677
0.05766680752473308,1,59.765
0.3023956174228062,1,59.859
0.1599176794135948,-1,59.98
0.05395385481976933,-1,60.07
0.06781863257564313,1,60.196
0.0767570715971202,-1,60.282
-0.09844230711789603,-1,60.358
-0.12202425400997674,1,60.492
-0.017705128588070607,-1,60.573
-0.16008542668538606,-1,60.698
-0.19849756563816423,1,60.778
-0.04249678903193088,1,60.877
-0.15615759132590878,-1,60.989
-0.4294557782490519,-1,61.091
-0.3178634367812688,1,61.211
-0.2834538068640038,1,61.3
-0.2980599778965939,1,61.378
-0.017749932793690304,1,61.511
0.24103169150810633,1,61.598
0.10260909824068865,-1,61.716
-0.04668598225753762,-1,61.805
-0.2873667074882774,-1,61.892
-0.576219421129661,-1,62.019
-0.5777801009588093,1,62.108
-0.28953224409331335,1,62.234
-0.038300128438722325,1,62.319
0.1659921144598102,1,62.396
0.368589264912335,1,62.514
0.3364721168493676,-1,62.606
0.2997550703426013,0,62.731
0.3276456883419443,-1,62.823
0.2600436094268044,-1,62.919
0.11269004450551123,-1,63.043
0.05171898802234276,-1,63.124
-0.15485080199527923,-1,63.243
-0.3567310851578587,-1,63.337
-0.43262940948057016,1,63.429
-0.2464828698587186,1,63.546
-0.12704979240718017,1,63.638
-0.011193584037754611,1,63.759
0.1388183637504128,1,63.85
0.1086053944263563,-1,63.942
-0.18611667015143774,-1,64.062
-0.37868514591236146,-1,64.147
-0.6723991158636776,-1,64.268
-0.8380327966785149,-1,64.358
-0.7427043818513116,1,64.449
-0.5924385435646253,1,64.569
-0.36575166522297764,1,64.65
0.04993428716508719,1,64.777
0.28675438334478365,1,64.864
0.29743271901789203,1,64.958
0.3671181934944261,1,65.067
0.5161892529645451,0,65.169
0.3738836285432654,-1,65.284
0.045155171898805246,-1,65.378
0.018668419008928794,-1,65.471
-0.0742181666119055,-1,65.583
-0.429112279339285,-1,65.671
-0.5721273036829084,-1,65.792
-0.48704411720780305,1,65.88
-0.49864840646375186,-1,65.976
-0.5239105110666364,1,66.093
-0.4532020072284121,1,66.194
-0.18996236446727743,1,66.304
0.1521401475551878,1,66.397
0.2795857104453541,1,66.478
0.6401848920218647,1,66.601
0.8480166671644922,1,66.692
0.7365512709459663,-1,66.805
0.5988156754980736,-1,66.901
0.6050359927118485,-1,67.007
0.19057468861077131,-1,67.118
-0.04656650437587784,-1,67.197
-0.12331610860539399,-1,67.316
-0.2363571193882762,-1,67.413
-0.3613683204396797,-1,67.507
-0.4230263747423735,-1,67.617
-0.44775082887780426,1,67.715
-0.31118014277607153,1,67.827
-0.1478189772758539,1,67.932
-0.24416213092828054,-1,68.011
-0.27796701942386914,-1,68.134
-0.32648022660508347,-1,68.23
-0.5044832086762923,-1,68.35
-0.7555913835113294,-1,68.434
-0.7153293814828736,1,68.523
-0.5499254482198485,1,68.653
-0.5567058215040481,1,68.733
-0.5128152287668839,1,68.858
-0.527717503303311,-1,68.946
-0.5395084027331588,1,69.034
-0.47226229296223066,1,69.166
-0.38225869669749624,-1,69.243
-0.5116838196372251,-1,69.363
-0.48949203770825045,-1,69.458
-0.5463938354365406,-1,69.551
-0.7355331159411508,-1,69.668
-0.5678582829250125,1,69.755
-0.3126608722356219,1,69.88
-0.2895073925464361,-1,69.963
-0.43796443334585733,-1,70.06
-0.7471543040015509,-1,70.179
-1.0,-1,70.266
-1.0,0,70.39
-1.0,1,70.466
-0.9258716880006174,1,70.563
-0.677156764512324,1,70.691
-0.6825994415030803,1,70.766
-0.6179691344483491,1,70.89
-0.513437720478813,1,70.98
-0.4608251762348279,1,71.083
-0.3547344768093348,1,71.197
-0.2433789656542179,1,71.276
-0.25570502825093355,0,71.411
-0.22926239276207083,1,71.502
-0.20241066717259437,-1,71.588
-0.45371649463143393,-1,71.708
-0.7956683880071371,-1,71.798
-0.9093598629251728,-1,71.919
-1.0,-1,72.002
-1.0,1,72.102
-0.8868757413800016,1,72.216
-0.6049954017779786,1,72.31
-0.5327939863252906,1,72.431
-0.4770182196217456,-1,72.516
-0.5688973596875881,-1,72.6
-0.7874581828359726,-1,72.715
-0.8743472523957422,-1,72.81
-0.861488224553174,1,72.932
-0.8302469711711484,1,73.023
-0.6979727838569081,1,73.122
-0.47152700955630733,1,73.246
-0.4920897253062181,-1,73.317
-0.5426834957149933,1,73.451
-0.4295592370949918,1,73.531
-0.41760652547681687,-1,73.633
-0.48485518932679306,-1,73.735
-0.4751149555505223,-1,73.843
-0.5270628690239805,-1,73.956
-0.7231950312545827,-1,74.054
-0.8182942595529734,-1,74.129
-0.8851004278345731,-1,74.259
-0.9540924175985298,-1,74.343
-1.0,-1,74.455
-1.0,0,74.548
-1.0,0,74.648
-1.0,1,74.76
-0.9207627336076949,1,74.859
-0.8625232196553756,1,74.98
-0.7796652264493689,-1,75.065
-0.8910703106558999,-1,75.152
-1.0,-1,75.272
-1.0,1,75.359
-0.976276043811247,1,75.477
-0.8935584287243665,1,75.572
-0.6261022811496308,1,75.654
-0.2335732520793865,1,75.778
-0.06033764308655132,1,75.872
-0.05539652474676704,1,75.999
-0.0046248867660378945,1,76.084
0.18425100881166068,1,76.178
0.3682319031540804,1,76.296
0.467113563369842,1,76.39
0.5279519064481595,1,76.51
0.5128716132751365,-1,76.597
0.3973482664909831,-1,76.69
0.23085563699250522,-1,76.803
0.12997447088857905,-1,76.889
0.13095281231985467,-1,77.013
0.09385489582475626,-1,77.114
0.0946586510746934,0,77.198
0.10329902001152891,-1,77.319
0.03311537511323448,-1,77.405
-0.07373466194515332,-1,77.526
-0.09128222020917409,-1,77.619
-0.14853001729391313,-1,77.711
-0.17262620439759613,0,77.828
-0.16358066375689662,1,77.913
-0.14846413571605122,0,78.032
-0.16527382030799675,0,78.131
-0.1579642592440086,0,78.218
-0.15896565922753703,0,78.341
-0.1652771143868892,-1,78.427
-0.19099398830602,-1,78.55
-0.19676521452688633,1,78.639
-0.09877624969118015,1,78.725
-0.033253726426746955,1,78.843
-0.0071349748826485815,1,78.931
0.017537676027340687,1,79.064
0.040187762496910695,-1,79.151
-0.044931236103105565,-1,79.238
-0.04147245326525473,1,79.359
0.05900024705591722,1,79.445
0.13012599851766504,1,79.567
0.2634373713250435,1,79.663
0.3931318455077004,1,79.751
0.4112492794202427,0,79.875
0.39381371983859115,0,79.964
0.4025133821955038,-1,80.084
0.35210409289302347,-1,80.164
0.27101704685827177,-1,80.256
0.25857531087869656,1,80.372
0.2946454747591216,-1,80.471
0.23861319278596826,-1,80.588
0.0942534793708314,-1,80.691
0.009921765626287993,-1,80.766
-0.041735979576709825,-1,80.894
-0.14272585028411477,-1,80.983
-0.12437783084904741,1,81.102
-0.03109281067281544,1,81.181
-0.09675697932965355,-1,81.283
-0.1494358889895402,0,81.39
-0.09544593593016448,1,81.491
-0.12491147162974636,-1,81.607
-0.1733014905707,1,81.704
-0.10631639627769174,1,81.783
-0.06506464629827824,1,81.895
-0.01738703157425414,1,81.995
0.07138220465671585,1,82.107
0.07742455330649722,1,82.204
0.20438906740023244,1,82.297
0.280506247037557,1,82.406
0.234230400798203,-1,82.515
0.20904654879205675,0,82.63
0.2232667048377588,0,82.717
0.22283941649503936,-1,82.805
0.19327106317885456,-1,82.922
0.15535349564593104,-1,83.005
0.10427117427382537,-1,83.132
0.04188872216760653,-1,83.233
-0.0027940187302731845,-1,83.308
0.020726617340163678,1,83.437
0.02153291595522777,-1,83.526
-0.000413928700780275,1,83.653
0.07071713147410508,1,83.73
0.24970248874631373,1,83.815
0.3482778841344585,1,83.939
0.41487728738724705,1,84.033
0.6080181438747179,1,84.159
0.6417059036580948,-1,84.254
0.5467566961590851,-1,84.337
0.601093461651232,1,84.458
0.7415877615080799,1,84.538
0.6599360135216727,-1,84.669
0.6470524827098532,1,84.745
0.7021782997878614,-1,84.851
0.5568634552698293,-1,85.005
0.37567910177471986,-1,85.055
0.36792656214966835,0,85.182
0.389338748900502,-1,85.27
0.33550214725513405,-1,85.357
0.33335058036253273,-1,85.483
0.26084838136630983,-1,85.565
0.22184853658957282,-1,85.689
0.16152274020800061,-1,85.781
0.12585157206671083,0,85.872
0.16823183456649615,1,85.988
0.2602619823735348,1,86.077
0.22578948276159316,-1,86.198
0.23781928562804922,1,86.282
0.341439437056966,1,86.377
0.34998102826788147,0,86.5
0.3460228350666583,1,86.584
0.42064641865438834,1,86.708
0.4884962315241206,-1,86.798
0.3630758351873902,-1,86.884
0.2461366654593744,-1,87.003
0.2637545057863795,-1,87.097
0.175514392645868,-1,87.217
0.16779634707921698,1,87.3
0.2859686793949734,1,87.399
0.4397345682206235,1,87.522
0.5565573205015442,1,87.604
0.6821372518583677,1,87.731
0.6333195357099739,-1,87.808
0.6017402252462027,-1,87.906
0.5456873803487339,-1,88.02
0.444869871164693,-1,88.117
0.41423483554957774,0,88.231
0.43360756109760157,1,88.33
0.43321950294061895,1,88.426
0.6013306083027212,1,88.546
0.9147393111536528,1,88.631
1.0,1,88.752
1.0,0,88.827
1.0,0,88.925
1.0,-1,89.037
0.9544816965307703,-1,89.139
0.7485754718944464,-1,89.25
0.6170235791138585,-1,89.348
0.5051396779810366,-1,89.438
0.37689815681949046,-1,89.562
0.2610490243005712,-1,89.644
0.2404375906155285,-1,89.759
0.19135640604080462,-1,89.846
0.09887411292168902,-1,89.956
0.02854605870152005,-1,90.063
-0.03230040304398607,-1,90.156
-0.11246800274708024,-1,90.279
-0.07382017717286427,1,90.361
0.045308803840365064,1,90.45
0.09801391577004992,1,90.575
0.1494009638952687,1,90.663
0.17112304125777844,-1,90.791
-0.016676574575262837,-1,90.875
-0.3912467900197948,-1,90.972
-0.43490047784526276,-1,91.08
-0.4675018233300424,-1,91.176
-0.48312628067229213,-1,91.3
-0.5394748400883376,-1,91.386
-0.599165660515353,-1,91.475
-0.6219486035436939,-1,91.588
-0.6179321700794105,0,91.685
-0.6303696303696301,1,91.806
-0.5609625548275847,1,91.897
-0.3971468204597035,1,91.975
-0.30136121547164485,1,92.11
-0.3014674487067115,0,92.196
-0.29756950615846134,-1,92.322
-0.3366020482584876,-1,92.4
-0.4542471843085336,-1,92.495
-0.5451297169088571,-1,92.62
-0.6389949518783886,-1,92.71
-0.7377510015546813,-1,92.818
-0.8158365152230187,-1,92.905
-0.8685772305404207,-1,92.999
-0.9024697184206386,1,93.118
-0.8069333529456223,1,93.218
-0.6827058422150454,1,93.339
-0.6180915199320105,1,93.428
-0.485206000543424,1,93.509
-0.3285283223933516,1,93.64
-0.25877803178416625,1,93.733
-0.1497745608175055,1,93.85
-0.06282265791468322,1,93.94
-0.00978367236035882,1,94.019
-0.02180437149762282,-1,94.148
-0.08250032176412525,-1,94.238
-0.19159776828488384,-1,94.355
-0.17757089536230586,-1,94.436
-0.21507531323482043,-1,94.539
-0.30068295712467585,0,94.663
-0.2216209148724495,1,94.752
-0.18551795852409292,-1,94.876
-0.25738065615366124,-1,94.96
-0.29967782728518877,1,95.054
-0.2007951149055447,1,95.17
-0.2088933561326184,0,95.255
-0.1941800530757557,1,95.377
-0.07299244722557541,1,95.47
0.0018611245605117954,1,95.556
0.07482292758366493,1,95.684
0.20225786483455188,1,95.771
0.2875427231255472,1,95.883
0.2665085425821645,-1,95.986
0.22976001503609012,-1,96.078
0.12019269074483785,-1,96.195
-0.008680481073120805,-1,96.282
-0.030544098028759015,0,96.396
-0.002424977885098434,1,96.485
0.000549552696793576,1,96.582
0.06261836323186087,1,96.688
0.0888702299745252,-1,96.79
0.023148630510594348,-1,96.913
-0.01366527133398232,-1,97.0
-0.05638737540578109,-1,97.087
-0.27416959318799805,-1,97.208
-0.5377914519018815,-1,97.294
-0.6950002962272894,-1,97.413
-0.8610796156808426,-1,97.504
-0.9890457191070697,-1,97.595
-0.9457229886677729,1,97.708
-0.7753207937257006,1,97.814
-0.7371054303569634,1,97.92
-0.6735902134675134,1,98.023
-0.5223794610297674,1,98.107
-0.4236029818851901,1,98.218
-0.40666286678556673,1,98.308
-0.3122256067041329,1,98.432
-0.24430171055937688,1,98.518
-0.22463630283656055,1,98.626
-0.18724089197585847,1,98.741
-0.1639700002249752,-1,98.829
-0.20386682223792474,-1,98.949
-0.22732576292912132,0,99.025
-0.20121690687088067,1,99.124
-0.18881365959474616,0,99.241
-0.20715764736816,1,99.324
-0.1331818704704928,1,99.45
-0.09808795253980684,0,99.547
-0.1432022481142442,-1,99.632
-0.211397511955431,-1,99.756
-0.26363987444741865,-1,99.842
-0.3516499318006262,-1,99.968
-0.40574928924750653,-1,100.046
-0.45721105651509364,0,100.149
-0.40292271285599335,1,100.268
-0.3573071929795719,1,100.361
-0.3022136037205623,1,100.478
-0.25975333190908834,1,100.566
-0.24661468176365153,-1,100.648
-0.3261491183382339,-1,100.784
-0.3792583523688995,-1,100.866
-0.47508668715386604,-1,100.987
-0.5606152733726648,-1,101.075
-0.5378054592364931,1,101.165
-0.5044124172158226,1,101.292
-0.4736117730193422,1,101.378
-0.32649833199125766,1,101.505
-0.2032587796420764,1,101.589
-0.06832262411463952,1,101.677
-0.02192650901381754,1,101.794
-0.003319583901662204,1,101.882
0.013459105027033402,1,102.005
0.0207063154262086,-1,102.101
-0.15042069974199113,-1,102.186
-0.2580647811868332,-1,102.316
-0.21811473928119152,0,102.396
-0.24869763849402382,-1,102.521
-0.2817825508208569,1,102.603
-0.16167770455703112,1,102.7
-0.0497403493779881,1,102.814
-0.04416936451331965,0,102.902
-0.04559908629274523,-1,103.036
-0.07186816979178479,-1,103.115
-0.19712905293257232,-1,103.216
-0.23365269264268396,-1,103.331
-0.26706627664294635,-1,103.426
-0.3815549456870053,-1,103.541
-0.44527616637360046,0,103.634
-0.3749609702387794,1,103.715
-0.1997666431118632,1,103.841
-0.07271860774679018,1,103.927
0.1297102759198716,1,104.046
0.29567303741927087,1,104.135
0.34514223266667754,1,104.233
0.35239496262786973,1,104.339
0.5470912344554111,1,104.447
0.5664497261962806,1,104.553
0.5828510169113661,-1,104.647
0.48207310033505135,-1,104.745
0.35188279023740776,-1,104.857
0.44163487705130877,1,104.947
0.617467846420271,1,105.059
0.5242644610934826,-1,105.154
0.5137700702171248,-1,105.247
0.49303784516802995,-1,105.359
0.43790869635597907,-1,105.465
0.45900132248872194,1,105.567
0.6700497536750254,1,105.673
0.7492707986549112,1,105.753
0.7562405891030628,-1,105.868
0.630008582432585,-1,105.969
0.41351137554098605,-1,106.081
0.3088667829316494,-1,106.174
0.14834169687825716,-1,106.272
0.06586482515966252,-1,106.388
-0.019037118257365204,-1,106.483
-0.023642921936511962,-1,106.594
-0.1100780970822759,-1,106.693
-0.058027628713580914,1,106.772
0.00633145293559223,1,106.889
0.11764041134591885,1,106.985
0.19025206696130081,1,107.105
0.13837263639501374,-1,107.197
0.1591354039088244,1,107.276
0.2595590278944364,1,107.41
0.38564443073427324,1,107.491
0.3355303546285582,-1,107.619
0.2877436143341907,-1,107.708
0.20477806318014302,-1,107.798
-0.09401886913470114,-1,107.915
-0.4903012403294934,-1,108.007
-0.7917614755675553,-1,108.124
-1.0,-1,108.217
-1.0,0,108.305
-1.0,0,108.431
-1.0,0,108.515
-1.0,1,108.639
-0.9101735524768606,1,108.731
-0.746921057052174,1,108.82
-0.6206733447089934,1,108.938
-0.6114696703121827,1,109.043
-0.5349757309450336,1,109.155
-0.51788571883261,-1,109.24
-0.5525122229393404,-1,109.323
-0.5817721272777139,-1,109.444
-0.5988356158327964,-1,109.533
-0.6011475859142232,1,109.661
-0.5592934124324763,1,109.742
-0.48423616575455075,1,109.837
-0.3600705526625232,1,109.96
-0.13639297302554088,1,110.043
0.019976659269542285,1,110.168
0.18465258560478048,1,110.258
0.37787670082311386,1,110.351
0.5418497528888568,1,110.467
0.5308071118498436,1,110.556
0.5945918466584748,1,110.68
0.6455214973432262,1,110.772
0.6270522602491451,-1,110.852
0.5889821142811673,1,110.965
0.6568337945485259,1,111.055
0.6871502205875857,-1,111.179
0.5999407640552761,-1,111.265
0.6052941020449687,-1,111.374
0.5648014711733162,-1,111.494
0.44487520666271885,-1,111.58
0.376630093628159,0,111.709
0.4387836296604093,-1,111.791
0.3567064814732963,-1,111.875
0.35473047645150224,1,111.997
0.42066361940463515,1,112.091
0.383857763003173,-1,112.203
0.3934681319458566,1,112.302
0.4852396403405628,1,112.39
0.5567559921136647,1,112.508
0.5492586665723616,1,112.604
0.6259073266906552,-1,112.723
0.5218023641330767,-1,112.803
0.40865728911561794,-1,112.894
0.32840584579203824,-1,113.015
0.2869672080419421,-1,113.113
0.23805334771499487,-1,113.232
0.26505432908661586,1,113.323
0.3056486335947388,1,113.404
0.3536916371223715,1,113.52
0.4120390426764029,1,113.613
0.5047079314277645,1,113.727
0.6824201861953756,1,113.818
0.8153385732094416,1,113.926
0.9432086431432203,1,114.028
1.0,1,114.133
1.0,0,114.249
1.0,-1,114.331
0.9417158774821763,-1,114.421
0.809681951203802,-1,114.535
0.7025090471417474,-1,114.635
0.6451950519481049,-1,114.754
0.5701369851985152,-1,114.851
0.4609513688456295,-1,114.934
0.3378780376860244,-1,115.052
0.3162293042858695,-1,115.136
0.2638665813276657,-1,115.267
0.24651700138072097,1,115.349
0.27980323724644984,1,115.442
0.33014117164007994,1,115.563
0.333699646970264,1,115.66
0.3480663873021992,-1,115.779
0.29738629181913034,0,115.866
0.35517931253798896,1,115.953
0.44270814464155595,1,116.079
0.3796377922961427,-1,116.164
0.35763079610821946,0,116.285
0.39415749876218276,0,116.372
0.37323736721130696,-1,116.467
0.3396774024740259,-1,116.588
0.2808095933918642,-1,116.677
0.11578328724222375,-1,116.805
0.08874048490264519,-1,116.892
-0.026865683657984807,-1,116.976
-0.07979196605762051,-1,117.098
-0.04295933113545203,1,117.188
0.0467110268455575,1,117.309
0.031684116882227276,1,117.397
0.09023391742243936,1,117.486
0.08018645766662247,1,117.616
0.12182947496387198,0,117.7
0.0848277722092734,-1,117.818
0.01644385941607185,-1,117.907
-0.023842589797158364,-1,118.001
-0.05699598665169303,-1,118.122
-0.1345095623960939,-1,118.208
-0.10559896305062977,1,118.327
0.03964238128016517,1,118.422
0.11137947274988935,1,118.51
0.23690831290430325,1,118.635
0.4438553906473284,1,118.717
0.5489914298710652,1,118.839
0.5561566856264184,1,118.932
0.6927755705032994,1,119.02
0.729153332447741,-1,119.144
0.6496109427141814,-1,119.221
0.6536846723908221,1,119.35
0.6918859516707541,1,119.44
0.7044372255163602,1,119.522
0.7426948607404364,0,119.644
0.7479681669424081,0,119.733
0.7202370169993693,0,119.857
0.6395916609304368,0,119.952
