0,-1,0.0
-1.0,-1,0.097
-1.0,1,0.214
1.0,1,0.315
1.0,0,0.388
1.0,0,0.511
1.0,0,0.598
1.0,0,0.72
1.0,0,0.812
1.0,0,0.918
1.0,-1,1.031
0.9380720639422457,-1,1.112
0.9336728116539899,0,1.239
0.9299181384555886,0,1.322
0.9218770143096557,0,1.419
0.9350103132654377,0,1.539
0.92827446177646,-1,1.639
0.9051824158824289,-1,1.753
0.7916559236818357,-1,1.828
0.7979405698079154,0,1.924
0.8050470542735593,0,2.044
0.7992619569421169,-1,2.135
0.7774107257960552,-1,2.253
0.7334826608224829,-1,2.357
0.6712163207425552,-1,2.429
0.6670910145674875,1,2.558
0.7193502642774268,1,2.641
0.7981984014438572,1,2.757
0.9567809720252676,1,2.859
1.0,1,2.946
1.0,0,3.078
1.0,0,3.16
1.0,0,3.273
1.0,0,3.364
1.0,0,3.46
1.0,0,3.569
1.0,0,3.677
1.0,0,3.793
1.0,0,3.868
1.0,0,3.958
0.9970326943135632,-1,4.079
0.9025824551307413,-1,4.178
0.8497284465705139,-1,4.302
0.8143725497248497,-1,4.391
0.7671474301334389,-1,4.469
0.6851778585044779,-1,4.596
0.5635003416897457,-1,4.684
0.4263568679638887,-1,4.797
0.18667050318310974,-1,4.904
0.07296874438010281,-1,4.998
-0.05310577995180377,-1,5.117
-0.1594702010574398,-1,5.188
-0.24105312376362265,-1,5.313
-0.32735676006186387,-1,5.403
-0.4267704923929072,-1,5.493
-0.5069057295975254,-1,5.619
-0.6345628169621984,-1,5.71
-0.7006258317447758,-1,5.826
-0.7624626838830342,-1,5.913
-0.8172589288925656,-1,5.999
-0.8673704276516923,-1,6.117
-0.9377944826097903,-1,6.213
-0.9925277847714276,-1,6.34
-1.0,0,6.427
-1.0,0,6.506
-1.0,0,6.637
-1.0,0,6.727
-1.0,0,6.839
-1.0,0,6.94
-1.0,0,7.028
-1.0,0,7.156
-1.0,0,7.227
-1.0,0,7.358
-1.0,0,7.443
-1.0,0,7.537
-1.0,0,7.662
-1.0,1,7.76
-0.9780987716580815,1,7.879
-0.9446625761960223,1,7.947
-0.7921944854692234,1,8.045
-0.6515815552593767,1,8.161
-0.5020352292784842,1,8.254
-0.3760631421378513,1,8.38
-0.2551821300065239,1,8.469
-0.12773715324055734,1,8.547
0.003646202306192947,1,8.68
0.2457284199656593,1,8.759
0.3478941280533443,1,8.88
0.4327533830433581,1,8.977
0.4804461894984571,1,9.076
0.464756713054685,-1,9.196
0.3846603348422448,-1,9.274
0.2960868364492153,-1,9.388
0.23280861640430817,-1,9.483
0.17005071062921995,-1,9.579
0.139168057506734,-1,9.698
0.12660046668187586,0,9.796
0.13512561587198668,1,9.916
0.14264215586214068,0,10.004
0.1362943217703494,0,10.086
0.12896189298336203,-1,10.202
0.08585585693759024,-1,10.302
0.07978819206800902,0,10.419
0.09937602311796323,1,10.517
0.11689860675848207,1,10.598
0.1227741555899764,1,10.714
0.13427710337043575,1,10.804
0.21049914148145477,1,10.918
0.3315642648159489,1,11.009
0.571365104523132,1,11.119
0.6641651557540755,1,11.226
0.7390904106080072,1,11.32
0.8069233817225605,1,11.437
0.843473457968613,1,11.519
0.8484204459493534,1,11.618
0.8856269186588699,1,11.731
1.0,1,11.836
1.0,-1,11.958
0.9715553195145192,-1,12.03
0.8584404629875506,-1,12.125
0.7244333713428825,-1,12.245
0.6092175760321155,-1,12.338
0.48420781330542506,-1,12.458
0.3688826754557242,-1,12.553
0.13223418047767077,-1,12.637
0.015198612911791809,-1,12.752
-0.09826770177603528,-1,12.849
-0.19798028710226656,-1,12.959
-0.2958496696293288,-1,13.062
-0.3884081288367516,-1,13.155
-0.4652212624377138,-1,13.274
-0.6082491135444166,-1,13.363
-0.6754791546259704,-1,13.478
-0.7342195285774535,-1,13.563
-0.7762929755228917,-1,13.661
-0.8006841718864712,-1,13.778
-0.848263796685359,-1,13.865
-0.8750605289054811,-1,13.995
-0.8854558802855402,0,14.071
-0.8885955731892095,-1,14.161
-0.9133304175322952,-1,14.285
-0.9330355050844281,-1,14.377
-0.9442743560505475,-1,14.498
-0.9744763273403209,-1,14.595
-1.0,-1,14.674
-1.0,0,14.799
-1.0,0,14.884
-1.0,0,15.007
-1.0,0,15.099
-0.9948974346281411,0,15.187
-0.9891627604117085,1,15.314
-0.9506041208927205,1,15.393
-0.8124616831611535,1,15.514
-0.6450975389641792,1,15.603
-0.33853236511520757,1,15.702
-0.19905716777158788,1,15.811
-0.07133310232166723,1,15.918
0.040816715090265854,1,16.024
0.13452113947138944,1,16.115
0.2241130484781788,1,16.198
0.30725440096263323,1,16.316
0.39783635996694766,1,16.418
0.37577347656056626,-1,16.538
0.3046345763537981,-1,16.626
0.2241130484781788,-1,16.709
0.17100828976478688,-1,16.828
0.15014108212464738,-1,16.92
0.13579297292974823,-1,17.045
0.1204015033528425,-1,17.133
0.08337363344541204,-1,17.238
0.05890416696812428,-1,17.354
0.038646220864922975,-1,17.429
0.029248361657648436,-1,17.562
0.020375990525983045,0,17.645
0.01980480783510341,1,17.733
0.044304737389238236,1,17.863
0.08233788883261672,1,17.949
0.30381207327893134,1,18.067
0.4272332291242247,1,18.15
0.5095216154569653,1,18.237
0.5866160471873061,1,18.366
0.6606794027713785,1,18.453
0.7294041041380281,1,18.576
0.8017462958802497,1,18.679
0.8898759771983871,1,18.748
0.8666402653333993,-1,18.879
0.7609486202130131,-1,18.958
0.6228823401735635,-1,19.078
0.46435248826219566,-1,19.183
0.32255448130899844,-1,19.275
0.18579811357396636,-1,19.396
0.05827205812355052,-1,19.469
-0.16541831516337724,-1,19.597
-0.260668740694482,-1,19.68
-0.34722957355500295,-1,19.78
-0.42608324797325337,-1,19.896
-0.49579038356821636,-1,19.995
-0.5817724179686459,-1,20.11
-0.6608393339248247,-1,20.191
-0.7608572309824723,-1,20.283
-0.7996443435778122,-1,20.407
-0.8315163377289014,-1,20.502
-0.8586132445842362,-1,20.616
-0.8783228553041929,-1,20.718
-0.8942931233411903,-1,20.792
-0.9018936610144966,1,20.923
-0.8381115938662594,1,21.01
-0.8230019077501876,0,21.119
-0.8368245288694771,-1,21.221
-0.863098932649945,-1,21.313
-0.8967606325657907,-1,21.448
-0.9189225209719245,-1,21.507
-0.9342987590104069,-1,21.642
-0.9531401720402265,-1,21.727
-1.0,-1,21.812
-1.0,0,21.938
-1.0,0,22.026
-1.0,0,22.151
-0.9977194296316089,0,22.227
-0.989726143389921,0,22.321
-1.0,0,22.437
-1.0,0,22.542
-0.9973196269939018,0,22.656
-0.9945643832334433,1,22.753
-0.9809678542416154,1,22.83
-0.945711216013357,1,22.956
-0.8816443115072606,1,23.038
-0.8150467755037866,1,23.159
-0.7281967004458554,1,23.261
-0.4794835415364227,1,23.343
-0.34407229520041027,1,23.471
-0.2167695515616168,1,23.554
-0.10927012245111878,1,23.673
-0.022944142673709478,1,23.763
-0.0005353258936759975,-1,23.863
-0.0548615452574992,-1,23.973
-0.11399446705125282,-1,24.065
-0.17212412073657846,-1,24.192
-0.17205673705765423,0,24.278
-0.18187978002972371,-1,24.358
-0.21728615976670274,-1,24.479
-0.22705679321072003,0,24.583
-0.20389926888708365,1,24.692
-0.17600991288787726,1,24.798
-0.18289053521358756,-1,24.87
-0.19203225432097837,1,24.99
-0.14928105358125532,1,25.086
-0.011339175747865249,1,25.204
0.1358043177964039,1,25.296
0.2515694781882776,1,25.387
0.33318608751642476,1,25.511
0.3977171906995549,1,25.588
0.4990996791788176,1,25.712
0.5481325362093685,1,25.797
0.5899703137458963,1,25.9
0.6246279859392723,1,26.01
0.6681877908260865,1,26.115
0.7070457123390748,1,26.237
0.7042155978242559,-1,26.306
0.5108843359151265,-1,26.401
0.3698577830020926,-1,26.524
0.2349856060974742,-1,26.622
0.10877597547234097,-1,26.741
-0.0059784297356687555,-1,26.844
-0.10399173426871866,-1,26.906
-0.19358207893623636,-1,27.027
-0.2701823477222445,-1,27.118
-0.386462227451278,-1,27.238
-0.42183189731939663,-1,27.343
-0.48163392924283743,-1,27.436
-0.5381747517483486,-1,27.551
-0.6124543371314813,-1,27.638
-0.6771006898407785,-1,27.755
-0.7209449591755156,-1,27.846
-0.763783952791619,-1,27.938
-0.8392667028143762,-1,28.052
-0.863306248936347,-1,28.153
-0.88600015039558,-1,28.277
-0.9273747659963509,-1,28.356
-0.9508285609121888,-1,28.445
-0.9642929230964076,-1,28.563
-0.9781609786794476,-1,28.661
-0.9996912932832542,-1,28.774
-1.0,0,28.871
-1.0,0,28.95
-1.0,0,29.074
-1.0,0,29.158
-0.9904211587683239,0,29.277
-0.986682696036609,0,29.389
-0.986682696036609,0,29.467
-0.9782983014038625,1,29.598
-0.9674086713720623,0,29.677
-0.9728845109749477,-1,29.797
-1.0,-1,29.884
-1.0,0,29.981
-0.9877569510858834,0,30.098
-0.985968118512094,0,30.191
-0.9739418977887396,1,30.318
-0.9477056867064959,1,30.387
-0.8844150865957587,1,30.483
-0.7597311330434546,1,30.598
-0.5745908335882355,1,30.692
-0.3999589575210343,1,30.816
-0.24380394085236712,1,30.916
-0.10501841103655496,1,30.989
0.11902706093259363,1,31.118
0.18581788755135142,1,31.196
0.17596769259957634,-1,31.32
0.14057823432157934,-1,31.421
0.10154915998435743,-1,31.517
0.06192380812253884,-1,31.634
0.03588893750314592,-1,31.708
-0.0046114709856777125,-1,31.832
-0.050865570393659354,-1,31.919
-0.07978890226856494,-1,32.022
-0.08805934897335721,-1,32.13
-0.09687961001901113,0,32.233
-0.09972935195474486,0,32.356
-0.0870061834753687,1,32.432
-0.03252035668237385,1,32.518
0.2248701934804409,1,32.638
0.378539429819297,1,32.735
0.5067700730633564,1,32.855
0.6202951186553554,1,32.949
0.7207949850737023,1,33.031
0.8089666200744186,1,33.159
0.8670301120149921,1,33.243
0.9633870112169869,1,33.357
0.9840321525231446,-1,33.458
0.9335266718034299,-1,33.548
0.787322520317963,-1,33.672
0.6087722490891281,-1,33.75
0.4279452818572884,-1,33.882
0.26801125957819183,-1,33.963
0.1462528346220049,-1,34.048
-0.06175084989871471,-1,34.168
-0.14694758535090768,-1,34.269
-0.2310358421120422,-1,34.393
-0.319230153742872,-1,34.466
-0.4026392721510341,-1,34.559
-0.4752446264153595,-1,34.68
-0.5446026064861615,-1,34.782
-0.6695874819969789,-1,34.906
-0.7285163949462738,-1,34.994
-0.7802401964036892,-1,35.07
-0.832143540184304,-1,35.203
-0.8851163317161514,-1,35.29
-0.9123911524665602,-1,35.398
-0.9330229072585838,-1,35.505
-0.9481434933471763,-1,35.593
-0.9690718832818775,-1,35.723
-0.9688845347707128,0,35.789
-0.9746064705492044,-1,35.917
-0.9905779311260036,0,36.041
-0.9790872224412291,1,36.094
-0.9699305639580496,0,36.209
-0.9731701319636076,0,36.318
-0.9763706690293396,0,36.442
-0.971000011709282,0,36.51
-0.9662928803662664,-1,36.602
-0.9884858727513299,-1,36.719
-1.0,0,36.819
-0.9867264406025774,1,36.943
-0.9786109192778747,0,37.034
-0.9727037561597978,1,37.109
-0.9429182322209607,1,37.24
-0.9076859449315058,1,37.323
-0.8593673795059676,1,37.443
-0.7585242236606463,1,37.537
-0.6102442849952594,1,37.628
-0.4659986968345565,1,37.759
-0.3311405818984857,1,37.834
-0.2087990979285912,1,37.961
-0.016601703479139585,1,38.041
0.04655890190753764,1,38.141
0.06470177409978195,-1,38.264
0.019488956258120416,-1,38.35
-0.049953374769312386,-1,38.477
-0.08222817880678424,-1,38.548
-0.09056219493638284,-1,38.641
-0.12584130254117265,-1,38.763
-0.14915781957791485,-1,38.86
-0.15145201502932126,0,38.985
-0.14700408507251295,0,39.069
-0.15043757486373333,0,39.149
-0.1538944748126212,0,39.274
-0.14392174764630372,1,39.365
-0.07792070979598043,1,39.484
0.22002036683717074,1,39.577
0.3410820955212466,1,39.674
0.4587571547294371,1,39.799
0.5620583771298366,1,39.867
0.6435101190406518,1,39.99
0.7099481465007667,1,40.08
0.7677478257816066,1,40.189
0.8961369338155827,1,40.303
0.9475846569826647,1,40.389
0.9773311639920561,1,40.517
0.9846741501137344,-1,40.592
0.9342018501827942,-1,40.677
0.8132025485858314,-1,40.8
0.6434789054970953,-1,40.9
0.47002524395335143,-1,41.016
0.17982512612222434,-1,41.111
0.06439744205010545,-1,41.199
-0.03763963183625374,-1,41.322
-0.12958692776795855,-1,41.405
-0.22402350379829805,-1,41.52
-0.296992965247621,-1,41.62
-0.34674735367676035,-1,41.719
-0.41043078591800985,-1,41.834
-0.4354640478503623,-1,41.912
-0.4714220500275069,-1,42.047
-0.5154643599857978,-1,42.12
-0.5448285010866215,-1,42.221
-0.5723588465034979,-1,42.345
-0.5739273270672145,1,42.433
-0.5522963413825259,-1,42.549
-0.6262802429974366,-1,42.628
-0.66279228557271,-1,42.725
-0.6899012481515729,-1,42.845
-0.7235260379478656,-1,42.939
-0.7651883152099697,-1,43.05
-0.812609491258257,-1,43.16
-0.837962692012064,-1,43.235
-0.8795859523447224,-1,43.36
-0.9034643131654825,-1,43.445
-0.9260239017709784,-1,43.563
-0.9363009609869722,0,43.66
-0.9416150667774748,-1,43.755
-0.9681387754146524,-1,43.872
-0.9830354390770155,0,43.952
-0.9773467707638345,0,44.067
-0.9753413005903262,0,44.161
-0.9686147819538898,1,44.258
-0.9457508612987175,1,44.379
-0.9014510396060851,1,44.467
-0.8416771036952934,1,44.601
-0.7554028693049915,1,44.682
-0.6313836573689324,1,44.762
-0.36812863101299653,1,44.883
-0.24306376536779306,1,44.977
-0.13398023402354287,1,45.092
-0.03490064338916654,1,45.194
0.05108486572323723,1,45.268
0.11138162848860111,1,45.397
0.08562265166855898,-1,45.49
-0.024553353700170533,-1,45.598
-0.12403091701489277,-1,45.693
-0.13028923249798086,0,45.802
-0.12760486775211766,0,45.915
-0.1401995325771852,-1,45.99
-0.16736311885727218,-1,46.115
-0.1689940265081019,0,46.196
-0.15338725472982728,1,46.301
-0.10903280933597093,1,46.418
-0.02229037179232074,1,46.514
0.10865044342740315,1,46.629
0.22724630217051178,1,46.714
0.3198646892886823,1,46.801
0.4084955462175037,1,46.917
0.4906808064018977,1,47.014
0.5571110304761235,1,47.137
0.6621446045439117,1,47.234
0.7100495905173254,1,47.311
0.7463821552171488,1,47.439
0.7760428249817597,1,47.519
0.7729058638543265,-1,47.646
0.7031357906195499,-1,47.738
0.5772281592983195,-1,47.827
0.4225806577473965,-1,47.964
0.1448347437953328,-1,48.039
0.027752741914716772,-1,48.156
-0.0713970791926617,-1,48.243
-0.1419006707010172,-1,48.335
-0.2051080964030293,-1,48.46
-0.26788633588113886,-1,48.555
-0.33232669655363467,-1,48.668
-0.4441504315174868,-1,48.757
-0.5082705880040105,-1,48.85
-0.5758664753179861,-1,48.959
-0.6245974797019679,-1,49.051
-0.6635382468004797,-1,49.181
-0.7016218766587374,-1,49.267
-0.7374329132836613,-1,49.352
-0.7678573534904751,-1,49.477
-0.803574026382527,-1,49.568
-0.8427507028132188,-1,49.68
-0.8694713665048066,-1,49.782
-0.8839483358562525,-1,49.877
-0.9019246269683685,-1,49.994
-0.9196178268818684,-1,50.069
-0.9360292527571903,-1,50.197
-0.9529989973853382,-1,50.283
-0.9716122436943402,-1,50.386
-0.990610808579236,-1,50.498
-0.9883224880570901,0,50.582
-0.982833664261702,0,50.714
-0.9795702518332121,0,50.788
-0.9792085241905361,0,50.879
-0.9772347494446301,1,50.998
-0.9611850512119842,0,51.094
-0.9745847012798081,1,51.208
-0.9398981658049423,1,51.32
-0.8582342186486327,1,51.392
-0.7577368431399532,1,51.516
-0.6412448149094698,1,51.603
-0.5147895492165844,1,51.725
-0.24699313897025577,1,51.818
-0.11997169088013837,1,51.908
0.011744352920360912,1,52.037
0.13339206213138133,1,52.109
0.2383533287772428,1,52.234
0.32125574284687186,1,52.32
0.3632402495052165,1,52.419
0.3512390327920012,-1,52.528
0.2234288400535669,-1,52.643
0.1880730501973209,-1,52.757
0.1636992822182104,-1,52.841
0.13140897760536618,-1,52.92
0.09420441572088278,-1,53.05
0.0618983096377117,-1,53.138
0.041206284244748925,1,53.255
0.25577444981255515,1,53.365
0.4330985498200608,1,53.429
0.5429977759430515,1,53.553
0.6203854768686226,1,53.646
0.6815371670333925,1,53.759
0.735870522752142,1,53.856
0.804227683385939,1,53.953
0.8766379211585638,1,54.073
0.9760133680438965,1,54.159
0.9795054929861224,0,54.275
0.9685471733144768,-1,54.361
0.9301179974796654,-1,54.458
0.7961373305786104,-1,54.576
0.6469003440770165,-1,54.669
0.5101781220742589,-1,54.787
0.20581020063916955,-1,54.876
0.07804741231171564,-1,54.964
-0.032981618939642354,-1,55.079
-0.13588869444301788,-1,55.172
-0.21455631446506096,-1,55.299
-0.285884151520299,-1,55.384
-0.3613440730659988,-1,55.473
-0.42807368225613396,-1,55.597
-0.5507246949328635,-1,55.681
-0.6141359953543677,-1,55.803
-0.6715506471839615,-1,55.892
-0.7108167329882218,-1,55.988
-0.7422439701932173,-1,56.106
-0.7722024211026275,-1,56.196
-0.808866200752753,-1,56.315
-0.8766858114445593,-1,56.398
-0.9150897835535847,-1,56.498
-0.951913213888013,-1,56.622
-0.9621548052860341,-1,56.716
-0.97150235285196,-1,56.833
-0.9804427911729137,-1,56.917
-0.9879144431982821,0,57.001
-0.9925522955772769,0,57.125
-0.9986429691834267,0,57.219
-0.9994891178102312,1,57.346
-0.9765153843390662,1,57.432
-0.9606141761825127,1,57.514
-0.9527034847753116,1,57.637
-0.9441861207677601,1,57.724
-0.9257145365939324,1,57.838
-0.9176521770366438,-1,57.941
-0.9725001696288521,-1,58.038
-0.9524560262146423,1,58.148
-0.8736843785796677,1,58.237
-0.7150634411906749,1,58.359
-0.5259412405656424,1,58.443
-0.34528052620865546,1,58.544
-0.18713854087257087,1,58.658
0.101557791552084,1,58.746
0.2111420212574886,1,58.875
0.2735414912172167,1,58.949
0.27337385799869884,-1,59.051
0.21611514007351906,-1,59.157
0.12412441577827704,-1,59.258
0.05747823761609605,-1,59.373
0.025955210000518925,-1,59.477
0.006916865897416358,-1,59.557
0.002542437147521115,-1,59.68
-0.014859487441478025,-1,59.762
-0.02571573397406479,0,59.876
-0.016208535723836293,1,59.981
-0.00849740767201368,0,60.065
-0.014540186072872552,-1,60.185
-0.05640857803126753,-1,60.271
-0.08073934231900604,-1,60.387
-0.07557464268181224,1,60.477
-0.05818070062702807,1,60.585
-0.050134306138169715,0,60.703
-0.051539232160033865,0,60.795
-0.06276267526651691,-1,60.917
-0.09553896075387058,-1,60.991
-0.10390465661133441,0,61.087
-0.09086119570380013,1,61.198
-0.08793958818105985,0,61.297
-0.08580026901140303,0,61.417
-0.0832618231309894,-1,61.51
-0.10357737270851375,-1,61.6
-0.11800979456948202,0,61.713
-0.08875380667100385,1,61.806
-0.08307822484404126,0,61.919
-0.08748458373079704,0,62.019
-0.09688800903622874,-1,62.118
-0.11030664905187448,-1,62.238
-0.1309015873269287,-1,62.306
-0.12718172638267466,1,62.44
-0.10720144324218606,1,62.519
-0.0994663675877181,0,62.617
-0.10662670077869618,0,62.733
-0.10741697166599484,-1,62.829
-0.12657505378232425,-1,62.952
-0.15518445640937628,-1,63.029
-0.14884632424255728,1,63.126
-0.12995166575532735,1,63.247
-0.12266361201690701,0,63.329
-0.12171369044530567,0,63.447
-0.1171476808742471,0,63.557
-0.13131667910611577,-1,63.636
-0.15591086702295376,0,63.756
-0.12538565618426878,1,63.839
-0.05429320646425617,1,63.96
0.06550068450230895,1,64.049
0.41259723724490804,1,64.157
0.5380028497647149,1,64.275
0.647858485633434,1,64.349
0.7232136086243299,1,64.47
0.7726015478133843,1,64.565
0.8374516557771596,1,64.659
0.8966102168455419,1,64.776
0.9825741278083553,1,64.883
0.9663057230779055,-1,64.995
0.845322434513285,-1,65.067
0.6816565355003252,-1,65.166
0.526731511452941,-1,65.28
0.37646828738719673,-1,65.377
0.23835448039689155,-1,65.495
0.11258965383740382,-1,65.596
-0.09676827102300167,-1,65.668
-0.19223260660404096,-1,65.797
-0.27149547075051006,-1,65.888
-0.33739215835006764,-1,65.999
-0.3981308112726213,-1,66.092
-0.4566657218254333,-1,66.196
-0.5114478826906417,-1,66.324
-0.6098258165224786,-1,66.388
-0.65609642171325,-1,66.518
-0.6932486436205252,-1,66.606
-0.7288997656527589,-1,66.703
-0.7678964241086221,-1,66.815
-0.8048330625232052,-1,66.913
-0.8345436616457005,-1,67.026
-0.863423865092641,-1,67.11
-0.9259510625471589,-1,67.202
-0.9385107971399257,-1,67.321
-0.955597785079227,-1,67.424
-0.9726688038709214,-1,67.542
-0.9870649904384728,-1,67.631
-0.9950815025370984,0,67.717
-1.0,0,67.83
-1.0,0,67.922
-0.9902306755216725,0,68.045
-0.9866939128384485,0,68.132
-0.9835029669509175,1,68.228
-0.9702361771525131,1,68.367
-0.9363068338114513,1,68.427
-0.8595590835854914,1,68.559
-0.6794278303925807,1,68.64
-0.2766219986638897,1,68.759
-0.10005108657209105,1,68.865
0.04090855503595714,1,68.95
0.1579753998506701,1,69.073
0.24217393012928823,1,69.159
0.29157071560498293,1,69.245
0.29937517192596386,-1,69.359
0.24311706684481482,-1,69.456
0.08831490064524283,-1,69.58
0.05316564071870533,-1,69.671
0.02208199391962329,-1,69.75
-0.0022315854562462434,0,69.879
0.006282527438988161,1,69.966
0.03148398450970524,1,70.082
0.038468093877211285,0,70.173
0.02274790219075884,-1,70.266
-0.0043482224609274756,-1,70.39
-0.036303891996020354,-1,70.476
-0.03551907153361056,0,70.594
-0.022264325946243724,1,70.69
-0.01850670070197835,0,70.783
-0.02000499431203351,0,70.893
-0.02175696726347376,-1,70.989
-0.08371021891734409,-1,71.106
-0.09101142746158142,0,71.204
-0.07118480143645922,1,71.286
-0.054624296931669036,1,71.399
-0.04141711622081201,1,71.505
0.010563366324860102,1,71.617
0.14671782533384592,1,71.706
0.46962784447870876,1,71.799
0.6027460788704928,1,71.92
0.7156492407456587,1,72.0
0.7995774653470056,1,72.121
0.8535160353089932,1,72.219
0.8973549964920904,1,72.31
0.9486299333695354,1,72.436
0.9973284394360391,1,72.514
1.0,-1,72.635
0.8810819752191756,-1,72.722
0.723795420352414,-1,72.818
0.5648862177341221,-1,72.937
0.40419682874764673,-1,73.042
0.25786708466912955,-1,73.158
0.1244870148795223,-1,73.229
-0.09727221885264625,-1,73.318
-0.18671476845761814,-1,73.441
-0.26444432191440925,-1,73.542
-0.3365182390333431,-1,73.657
-0.39715485258323946,-1,73.757
-0.44585791592164026,-1,73.828
-0.49504147204083404,-1,73.959
-0.5524012823643396,-1,74.05
-0.6464360826447583,-1,74.163
-0.6867738454388632,-1,74.261
-0.7247327751215016,-1,74.349
-0.7578631462037132,-1,74.479
-0.7800524603593456,-1,74.556
-0.8093467661260466,-1,74.675
-0.8476601576961553,-1,74.76
-0.882720376832371,-1,74.86
-0.8915110316416311,0,74.978
-0.8914243854024718,0,75.082
-0.8986790386993612,0,75.198
-0.8959693744929226,0,75.272
-0.8932754641481493,-1,75.359
-0.9147479775980087,-1,75.48
-0.9149764085921561,0,75.578
-0.9039329515647523,0,75.697
-0.9017746725166006,0,75.799
-0.8939528801997589,1,75.874
-0.8757020314604618,1,76.0
-0.869077532630186,1,76.083
-0.8167983426937528,1,76.204
-0.6458216820398099,1,76.304
-0.29806306270824634,1,76.391
-0.1611856356289335,1,76.514
-0.044882751884555705,1,76.601
0.06423637094042678,1,76.715
0.16233566753050344,1,76.798
0.24882436807322406,1,76.899
0.3307444487329956,1,77.01
0.4011799642387339,1,77.11
0.39899017746725174,-1,77.234
0.32493915070931756,-1,77.323
0.24607531921262193,-1,77.403
0.17174859987554458,-1,77.52
0.12982757398407285,-1,77.619
0.11659433018518661,-1,77.742
0.11137980197395891,0,77.83
0.10900096886249244,-1,77.915
0.08243208116389522,-1,78.038
0.05735193339267286,-1,78.119
0.048608540168408876,0,78.243
0.05681630209605126,1,78.338
0.06578812631446285,0,78.438
0.06968720707663456,0,78.555
0.06443329421124355,-1,78.639
0.012161981205643047,-1,78.751
0.004631635329610084,0,78.837
0.014013059951320628,1,78.941
0.021181067009050647,0,79.091
0.02624593353445759,0,79.146
0.027553504052680866,0,79.272
0.02009405055414204,-1,79.361
-0.006561483383614397,-1,79.439
-0.015927154143659417,0,79.56
-0.006892314478586514,1,79.658
0.0016305246823626884,0,79.77
0.008050223310989146,0,79.867
0.00926327065922039,0,79.949
-0.002229171425645715,-1,80.084
-0.03409923357462996,-1,80.165
-0.04493789040038443,0,80.285
-0.03730514442352684,1,80.377
-0.025765440753664715,1,80.471
0.017116570699392764,1,80.601
0.12005230282072898,1,80.669
0.27430623931691245,1,80.792
0.42887525304640306,1,80.883
0.5308421226753208,1,80.982
0.6751553724606745,1,81.092
0.7341220766740448,1,81.199
0.7791466133135885,1,81.318
0.8063220246863012,1,81.393
0.8290627240002206,1,81.49
0.8405630430159192,-1,81.603
0.7902767165801516,-1,81.704
0.5306924609895001,-1,81.826
0.37364221404771847,-1,81.912
0.23933266641985607,-1,81.989
0.1266610477893393,-1,82.111
0.029727536962497858,-1,82.201
-0.05561900860948543,-1,82.332
-0.13826376690586284,-1,82.418
-0.20886469795908724,-1,82.509
-0.31565224925759927,-1,82.637
-0.3657810370767134,-1,82.717
-0.4158468094491662,-1,82.839
-0.4615251313478216,-1,82.924
-0.5003505234220538,-1,83.014
-0.5361590509873733,-1,83.141
-0.5914320656368364,-1,83.239
-0.6653622136844651,-1,83.354
-0.69915053989762,-1,83.433
-0.7429383613400022,-1,83.525
-0.8075361469800897,-1,83.647
-0.8534749415907071,-1,83.741
-0.8710224094244627,-1,83.861
-0.8952828326039027,-1,83.95
-0.9204975484550331,-1,84.03
-0.9346720852940209,-1,84.159
-0.9479416894270953,-1,84.239
-0.9560284971535753,0,84.376
-0.9627249991773339,0,84.463
-0.9680394221593339,-1,84.55
-0.9880302082990555,-1,84.669
-1.0,1,84.757
-0.9472366537124156,1,84.874
-0.8518470034771937,1,84.963
-0.7007158928206176,1,85.065
-0.5467457557782778,1,85.177
-0.40692984250357944,1,85.273
-0.2872980159541828,1,85.397
-0.18897934137860506,1,85.47
-0.08807527101656776,1,85.56
0.11470648394354677,1,85.678
0.19245653507874816,1,85.782
0.22852935160564525,1,85.897
0.21249335242380862,-1,85.986
0.13678870934751486,-1,86.093
0.06508488443444471,-1,86.192
0.02628758437308254,-1,86.282
-0.023407649826140298,-1,86.406
-0.04221722233585601,-1,86.492
-0.055168746164859894,-1,86.599
-0.08112088361628145,-1,86.718
-0.10667212108815705,-1,86.795
-0.11293106974841483,0,86.918
-0.11418285948046636,0,87.005
-0.12071998363673553,-1,87.093
-0.1385723051748824,-1,87.208
-0.1649253426058499,-1,87.319
-0.17830231131110652,0,87.435
-0.1668316629167519,1,87.514
-0.15626099406831662,1,87.608
-0.14405399877275515,1,87.719
-0.10394763755369196,1,87.821
0.028981526293530013,1,87.938
0.28608575034900463,1,88.031
0.443430013960189,1,88.107
0.568170769237631,1,88.238
0.6706198234682819,1,88.319
0.7658969978903611,1,88.441
0.8568032505385601,1,88.541
0.9301276933575369,1,88.644
1.0,1,88.757
1.0,-1,88.829
0.9765118984664198,-1,88.952
0.8587075621364357,-1,89.04
0.6944431517715495,-1,89.135
0.5259143310417769,-1,89.263
0.38417345319936547,-1,89.353
0.2594648334214702,-1,89.479
0.040964569011105345,-1,89.55
-0.056973030142781544,-1,89.639
-0.14859016393442626,-1,89.763
-0.2381173982020095,-1,89.863
-0.3231010047593865,-1,89.978
-0.3872448439978847,-1,90.069
-0.4407445795875198,-1,90.156
-0.558735060814384,-1,90.273
-0.614383923849815,-1,90.373
-0.6704812268640931,-1,90.481
-0.7400317292437864,-1,90.581
-0.798548915917504,-1,90.672
-0.8382316234796404,-1,90.805
-0.8751390798519302,-1,90.867
-0.9054806980433633,-1,90.994
-0.955274457958752,-1,91.089
-0.9761819143310417,-1,91.18
-1.0,-1,91.296
-1.0,0,91.397
-1.0,0,91.514
-1.0,0,91.589
-0.9880819952112944,1,91.68
-0.9565129290915932,0,91.8
-0.9743940715990058,-1,91.892
-0.997229332682709,0,92.013
-0.979637662880088,1,92.107
-0.9518482832200944,1,92.191
-0.9304273030655159,1,92.318
-0.9354475868314731,-1,92.405
-0.9658091382397578,-1,92.517
-1.0,1,92.626
-0.9474339545361458,1,92.708
-0.7917837395044031,1,92.835
-0.5884169567888593,1,92.913
-0.3991726397706328,1,93.037
-0.22585295924636495,1,93.118
-0.06797460577513825,1,93.226
0.20209707147245548,1,93.337
0.3150276469383575,1,93.432
0.40887978701617866,1,93.553
0.44584067171820596,-1,93.627
0.3684620110587753,-1,93.726
0.2340282613147655,-1,93.851
0.14855621544132713,-1,93.933
0.11597788244931384,-1,94.055
0.11374974400983007,-1,94.149
0.09779234077411436,-1,94.24
0.06163424124513628,-1,94.349
0.0425721892279336,-1,94.443
0.04421052631578948,0,94.558
0.03994265820192511,0,94.664
0.03622363301249232,0,94.758
0.029932418595125965,-1,94.875
-0.004226909686668057,-1,94.948
0.0003112840466925615,0,95.081
0.006110997337702262,0,95.159
0.006782715543723228,1,95.26
0.08808519352856847,1,95.382
0.27803399549457297,1,95.47
0.4569649805447471,1,95.594
0.6847921359819782,1,95.674
0.7709359000614378,1,95.762
0.8373458939176737,1,95.881
0.8969813639156257,1,95.975
0.9529961089494163,1,96.093
1.0,1,96.197
1.0,0,96.271
1.0,-1,96.399
0.7523016015554844,-1,96.479
0.581737113764319,-1,96.599
0.4049725525717811,-1,96.7
0.24309909966188514,-1,96.79
0.12126843819057798,-1,96.92
0.019029696321341882,-1,96.992
-0.08003873093711689,-1,97.114
-0.2658769511880871,-1,97.2
-0.3548175507367468,-1,97.303
-0.4524257591966454,-1,97.421
-0.5364547136956029,-1,97.51
-0.6037262909661651,-1,97.632
-0.6564815754745711,-1,97.708
-0.7128210333976246,-1,97.801
-0.7607193334530661,-1,97.92
-0.804135464576029,-1,98.019
-0.8490274318109056,-1,98.142
-0.8806915346352967,-1,98.231
-0.9023683655700709,-1,98.307
-0.9189227177248698,0,98.428
-0.9136753004380657,1,98.518
-0.87092290513263,1,98.641
-0.7019279573335,1,98.741
-0.7101660901275153,-1,98.829
-0.7344900556757221,-1,98.952
-0.740721363703802,0,99.037
-0.7263300094484746,1,99.158
-0.6883721293425892,1,99.245
-0.6429960253937514,1,99.343
-0.6237789213121667,0,99.46
-0.6582619491968796,-1,99.562
-0.6915658699233971,-1,99.689
-0.7001319662978378,0,99.751
-0.6922139884275709,1,99.84
-0.6839368123501715,1,99.964
-0.6686943145170736,1,100.057
-0.6468691191054403,0,100.184
-0.669201877201065,-1,100.271
-0.6854985436855298,1,100.358
-0.6426524444999726,1,100.477
-0.5430998805275529,1,100.569
-0.42676651335670723,1,100.684
-0.3033975465200721,1,100.784
-0.19166347813185702,1,100.875
-0.10907131646142909,1,100.987
-0.051459047500058586,1,101.077
-0.03687247682781136,0,101.195
-0.041292176506875555,0,101.278
-0.0267368404613354,1,101.385
0.09267313744016614,1,101.498
0.3082623396297135,1,101.594
0.41284367850198733,1,101.719
0.4083146576294481,0,101.788
0.41575630744243064,1,101.883
0.4451012392338145,1,102.001
0.4395258583665851,-1,102.096
0.4132028767091198,-1,102.212
0.3969140188813318,0,102.324
0.40142742244051766,1,102.395
0.4268680258935056,1,102.509
0.5427797256038043,1,102.603
0.5845638474813177,1,102.724
0.6461507226911753,1,102.815
0.7165691886024848,1,102.913
0.7901267344978644,1,103.043
0.8667530824672232,1,103.11
0.922288248752567,-1,103.24
0.8075556562004638,-1,103.32
0.6409657746577857,-1,103.418
0.4581885478241179,-1,103.539
0.2637920398553837,-1,103.63
0.10397226365148393,-1,103.755
-0.028564066123704768,-1,103.828
-0.14118051271639742,-1,103.925
-0.2396008214706824,-1,104.045
-0.4305302858749209,-1,104.131
-0.533823196395524,-1,104.259
-0.6259653451816685,-1,104.353
-0.6882628081491141,-1,104.436
-0.734193326722004,-1,104.559
-0.7772580682945113,-1,104.647
-0.8202447233002507,-1,104.764
-0.8577887446022661,-1,104.863
-0.9195396016023364,-1,104.95
-0.9581299828990418,-1,105.075
-0.9807438526350312,-1,105.151
-0.9857882448482388,0,105.27
-0.9927379492905836,0,105.361
-0.9992816035857351,0,105.464
-1.0,0,105.573
-1.0,0,105.682
-1.0,0,105.794
-1.0,0,105.873
-1.0,0,105.958
-0.9960013405029933,0,106.083
-0.9964887961369141,0,106.175
-0.9843938032202538,1,106.296
-0.9218623851813488,1,106.393
-0.6198531539902814,1,106.475
-0.49728091154203546,1,106.592
-0.37863878014227614,1,106.685
-0.2557694944171097,1,106.804
-0.1444848964918427,1,106.897
-0.04381007509863355,1,106.99
0.0353481499535393,1,107.11
0.013884869072463335,-1,107.187
-0.11733971087787709,-1,107.319
-0.1825902173747468,-1,107.406
-0.18825688911907623,0,107.491
-0.19623135863024965,-1,107.623
-0.20916416591771136,-1,107.705
-0.21786981887976598,0,107.838
-0.2235136411412555,-1,107.911
-0.2738739013207001,-1,108.004
-0.272624796258778,0,108.122
-0.2616265785184395,0,108.218
-0.26321080932868224,0,108.34
-0.2713756911968559,0,108.438
-0.2774841196094262,-1,108.508
-0.2969518789891389,-1,108.633
-0.313677700428047,0,108.72
-0.2862354715371609,1,108.84
-0.2701951345834539,0,108.939
-0.2739196002863802,0,109.037
-0.27621216506466406,0,109.155
-0.2823739089371944,-1,109.229
-0.31593218273493073,-1,109.351
-0.3305177692811553,1,109.446
-0.3000822581382241,1,109.533
-0.2929760689749722,1,109.65
-0.28285374807683517,1,109.76
-0.20757993510746875,1,109.876
-0.05616402882081439,1,109.953
0.10654713848309894,1,110.043
0.25221259158834375,1,110.163
0.4732737215714351,1,110.259
0.5534982558228099,1,110.381
0.6217420445717246,1,110.47
0.6817600194982254,1,110.561
0.7139777903026794,1,110.676
0.7072371928648682,-1,110.767
0.6304476975337792,-1,110.881
0.4791155726842049,-1,110.976
0.16526269288771767,-1,111.077
0.04811339436684081,-1,111.202
-0.05562325772693344,-1,111.272
-0.1556659100949015,-1,111.393
-0.23694152055691808,-1,111.486
-0.30586317729675383,-1,111.581
-0.346720182396808,-1,111.704
-0.4957171582830634,-1,111.787
-0.5657625991545148,-1,111.914
-0.6309077091150905,-1,111.991
-0.7082442723918998,-1,112.087
-0.7668424135910955,-1,112.201
-0.8045013378932535,-1,112.304
-0.8407036210199654,-1,112.422
-0.8744201143146662,-1,112.509
-0.9202963948130908,-1,112.596
-0.9367231906774964,-1,112.717
-0.968048892477715,-1,112.805
-0.9891226903529188,-1,112.918
-0.9895897655124368,0,113.025
-0.991307652116088,0,113.12
-0.9933421998448361,0,113.238
-0.9963108978926202,0,113.317
-0.9862489906426638,0,113.439
-1.0,0,113.525
-1.0,0,113.627
-0.9901964244399217,1,113.742
-0.9780007764431844,1,113.834
-0.9670756718390331,1,113.966
-0.9394217458991644,1,114.027
-0.6816896658549306,1,114.128
-0.5342831037335938,1,114.242
-0.4015819049523742,1,114.34
-0.26539063327176693,1,114.457
-0.13770102231685943,1,114.553
-0.023556031355756124,1,114.629
0.06914657914034406,1,114.756
0.13952840880125805,1,114.838
0.1779819535781091,0,114.959
0.13851667980345783,-1,115.062
0.1260465316910384,-1,115.149
0.1136783407644435,-1,115.28
0.08701261524103066,-1,115.354
0.057562674258555546,-1,115.476
0.02648141830288342,-1,115.561
-0.03927312369367353,-1,115.659
-0.04182989619974198,0,115.773
-0.04681011258426171,-1,115.871
-0.05764110286303625,-1,115.997
-0.0732248665733366,-1,116.067
-0.09789066268249358,-1,116.159
-0.1329168774435412,-1,116.287
-0.1450105682544538,-1,116.383
-0.1519514997509892,0,116.493
-0.1606492319878906,-1,116.608
-0.17031947892035182,-1,116.672
-0.18734632895309578,-1,116.8
-0.21239642522420776,-1,116.885
-0.2209216145312518,0,116.999
-0.21883541365206716,0,117.104
-0.23421526299071793,-1,117.191
-0.2510460415122604,-1,117.328
-0.2734374080914791,-1,117.392
-0.31156155272951147,-1,117.517
-0.33774886376559254,-1,117.608
-0.3459289672129219,0,117.691
-0.3484622111376461,0,117.819
-0.35410122779980313,-1,117.91
-0.3763906371931971,-1,118.036
-0.3735907360132388,1,118.126
-0.2989580759894749,1,118.2
-0.11345089781144979,1,118.321
0.0970985337772392,1,118.414
0.3575625426521747,1,118.531
0.58311053261099,1,118.64
0.7924083585449939,1,118.714
0.8686677689439246,1,118.833
0.9242858650531205,1,118.928
0.9694909589812144,1,119.043
0.9780218813762049,-1,119.133
0.8966527123056356,-1,119.237
0.727731654119468,-1,119.355
0.5454777316541195,-1,119.432
0.24121402940969539,-1,119.555
0.10630232885386626,-1,119.639
-0.005883698022936756,-1,119.743
-0.0997942024906775,-1,119.855
-0.18895553366636175,-1,119.964
-0.2757774572574404,-1,120.08
-0.35941567578976996,-1,120.152
-0.5037993386336452,-1,120.241
-0.583004995426722,-1,120.358
-0.6562917751354393,-1,120.459
-0.7037923028213607,-1,120.576
-0.7433599521564764,-1,120.684
-0.7798318440863998,-1,120.749
-0.8145096038837684,-1,120.88
-0.8416238654752691,-1,120.964
-0.8748065151621754,-1,121.087
-0.9067227186378668,-1,121.176
-0.9272497009779779,-1,121.285
-0.9265725040455921,0,121.402
-0.9286832477309506,0,121.475
-0.9311721663266024,0,121.597
-0.9351122212059382,0,121.681
-0.9210669809329487,0,121.785
-0.9269594737212411,-1,121.902
-0.9533349750228663,-1,121.989
-0.9544782945191023,0,122.121
-0.9424030816857806,1,122.19
-0.9324562020685288,1,122.285
-0.9260536128896081,0,122.402
-0.9200204038556251,1,122.5
-0.90550024625343,0,122.622
-0.935428832758742,-1,122.711
-0.9485945964961655,0,122.79
-0.9340392598325477,1,122.922
-0.9187979314711884,1,123.007
-0.9074790684584535,1,123.133
-0.9007686624920848,1,123.22
-0.888772602546964,0,123.31
-0.8899423063392669,-1,123.437
-0.9203546049391402,-1,123.51
-0.917461127137128,1,123.633
-0.9030377119538451,1,123.718
-0.8771195384507141,1,123.819
-0.7987230000703581,1,123.945
-0.6336012805178357,1,124.032
-0.2730334904664744,1,124.149
-0.12317068880602267,1,124.231
0.029559206360374235,1,124.324
0.18225392246534855,1,124.44
0.3285636389221136,1,124.537
0.4607049883909098,1,124.659
0.5797509322451277,1,124.75
0.6800640258917892,1,124.828
0.6577692957151904,-1,124.95
0.5509832547667628,-1,125.038
0.46517272919158525,-1,125.164
0.4144884964469149,-1,125.251
0.38767325687750653,-1,125.359
0.36990783085907264,-1,125.476
0.3422482938155209,-1,125.551
0.31654998944628154,-1,125.68
0.31501970027439663,0,125.764
0.30863470062618736,0,125.858
0.3072226661310331,0,125.974
0.30711532219697735,-1,126.076
0.28497303353800874,0,126.195
0.31021879960339516,1,126.273
0.4635430329599972,1,126.36
0.8784841869378281,1,126.484
1.0,1,126.577
1.0,0,126.702
1.0,0,126.792
1.0,0,126.879
1.0,0,127.003
1.0,0,127.081
1.0,-1,127.202
0.9103326283407036,-1,127.303
0.7589771197846569,-1,127.392
0.6068448375312441,-1,127.512
0.4918131128629111,-1,127.598
0.38444914439530864,-1,127.722
0.2714862526437223,-1,127.806
0.15785425879638537,-1,127.897
-0.03835416266102676,-1,128.016
-0.1260296096904442,-1,128.107
-0.1917554316477601,-1,128.226
-0.2504902903287829,-1,128.308
-0.3062872524514516,-1,128.401
-0.3577004422226495,-1,128.52
-0.40990578734858685,-1,128.62
-0.5099096327629302,-1,128.735
-0.5511170928667564,-1,128.832
-0.5863755795981453,-1,128.915
-0.6260452098194329,-1,129.04
-0.6651892500351766,-1,129.131
-0.7038379748424712,-1,129.24
-0.7354928317521598,-1,129.342
-0.7656410618580161,-1,129.433
-0.8384456633473795,-1,129.56
-0.8536453306339603,-1,129.635
-0.8728548223828244,-1,129.755
-0.8897102097507004,-1,129.843
-0.9058515187896765,-1,129.943
-0.9128589028304182,-1,130.064
-0.9227069061575524,-1,130.149
-0.9572337704120467,-1,130.281
-0.9506972072475027,0,130.348
-0.951026781860841,0,130.442
-0.9510895579776674,0,130.559
-0.949504461027802,0,130.662
-0.9409119800371949,0,130.784
-0.9338025848066103,0,130.868
-0.943423024710249,1,130.961
-0.719092571231275,1,131.076
-0.5494715035664681,1,131.159
-0.39546599496221657,1,131.282
-0.2560010044178692,1,131.376
-0.13089605059755016,1,131.485
-0.030705368142690093,1,131.6
0.033875562042420926,1,131.671
0.11053304770200167,1,131.799
0.13193970353978823,1,131.88
0.13058217001341843,-1,131.986
0.09568649607256918,-1,132.105
0.05423071792336609,-1,132.189
0.008262906377268786,-1,132.319
-0.03229046509255551,-1,132.392
-0.04595996453149398,-1,132.48
-0.0536343448135157,-1,132.6
-0.061920792234594346,-1,132.694
-0.07139213886077045,-1,132.823
-0.09177083578552536,-1,132.915
-0.1341447146433139,-1,133.0
-0.16034589640371322,-1,133.119
-0.17899040310114012,-1,133.2
-0.2105589428501926,-1,133.321
-0.27879658184043876,-1,133.42
-0.29761372285913823,-1,133.512
-0.32035437117948473,-1,133.629
-0.33832403462102845,1,133.72
-0.2935097342216154,1,133.831
-0.14599370669428813,1,133.923
0.054685844770357095,1,134.018
0.36716181328813446,1,134.136
0.47844032737744935,1,134.231
0.5724789503833267,1,134.363
0.665717177899668,1,134.435
0.763585144031953,1,134.52
0.8391754357054859,1,134.64
0.890235959729121,1,134.739
0.9109834663402308,-1,134.859
0.7686857035240942,-1,134.949
0.613699318094431,-1,135.039
0.4599213729136751,-1,135.153
0.316548569096887,-1,135.249
0.18571529461616332,-1,135.365
0.06805715765437048,-1,135.463
-0.03930569614790058,-1,135.56
-0.2163814276858369,-1,135.671
-0.3004935772185472,-1,135.762
-0.365545328279856,-1,135.879
-0.4245705721258347,-1,135.961
-0.48689940911980034,-1,136.064
-0.5539678429341557,-1,136.173
-0.6169558291547981,-1,136.28
-0.6665332674184107,-1,136.398
-0.7815861955319099,-1,136.47
-0.8227908692138076,-1,136.562
-0.8535825545171339,-1,136.68
-0.8782457214152876,-1,136.784
-0.9047686307744218,-1,136.894
-0.9290708350008239,-1,136.998
-0.9426932523521426,-1,137.068
-0.9841804185597589,-1,137.194
-0.9876331049852084,0,137.283
-0.990220491335733,0,137.401
-0.992777482740308,0,137.499
-0.9963336677091323,0,137.589
-0.9900788733502488,1,137.708
-0.9798037017367872,0,137.791
-0.9797328927440452,0,137.915
-0.9920221868177258,1,138.003
-0.9514146426051967,1,138.101
-0.848702800909596,1,138.222
-0.6530765865712405,1,138.309
-0.46410287736611244,1,138.432
-0.3055856608562342,1,138.512
-0.1774461158907381,1,138.603
0.013466593625733436,1,138.726
0.0791640228738979,1,138.823
0.10106053858492392,0,138.939
0.06371507730384374,-1,139.036
-0.02925447014451854,-1,139.117
-0.10989638959718451,-1,139.235
-0.1469975053105751,-1,139.324
-0.15059174979013867,0,139.444
-0.13306980795226586,0,139.536
-0.14277269162407036,-1,139.63
-0.1577250639436586,-1,139.759
-0.1705807936501681,-1,139.832
-0.20392214046717294,-1,139.963
-0.22233476130984986,0,140.04
-0.20923468603565076,1,140.145
-0.15956159675887427,1,140.264
-0.12085252956778425,1,140.351
-0.04691829005395309,1,140.474
0.052451534844860204,1,140.55
0.1735759973831379,1,140.649
0.30309491248881715,1,140.761
0.42109805745273676,1,140.853
0.5285391682003948,1,140.975
0.6761554195452808,1,141.076
0.705870993422375,1,141.165
0.7514059722786013,1,141.273
0.8024347853503009,1,141.364
0.8468347396340334,1,141.48
0.8703628531680192,0,141.576
0.8590204895581681,-1,141.674
0.6058469529713604,-1,141.796
0.43252712432854223,-1,141.878
0.2754523348795417,-1,142.001
0.13724732894824987,-1,142.086
0.01659579331517813,-1,142.172
-0.08718801603222204,-1,142.301
-0.17709930282692055,-1,142.394
-0.2376822954268859,-1,142.512
-0.39331256832855466,-1,142.592
-0.4618205821077167,-1,142.68
-0.5271024567338436,-1,142.803
-0.5927226221662988,-1,142.902
-0.6479382825553333,-1,143.017
-0.70629757214464,-1,143.112
-0.7661832958600632,-1,143.194
-0.8054580333752759,-1,143.316
-0.8628189525361497,-1,143.406
-0.8908393324944821,-1,143.525
-0.9101136574599311,-1,143.61
-0.9234637678169929,-1,143.724
-0.9511623589595495,-1,143.837
-0.9712865364384579,-1,143.916
-0.9700571381422884,0,144.039
-0.9680438952948699,0,144.12
-0.9684729470492378,0,144.225
-0.960609748550919,0,144.343
-0.9527382990573238,-1,144.436
-0.9782998824233173,-1,144.562
-0.9951731677633615,0,144.629
-0.9838693042348233,1,144.726
-0.970180903071433,1,144.849
-0.9459477299449246,1,144.939
-0.9169372305534356,1,145.062
-0.8931001052001898,0,145.164
-0.9109222549970091,-1,145.231
-0.9240165845005054,0,145.35
-0.8953608779058974,1,145.441
-0.8106066544276903,1,145.563
-0.5167309556715278,1,145.658
-0.3736751995709482,1,145.75
-0.2457022628354545,1,145.875
-0.1338847748509664,1,145.948
-0.024047525732791564,1,146.093
0.08498937684358165,1,146.167
0.19438932321211255,1,146.254
0.29423461705068177,1,146.373
0.29763402710451947,-1,146.478
0.1659728954805173,-1,146.594
0.09324862311516324,-1,146.678
0.06298397244167586,-1,146.759
0.04075579116730954,-1,146.884
0.01994678108046788,-1,146.974
-0.004921718682316056,-1,147.089
-0.06147404030611192,-1,147.191
-0.07761298706656494,-1,147.269
-0.09310835619546609,-1,147.391
-0.11132655376554801,-1,147.483
-0.1272757276346459,-1,147.602
-0.1422017780894821,-1,147.702
-0.15459477299449242,0,147.791
-0.14266383382495518,1,147.913
-0.0963592483343303,1,147.994
-0.1044947296767672,0,148.115
-0.08460158006559537,1,148.199
0.010532395470203681,1,148.3
0.19403453041523133,1,148.425
0.39817240454629843,1,148.51
0.5637863817322966,1,148.64
0.7963984405618927,1,148.711
0.8808473772148766,1,148.804
0.950254749479156,1,148.923
0.9827884238536273,0,149.02
0.9609315373666949,-1,149.139
0.8856577074609624,-1,149.236
0.7399946368530703,-1,149.309
0.5617731388848779,-1,149.434
0.20888632191258072,-1,149.52
0.05961756636894333,-1,149.639
-0.059493801439798655,-1,149.745
-0.15683904370964752,-1,149.835
-0.2385156459497927,-1,149.955
-0.3212071206089234,-1,150.041
-0.3947958669879197,-1,150.176
-0.5180288711617127,-1,150.247
-0.5763204873725079,-1,150.341
-0.620471975664665,-1,150.465
-0.673645181828396,-1,150.548
-0.7284163306409664,-1,150.677
-0.7865831075823211,-1,150.771
-0.8400143149028958,0,150.844
-0.871440520330075,0,150.959
-0.9293992318223621,0,151.056
-0.939261534108169,0,151.176
