-0.9035034879427939,1
-0.8885024192138041,1
-0.8726269358568292,1
-0.8521656335619765,1
-0.8109126945572547,1
-0.744457182830383,1
-0.6765443133902027,1
-0.5511726871733089,1
-0.37275324019198264,1
-0.21108369119561632,1
0.0663194916736296,1
0.19349824145502592,1
0.3000408060159727,1
0.393855779880691,1
0.513164798010221,1
0.6323960903950412,1
0.7315547092085577,1
0.8939820842158444,1
0.9600878300915221,1
1.0,1
1.0,0
1.0,0
1.0,0
1.0,0
1.0,0
1.0,0
1.0,0
1.0,-1
0.9816310897359963,-1
0.9145048054522338,-1
0.7850695349333081,-1
0.643914804899429,-1
0.39041436660427875,-1
0.2761259447037361,-1
0.19247869727625222,-1
0.11249575524967037,-1
0.03169150339185167,-1
-0.050629012769788484,-1
-0.1342130825179464,-1
-0.21977145474503856,-1
-0.3932573621739439,-1
-0.46292654805057376,-1
-0.5312374138216969,-1
-0.5961998625885474,-1
-0.653817906133763,-1
-0.7012327544678465,-1
-0.7534333120108665,-1
-0.8679270613692183,-1
-0.8840057807576583,-1
-0.9069234839331264,-1
-0.9242183736485899,-1
-0.9356061503470824,0
-0.9371697979103982,0
-0.9403286818766929,-1
-0.9710962117084034,-1
-0.9625040473200818,0
-0.9788532636409994,-1
-0.9798713110090788,0
-0.9768584180709472,0
-0.970047356907618,0
-0.9647587682396211,-1
-0.9953524523826695,-1
-0.9894067966377397,0
-0.9841342339960095,0
-0.9759289085474812,0
-0.9692941336730851,1
-0.9586208001794915,1
-0.9398382973949694,0
-0.9578675769449586,-1
-0.9823713711066773,0
-0.9583002796541583,1
-0.9498545638116301,1
-0.9406395987083023,1
-0.9302066556087085,1
-0.9106228515108536,0
-0.9207993781901809,-1
-0.954998918243227,-1
-0.9373702893499043,1
-0.9323701691547073,0
-0.9258796285167111,0
-0.9191647235109819,1
-0.9065362148128561,0
-0.9157992579949839,-1
-0.9458801092974991,-1
-0.9371298989559044,1
-0.9227064753159131,1
-0.9149338525765843,0
-0.909949758407654,1
-0.8982828112855277,0
-0.9108952939573868,-1
-0.9543739032188274,-1
-0.9524507800668285,0
-0.9451108600366996,0
-0.937242081139771,0
-0.9306874363967083,1
-0.9148376964189844,0
-0.9174499387004496,-1
-0.9555758551888267,-1
-0.9585727221006916,0
-0.9561367661081597,0
-0.951072541807896,1
-0.9373222112711043,1
-0.915046034760451,1
-0.9172576263852497,-1
-0.9542456950086942,-1
-0.9512488280968292,0
-0.9386203193987035,1
-0.9324663253123072,0
-0.9295816405843089,0
-0.9185076564340489,0
-0.9245494683365786,-1
-0.9631080875341554,-1
-0.9612490684872232,1
-0.9457999791661659,1
-0.9404312603668358,1
-0.9195653741676483,1
-0.9061836422349896,0
-0.9102382268804539,-1
-0.9479474666858979,-1
-0.9501750843369632,0
-0.9392293083968365,0
-0.9374183674287042,1
-0.9201262850869812,1
-0.9084433119385883,0
-0.9120331418223194,-1
-0.9498225117590968,-1
-0.9509443335977628,0
-0.9374023414024375,0
-0.9356234524868386,0
-0.9263924613572442,1
-0.908315103728455,1
-0.9063118504451229,-1
-0.9385241632411035,-1
-0.9390049440291033,0
-0.9233314903403127,1
-0.9220814602915134,0
-0.9159595182576504,1
-0.8982507592329944,0
-0.9044528313981907,-1
-0.9409601192336354,-1
-0.9400145836839027,0
-0.9298220309783087,0
-0.9272578667756437,0
-0.9193089577473817,0
-0.9132190677660521,1
-0.8769040922458072,1
-0.8187135908715755,1
-0.6091252193562345,1
-0.3387501302114634,1
-0.09688534179507524,1
0.11536335008053089,1
0.2936849443496239,1
0.6040289430034376,1
0.728166542464963,1
0.8491790668044905,1
0.9542777470612274,1
1.0,1
1.0,0
1.0,0
1.0,0
1.0,0
1.0,0
1.0,0
1.0,-1
0.9701153625306675,-1
0.9039385081171374,-1
0.8307146212872578,-1
0.6276948373962521,-1
0.5149814689147569,-1
0.40122409563083994,-1
0.28629221694419793,-1
0.17023803309495222,-1
0.06682935741504403,-1
-0.03851072714934489,-1
-0.12781228793652455,-1
-0.24454507490734456,-1
-0.3066372605313984,-1
-0.3639661742444015,-1
-0.416492665866263,-1
-0.4724774233961476,-1
-0.5443310539228481,-1
-0.6061883384663569,-1
-0.6705381844756486,-1
-0.6912355796836666,-1
-0.7134598319152268,-1
-0.7525708618259643,-1
-0.788093125228376,-1
-0.8363261471002766,-1
-0.8895312418437125,-1
-0.9113770423343948,-1
-0.9382993161768545,-1
-0.9444589445111448,0
-0.949104765881923,0
-0.9458814010544448,0
-0.9493266169024378,-1
-0.9771101947068956,-1
-0.9776713472881975,1
-0.9450461972125072,1
-0.9287597222947226,1
-0.919376729132954,1
-0.9096283342903377,0
-0.9055958657409824,-1
-0.9353761027300725,-1
-0.9519235788484627,0
-0.9399082148974282,1
-0.9259312526966776,1
-0.9188054861864728,0
-0.9106337356013755,1
-0.8988533399578992,0
-0.9151183923224769,-1
-0.9463148673561445,-1
-0.9437203053835316,0
-0.9310154597874771,1
-0.9252346276190226,0
-0.9297957359552038,0
-0.9296117142932254,0
-0.9278635085044297,-1
-0.9559268119561503,-1
-0.9709640106206788,0
-0.9688673331353723,0
-0.9621234616780494,0
-0.9588900986505658,0
-0.9524629647959352,1
-0.9426704939126992,0
-0.9564617770299251,-1
-0.9849021742716685,-1
-0.9800851232307235,0
-0.9710053119535451,0
-0.9651456663037382,0
-0.9639842950938665,0
-0.9553795902207265,0
-0.9592464284535946,-1
-0.9908146095219241,-1
-0.9974133095780131,0
-0.9883862879012835,1
-0.9787521858193936,0
-0.9753604539905638,0
-0.9654887987066548,1
-0.9591276518525851,-1
-0.9840311458642648,-1
-1.0,0
-0.9892059512420414,1
-0.981301751723683,0
-0.9755088575858543,0
-0.9697555504239105,0
-0.9611255896809949,0
-0.9824101870484611,-1
-1.0,0
-0.9892432112564928,0
-0.9862055361956736,0
-0.9801038858570583,0
-0.9745019396410021,1
-0.9614307318035373,0
-0.9722927214149517,-1
-0.9948451574725492,-1
-0.9894273127753304,0
-0.9859819843513709,0
-0.9782102702347294,0
-0.9730554277072786,0
-0.9629429942797028,0
-0.9762772042869353,-1
-1.0,0
-0.9911608450389751,1
-0.9839371671362057,0
-0.9802333904660585,1
-0.9658779723792825,1
-0.9545039631723766,0
-0.9665478043302665,-1
-0.9951141669457633,-1
-0.988494651194862,0
-0.9816912600064356,0
-0.9782107606532832,1
-0.9642493613612035,1
-0.9544776952527302,0
-0.9706718677147567,-1
-0.9935906276062701,0
-0.9833986747834539,0
-0.9792614774391405,0
-0.9727338994070017,0
-0.9635138596111035,1
-0.9479369832607683,0
-0.9735350709562179,-1
-0.9905566828871071,0
-0.9782764304523992,0
-0.9783421002515154,0
-0.9828864503503484,0
-0.9915154619542019,0
-0.9741655010277324,0
-0.996059812053035,-1
-1.0,0
-0.9865022780688278,1
-0.9821562216882657,0
-0.9710219141030186,1
-0.9595856146846812,1
-0.9442102913564685,1
-0.9151140347421909,1
-0.7896298630532688,1
-0.613214112209661,1
-0.44971835979044394,1
-0.30792662911463875,1
-0.1851603839235304,1
-0.07767755150273759,1
0.09898767085516202,1
0.19520489489371196,1
0.2798939089560273,1
0.3564816638436996,1
0.4215149485957379,1
0.47622799070390354,1
0.5207783511245914,1
0.5726946862567457,1
0.6937277609275088,1
0.7414556006354958,1
0.7693176297580127,1
0.781473285699051,0
0.7702830416456841,-1
0.7141585934696806,-1
0.6087953514949573,-1
0.289262576714433,-1
0.15461622375754147,-1
0.027257278131099127,-1
-0.09150816679406026,-1
-0.2169376563044979,-1
-0.33315028236848154,-1
-0.43361557813184126,-1
-0.5522177613856463,-1
-0.7457570517910548,-1
-0.8112101400339882,-1
-0.8575764546985967,-1
-0.9074306323421371,-1
-0.9612030900981796,-1
-0.977766728755575,-1
-0.9790431381861628,0
-0.9817295347784465,0
-0.9829168923882956,0
-0.9787017728733312,0
-0.9730172983161784,0
-0.9923118594762269,-1
-1.0,0
-0.983166676528016,1
-0.9777527956925626,1
-0.966377729128454,0
-0.9621324182001065,1
-0.9472812259629608,1
-0.9421188095378972,-1
-0.9747204307437429,-1
-0.9946600792852494,0
-0.9886988935565942,1
-0.9754156558783504,1
-0.9647949825454115,1
-0.9532719957398971,1
-0.9394118691201704,0
-0.9577243950062126,-1
-0.9861250813561327,-1
-0.9783888527306076,0
-0.9715993136500799,1
-0.9572362582095734,1
-0.9506685994911543,1
-0.9373705697887699,0
-0.9368824329921306,-1
-0.9658600082835336,-1
-0.971983906277735,0
-0.9637447488314301,1
-0.955653511626531,0
-0.9512898645050589,0
-0.940388142713449,1
-0.9321933613395657,-1
-0.9615703212827643,-1
-0.9799272232412284,0
-0.9678273474942312,0
-0.9655345837524407,0
-0.9522809301224779,1
-0.9433021714691439,1
-0.932607538015502,0
-0.9503875510324833,-1
-0.9756375362404591,0
-0.9640849653866636,1
-0.9578723152476185,1
-0.9442488610141412,1
-0.9374889059818946,1
-0.925684870717709,0
-0.9389089402993905,-1
-0.9682563161943081,-1
-0.9615851133069049,0
-0.9563191527128573,0
-0.9536565883675522,0
-0.9421779776344595,1
-0.9315277202532395,0
-0.944574285545234,-1
-0.9739512454884326,-1
-0.9687296609668067,0
-0.9644695580143187,0
-0.9611413525826874,1
-0.9480208271699899,1
-0.9378587065854092,0
-0.9498846222117034,-1
-0.9816283060173954,-1
-0.9769984024613928,0
-0.9717324418673451,0
-0.9707413762499261,0
-0.9645435181350216,1
-0.9489823087391278,0
-0.9647506064729897,-1
-0.9952813442991539,-1
-0.9878113721081593,0
-0.9815099698242707,0
-0.9761848411336608,1
-0.9647506064729897,1
-0.9456836873557778,0
-0.9682415241701674,-1
-0.9963463700372759,-1
-0.9876190757943317,0
-0.9856665286077747,0
-0.9824862434175493,0
-0.9746612626471807,0
-0.9672948346251701,0
-0.9823235311520029,-1
-1.0,0
-0.9889694225905635,0
-0.9860643106257788,0
-0.9804900348760903,0
-0.9707866659784845,1
-0.9587385620433112,1
-0.9541818128193595,1
-0.8772627061781556,1
-0.7042684500416596,1
-0.5084462075016775,1
-0.3131401016051849,1
-0.1308258923633897,1
0.033747963103603285,1
0.17081910885321805,1
0.40313958546854156,1
0.493507738362962,1
0.5946115334419677,1
0.7028822544848587,1
0.7868650597612499,1
0.8561895843625345,1
0.9179490204463845,1
1.0,1
0.9941439914611896,-1
0.8957601632759031,-1
0.7230944533791044,-1
0.5220718154347654,-1
0.32415026575605244,-1
0.16541781755504426,-1
0.035042297401576494,-1
-0.2160160391169832,-1
-0.3573246983650774,-1
-0.5004940105725475,-1
-0.6386294632232568,-1
-0.7535428130476486,-1
-0.8274208321013119,-1
-0.8830240658873079,-1
-0.9557193443001276,-1
-0.9672005827161206,-1
-0.9772538781632903,-1
-1.0,-1
-1.0,0
-0.986261490585249,1
-0.9840530036855918,0
-0.975950438112174,1
-0.9654529549267901,0
-0.962269291993518,-1
-0.9917683670103684,-1
-1.0,0
-0.9874422529570777,0
-0.986498276527883,0
-0.9771157229286154,1
-0.9606962541298969,1
-0.9448918002774719,0
-0.957306520588698,-1
-0.9856115107913669,-1
-0.9761860491725903,1
-0.9695782141682281,0
-0.9645865812320322,0
-0.9538166683353119,1
-0.9347941130197234,1
-0.9340360713417337,-1
-0.9669608249781885,-1
-0.9769869988700888,0
-0.9668034955733227,0
-0.9643434357881489,0
-0.9537308522962942,1
-0.9377547663658338,1
-0.9239383840839853,0
-0.9369109086488264,-1
-0.9684626056609981,-1
-0.9650013587539511,0
-0.9575353633594119,0
-0.9525723357695554,0
-0.9431039661312699,1
-0.9305176137420084,1
-0.9232947637913526,-1
-0.9496974984624627,-1
-0.9699357809974685,0
-0.958608063847133,1
-0.9524293090378592,1
-0.93938527110717,1
-0.9097501322997268,1
-0.8927299512278845,0
-0.8974641360470272,-1
-0.9279574352446472,-1
-0.9250110845717064,0
-0.9154139908748945,0
-0.9140409342506114,0
-0.9084485890412918,1
-0.8972066879299742,1
-0.8902841941158802,0
-0.9118526252556602,-1
-0.938083727848735,-1
-0.9310611153224537,0
-0.927671381781255,0
-0.9234377905230488,1
-0.9104080552655291,1
-0.9007537508760387,0
-0.9016834246320637,-1
-0.9334782670881188,-1
-0.9408870517899796,0
-0.9270563668349614,1
-0.9239669894303245,0
-0.9157286496846261,1
-0.9034998641246049,1
-0.8928157672669021,0
-0.9093067494314687,-1
-0.9418024228728349,-1
-0.9381981492340918,0
-0.9317762489809346,0
-0.9270992748544703,1
-0.9151851481041806,1
-0.9060314372756268,0
-0.8999384985053707,-1
-0.9288155956348242,-1
-0.9472088333309495,0
-0.9335211751076276,1
-0.8958622366520302,1
-0.7770070226125263,1
-0.4228156242401705,1
-0.26169601098445294,1
-0.11982779581503789,1
0.012815195159975312,1
0.14508631663257865,1
0.2641703734427965,1
0.3846131842041278,1
0.623238983365991,1
0.7362587067522921,1
0.8139365247364732,1
0.8940600998326587,1
0.9713088376217516,1
1.0,1
1.0,0
1.0,-1
0.9339767478036212,-1
0.7681273122003016,-1
0.5592092359509526,-1
0.36496750238406017,-1
0.20538087476413014,-1
0.0693981346841881,-1
-0.04087057088944046,-1
-0.2395084439695111,-1
-0.34260806049087966,-1
-0.4592207335466024,-1
-0.5674063453201403,-1
-0.6630798677100171,-1
-0.741263518129003,-1
-0.8016597117485138,-1
-0.8686027715968807,-1
-0.9366550112608805,-1
-0.9490994677289544,-1
-0.9566743542747385,0
-0.9601642127190461,0
-0.9615303976139107,0
-0.9545777338915303,0
-0.9701197778935052,-1
-0.9899497487437185,0
-0.9836598875940943,0
-0.9793313809965034,0
-0.9691188107428124,1
-0.9610434406216818,1
-0.9503303867926443,0
-0.9453255510391797,-1
-0.9734202641741683,-1
-0.9755709908898462,0
-0.9733932110079333,0
-0.9648579370608088,0
-0.957607688509844,0
-0.9496270044705357,1
-0.9381835151531548,0
-0.9409835178584713,-1
-0.9770048087002983,-1
-0.9664540738686704,0
-0.9637487572451761,0
-0.9558357061214552,0
-0.9513043007771022,0
-0.9432830369884415,1
-0.933313945230865,0
-0.9443110573053694,-1
-0.9723651906910055,-1
-0.9653043143036854,0
-0.9632753268360645,0
-0.956917832770853,0
-0.9543613085616508,0
-0.9459613004457009,1
-0.9360192618543592,-1
-0.9787226847562172,-1
-0.9746241300716233,0
-0.9686859600830532,0
-0.9650473092244534,0
-0.9577564809241361,0
-0.9531303894979609,0
-0.9439999458936675,0
-0.9387381050609711,-1
-0.9862840447188838,-1
-0.9781545682652834,0
-0.9763014263781897,0
-0.9832374892940169,0
-0.9782889459874655,0
-0.9743192354228694,0
-0.9650882988702639,-1
-1.0,-1
-1.0,0
-0.9872938467269464,1
-0.9828101188661993,0
-0.9747908835382166,0
-0.9706864438348742,0
-0.962450472416946,0
-0.9570727081851739,-1
-0.9943106776389312,0
-0.9711605540316299,1
-0.9305902671949609,1
-0.8374343865352705,1
-0.6837143147414406,1
-0.525036404890108,1
-0.39553659114768536,1
-0.18710420264824412,1
-0.07744928714145416,1
0.0227776084527076,1
0.11887297233228344,1
0.21060652240170685,1
0.2998205154255138,1
0.3945612787429307,1
0.4676826170882862,1
0.6245318161807036,1
0.7025297165498323,1
0.7593416641267907,1
0.8001015950421619,1
0.8243624911104339,0
0.803054624267669,-1
0.7100612956754377,-1
0.4294557892241526,-1
0.2792712248975584,-1
0.15674760405025578,-1
0.05404178942734261,-1
-0.03893799315926716,-1
-0.14366216261979747,-1
-0.23046496664296112,-1
-0.3002946256222696,-1
-0.4459277320600088,-1
-0.515134274780724,-1
-0.5783534830166954,-1
-0.645352026821091,-1
-0.7241491415218937,-1
-0.7794168444579904,-1
-0.8143113549392123,-1
-0.8794405499678283,-1
-0.9022520234345898,-1
-0.9168952555115311,-1
-0.9260117172948626,-1
-0.9545802431508009,-1
-0.9867926445189474,-1
-0.9878898709742965,0
-0.9881607910867283,0
-0.9813065122422026,0
-0.9731653628636255,1
-0.9625723864675404,1
-0.9553252734599885,-1
-0.9790849673202614,-1
-0.992522604896881,0
-0.9801009177418809,1
-0.9730976328355176,0
-0.9659588878729385,0
-0.9599444613769514,1
-0.9481729824917877,0
-0.9493243929696231,-1
-0.98085949405669,-1
-0.9863591723390566,0
-0.9738968471671916,1
-0.9602831115174912,1
-0.9558671136848522,0
-0.9464797317890887,1
-0.9367807917640286,0
-0.9562464018422567,-1
-0.9744251413864337,0
-0.965674421754885,1
-0.9572758982694978,0
-0.9503945274137289,0
-0.9441227268109317,1
-0.93287954214501,0
-0.9444342849402283,-1
-0.9752108097124861,-1
-0.9719868603745471,0
-0.9640805805385111,1
-0.9473117561015452,1
-0.9421142123122387,1
-0.9309172179775614,0
-0.9417429591844311,-1
-0.9759873476934043,-1
-0.9745023351821739,0
-0.9689929387655091,1
-0.9581226471833025,1
-0.9523756487648408,1
-0.9420696619369018,0
-0.9577810943057196,-1
-0.986278484396231,-1
-0.9764922519472227,1
-0.96835438338568,1
-0.9566079344218475,1
-0.9246356150550569,1
-0.9066818137942813,0
-0.9161710437410435,0
-0.9113299029544324,1
-0.8729126292889018,1
-0.8501919378670766,1
-0.8336043481166329,1
-0.8234468625398169,0
-0.8248130740501489,0
-0.8270999933174437,1
-0.7507555001150885,1
-0.6120850318163931,1
-0.47005843524231694,1
-0.3388427297499982,1
-0.21539363969141445,1
-0.005724723230793205,1
0.07421350024873963,1
0.15557733573905352,1
0.22457101701081839,1
0.28091239168689985,1
0.3232203981318542,1
0.3536483044869654,0
0.31656754208154214,-1
0.3293683499283482,1
0.33890213025044735,-1
0.3118155020456048,-1
0.2618596811678138,-1
0.18968807312201608,-1
0.09819645230511065,-1
-0.011887525152399436,-1
-0.17277378061910176,-1
-0.23404539683246828,-1
-0.29818308719250963,-1
-0.3543017099919067,-1
-0.3980947289480914,-1
-0.45024836834250326,-1
-0.5006645430987756,-1
-0.5393342688912154,-1
-0.5794296066944364,-1
-0.6192427921205237,-1
-0.6535762813801707,-1
-0.6834101827307895,-1
-0.7243222774151872,-1
-0.7619227941995411,-1
-0.7689469033776609,-1
-0.7891133732801698,-1
-0.8025824367570297,0
-0.7960483817076158,1
-0.7841088811173234,0
-0.7809309543432903,-1
-0.8034140437633187,-1
-0.809339243683128,0
-0.7899598304115713,1
-0.7884536604622409,0
-0.7847295153397538,0
-0.7826439940711609,1
-0.7650362359320417,1
-0.7526869707058744,-1
-0.7816161300173545,-1
-0.7937121533751927,0
-0.7746613284424464,1
-0.7671013293371208,0
-0.7617183713942756,0
-0.7558433425037465,1
-0.7446151781520499,0
-0.7446300893928888,-1
-0.7780760025945559,-1
-0.7811477182073706,0
-0.7798653514952247,0
-0.7745271272748961,1
-0.762777069493838,1
-0.7493867752204999,1
-0.737920031015381,1
-0.7308073691352226,-1
-0.7576476026452541,-1
-0.7702625123949689,0
-0.7679512700649385,0
-0.7732000268402335,0
-0.7837422741133404,0
-0.7814626491844833,0
-0.7701310377200868,1
-0.7339912740297598,0
-0.7627573572486074,0
-0.7314849561819827,1
-0.7208891635946226,1
-0.7006026357034061,1
-0.6478223438776186,1
-0.5933202357563852,1
-0.550032008123441,1
-0.5680227809540628,1
-0.41398644621531533,1
-0.203637888788327,1
-0.042846736275137465,1
0.09964459945696569,1
0.23330610803293528,1
0.3652458003134589,1
0.4823955321074589,1
0.6929869097812411,1
0.8281936381095341,1
0.9528487229862475,1
1.0,1
1.0,0
1.0,0
1.0,0
1.0,0
1.0,0
1.0,0
1.0,0
1.0,0
1.0,0
0.9952875429520824,-1
0.9192085488804138,-1
0.5735528452214629,-1
0.4189329003511686,-1
0.28548880413850397,-1
0.16056338028169015,-1
0.049926367858626364,-1
-0.052765925310576556,-1
-0.16748102556356903,-1
-0.25869425669297286,-1
-0.4114110939093003,-1
-0.48613072537099267,-1
-0.5498697277498773,-1
-0.5916323679341464,-1
-0.6176112978136918,-1
-0.6608541328399351,-1
-0.6792206321036136,-1
-0.6787221991466224,-1
-0.7015141789072235,-1
-0.713431257788015,-1
-0.7262394743797909,-1
-0.7325982705886795,-1
-0.7641354831401277,-1
-0.7937997960956085,-1
-0.7947513499225919,0
-0.8064267643393875,-1
-0.8119246308952913,0
-0.8107465166333119,0
-0.7987841256655213,0
-0.8070611335573764,-1
-0.8319676773779405,-1
-0.8286145829399992,0
-0.8323905901899331,0
-0.8340520333799041,0
-0.8326171506249291,0
-0.8188724842351698,0
-0.8302012811560764,-1
-0.8685903298579355,-1
-0.8783594163337601,-1
-0.9069107465851681,-1
-0.9176781994455495,0
-0.9143577615236425,0
-0.9103228440424597,-1
-0.9556823554868129,-1
-1.0,-1
-1.0,0
-0.9898129149064574,0
-0.9910681955340978,0
-0.9924683162341581,0
-0.9839066586199959,0
-0.9822490444578555,-1
-1.0,-1
-1.0,0
-0.9922250461192529,0
-0.9892639129711883,0
-0.9856693823582972,0
-0.9752499940618987,1
-0.9689635242234943,-1
-0.9977197691266241,-1
-1.0,0
-0.9847966972679839,1
-0.9755610460756377,1
-0.9566476954287474,1
-0.9491328749713852,0
-0.9650939747243119,-1
-0.9955637299400867,-1
-0.9919799815286976,0
-0.9875437114687843,0
-0.9856807937923794,0
-0.9796184176250957,1
-0.9625048349028678,0
-0.977013490365716,1
-0.9255622301334828,1
-0.7887798678591444,1
-0.6058981868127531,1
-0.43842504519154113,1
-0.2889495828169526,1
-0.05821617738765261,1
0.051017105689003195,1
0.1565087659749138,1
0.2514070554060135,1
0.33787485297948416,1
0.4145702264707971,1
0.48406652826346086,1
0.5536575546837381,1
0.7068430649732009,1
0.7834437138368999,1
0.8451252338514244,1
0.8026096634907605,-1
0.6344892369141875,-1
0.4285894713576408,-1
0.255922262655605,-1
-0.022315543522019476,-1
-0.1418422361327092,-1
-0.25289107457196314,-1
-0.36558180655652295,-1
-0.46905267478667223,-1
-0.5576044141676468,-1
-0.6405042507676642,-1
-0.715131469889409,-1
-0.8355422590244942,-1
-0.8975395277977314,-1
-0.9716773363434715,-1
-1.0,-1
-1.0,0
-1.0,0
-1.0,0
-1.0,0
-1.0,0
-1.0,1
-0.9837931988248574,1
-0.9809226214949428,0
-0.9800106151557513,0
-0.9755701908485397,0
-0.9673023301014421,0
-0.9802946827040241,-1
-1.0,0
-0.9852418897543797,1
-0.9783179634106306,0
-0.9707225355895783,0
-0.9633957083594473,0
-0.9558450473035485,0
-0.9624406840361716,-1
-0.9929417733607903,-1
-0.9840182648401826,0
-0.9789148536126779,0
-0.9734383860088937,0
-0.9666338377055541,0
-0.962067627659892,0
-0.9511296147073746,-1
-0.9971349270301728,-1
-0.9953144119139284,0
-0.986972871340317,0
-0.9826454173754737,0
-0.9759453248574924,0
-0.9693198436147671,1
-0.9540543766974066,-1
-0.9902408451965261,-1
-0.9939266421941684,0
-0.9850180559286119,0
-0.9842271764108992,0
-0.9780941295848629,0
-0.9752738233801892,0
-0.966141403288865,1
-0.9592323992001671,-1
-1.0,-1
-0.9847864074060304,1
-0.9774101200877421,1
-0.9629401048444064,1
-0.952181139275413,1
-0.9359589889728658,1
-0.9100862241828754,1
-0.8834088630439142,1
-0.7796350511329456,1
-0.6420613595347904,1
-0.4964988971325446,1
-0.36099458592340083,1
-0.23580509324243026,1
-0.12012833366753561,1
-0.029909765390013998,1
0.15200320834168846,1
0.24140364948867044,1
0.32060156406657314,1
0.40273511128935224,1
0.4740725887306998,1
0.5263685582514537,1
0.5653178263485061,1
0.676534990976539,1
0.7298255464206937,1
0.7801163023862041,1
0.8028955283737718,-1
0.7270824142771206,-1
0.5299619009424503,-1
0.32255865249649096,-1
0.17359534790455178,-1
-0.07843593342691002,-1
-0.19493082013234408,-1
-0.30366151995187485,-1
-0.40573491076799684,-1
-0.5131020653699618,-1
-0.6058070984559856,-1
-0.6697653900140366,-1
-0.7767635853218368,-1
-0.8205253659514739,-1
-0.8509564868658512,-1
-0.8798636454782435,-1
-0.9324964908762783,-1
-0.9662161620212553,-1
-0.9680930419089633,0
-0.9773651493884099,-1
-0.984888710647684,0
-0.9806216162021255,0
-0.9850170443152195,-1
-1.0,0
-1.0,0
-0.9889268539610225,0
-0.9914736775499874,0
-0.9862376613515565,1
-0.9754334345735257,1
-0.9688370032903062,-1
-1.0,-1
-1.0,1
-0.9826284639203543,1
-0.9819542978089602,0
-0.9742092266687571,1
-0.9580135617136362,1
-0.9472269039313291,0
-0.9641594481244855,-1
-1.0,-1
-0.9928359799971783,0
-0.9864714458152404,0
-0.9823329309777241,1
-0.9680832719349124,1
-0.9580818610775814,0
-0.9571883181012996,-1
-0.9933689705444342,-1
-1.0,0
-0.9859073419463822,1
-0.9838739950574029,0
-0.974770857446742,1
-0.9656364375762505,1
-0.9570807395126224,-1
-0.982137829636813,-1
-1.0,0
-0.9906111314052991,0
-0.9882639142566239,0
-0.9834140351149904,1
-0.9706986468526305,1
-0.9587293938428297,0
-0.960579187489799,-1
-0.9979170390866061,-1
-1.0,0
-0.9849694108878606,1
-0.981553367907829,1
-0.9676873389025186,1
-0.9243346479922984,1
-0.8816962206142667,1
-0.8425355440841797,1
-0.7288292695486496,1
-0.6034226765193063,1
-0.508518070324502,1
-0.3957619918123536,1
-0.13684698370194903,1
-0.01600624801531103,1
0.08164473853600751,1
0.1822309190933511,1
0.29291004746088545,1
0.3861496605645529,1
0.4731412583571497,1
0.5503660410068918,1
0.6564106525228077,1
0.673455375610426,1
0.6827587390681189,-1
0.5933468935863435,-1
0.3885699082537313,-1
0.19141412841044647,-1
0.030287425869186535,-1
-0.24596410824171577,-1
-0.37682913222963177,-1
-0.48132890479500845,-1
-0.5687152947638542,-1
-0.6449788442888162,-1
-0.70785378957577,-1
-0.7551258614622759,-1
-0.8044405537389394,-1
-0.8993794896882,-1
-0.9065029137379095,-1
-0.9165958615481002,-1
-0.9224147549284654,0
-0.9248350026176437,0
-0.9201318262571127,0
-0.9364556245011457,-1
-0.9711973360110542,-1
-0.968313636636714,0
-0.9737034080863737,0
-0.9670949303535107,0
-0.9590274380562493,1
-0.9434073997785731,0
-0.9556287923650626,-1
-0.9947990421998507,-1
-0.9720384149952368,1
-0.9616021696404816,1
-0.9462910991529133,1
-0.935597380639735,1
-0.9137121621737601,1
-0.906949200545843,-1
-0.9366959327823408,0
-0.9066573976329635,1
-0.9011818017971627,1
-0.8826780641451462,1
-0.8685856999407812,1
-0.8509058763957191,1
-0.8422891080271548,-1
-0.8725164568260426,-1
-0.8850296523254118,0
-0.865066900108997,1
-0.8509402061501755,1
-0.8357836195576611,1
-0.8200605920166156,1
-0.8066719877786074,0
-0.8324536333753872,-1
-0.8452929615420925,1
-0.7372228945132471,1
-0.6629161409923016,1
-0.5985135216320365,1
-0.541869426778925,1
-0.5015319652926182,1
-0.5047589622115227,0
-0.5016864491876722,1
-0.46272217787962266,1
-0.42574903233004624,1
-0.43065818721731597,-1
-0.4443385943682038,-1
-0.4478745590772162,-1
-0.4829424032544607,-1
-0.4932413295913901,1
-0.4330955997837226,1
-0.2118574971892514,1
-0.09820884506123573,1
0.015800269488572383,1
0.1720979327495058,1
0.41772609871059174,1
0.5479165604120977,1
0.6592237466211046,1
0.7524557555974907,1
0.9451828428622431,1
1.0,1
1.0,0
1.0,0
1.0,0
1.0,0
1.0,-1
0.9314170012460197,-1
0.7947528727675481,-1
0.627820850062301,-1
0.4796137339055795,-1
0.3638377405510176,-1
0.26249480825141913,-1
0.1720199363145507,-1
0.08590613318565699,-1
-0.090388342793853,-1
-0.1809670497023398,-1
-0.25122871383081824,-1
-0.3119375605704001,-1
-0.37692094697494116,-1
-0.432680326734044,-1
-0.4806001661359546,-1
-0.5729613733905579,-1
-0.6302436660667312,-1
-0.6533988647376436,-1
-0.6712584798560155,-1
-0.6875432645715076,-1
-0.6985497715630624,-1
-0.7061816419770179,0
-0.701041810881905,-1
-0.7484078637685172,-1
-0.7614910701924408,0
-0.7557801467534265,0
-0.7571819188702755,0
-0.7537034473210578,0
-0.7531496608057594,0
-0.7454312612487886,-1
-0.7803890350269971,-1
-0.7961892565416032,0
-0.7855807836079192,0
-0.7857192302367437,0
-0.7797660251972864,0
-0.7751280631316627,1
-0.7631697355669389,1
-0.7502768932576491,-1
-0.8032500346116572,-1
-0.7902360515021459,0
-0.7876747888688911,0
-0.7878132354977156,0
-0.7880728229267617,0
-0.7814100789145784,1
-0.768136508376021,-1
-0.8183234113249342,-1
-0.8059670497023398,0
-0.8035442336979095,0
-0.7997369514052333,0
-0.8041556413481976,0
-0.8041382900273284,0
-0.7973712748883008,0
-0.8188869127662344,-1
-0.8447750835032317,-1
-0.8376436906259489,0
-0.8314145664338698,0
-0.822669500715742,0
-0.8162842146358391,1
-0.8013100247256322,0
-0.809760117988982,-1
-0.8458335140762591,-1
-0.8368455298659611,0
-0.8319004034182103,1
-0.8209864225914197,1
-0.8126404372532859,1
-0.7919229601353404,1
-0.7827961653580879,0
-0.8029931028499544,1
-0.67846267297098,1
-0.5568819676397866,1
-0.39244349976141935,1
-0.22115126013967812,1
-0.06151910814210737,1
0.08176809959658171,1
0.21544267557367802,1
0.4927167830651109,1
0.620630720513599,1
0.7404936450787316,1
0.8453997310545265,1
0.9485012796599142,1
1.0,1
1.0,0
1.0,0
1.0,-1
0.839390529485113,-1
0.626440801678781,-1
0.43081110671816547,-1
0.27102277911255745,-1
0.15536327970560504,-1
0.05807305130622553,-1
-0.15036039049907246,-1
-0.2503877619293817,-1
-0.35160122867309385,-1
-0.4526474255649159,-1
-0.5288920653264804,-1
-0.5941425139138103,-1
-0.6620388674310391,-1
-0.7452956266609319,-1
-0.8374257272937726,-1
-0.9055463177360954,-1
-0.9420941321533647,-1
-0.9484622168114314,-1
-0.9589040026845848,-1
-0.9651160068363261,-1
-0.994319125873296,-1
-1.0,0
-1.0,0
-0.9955190207420939,0
-0.9877436630053787,0
-0.9840745684910653,0
-0.9758152025418237,1
-0.9666190465038214,1
-0.9518802157739837,-1
-0.9919904447410947,-1
-0.9785631201355223,1
-0.9730204454436872,0
-0.9671030547163477,0
-0.9604050055817076,1
-0.9504438043045504,1
-0.9425747675589592,-1
-0.9981264198224783,-1
-0.984777161057636,1
-0.9779073670733897,1
-0.9677119682740424,1
-0.9602957134046856,1
-0.9487263558084889,1
-0.9428401914174415,-1
-0.9735825194969437,-1
-0.9705535648766169,0
-0.9632934416887202,0
-0.9556742156334652,0
-0.9477114998789979,1
-0.9336440353794391,0
-0.9343778542823017,-1
-0.9688205032124093,-1
-0.9559552526600935,1
-0.9485858372951748,1
-0.9392179364075661,1
-0.9321295580692757,1
-0.9184055832689291,0
-0.9349087019992661,-1
-0.96736847857483,-1
-0.9627782071399018,1
-0.9464312200910248,1
-0.9367822821767879,1
-0.9199200605790924,1
-0.8984051148738846,0
-0.9065395754779582,0
-0.89548545243058,1
-0.8570926719595306,1
-0.7599163134187373,1
-0.6864563572917399,1
-0.5939171096903129,1
-0.49574150838817455,1
-0.39381874673099293,1
-0.27259810924533756,1
-0.1572792493188755,1
-0.0548724794491674,1
0.1351397768878273,1
0.21740555984917687,1
0.2879458535328696,1
0.36989937313129895,1
0.4589724974043108,1
0.5569295143524049,1
0.635573042303879,1
0.7228818785763913,1
0.7529684535937611,1
0.7945150940303052,1
0.8132665089736684,-1
0.7744677861308227,-1
0.6928109167271677,-1
0.5596462056098113,-1
0.3910552159691483,-1
0.07479488200348183,-1
-0.037526249638945464,-1
-0.14997228662654083,-1
-0.2571722991170753,-1
-0.3521315877811346,-1
-0.4381445310975276,-1
-0.5257500175648142,-1
-0.6592738315495289,-1
-0.708455311209474,-1
-0.7654433749424264,-1
-0.8066933651841963,-1
-0.8240239818262722,-1
-0.886898209950272,-1
-0.8799191237890036,0
-0.8713631076449878,1
-0.8633067128816444,1
-0.8459760962395685,1
-0.8371234299007784,-1
-0.8664605728471393,-1
-0.8882565555789753,0
-0.8781704489566501,1
-0.8713162681405497,0
-0.8646182190059095,0
-0.8594190340132868,1
-0.8388252652286938,0
-0.8690211324230857,-1
-0.8831354364270826,0
-0.8593097418362647,1
-0.8203236609756669,1
-0.7359813266508974,1
-0.6100298992169997,1
-0.3077745770783078,1
-0.20332248218147186,1
-0.1017275970553565,1
0.0037549669391163665,1
0.10261754763967934,1
0.20101173329586164,1
0.29336362287953666,1
0.3731781384419619,1
0.4911824632895383,1
0.5508403787754592,1
0.6038002451267399,1
0.6286095693107567,0
0.5957438503633965,-1
0.461439377971381,-1
0.2616220520386894,-1
-0.11493633730688457,-1
-0.24736722952137835,-1
-0.3677135295908569,-1
-0.4813461673575493,-1
-0.5904353731937516,-1
-0.6711554525086458,-1
-0.7463796966361429,-1
-0.8275681709954176,-1
-0.9031515179902729,-1
-0.9283199450416482,-1
-0.9469776809761352,-1
-0.955471244447567,0
-0.9505999359860106,0
-0.9630436309983841,-1
-0.9905219721785,0
-0.9749778279101406,1
-0.9708447781499436,0
-0.9644557720623057,0
-0.9554663888338772,1
-0.9375048434176877,0
-0.9499384347796137,-1
-0.9856893152053179,-1
-0.9776126471322663,1
-0.9587383865606999,1
-0.9512644549110103,0
-0.9447549015387,1
-0.9334751199014957,0
-0.9448582277827049,-1
-0.9804368978017342,-1
-0.9741684389987687,1
-0.9531071062624314,1
-0.9447376804980325,0
-0.9390202949964266,1
-0.9249334837304218,0
-0.9328551624374661,-1
-0.9706381256619337,-1
-0.9678827591551358,0
-0.9648327400294785,1
-0.9505934475120026,0
-0.9504900143944421,0
-0.939164088021583,0
-0.9454217916339847,-1
-0.9750209021091737,-1
-0.9720213416999233,1
-0.9556961479783135,1
-0.9325098907918667,1
-0.930165406793832,0
-0.9276312954136032,0
-0.923356059887775,-1
-0.9521966608341881,-1
-0.9456976132808123,1
-0.9263194324277557,1
-0.9098459941166291,1
-0.8851185326181,1
-0.8659629693718637,0
-0.8803945319259388,-1
-0.9145872988406298,0
-0.8937532445059699,1
-0.8804983561169752,0
-0.8808098286900847,1
-0.8639210936148123,1
-0.835179096729538,1
-0.8166291745976813,1
-0.7917113687489186,1
-0.7074407336909501,1
-0.595950856549576,1
-0.45182557535905865,1
-0.287021976120436,1
0.018688354386572126,1
0.14395224087212322,1
0.26537463228932334,1
0.3929918671050354,1
0.511039972313549,1
0.6143796504585568,1
0.704793216819519,1
0.8545077002941686,1
0.9236373074926458,1
1.0,1
1.0,0
1.0,0
1.0,-1
0.9702446919623993,-1
0.8176092104318984,-1
0.4060419540275706,-1
0.2525772784895912,-1
0.11673297561053397,-1
-0.0011560877988885387,-1
-0.12006569767905406,-1
-0.25302376757054124,-1
-0.38009774921665085,-1
-0.5654385559267439,-1
-0.6526474410594548,-1
-0.7466652846766542,-1
-0.8104175470208813,-1
-0.8658619232517162,-1
-0.9321974438500116,-1
-0.964998445261236,-1
-0.9766390534431484,-1
-1.0,-1
-1.0,0
-0.9961993142929537,0
-1.0,0
-1.0,0
-0.9925823621607361,0
-0.9850716158967118,1
-0.9673189429090175,1
-0.9557579801679055,1
-0.9447867041169442,0
-0.9714312316692789,-1
-0.990844338231871,0
-0.97355720736798,1
-0.966837882714421,1
-0.9493024627178349,1
-0.9361741748265856,1
-0.9312704644558588,-1
-0.9626635216709859,-1
-0.9635480517062118,1
-0.9366707530919756,1
-0.9064260331155631,1
-0.8545801585946835,1
-0.6900575720426436,1
-0.6220573858257941,1
-0.5747272699058052,1
-0.5003801927344392,1
-0.43118511506649493,1
-0.3782374575192812,1
-0.3272605949628342,1
-0.2482270604118496,1
-0.23810927825452743,1
-0.21224065424186467,1
-0.17941993451374127,1
-0.17315063391319196,-1
-0.20739901615431167,-1
-0.2672056609922254,-1
-0.3246690771403299,-1
-0.47036824381992826,-1
-0.5085892521841684,-1
-0.5446222125665336,-1
-0.5850778231250291,-1
-0.619186542729008,-1
-0.6415636008131469,-1
-0.6793035489827904,-1
-0.7769122142735215,-1
-0.7973805496500674,-1
-0.8205490293446719,-1
-0.8414518707034342,-1
-0.854207724895641,-1
-0.8603373628590494,-1
-0.8915286851538616,-1
-0.9132074300522959,-1
-0.9080399124780807,0
-0.9077450691330053,0
-0.9072019366552351,0
-0.8984497447277354,0
-0.8936701789233562,-1
-0.9238683446873884,-1
-0.9293927778898528,1
-0.9008084914883382,1
-0.8895423720923015,1
-0.8829937462174703,1
-0.8700982293881225,1
-0.8642168805574091,-1
-0.8973634797721948,-1
-0.9075743703542776,0
-0.8943840101798545,1
-0.8815971198460607,1
-0.8774848310857994,0
-0.8658928322031005,0
-0.8688723017954407,-1
-0.9090951412920346,-1
-0.9159541285827346,0
-0.905044924814947,1
-0.8917614562157633,1
-0.8878509023758167,0
-0.8767709998293012,0
-0.8788504213156221,-1
-0.9226734532362937,-1
-0.9307738861904689,0
-0.9177231886531867,1
-0.9117021771853323,1
-0.8987290700020174,1
-0.8860352880929843,0
-0.8894337455967474,-1
-0.9261650191648174,0
-0.8988376964975714,1
-0.7690755885228349,1
-0.5690166198538198,1
-0.19835198088173678,1
-0.05772722335159297,1
0.05903074129824182,1
0.160782731490821,1
0.27389394950419765,1
0.37437345789171483,1
0.4583262208842196,1
0.5480517062118837,1
0.7018202697040703,1
0.7666547694790584,1
0.8285408358032929,1
0.8669325429462609,1
0.8851662761285517,0
0.860570133920951,-1
0.7988702844462376,-1
0.5519001877686567,-1
0.3645660371502615,-1
0.22229636411601317,-1
0.10726090532425014,-1
-0.00761937275957858,-1
-0.11754938626030009,-1
-0.2295588212473425,-1
-0.3363231483062026,-1
-0.5213295883055818,-1
-0.5843019195853572,-1
-0.6481587809003584,-1
-0.7039772815443583,-1
-0.7475365062615416,-1
-0.7957511522167564,-1
-0.8566285439394175,-1
-0.8873543241104266,-1
-0.8964479135953818,0
-0.901475768532456,0
-0.9025775515587902,0
-0.8960909979671328,0
-0.9183128753433373,-1
-0.9397278130382831,0
-0.9268633323505222,1
-0.9138436709548269,1
-0.9040672863549604,1
-0.8931425645163793,1
-0.8842507099517388,-1
-0.9179714777858816,-1
-0.937944825848712,0
-0.9198564396371479,1
-0.9078875882846842,1
-0.9018290775588153,1
-0.8913419271990912,1
-0.8853986598837688,-1
-0.921667407517163,-1
-0.9365996608551062,0
-0.9171893778502165,1
-0.9101430664625212,1
-0.8909138802456331,1
-0.8802620964422713,1
-0.8721950577040221,-1
-0.9094022159661513,-1
-0.9292405459244991,0
-0.9123985446403582,1
-0.9043644325908365,1
-0.8852175630957673,1
-0.8747468760804069,1
-0.8689353155199947,-1
-0.9075912480861362,-1
-0.9274131147001202,0
-0.9214075567749827,0
-0.9177116765377362,0
-0.9062303543658803,1
-0.8901995169241967,1
-0.8848062733679648,-1
-0.9247427455911061,-1
-0.9397313304437018,0
-0.9398220040408088,0
-0.9391847165779882,0
-0.9316562161617687,0
