0.21299999999999997
0.22250000000000003
0.21625000000000005
0.20000000000000007
0.20499999999999996
0.1865
0.21849999999999992
0.17600000000000005
0.2005
0.22199999999999998
0.19999999999999996
0.1825000000000001
0.21450000000000002
0.22525000000000006
0.21299999999999997
0.23624999999999996
0.22299999999999998
0.23449999999999993
0.2067500000000001
0.1935
0.17349999999999988
0.20999999999999996
0.2177500000000001
0.21324999999999994
0.1917500000000001
0.20475
0.24949999999999994
0.21650000000000003
0.22099999999999997
0.22650000000000003
0.23299999999999998
0.24149999999999994
0.22099999999999997
0.21950000000000003
0.22550000000000003
0.237
0.22999999999999998
0.22375
0.21749999999999992
0.25425
0.25075000000000003
0.21824999999999994
0.20825000000000005
0.2427499999999999
0.23175
0.2240000000000001
0.23124999999999996
0.2157500000000001
0.21899999999999997
0.20750000000000002
0.22825000000000006
0.21925000000000006
0.20650000000000002
0.21324999999999994
0.2450000000000001
0.27649999999999997
0.254
0.21924999999999994
0.19025000000000003
0.23475000000000013
0.23624999999999996
0.24450000000000005
0.22425000000000006
0.23150000000000004
0.2467499999999999
0.23050000000000004
0.23224999999999996
0.18425000000000002
0.22699999999999987
0.25425
0.2260000000000001
0.19274999999999998
0.2297499999999999
0.20099999999999996
0.2005
0.21424999999999994
0.22924999999999995
0.2267499999999999
0.1925
0.2240000000000001
0.22399999999999998
0.24975000000000003
0.23049999999999993
0.22299999999999998
0.23550000000000004
0.25649999999999995
0.20824999999999994
0.23475000000000001
0.24
0.24824999999999997
0.24725000000000008
0.26525
0.22750000000000004
0.1802499999999999
0.2562500000000001
0.23925000000000007
0.22950000000000004
0.22575
0.22375
0.19274999999999998
0.2154999999999999
0.22549999999999992
0.22225000000000006
0.22899999999999998
0.22424999999999995
0.21575
0.21599999999999997
0.20199999999999996
0.22125000000000006
0.21199999999999997
0.21175
0.20174999999999998
0.18625000000000003
0.18400000000000005
0.19274999999999998
0.19525000000000003
0.21699999999999997
0.2054999999999999
0.16974999999999996
0.18300000000000005
0.35125000000000006
0.17875000000000008
0.1885000000000001
0.20775
0.21174999999999988
0.1805
0.17774999999999996
0.20350000000000001
0.1529999999999999
0.21224999999999994
0.10299999999999998
0.14925
0.18074999999999997
0.247
0.2865
0.2659999999999999
0.22099999999999986
0.2297499999999999
0.22699999999999998
0.254
0.2527499999999999
0.19124999999999992
0.24850000000000005
0.22849999999999993
0.22599999999999998
0.24974999999999992
0.20074999999999998
0.18074999999999997
0.1825
0.19425000000000003
0.1845000000000001
0.17525000000000002
0.19324999999999992
0.21599999999999997
0.1977500000000001
0.2005
0.22775
0.23350000000000004
0.1955
0.20475
0.20750000000000002
0.21924999999999994
0.19174999999999998
0.25375000000000003
0.21700000000000008
0.21524999999999994
0.20750000000000002
0.1752499999999999
0.17500000000000004
0.19225000000000014
0.19299999999999995
0.17974999999999997
0.20724999999999993
0.16625
0.19999999999999996
0.21949999999999992
0.22075
0.20550000000000002
0.2005
0.21025000000000005
0.20675
0.25025
0.21175
0.23325000000000007
0.23399999999999999
0.23225000000000007
0.23199999999999998
0.25049999999999994
0.21400000000000008
0.21150000000000002
0.23049999999999993
0.23275
0.25050000000000006
0.24324999999999997
0.24649999999999994
0.22450000000000003
0.25225
0.242
0.25475000000000003
0.21649999999999991
0.2895
0.21475
0.242
0.21624999999999994
0.26750000000000007
0.21675
0.21650000000000003
0.22250000000000003
0.22999999999999998
0.21700000000000008
0.21350000000000002
0.25325
0.24850000000000005
0.18999999999999995
0.19699999999999995
0.21824999999999994
0.2227499999999999
0.20450000000000002
0.20450000000000002
0.20274999999999999
0.19924999999999993
0.21650000000000003
0.20799999999999996
0.20550000000000002
0.19474999999999998
0.21825000000000006
0.19374999999999998
0.17474999999999996
0.19300000000000006
0.2057500000000001
0.21124999999999994
0.1775
0.19124999999999992
0.21400000000000008
0.20974999999999988
0.18199999999999994
0.20200000000000007
0.20825000000000005
0.21499999999999997
0.20174999999999987
0.20350000000000001
0.1895000000000001
0.17599999999999993
0.23849999999999993
0.18574999999999997
0.19699999999999995
0.21699999999999986
0.17900000000000016
0.1975
0.20924999999999994
0.17175000000000007
0.20550000000000002
0.20174999999999998
0.19824999999999993
0.17525000000000002
0.21600000000000008
0.1842499999999999
0.18274999999999997
0.15275000000000005
0.2005
0.18674999999999997
0.17500000000000004
0.15074999999999994
0.19424999999999992
0.1865
0.1572500000000001
0.16725
0.16400000000000003
0.20124999999999993
0.18575000000000008
0.18725000000000003
0.1825
0.22449999999999992
0.1805
0.1935
0.18700000000000006
0.16825
0.23150000000000004
0.21725000000000005
0.19274999999999998
0.20674999999999988
0.20274999999999999
0.20025000000000004
0.1915
0.20924999999999994
0.19400000000000006
0.1755
0.21025000000000005
0.17100000000000004
0.23324999999999996
0.17174999999999996
0.18500000000000005
0.18200000000000005
0.18700000000000006
0.2367499999999999
0.17675000000000007
0.19024999999999992
0.19999999999999996
0.18000000000000016
0.17425000000000013
0.18775000000000008
0.19124999999999992
0.19324999999999992
0.17825000000000002
0.19174999999999998
0.1937500000000001
0.18575000000000008
0.2157500000000001
0.22275
0.19174999999999998
0.1895
0.20675
0.19674999999999998
0.1905
0.1945
0.18974999999999997
0.20324999999999993
0.19574999999999998
0.21399999999999997
0.18274999999999997
0.19174999999999998
0.18924999999999992
0.1915
0.18975000000000009
0.20100000000000007
0.18824999999999992
0.18625000000000003
0.20825000000000005
0.18999999999999995
0.22199999999999986
0.19900000000000007
0.20924999999999994
0.1925
0.20475
0.2025
0.18699999999999994
0.17500000000000004
0.1925
0.19200000000000006
0.18699999999999994
0.20099999999999996
0.22399999999999998
0.2034999999999999
0.17000000000000004
0.17625000000000002
0.17800000000000016
0.20799999999999996
0.18399999999999994
0.1665000000000001
0.2005
0.19400000000000006
0.18625000000000003
0.18974999999999997
0.18875000000000008
0.19574999999999998
0.18425000000000002
0.19474999999999998
0.1885
0.20399999999999996
0.19599999999999995
0.17599999999999993
0.19799999999999995
0.1825000000000001
0.16925
0.18999999999999995
0.19724999999999993
0.17049999999999987
0.1934999999999999
0.16375000000000006
0.17375000000000007
0.17300000000000004
0.17199999999999993
0.15125
0.14775000000000005
0.17599999999999993
0.18700000000000006
0.16525000000000012
0.1795000000000001
0.20599999999999996
0.14975000000000005
0.1855
0.17974999999999997
0.16000000000000003
0.17300000000000004
0.16425000000000012
0.1765
0.1675000000000001
0.15200000000000002
0.15275000000000005
0.16849999999999998
0.16949999999999998
0.16625
0.1765
0.16049999999999998
0.19074999999999998
0.19525000000000003
0.19574999999999998
0.19374999999999998
0.1895
0.19924999999999993
0.19674999999999998
0.19799999999999995
0.1745000000000001
0.17149999999999999
0.18775000000000008
0.1994999999999999
0.20975
0.21999999999999997
0.1835
0.19699999999999995
0.1965
0.1885000000000001
0.1954999999999999
0.18824999999999992
0.19225000000000003
0.18724999999999992
0.19399999999999995
0.2025
0.19499999999999995
0.18674999999999997
0.1985
0.1765
0.18574999999999997
0.18925000000000003
0.18200000000000016
0.21524999999999994
0.1845
0.17825000000000002
0.19725000000000015
0.19200000000000006
0.19025000000000003
0.19874999999999998
0.1845
0.19224999999999992
0.20375
0.19074999999999998
0.17625000000000002
0.1875
0.19025000000000003
0.20699999999999996
0.21399999999999997
0.20750000000000002
0.22124999999999995
0.18425000000000002
0.18800000000000006
0.20399999999999996
0.18574999999999997
0.20224999999999993
0.20174999999999998
0.18900000000000006
0.18374999999999997
0.1925
0.19100000000000006
0.1725000000000001
0.1845
0.18874999999999997
0.1845
0.18799999999999994
0.1895
0.17700000000000005
0.17225000000000001
0.18100000000000005
0.17874999999999996
0.1875
0.17775000000000007
0.17574999999999996
0.19624999999999992
0.17300000000000004
0.19674999999999998
0.20575
0.1675000000000001
0.17374999999999996
0.17725000000000002
0.1945
0.18025000000000002
0.19799999999999995
0.20074999999999998
0.18674999999999997
0.1745
0.19625000000000004
0.21524999999999994
0.16775000000000007
0.1825
0.21199999999999997
0.1815000000000001
0.15575000000000006
0.18300000000000005
0.18099999999999994
0.1805
0.1499999999999999
0.16949999999999998
0.12350000000000005
0.14700000000000002
0.16974999999999996
0.12249999999999994
0.11399999999999988
0.15699999999999992
0.16325
0.14750000000000008
0.13374999999999992
0.11149999999999993
0.14224999999999988
0.10624999999999996
0.09775
0.11699999999999999
0.12724999999999997
0.11875000000000002
0.08499999999999996
0.128
0.11199999999999988
0.08325000000000005
0.12924999999999998
0.12850000000000006
0.09875000000000012
0.09499999999999997
0.10550000000000004
0.14875000000000005
0.119
0.13400000000000012
0.15675000000000006
0.126
0.15249999999999997
0.15325
0.17374999999999996
0.13900000000000012
0.14349999999999996
0.14900000000000002
0.13049999999999995
0.1875
0.16899999999999993
0.14974999999999994
0.17899999999999994
0.17374999999999996
0.1752499999999999
0.17549999999999988
0.18800000000000006
0.21374999999999988
0.1885
0.2084999999999999
0.20950000000000002
0.20324999999999993
0.21499999999999997
0.23575000000000002
0.18200000000000005
0.20099999999999996
0.21724999999999994
0.19025000000000003
0.23199999999999998
0.19999999999999996
0.2137500000000001
0.2074999999999999
0.18824999999999992
0.17925000000000002
0.16699999999999993
0.19824999999999993
0.18999999999999995
0.18699999999999994
0.1845
0.19524999999999992
0.18925000000000003
0.18900000000000006
0.1905
0.1469999999999999
0.16499999999999992
0.17149999999999999
0.17525000000000002
0.1795
0.17125
0.17675000000000007
0.18725000000000003
0.16799999999999993
0.1855
0.20599999999999996
0.17100000000000004
0.1745
0.17699999999999994
0.14600000000000002
0.1562499999999999
0.17075000000000007
0.17525000000000002
0.15600000000000003
0.1885
0.20399999999999996
0.1855
0.17025000000000012
0.16799999999999993
0.18100000000000005
0.15175000000000005
0.16675000000000006
0.17100000000000004
0.18900000000000006
0.15925
0.1745000000000001
0.19574999999999998
0.20424999999999993
0.17475000000000007
0.15450000000000008
0.19250000000000012
0.18874999999999997
0.19899999999999995
0.1802499999999999
0.1735000000000001
0.18574999999999997
0.17675000000000007
0.16974999999999996
0.18274999999999997
0.18474999999999997
0.19999999999999996
0.1955
0.20699999999999996
0.1944999999999999
0.16100000000000003
0.1985
0.18174999999999997
0.17475000000000007
0.1745
0.16525
0.17274999999999996
0.18125000000000002
0.15749999999999997
0.16600000000000004
0.1775
0.14149999999999996
0.18000000000000005
0.1785
0.1615000000000001
0.15725
0.16025
0.18049999999999988
0.15300000000000002
0.16949999999999987
0.16499999999999992
0.18325000000000002
0.18049999999999988
0.16449999999999998
0.19099999999999995
0.17774999999999996
0.17300000000000004
0.18925000000000003
0.1937500000000001
0.15025
0.14950000000000008
0.15449999999999997
0.1795
0.17599999999999993
0.15600000000000003
0.16700000000000015
0.1925
0.17574999999999996
0.16925000000000012
0.1805
0.1815
0.17825000000000002
0.17875000000000008
0.19674999999999998
0.1802499999999999
0.19324999999999992
0.18374999999999986
0.18874999999999997
0.15249999999999997
0.15999999999999992
0.1695000000000001
0.15050000000000008
0.15325
0.13449999999999995
0.17474999999999996
0.14675000000000005
0.13750000000000007
0.1442500000000001
0.13374999999999992
0.14149999999999996
0.14150000000000007
0.1695000000000001
0.16800000000000004
0.16525
0.10199999999999998
0.15900000000000003
0.14249999999999996
0.124
0.12174999999999991
0.14474999999999993
0.13550000000000006
0.1682499999999999
0.14549999999999996
0.13924999999999998
0.13124999999999998
0.13550000000000006
0.14500000000000002
0.14375000000000004
0.14574999999999994
0.14825
0.15149999999999997
0.16049999999999998
0.1725000000000001
0.1775
0.17025
0.17174999999999996
0.17974999999999997
0.18025000000000002
0.18625000000000003
0.17174999999999996
0.17775000000000007
0.17075000000000007
0.17275000000000007
0.19474999999999998
0.1772499999999999
0.15249999999999997
0.18625000000000003
0.1917500000000001
0.16525
0.18824999999999992
0.20524999999999993
0.1935
0.17625000000000002
0.17275000000000007
0.17525000000000002
0.1735000000000001
0.21125000000000005
0.16000000000000003
0.1762499999999999
0.17075000000000007
0.19225000000000003
0.18074999999999997
0.1745000000000001
0.20024999999999993
0.19100000000000006
0.13575000000000004
0.22224999999999995
0.18974999999999997
0.17100000000000004
0.19674999999999998
0.18425000000000002
0.1755
0.17474999999999996
0.1935
0.16125
0.17574999999999996
0.1735
0.16700000000000004
0.19950000000000012
0.1745
0.18674999999999997
0.13624999999999987
0.18525000000000003
0.22199999999999998
0.1905
0.18524999999999991
0.1842499999999999
0.17699999999999994
0.20099999999999996
0.20750000000000002
0.19199999999999995
0.16949999999999998
0.20799999999999996
0.11199999999999999
0.137
0.16274999999999995
0.1947500000000001
0.19724999999999993
0.133
0.09650000000000003
0.06825000000000003
0.048250000000000015
0.06974999999999998
0.07100000000000006
0.06700000000000006
0.128
0.16075000000000006
0.1805
0.15500000000000014
0.14249999999999996
0.061999999999999944
0.08550000000000002
0.09475
0.08399999999999996
0.07350000000000001
0.07500000000000007
0.09749999999999992
0.13649999999999995
0.14650000000000007
0.09100000000000008
0.126
0.22525000000000006
0.12149999999999994
0.08525000000000005
0.10275000000000001
0.121
0.09775
0.11424999999999996
0.08799999999999997
0.08650000000000002
0.11175000000000002
0.16725
0.13275000000000003
0.17775000000000007
0.17275000000000007
0.19024999999999992
0.13074999999999992
0.11399999999999988
0.10299999999999998
0.13649999999999995
0.10225000000000006
0.09174999999999989
0.14474999999999993
0.13975000000000004
0.14325
0.18275000000000008
0.1682499999999999
0.12324999999999997
0.13675000000000004
0.12775000000000003
0.16075000000000006
0.1282500000000001
0.12174999999999991
0.13974999999999993
0.10599999999999998
0.13424999999999998
0.1745
0.13749999999999996
0.13975000000000004
0.12875000000000003
0.15275000000000005
0.14674999999999994
0.1469999999999999
0.06899999999999995
0.09500000000000008
0.14174999999999993
0.04125000000000001
0.13949999999999996
0.1905000000000001
0.13175000000000003
0.09875
0.10924999999999996
0.16549999999999998
0.09924999999999995
0.0635
0.07200000000000006
0.05225000000000002
0.07474999999999998
0.13024999999999998
0.16925
0.09550000000000003
0.15175000000000005
0.15974999999999995
0.17225000000000001
0.15425
0.13775000000000004
0.12250000000000005
0.10024999999999995
0.08774999999999988
0.14374999999999993
0.1775
0.13775000000000004
0.16549999999999998
0.15574999999999994
0.16549999999999987
0.13775000000000004
0.16249999999999998
0.15275000000000005
0.0625
0.07525000000000004
0.09424999999999994
0.21000000000000008
0.18800000000000006
0.11525000000000007
0.16174999999999995
0.16849999999999998
0.11149999999999993
0.13375000000000004
0.14
0.0764999999999999
0.1100000000000001
0.15699999999999992
0.15475000000000005
0.16274999999999995
0.10725000000000007
0.11224999999999996
0.12774999999999992
0.14024999999999999
0.1519999999999999
0.10699999999999998
0.11399999999999999
0.06549999999999989
0.10499999999999998
0.12474999999999992
0.13675000000000004
0.11199999999999999
0.09424999999999994
0.16525000000000012
0.15350000000000008
0.12224999999999997
0.11199999999999999
0.14649999999999996
0.07424999999999993
0.07400000000000007
0.19399999999999995
0.29200000000000004
0.29225
0.18324999999999997
0.19624999999999992
0.2839999999999999
0.10949999999999993
0.17374999999999996
0.16200000000000003
0.13049999999999995
0.12124999999999997
0.18999999999999995
0.18300000000000005
0.08875
0.09699999999999998
0.021250000000000102
0.03925000000000001
0.023499999999999965
0.06774999999999998
0.09624999999999995
0.16249999999999998
0.11324999999999996
0.06924999999999992
0.05225000000000002
0.16274999999999995
0.08825000000000005
0.11724999999999997
0.08199999999999996
0.06525000000000003
0.07974999999999999
0.05700000000000005
0.07924999999999993
0.09375
0.06725000000000003
0.10850000000000004
0.09275
0.07424999999999993
0.08050000000000002
0.15349999999999997
0.09875
0.07725000000000004
0.06225000000000003
0.08174999999999999
0.15400000000000003
0.15549999999999997
0.1655000000000001
0.1462500000000001
0.12724999999999997
0.07774999999999987
0.08850000000000002
0.08274999999999999
0.12750000000000006
0.06624999999999992
0.13349999999999995
0.15200000000000002
0.07474999999999998
0.11599999999999999
0.14400000000000002
0.09799999999999998
0.015249999999999986
0.05774999999999997
0.047499999999999876
0.08225000000000005
0.10099999999999998
0.13774999999999993
0.17599999999999993
0.16449999999999998
0.1675000000000001
0.16149999999999998
0.14525
0.13275000000000003
0.14874999999999994
0.11475000000000002
0.10350000000000004
0.07025000000000003
0.021749999999999936
0.01100000000000012
0.0645
0.029249999999999998
0.019000000000000017
0.1349999999999999
0.14225
0.11350000000000005
0.09375
0.10675000000000001
0.09975
0.09724999999999995
0.10625000000000007
0.11574999999999991
0.08599999999999997
0.056500000000000106
0.08425000000000005
0.03300000000000003
0.036250000000000004
0.14049999999999996
0.10775000000000001
0.09450000000000003
0.10324999999999995
0.08800000000000008
0.04800000000000004
0.04125000000000001
0.05874999999999997
0.049250000000000016
0.016250000000000098
0.037250000000000005
0.006249999999999978
0.03500000000000003
0.11250000000000004
0.13174999999999992
0.028750000000000053
0.08299999999999996
0.06924999999999992
0.03799999999999992
0.049000000000000044
0.03674999999999995
0.025249999999999995
0.03400000000000003
0.024499999999999966
0.0129999999999999
0.05400000000000005
0.0734999999999999
0.11525000000000007
0.13975000000000004
0.1280000000000001
0.07100000000000006
0.06000000000000005
0.08499999999999996
0.10599999999999998
0.010499999999999954
0.03275000000000006
0.014499999999999957
0.09224999999999994
0.05349999999999999
0.09250000000000003
0.09050000000000002
0.11299999999999999
0.10449999999999993
0.07874999999999999
0.07400000000000007
0.134
0.1077499999999999
0.09324999999999994
0.03475000000000006
0.05675000000000008
0.009750000000000036
0.05524999999999991
0.09275
0.08699999999999997
0.061999999999999944
0.06574999999999998
0.05900000000000005
0.08500000000000008
0.08725000000000005
0.015750000000000042
0.058499999999999996
0.0615
0.045499999999999985
0.006000000000000005
0.0857500000000001
0.10099999999999998
0.04300000000000004
0.09575
0.08875
0.07624999999999993
0.13224999999999998
0.10025000000000006
0.056499999999999995
0.052000000000000046
0.1200000000000001
0.05225000000000002
0.06424999999999992
0.10499999999999998
0.1309999999999999
0.08825000000000005
0.07299999999999995
0.11474999999999991
0.11825000000000008
0.15549999999999997
0.11325000000000007
0.07925000000000004
0.052999999999999936
0.09025000000000005
0.11099999999999999
0.16225
0.15225
0.10125000000000006
0.15100000000000002
0.1765
0.10275000000000001
0.03425
0.08600000000000008
0.15999999999999992
0.1765
0.09750000000000003
0.09950000000000003
0.11025000000000007
0.09450000000000003
0.19799999999999995
0.17525000000000002
0.08250000000000002
0.07074999999999998
0.13124999999999998
0.20025000000000004
0.17800000000000005
0.09475
0.10524999999999995
0.12975000000000003
0.13624999999999998
0.12950000000000006
0.16025
0.14325
0.13549999999999995
0.08299999999999996
0.07200000000000006
0.13875000000000004
0.14525
0.1359999999999999
0.14649999999999996
0.14149999999999996
0.15425
0.16949999999999998
0.1855
0.2005
0.15249999999999997
0.13349999999999995
0.12850000000000006
0.126
0.0605
0.11650000000000005
0.16099999999999992
0.18374999999999997
0.17325000000000002
0.19099999999999995
0.1855
0.18500000000000005
0.09299999999999997
0.07625000000000004
0.11249999999999993
0.12150000000000005
0.11775000000000002
0.15349999999999997
0.1825000000000001
0.15775000000000006
0.15899999999999992
0.17774999999999996
0.15475000000000005
0.16775000000000007
0.16874999999999996
0.135
0.10450000000000004
0.10525000000000007
0.128
0.11224999999999996
0.14849999999999997
0.15300000000000002
0.139
0.1725
0.15600000000000003
0.17925000000000002
0.15999999999999992
0.11750000000000005
0.09075
0.11699999999999999
0.11299999999999999
0.12674999999999992
0.12525000000000008
0.11699999999999999
0.11649999999999994
0.13500000000000012
0.1635000000000001
0.18900000000000006
0.18974999999999997
0.06150000000000011
0.057250000000000134
0.10125000000000006
0.08950000000000002
0.08250000000000002
0.12900000000000011
0.12774999999999992
0.17300000000000004
0.14849999999999997
0.15549999999999997
0.18200000000000005
0.11675000000000013
0.04049999999999998
0.08999999999999997
0.05600000000000005
0.06999999999999995
0.06674999999999998
0.07925000000000004
0.07499999999999996
0.10724999999999996
0.136
0.08774999999999988
0.10925000000000007
0.17475000000000007
0.03950000000000009
0.007249999999999979
0.05674999999999997
0.12100000000000011
0.05624999999999991
0.03400000000000003
0.10050000000000003
0.15475000000000005
0.1097499999999999
0.05900000000000005
0.06800000000000006
0.1422500000000001
0.05999999999999994
0.08199999999999996
0.06399999999999995
0.08524999999999994
0.027249999999999885
0.12950000000000006
0.07650000000000012
0.07850000000000001
0.11875000000000002
0.12024999999999997
0.08399999999999996
0.11375000000000002
0.20025000000000004
0.14024999999999999
0.11599999999999999
0.14849999999999997
0.1037499999999999
0.08449999999999991
0.11099999999999988
0.07099999999999995
0.1047499999999999
0.124
0.11875000000000002
0.06974999999999998
0.16225
0.14525
0.13450000000000006
0.12024999999999997
0.11550000000000005
0.10550000000000004
0.11649999999999994
0.08300000000000007
0.14075000000000004
0.10824999999999996
0.14925
0.11275000000000002
0.13774999999999993
0.17899999999999994
0.12975000000000003
0.09499999999999997
0.10325000000000006
0.14525
0.09674999999999989
0.12124999999999997
0.13450000000000006
0.12124999999999997
0.13575000000000004
0.12749999999999995
0.10525000000000007
0.09999999999999998
0.12024999999999997
0.07999999999999996
0.10975000000000001
0.10349999999999993
0.10699999999999998
0.10575000000000001
0.09324999999999994
0.12624999999999997
0.10799999999999998
0.05399999999999994
0.03949999999999998
0.10975000000000001
0.09800000000000009
0.10575000000000001
0.09825000000000006
0.15100000000000002
0.10850000000000004
0.09899999999999998
0.11424999999999996
0.08574999999999999
0.09949999999999992
0.06400000000000006
0.07175000000000009
0.025000000000000022
0.06625000000000003
0.07725000000000004
0.08975
0.09850000000000003
0.11199999999999999
0.08474999999999999
0.10049999999999992
0.07550000000000001
0.09825000000000006
0.06425000000000003
0.04025000000000001
0.06874999999999998
0.025249999999999995
0.028749999999999942
0.012500000000000067
0.009000000000000008
0.023249999999999993
0.06225000000000014
0.09674999999999989
0.08699999999999997
0.08350000000000002
0.139
0.13875000000000004
0.13749999999999996
0.13049999999999995
0.13
0.09649999999999992
0.06300000000000006
0.08574999999999988
0.049250000000000016
0.030000000000000027
0.0045000000000000595
0.03500000000000003
0.06574999999999998
0.0764999999999999
0.07650000000000012
0.11675000000000002
0.09199999999999997
0.09450000000000003
0.11375000000000002
0.11349999999999993
0.11025000000000007
0.09099999999999997
0.11974999999999991
0.10750000000000004
0.08349999999999991
0.05399999999999994
0.05874999999999997
0.05400000000000005
0.030750000000000055
0.008749999999999925
0.06425000000000003
0.06800000000000006
0.118
0.07200000000000006
0.09574999999999989
0.0794999999999999
0.134
0.1352500000000001
0.09775
0.12324999999999997
0.11424999999999996
0.08550000000000002
0.11549999999999994
0.10324999999999995
0.06150000000000011
0.06324999999999992
0.004249999999999976
0.012750000000000039
0.052749999999999964
0.09124999999999994
0.09325000000000006
0.08399999999999996
0.10425000000000006
0.05125000000000002
0.08950000000000002
0.09375
0.08650000000000002
0.08450000000000002
0.08825000000000005
0.08650000000000002
0.09450000000000003
0.054749999999999965
0.08650000000000002
0.07274999999999998
0.05525000000000002
0.10850000000000004
0.07299999999999995
0.025000000000000022
0.05149999999999999
0.05400000000000005
0.01100000000000001
0.13424999999999998
0.15375000000000005
0.06099999999999994
0.07825000000000004
0.0665
0.02774999999999994
0.052999999999999936
0.07399999999999995
0.03825000000000012
0.09924999999999995
0.06425000000000003
0.05349999999999999
0.055499999999999994
0.09474999999999989
0.08725000000000005
0.08474999999999999
0.04200000000000004
0.032500000000000084
0.06424999999999992
0.07574999999999998
0.14525
0.12200000000000011
0.11150000000000004
0.11099999999999999
0.08775
0.09350000000000014
0.10950000000000004
0.10050000000000003
0.1352500000000001
0.12574999999999992
0.1137499999999999
0.08250000000000002
0.11350000000000005
0.10324999999999995
0.08600000000000008
0.07350000000000001
0.08524999999999994
0.03125
0.020000000000000018
0.04525000000000012
0.07874999999999999
0.09049999999999991
0.10799999999999998
0.08999999999999997
0.10400000000000009
0.11999999999999988
0.13824999999999998
0.09450000000000003
0.09899999999999998
0.09774999999999989
0.07950000000000002
0.09799999999999998
0.08799999999999997
0.05324999999999991
0.08824999999999994
0.053749999999999964
0.019749999999999934
0.016249999999999987
0.012750000000000039
0.00924999999999998
0.056499999999999995
0.026249999999999996
0.06299999999999994
0.13924999999999987
0.07000000000000006
0.09499999999999997
0.11749999999999994
0.10299999999999998
0.11674999999999991
0.10749999999999993
0.08500000000000008
0.11375000000000002
0.09299999999999997
0.08749999999999991
0.08824999999999994
0.07325000000000004
0.05824999999999991
0.04399999999999993
0.030000000000000027
0.038999999999999924
0.02475000000000005
0.004249999999999976
0.02199999999999991
0.03025
0.0787500000000001
0.06074999999999997
0.10550000000000004
0.05774999999999997
0.12074999999999991
0.10624999999999996
0.11550000000000005
0.1007499999999999
0.12575000000000003
0.10650000000000004
0.06300000000000006
0.03149999999999997
0.0035000000000000586
0.01550000000000007
0.0044999999999999485
0.0025000000000000577
0.006000000000000005
0.008999999999999897
0.023749999999999938
0.016750000000000043
0.06325000000000003
0.08850000000000002
0.16974999999999996
0.15800000000000003
0.14225
0.17499999999999993
0.14649999999999996
0.13150000000000006
0.14100000000000001
0.12850000000000006
0.13324999999999987
0.09299999999999997
0.13324999999999998
0.05975000000000008
0.028000000000000025
0.04700000000000004
0.02674999999999994
0.01550000000000007
0.03400000000000003
0.012249999999999983
0.016250000000000098
0.0605
0.056499999999999995
0.04800000000000004
0.08524999999999994
0.11974999999999991
0.11699999999999999
0.11775000000000002
0.04049999999999987
0.0635
0.08000000000000007
0.10225000000000006
0.07550000000000001
0.10824999999999996
0.041999999999999926
0.09225000000000005
0.03425
0.03200000000000003
0.007000000000000006
0.03374999999999995
0.032749999999999946
0.04800000000000004
0.09475
0.07974999999999999
0.125
0.09700000000000009
0.07324999999999993
0.12250000000000005
0.12024999999999997
0.09475000000000011
0.11050000000000004
0.08350000000000002
0.0757500000000001
0.07674999999999987
0.0675
0.010000000000000009
0.03575000000000006
0.04700000000000004
0.013249999999999984
0.04425000000000001
0.013249999999999984
0.03675000000000006
0.06525000000000003
0.030750000000000055
0.05674999999999997
0.11650000000000005
0.07099999999999995
0.128
0.06600000000000006
0.0675
0.09499999999999997
0.05900000000000005
0.05300000000000005
0.03749999999999998
0.03200000000000003
0.02474999999999994
0.003249999999999975
0.013499999999999956
0.025000000000000022
0.03674999999999995
0.06675000000000009
0.04400000000000004
0.04749999999999999
0.12675000000000003
0.08700000000000008
0.08800000000000008
0.13049999999999995
0.12200000000000011
0.07850000000000001
0.07625000000000004
0.00725000000000009
0.0009999999999998899
0.0034999999999999476
0.017000000000000015
0.0024999999999999467
0.042750000000000066
0.028000000000000025
0.007000000000000006
0.07350000000000001
0.011249999999999982
0.06574999999999998
0.06049999999999989
0.07075000000000009
0.09899999999999998
0.09875
0.07425000000000004
0.08024999999999993
0.04425000000000001
0.052000000000000046
0.02575000000000005
0.02024999999999999
0.017999999999999905
0.009250000000000091
0.045499999999999985
0.1439999999999999
0.03700000000000003
0.042750000000000066
0.07374999999999998
0.08499999999999996
0.10649999999999993
0.10349999999999993
0.11750000000000005
0.10424999999999995
0.09724999999999995
0.05549999999999988
0.013749999999999929
0.0025000000000000577
0.05300000000000005
0.06999999999999995
0.015000000000000013
0.13424999999999998
0.0605
0.011249999999999982
0.121
0.05525000000000002
0.04325000000000012
0.09775
0.07850000000000001
0.03974999999999995
0.039000000000000035
0.06549999999999989
0.05625000000000002
0.011749999999999927
0.03574999999999995
0.0050000000000000044
0.02749999999999997
0.056499999999999995
0.12474999999999992
0.047250000000000014
0.02474999999999994
0.08699999999999997
0.015750000000000042
0.02949999999999997
0.05400000000000005
0.08450000000000002
0.09224999999999994
0.06275000000000008
0.058499999999999996
0.043749999999999956
0.016000000000000014
0.013250000000000095
0.008500000000000063
0.012250000000000094
0.05174999999999996
0.10050000000000003
0.10399999999999998
0.04800000000000004
0.049250000000000016
0.056499999999999995
0.050999999999999934
0.06625000000000003
0.018500000000000072
0.05349999999999988
0.06099999999999994
0.052749999999999964
0.0007500000000000284
0.011249999999999982
0.035499999999999976
0.019499999999999962
0.01475000000000004
0.02124999999999999
0.055499999999999994
0.051000000000000045
0.025249999999999995
0.08050000000000013
0.03774999999999995
0.052749999999999964
0.052749999999999964
0.05449999999999999
0.06225000000000003
0.12450000000000006
0.059249999999999914
0.014000000000000012
0.015249999999999986
0.05049999999999999
0.011750000000000038
0.015750000000000042
0.0675
0.11624999999999985
0.10850000000000004
0.06624999999999992
0.06874999999999998
0.08824999999999994
0.12624999999999997
0.15849999999999997
0.15900000000000003
0.14800000000000002
0.21650000000000003
0.030750000000000055
0.09150000000000003
0.09975
0.06274999999999997
0.006500000000000061
0.007750000000000035
0.024500000000000077
0.02124999999999999
0.052000000000000046
0.049250000000000016
0.03399999999999992
0.07924999999999993
0.0595
0.054750000000000076
0.1027499999999999
0.07674999999999998
0.09550000000000003
0.09900000000000009
0.11199999999999999
0.07324999999999993
0.0665
0.01749999999999996
0.11199999999999988
0.007750000000000035
0.013000000000000012
0.031500000000000083
0.058499999999999996
0.04149999999999998
0.029999999999999916
0.044500000000000095
0.060250000000000026
0.059250000000000025
0.05674999999999997
0.07900000000000007
0.08999999999999997
0.06225000000000003
0.0625
0.07299999999999995
0.09675
0.08050000000000002
0.027250000000000107
0.00024999999999997247
0.0007499999999999174
0.012249999999999983
0.02650000000000008
0.029000000000000026
0.10300000000000009
0.06325000000000003
0.013000000000000012
0.08525000000000005
0.06300000000000006
0.08199999999999996
0.05575000000000008
0.10199999999999998
0.08550000000000002
0.08225000000000005
0.04625000000000001
0.07024999999999992
0.1007499999999999
0.04349999999999998
0.038250000000000006
0.07125000000000004
0.051999999999999935
0.07599999999999996
0.07550000000000001
0.08325000000000005
0.06275000000000008
0.07250000000000001
0.06499999999999995
0.06725000000000003
0.03124999999999989
0.03874999999999995
0.07000000000000006
0.09775
0.07824999999999993
0.05524999999999991
0.0040000000000000036
0.020000000000000018
0.004750000000000032
0.009750000000000036
0.0044999999999999485
0.00824999999999998
0.003750000000000142
0.015250000000000097
0.08949999999999991
0.040000000000000036
0.07699999999999996
0.050000000000000044
0.05074999999999996
0.09000000000000008
0.050999999999999934
0.08574999999999988
0.10525000000000007
0.05900000000000005
0.05724999999999991
0.061000000000000054
0.05074999999999996
0.033499999999999974
0.013250000000000095
0.0014999999999999458
0.0007500000000000284
0.03649999999999998
0.0017500000000000293
0.03300000000000003
0.07999999999999996
0.07450000000000001
0.03399999999999992
0.09474999999999989
0.050249999999999906
0.04799999999999993
0.050000000000000044
0.07199999999999995
0.07974999999999999
0.08325000000000005
0.031000000000000028
0.02475000000000005
0.007249999999999979
0.005249999999999977
0.046499999999999986
0.010750000000000037
0.0039999999999998925
0.037250000000000005
0.052749999999999964
0.03699999999999992
0.036250000000000004
0.03300000000000003
0.04774999999999996
0.04949999999999999
0.08574999999999999
0.08400000000000007
0.09524999999999995
0.047250000000000014
0.056499999999999884
0.010250000000000092
0.01200000000000001
0.04074999999999995
0.004249999999999976
0.04300000000000004
0.07150000000000001
0.0452499999999999
0.06499999999999995
0.018750000000000044
0.02949999999999997
0.02400000000000002
0
0.015249999999999986
0.016000000000000014
0.019750000000000045
0.05724999999999991
0.07224999999999993
0.05049999999999999
0.044499999999999984
0.018500000000000072
0.007499999999999951
0.02474999999999994
0.0004999999999999449
0.008000000000000007
0.01550000000000007
0.011249999999999982
0.04525000000000001
0.05349999999999999
0.06400000000000006
0.0022499999999999742
0.03375000000000006
0.02100000000000002
0.000500000000000056
0.04974999999999996
0.005750000000000033
0.022499999999999964
0.033499999999999974
0.05624999999999991
0.033499999999999974
0.012499999999999956
0.0605
0.037250000000000005
0.01100000000000001
0.1150000000000001
0.03225
0.0747500000000001
0.08650000000000002
0.07074999999999998
0.06874999999999998
0.05349999999999999
0.038000000000000034
0.008749999999999925
0.0050000000000000044
0.040750000000000064
0.0034999999999999476
0.007750000000000035
0.004000000000000115
0.037250000000000005
0.03975000000000006
0.018000000000000016
0.029249999999999887
0.010749999999999926
0.046499999999999986
0.021250000000000102
0.08674999999999988
0.13324999999999998
0.040750000000000064
0.05149999999999999
0.07150000000000001
0.06700000000000006
0.010249999999999981
0.04974999999999996
0.012749999999999928
0.04225000000000001
0.00924999999999998
0.021250000000000102
0.005750000000000033
0.008750000000000036
0.009999999999999898
0.006249999999999978
0.05899999999999994
0.011749999999999927
0.03325
0.060250000000000026
0.06249999999999989
0.018750000000000044
0.0050000000000001155
0.03674999999999995
0.010999999999999899
0.007750000000000035
0.02300000000000002
0.007499999999999951
0.010999999999999899
0.0020000000000000018
0.017750000000000044
0.029750000000000054
0.05999999999999994
0.08025000000000004
0.052749999999999964
0.04400000000000004
0.022499999999999964
0.09399999999999997
0.1110000000000001
0.08974999999999989
0.006750000000000034
0.019499999999999962
0.018749999999999933
0.01474999999999993
0.005499999999999949
0.019749999999999934
0.023249999999999993
0.02850000000000008
0.023499999999999965
0.01824999999999999
0.046499999999999986
0.0172500000000001
0.04625000000000001
0.05325000000000002
0.05724999999999991
0.12
0.09175
0.025500000000000078
0.08649999999999991
0.011750000000000038
0.02100000000000002
0.060250000000000026
0.04799999999999993
0.01000000000000012
0.05325000000000002
0.044499999999999984
0.04349999999999998
0.031000000000000028
0.02849999999999997
0.0030000000000000027
0.008749999999999925
0.03475000000000006
0.06274999999999997
0.006750000000000034
0.031500000000000083
0.07725000000000004
0.08975
0.10075
0.003750000000000031
0.009499999999999953
0.07850000000000001
0.08074999999999999
0.032749999999999946
0.04949999999999999
0.029249999999999998
0.05374999999999985
0.05225000000000002
0.04399999999999993
0.010249999999999981
0.03649999999999998
0.02675000000000005
0.04375000000000007
0.04975000000000007
0.026499999999999968
0.04949999999999999
0.05425000000000002
0.013000000000000123
0.00824999999999998
0.024500000000000077
0.023499999999999965
0.022249999999999992
0.012500000000000067
0.010750000000000037
0.016249999999999987
0.007499999999999951
0.003249999999999975
0.00924999999999998
0.0012499999999999734
0.005750000000000033
0.022250000000000103
0.0040000000000000036
0.026999999999999913
0.0010000000000000009
0.05549999999999988
0.0665
0.028749999999999942
0.09250000000000014
0.08025000000000004
0.004250000000000087
0.06299999999999994
0.025000000000000022
0.049250000000000016
0.031750000000000056
0.01000000000000012
0.008499999999999952
0.010249999999999981
0.009500000000000064
0.055499999999999994
0.09224999999999994
0.03125
0.03299999999999992
0.014499999999999957
0.006249999999999978
0.014249999999999985
0.0014999999999999458
0.0030000000000000027
0.016000000000000014
0.041000000000000036
0.01375000000000004
0.00649999999999995
0.006500000000000061
0.03025
0.03375000000000006
0.021749999999999936
0.031750000000000056
0.07399999999999995
0.048250000000000015
0.03275000000000006
0.025249999999999995
0.02475000000000005
0.023250000000000104
0.03700000000000003
0.00275000000000003
0.04025000000000001
0.005750000000000033
0.0794999999999999
0.017999999999999905
0.03225
0.010000000000000009
0.00275000000000003
0.01824999999999999
0.03499999999999992
0.03949999999999998
0.04875000000000007
0.02200000000000002
0.02300000000000002
0.0675
0.07250000000000001
0.020499999999999963
0.015249999999999986
0.012499999999999956
0.029000000000000026
0.025249999999999995
0.03500000000000003
0.024249999999999994
0.00275000000000003
0.026499999999999968
0.019749999999999934
0.01100000000000001
0.009500000000000064
0.006749999999999923
0.01475000000000004
0.004750000000000032
0.013499999999999956
0.02375000000000005
0.044749999999999956
0.04525000000000001
0.020750000000000046
0.002749999999999919
0.023249999999999993
0.022250000000000103
0.002749999999999919
0.007750000000000035
0.006250000000000089
0.030999999999999917
0.01200000000000001
0.015999999999999903
0.026999999999999913
0.039000000000000035
0.00924999999999998
0.0027500000000001412
0.014499999999999957
0.030749999999999944
0.1775
0.056499999999999995
0.08700000000000008
0.04625000000000001
0.04375000000000007
0.0024999999999999467
0.04799999999999993
0.01749999999999996
0.06425000000000003
0.1117499999999999
0.01924999999999999
0.03374999999999995
0.02749999999999997
0.026000000000000023
0.016249999999999987
0.004250000000000087
0.029000000000000026
0.028750000000000053
0.0035000000000000586
0.029749999999999943
0.029249999999999998
0.032749999999999946
0.02575000000000005
0.024500000000000077
0.045499999999999985
0.05600000000000005
0.0014999999999999458
0.04974999999999996
0.031750000000000056
0.024499999999999966
0.0017499999999999183
0.009749999999999925
0.01100000000000001
0.03925000000000001
0.028000000000000025
0.015249999999999986
0.04025000000000001
0.00374999999999992
0.033500000000000085
0.029000000000000026
0.011249999999999982
0.028249999999999886
0.00374999999999992
0.03600000000000003
0.035250000000000004
0.009999999999999898
0.06525000000000003
0.05875000000000008
0.054749999999999965
0.05725000000000002
0.0035000000000000586
0.07174999999999998
0.026000000000000023
0.014249999999999874
0.05625000000000002
0.026000000000000023
0.025249999999999995
0.02925000000000011
0.01100000000000001
0.060249999999999915
0.036250000000000004
0.020749999999999935
0.026499999999999968
0.051999999999999935
0.05425000000000002
0.03025
0.03974999999999995
0.06574999999999998
0.06474999999999986
0.018000000000000016
0.014249999999999985
0.03400000000000003
0.01750000000000007
0.020750000000000046
0.004999999999999893
0.02849999999999997
0.004750000000000032
0.023749999999999938
0.01849999999999996
0.021749999999999936
0.01649999999999996
0.01849999999999996
0.023249999999999993
0.04800000000000004
0.09649999999999992
0.06175000000000008
0.08699999999999997
0.09875
0.04674999999999996
0.009750000000000036
0.00824999999999998
0.062000000000000055
0.06324999999999992
0.006250000000000089
0.0024999999999999467
0.0017499999999999183
0.0475000000000001
0.08100000000000007
0.058499999999999885
0.0020000000000000018
0.051000000000000045
0.04500000000000004
0.0020000000000000018
0.02575000000000005
0.02400000000000002
0.055749999999999966
0.07350000000000001
0.10599999999999998
0.0525000000000001
0.007750000000000035
0.009000000000000008
0.011249999999999982
0.00824999999999998
0.0040000000000000036
0.0014999999999999458
0.02024999999999988
0.011499999999999955
0.019999999999999907
0.004249999999999976
0.019749999999999934
0.007749999999999924
0.016750000000000043
0.012499999999999956
0.06500000000000006
0.05400000000000005
0.044500000000000095
0.04699999999999993
0.052749999999999964
0.037250000000000005
0.042749999999999955
0.04250000000000009
0.030500000000000083
0.008499999999999952
0.02124999999999999
0.003750000000000031
0.007750000000000035
0.040999999999999925
0.03600000000000014
0.04600000000000004
0.02750000000000008
0.0045000000000000595
0.010750000000000037
0.019000000000000017
0.07900000000000007
0.04225000000000001
0.07174999999999998
0.09150000000000003
0.12424999999999997
0.05449999999999999
0.019499999999999962
0.003750000000000031
0.015000000000000124
0.01100000000000001
0.035499999999999976
0.009500000000000064
0.04949999999999999
0.006249999999999978
0.06299999999999994
0.04049999999999998
0.03425
0.03475000000000006
0.03875000000000006
0.055499999999999994
0.032500000000000084
0.03225
0.06174999999999997
0.02675000000000005
0.010749999999999926
0.012750000000000039
0.06800000000000006
0.027000000000000024
0.0045000000000000595
0.025250000000000106
0.01475000000000004
0.02024999999999999
0.01550000000000007
0.02849999999999997
0.01650000000000007
0.02749999999999997
0.03275000000000006
0.02100000000000002
0.03774999999999995
0.022749999999999937
0.06125000000000003
0.010249999999999981
0.031500000000000083
0.010749999999999926
0.030000000000000027
0.03149999999999997
0.05325000000000002
0.003249999999999975
0.022749999999999937
0.03875000000000006
0.05174999999999996
0.05900000000000005
0.05725000000000002
0.0605
0.06799999999999995
0.053749999999999964
0.03025
0.07499999999999996
0.06350000000000011
0.035499999999999976
0.06574999999999998
0.0685
0.03975000000000006
0.041749999999999954
0.03500000000000003
0.061999999999999944
0.126
0.02124999999999988
0.022749999999999937
0.05049999999999999
0.005750000000000033
0.0012500000000000844
0.0044999999999999485
0.020749999999999935
0.022249999999999992
0.031749999999999945
0.000500000000000056
0.022500000000000075
0.012249999999999983
0.02400000000000002
0.03400000000000003
0.06274999999999997
0.030000000000000027
0.007499999999999951
0.060250000000000026
0.10099999999999998
0.004750000000000032
0.016250000000000098
0.04774999999999996
0.061249999999999916
0.04749999999999999
0.07774999999999999
0.05699999999999994
0.03500000000000003
0.05499999999999994
0.027750000000000052
0.00649999999999995
0.012750000000000039
0.01650000000000007
0.03749999999999998
0.020750000000000046
0.12450000000000006
0.08324999999999994
0.025499999999999967
0.007999999999999896
0.03400000000000003
0.028000000000000025
0.06499999999999995
0.08474999999999999
0.11275000000000002
0.060250000000000026
0.034500000000000086
0.041750000000000065
0.031000000000000028
0.06874999999999998
0.026499999999999968
0.015999999999999903
0.03949999999999998
0.021250000000000102
0.031000000000000028
0.0020000000000000018
0.03225
0.02024999999999999
0.016000000000000014
0.0044999999999999485
0.029750000000000054
0.02825000000000011
0.03475000000000006
0.07650000000000001
0.09249999999999992
0.07374999999999998
0.012000000000000122
0.01924999999999999
0.022249999999999992
0.05074999999999996
0.009500000000000064
0.014249999999999985
0.029000000000000026
0.004250000000000087
0.038999999999999924
0.005749999999999922
0.04974999999999996
0.017249999999999988
0.05525000000000002
0.020749999999999935
0.028750000000000053
0.023249999999999993
0.051000000000000045
0.09325000000000006
0.0014999999999999458
0.0040000000000000036
0.012750000000000039
0.04749999999999999
0.08550000000000002
0.05900000000000005
0.07199999999999995
0.13475000000000004
0.0754999999999999
0.02100000000000002
0.06425000000000003
0.05974999999999997
0.058250000000000024
0.032749999999999946
0.04375000000000007
0.033499999999999974
0.017750000000000044
0.022749999999999937
0.03025
0.0035000000000000586
0.0034999999999999476
0.01849999999999996
0.07100000000000006
0.03299999999999992
0.005750000000000033
0.09700000000000009
0.0605
0.02024999999999999
0.007750000000000035
0.04999999999999993
0.005750000000000033
0.026499999999999968
0.018749999999999933
0.007000000000000117
0.0605
0.036250000000000115
0.01749999999999996
0.12075000000000002
0.08250000000000002
0.061999999999999944
0.020750000000000046
0.11675000000000002
0.1452500000000001
0.025500000000000078
0.00824999999999998
0.0465000000000001
0.05525000000000013
0.017249999999999988
0.05374999999999985
0.0635
0.03575000000000006
0.0025000000000000577
0.020749999999999935
0.0014999999999999458
0.00374999999999992
0.0044999999999999485
0.04849999999999999
0.052999999999999936
0.03149999999999997
0.012750000000000039
0.016249999999999987
0.02499999999999991
0.02024999999999999
0.014499999999999957
0.05249999999999988
0.06725000000000003
0.07899999999999996
0.058250000000000024
0.02950000000000008
0.00275000000000003
0.007499999999999951
0.02024999999999999
0.025249999999999995
0.012499999999999956
0.02574999999999994
0.005750000000000033
0.0004999999999999449
0.01200000000000001
0.005750000000000033
0.025000000000000022
0.04400000000000004
0.030750000000000055
0.0452499999999999
0.060249999999999915
0.08425000000000005
0.0645
0.054749999999999965
0.06825000000000003
0.052749999999999964
0.0034999999999999476
0.05799999999999994
0.09475
0.030500000000000083
0.05675000000000008
0.04700000000000004
0.04300000000000004
0.02300000000000002
0.003750000000000031
0.010500000000000065
0.013999999999999901
0.04049999999999998
0.011750000000000038
0.02850000000000008
0.04425000000000001
0.028999999999999915
0.055500000000000105
0.08750000000000002
0.03974999999999995
0.00550000000000006
0.03674999999999995
0.03125
0.007499999999999951
0.03425
0.060250000000000026
0.03249999999999997
0.04225000000000001
0.049250000000000016
0.016750000000000043
0.006749999999999923
0.0002500000000000835
0.013500000000000068
0.013749999999999929
0.006250000000000089
0.0022500000000000853
0.024249999999999994
0.02124999999999999
0.04400000000000004
0.027000000000000024
0.003249999999999975
0.03325
0.026499999999999968
0.0024999999999999467
0.02024999999999999
0.06400000000000006
0.06824999999999992
0.014000000000000012
0.06424999999999992
0.06574999999999998
0.031750000000000056
0.02749999999999997
0.06800000000000006
0.05899999999999994
0.07075000000000009
0.0645
0.034499999999999975
0.07474999999999998
0.0422499999999999
0.00924999999999998
0.042749999999999955
0.06399999999999995
0.07100000000000006
0.030749999999999944
0.08924999999999994
0.020749999999999935
0.04599999999999993
0.058250000000000024
0.0014999999999999458
0.01200000000000001
0.04025000000000001
0.027000000000000024
0.04949999999999999
0.022499999999999964
0.014000000000000012
0.05425000000000002
0.0129999999999999
0.0022499999999999742
0.038250000000000006
0.02375000000000005
0.02299999999999991
0.03149999999999997
0.05774999999999997
0.056499999999999995
0.018750000000000044
0.007500000000000062
0.011249999999999982
0.019749999999999934
0.009750000000000036
0.019500000000000073
0.0020000000000000018
0.02124999999999999
0.044749999999999956
0.010500000000000065
0.016249999999999876
0.01650000000000007
0.03125
0.059250000000000025
0.0685
0.08174999999999999
0.043500000000000094
0.04149999999999998
0.06149999999999989
0.020750000000000046
0.03199999999999992
0.017999999999999905
0.012499999999999956
0.006249999999999978
0.03275000000000006
0.04149999999999998
0.014499999999999957
0.016750000000000043
0.009000000000000008
0.02300000000000002
0.0022499999999998632
0.016000000000000125
0.019000000000000017
0.015999999999999903
0.020000000000000018
0.007249999999999979
0.014249999999999985
0.02675000000000005
0.002749999999999919
0.0024999999999999467
0.02100000000000002
0.012250000000000094
0.004249999999999976
0.0015000000000000568
0.011750000000000038
0.0012499999999999734
0.018000000000000016
0.027000000000000024
0.0050000000000001155
0.036250000000000115
0.02024999999999999
0.014000000000000012
0.004000000000000115
0.00649999999999995
0.03125
0.007500000000000062
0.02200000000000002
0.04575000000000007
0.038000000000000034
0.03774999999999995
0.02300000000000002
0.04049999999999998
0.0024999999999999467
0.012750000000000039
0.022750000000000048
0.01375000000000004
0.018749999999999933
0.021500000000000075
0.04525000000000001
0.008500000000000063
0.03025
0.017999999999999905
0.041000000000000036
0.031000000000000028
0.028249999999999997
0.03425
0.052749999999999964
0.04225000000000001
0.0020000000000000018
0.013249999999999984
0.06225000000000003
0.05974999999999997
0.003249999999999975
0.007500000000000062
0.03599999999999992
0.017249999999999877
0.017750000000000044
0.013000000000000012
0.018000000000000016
0.007000000000000006
0.07124999999999992
0.05325000000000002
0.02925000000000011
0.031000000000000028
0.06899999999999995
0.02475000000000005
0.010750000000000037
0.06974999999999998
0.042749999999999844
0.039999999999999925
0.00824999999999998
0.0010000000000000009
0.00275000000000003
0.007000000000000117
0.015000000000000013
0.0044999999999999485
0.02650000000000008
0.021750000000000047
0.03125
0.020000000000000018
0.015999999999999903
0.01849999999999996
0.018750000000000044
0.014999999999999902
0.010750000000000037
0.0017499999999999183
0.00550000000000006
0.0412499999999999
0.036250000000000115
0.04349999999999998
0.04125000000000001
0.0015000000000000568
0.020500000000000074
0.013250000000000095
0.00275000000000003
0.0014999999999999458
0.021499999999999964
0.021499999999999964
0.010499999999999954
0.002749999999999919
0.012750000000000039
0.04025000000000001
0.02200000000000002
0.025000000000000022
0.01750000000000007
0.03300000000000003
0.07374999999999998
0.018999999999999906
0.0022499999999999742
0.010499999999999954
0.014000000000000012
0.02199999999999991
0.0045000000000000595
0.02574999999999994
0.0012499999999999734
0.014499999999999957
0.018999999999999906
0.04149999999999998
0.020499999999999963
0.02000000000000013
0.020499999999999963
0.010999999999999899
0.03949999999999998
0.02474999999999994
0.02850000000000008
0.01924999999999999
0.029000000000000026
0.018750000000000044
0.017000000000000015
0.006000000000000005
0.016000000000000125
0.004249999999999976
0.011749999999999927
0.005249999999999977
0.018000000000000016
0.004750000000000032
0.013249999999999984
0.007249999999999979
0.013000000000000012
0.025249999999999995
0.040999999999999925
0.023499999999999965
0.015499999999999958
0.04225000000000001
0.025250000000000106
0.028750000000000053
0.02100000000000002
0.01375000000000004
0.0035000000000000586
0.0045000000000000595
0.0002500000000000835
0.022750000000000048
0.051999999999999935
0.0605
0.031000000000000028
0.07699999999999996
0.03975000000000006
0.05325000000000002
0.028750000000000053
0.06574999999999998
0.03049999999999997
0.016249999999999987
0.05149999999999999
0.05875000000000008
0.01574999999999993
0.019499999999999962
0.009000000000000119
0.02474999999999994
0.027000000000000024
0.021250000000000102
0.030500000000000083
0.006000000000000116
0.016249999999999987
0.03400000000000003
0.024000000000000132
0.02675000000000005
0.013499999999999956
0.010500000000000065
0.03149999999999997
0.019000000000000017
0.000500000000000056
0.016750000000000043
0.017000000000000015
0.0014999999999999458
0.017749999999999932
0.007749999999999924
0.006999999999999895
0.021750000000000047
0.03925000000000012
0.01375000000000004
1.1102230246251565e-16
0.02675000000000005
0.00550000000000006
0.005749999999999922
0.030500000000000083
0.022500000000000075
0.04149999999999998
0.04800000000000004
0.034500000000000086
0.014499999999999957
0.03400000000000003
0.009499999999999953
0.01649999999999996
0.0007500000000000284
0.00374999999999992
0.018500000000000072
0.05600000000000005
0.015750000000000042
0.025249999999999995
0.054749999999999854
0.04700000000000004
0.03849999999999998
0.007500000000000062
0.020750000000000046
0.00275000000000003
0.019000000000000017
0.03500000000000003
0.0040000000000000036
0.026999999999999913
0.021499999999999964
0.022249999999999992
0.01200000000000001
0.007000000000000006
0.009499999999999953
0.0007499999999999174
0.04500000000000004
0.000500000000000056
0.03575000000000006
0.022250000000000103
0.010499999999999954
0.03249999999999997
0.004249999999999976
0.019999999999999907
0.005750000000000033
0.007249999999999979
0.02124999999999999
0.006749999999999923
0.034499999999999975
0.011750000000000038
0.02675000000000005
0.0030000000000001137
0.006750000000000034
0.04375000000000007
0.009499999999999953
0.0014999999999999458
0.014249999999999985
0.03400000000000003
0.034499999999999975
0.030000000000000027
0.005499999999999949
0.018000000000000127
0.02399999999999991
0.017000000000000015
0.029750000000000054
0.00024999999999997247
0.007249999999999979
0.0025000000000000577
0.022250000000000103
0.044749999999999956
0.016000000000000014
0.03049999999999997
0.02675000000000005
0.020750000000000046
0.020750000000000046
0.019999999999999907
0.05525000000000002
0.051000000000000045
0.019500000000000073
0.006749999999999923
0.035250000000000004
0.02674999999999994
0.06300000000000006
0.0024999999999999467
0.00649999999999995
0.0030000000000001137
0.0025000000000000577
0.033499999999999974
0.00924999999999998
0.0030000000000000027
0.01200000000000001
0.025000000000000022
0.04125000000000001
0.03200000000000003
0.009000000000000008
0.0035000000000000586
0.03825000000000012
0.05074999999999996
0.01000000000000012
0.01674999999999993
0.009500000000000064
0.01924999999999999
0.05899999999999994
0.00824999999999998
0.012749999999999928
0.014249999999999985
0.02300000000000002
0.019749999999999934
0.04949999999999999
0.0044999999999999485
0.028999999999999915
0.013249999999999984
0.03674999999999995
0.009250000000000091
0.035250000000000004
0.00824999999999998
0.008500000000000063
0.023749999999999938
0.005249999999999977
0.000500000000000056
0.00024999999999997247
0.007000000000000117
0.023249999999999993
0.02100000000000002
0.021750000000000047
0.026499999999999968
0.014250000000000096
0.005750000000000033
0.025000000000000022
0.0024999999999999467
0.009499999999999953
0.05349999999999999
0.00824999999999998
0.022749999999999937
0.013250000000000095
0.01650000000000007
0.01849999999999996
0.019499999999999962
0.01474999999999993
0.023500000000000076
0.0014999999999999458
0.0025000000000000577
0.01824999999999999
0.0025000000000000577
0.011750000000000038
0.005749999999999922
0.03475000000000006
0.019750000000000045
0.0020000000000000018
0.0045000000000000595
0.0030000000000000027
0.005249999999999977
0.02100000000000002
0.013249999999999984
0.008750000000000036
0.0017499999999999183
0.019750000000000045
0.006000000000000005
0.023749999999999938
0.006750000000000034
0.011249999999999982
0.026499999999999968
0.008999999999999897
0.019499999999999962
0.016000000000000014
0.01849999999999996
0.0035000000000000586
0.03400000000000003
0.0022499999999999742
0.0004999999999999449
0.016249999999999987
0.012749999999999928
0.04049999999999998
0.0022499999999999742
0.010249999999999981
0.038250000000000006
0.0012499999999999734
0.03249999999999997
0.021750000000000047
0.009250000000000091
0.0030000000000000027
0.005499999999999949
0.024249999999999994
0.004999999999999893
0.02375000000000005
0.0030000000000000027
0.0034999999999999476
1.1102230246251565e-16
0.014499999999999957
0.039999999999999925
0.013249999999999873
0.027249999999999996
0.008749999999999925
0.052749999999999964
0.037250000000000005
0.023499999999999965
0.0030000000000001137
0.02474999999999994
0.0044999999999999485
0.02750000000000008
0.0044999999999999485
0.000500000000000056
0.027000000000000024
0.00649999999999995
0.01375000000000004
0.001000000000000112
0.05974999999999997
0.023499999999999965
0.09825000000000006
0.04149999999999998
0.012750000000000039
0.007500000000000062
0.00275000000000003
0.006249999999999978
0.021749999999999936
0.027000000000000024
0.007999999999999896
0.0030000000000000027
0.031000000000000028
0.034499999999999975
0.032500000000000084
0.00824999999999998
0.006750000000000034
0.0202500000000001
0.005249999999999977
0.017000000000000015
0.027250000000000107
0.00824999999999998
0.047250000000000014
0.006000000000000005
0.00649999999999995
0.010500000000000065
0.007750000000000035
0.02024999999999999
0.022249999999999992
0.008499999999999952
0.0022499999999999742
0.03774999999999995
0.021749999999999936
0.026499999999999968
0.022750000000000048
0.013499999999999956
0.032500000000000084
0.01024999999999987
0.018750000000000044
0.024499999999999966
0.0002500000000000835
0.030500000000000083
0.02925000000000011
0.026499999999999968
0.007499999999999951
0.00275000000000003
0.02124999999999999
0.009000000000000008
0.01200000000000001
0.012249999999999983
0.005749999999999922
0.015249999999999875
0.0014999999999999458
0.010750000000000037
0.003249999999999975
0.0024999999999999467
0.005249999999999977
0.028249999999999997
0.02300000000000002
0.026000000000000023
0.011249999999999982
0.04800000000000004
0.10275000000000001
0.010750000000000037
0.02024999999999999
0.020500000000000074
0.023499999999999965
0.011500000000000066
0.005999999999999894
0.024000000000000132
0.008999999999999897
0.009000000000000008
0.02024999999999999
0.007000000000000006
0.0030000000000000027
0.000500000000000056
0.0024999999999999467
