0.4929999999999999
0.47025000000000006
0.5002499999999999
0.47325000000000006
0.48124999999999984
0.5122500000000001
0.4804999999999999
0.46225000000000005
0.48775
0.4624999999999999
0.4534999999999999
0.47099999999999986
0.5022499999999999
0.49675
0.4992500000000001
0.49124999999999996
0.47375
0.46324999999999994
0.4997499999999999
0.47524999999999995
0.484
0.47
0.47250000000000003
0.539
0.48849999999999993
0.5049999999999999
0.50075
0.49175000000000013
0.49024999999999996
0.485
0.47524999999999984
0.4857499999999999
0.46525000000000005
0.4770000000000002
0.469
0.4897499999999999
0.5349999999999999
0.43174999999999997
0.3912499999999999
0.4457500000000001
0.47225000000000006
0.43925000000000014
0.4455
0.45199999999999996
0.4647499999999999
0.45824999999999994
0.46524999999999994
0.4777500000000001
0.44874999999999987
0.4724999999999999
0.43875
0.46699999999999986
0.48550000000000004
0.46950000000000003
0.45675
0.45099999999999996
0.45599999999999996
0.44299999999999984
0.4664999999999999
0.48550000000000004
0.46325000000000016
0.4647500000000001
0.4595
0.48525000000000007
0.44875
0.45950000000000013
0.46675
0.475
0.42874999999999996
0.4155
0.4570000000000001
0.44875
0.44300000000000006
0.4524999999999998
0.47975
0.4882500000000002
0.478
0.52725
0.46499999999999997
0.49024999999999996
0.47550000000000003
0.48450000000000004
0.46725000000000005
0.4052500000000001
0.4385000000000001
0.4595
0.473
0.43074999999999997
0.4255
0.4577500000000001
0.45425000000000004
0.39525
0.4665
0.4254999999999999
0.45424999999999993
0.45525000000000004
0.4395
0.47950000000000004
0.45175
0.44799999999999984
0.5130000000000001
0.4747499999999999
0.43225000000000013
0.44299999999999995
0.49550000000000005
0.48724999999999996
0.5072500000000001
0.4827500000000001
0.47650000000000015
0.48099999999999987
0.4787499999999999
0.4674999999999999
0.48550000000000004
0.44975
0.5139999999999999
0.45975
0.471
0.51025
0.4924999999999998
0.4844999999999998
0.4677500000000001
0.4687499999999999
0.4932500000000001
0.4790000000000001
0.4797499999999999
0.4727500000000001
0.44475
0.49449999999999983
0.47424999999999984
0.359
0.4647499999999999
0.4734999999999999
0.46975
0.4697500000000001
0.4697499999999999
0.46324999999999994
0.4625
0.47599999999999987
0.4764999999999999
0.48575
0.4730000000000001
0.48625000000000007
0.4810000000000001
0.45299999999999996
0.44775
0.47550000000000003
0.4547499999999999
0.4029999999999998
0.703
0.4437500000000001
0.46125000000000005
0.48425000000000007
0.484
0.4355
0.46899999999999986
0.4630000000000001
0.46575
0.44725000000000004
0.4517499999999999
0.4424999999999999
0.44725000000000004
0.44300000000000017
0.4747499999999999
0.4617499999999999
0.41675000000000006
0.47850000000000015
0.4287500000000001
0.45699999999999996
0.44599999999999995
0.43699999999999994
0.45200000000000007
0.4647499999999999
0.45399999999999996
0.4537500000000001
0.44299999999999995
0.4305
0.44400000000000006
0.44100000000000006
0.45225000000000004
0.4474999999999999
0.4395000000000001
0.4585
0.43799999999999994
0.46675
0.44725000000000015
0.43774999999999986
0.43800000000000006
0.4435
0.44400000000000006
0.4485
0.4684999999999999
0.4325
0.43199999999999994
0.43174999999999997
0.44799999999999995
0.44475
0.45624999999999993
0.44300000000000006
0.46325000000000005
0.49249999999999994
0.44100000000000006
0.44525000000000003
0.43699999999999994
0.43425
0.42825000000000013
0.43899999999999995
0.4562499999999998
0.45299999999999985
0.43300000000000005
0.4365
0.42925
0.43099999999999994
0.46975
0.4627499999999999
0.4590000000000001
0.45475
0.47650000000000015
0.43499999999999994
0.4444999999999999
0.44025000000000014
0.4414999999999999
0.43674999999999997
0.43699999999999994
0.4515
0.4344999999999999
0.4317500000000002
0.43299999999999994
0.4507500000000001
0.43699999999999994
0.4940000000000001
0.4405
0.45625000000000016
0.4442499999999999
0.47650000000000003
0.469
0.4487500000000001
0.4352499999999999
0.4557500000000001
0.4472499999999999
0.47075
0.45275
0.45975
0.44225000000000014
0.4462499999999999
0.43699999999999994
0.44125000000000003
0.46199999999999997
0.45824999999999994
0.4580000000000001
0.47524999999999984
0.46675
0.4922500000000002
0.45399999999999985
0.4630000000000001
0.4592499999999998
0.46724999999999983
0.4465000000000001
0.4517499999999999
0.4714999999999999
0.45200000000000007
0.4354999999999999
0.4357500000000001
0.46824999999999994
0.4367500000000001
0.46024999999999994
0.47724999999999995
0.46525000000000005
0.45724999999999993
0.4677500000000001
0.4474999999999999
0.43499999999999994
0.4357500000000001
0.45625000000000004
0.43225
0.43174999999999997
0.46824999999999983
0.4605
0.43525
0.4484999999999999
0.44775
0.43774999999999986
0.48025000000000007
0.45275
0.47075
0.4557500000000001
0.4664999999999999
0.4515
0.4322499999999999
0.46225000000000016
0.45375
0.4397500000000001
0.43000000000000005
0.47124999999999984
0.4534999999999999
0.43875
0.43875
0.43825000000000003
0.4485
0.4385
0.45925000000000005
0.47150000000000003
0.46275
0.43474999999999997
0.47950000000000004
0.4714999999999998
0.47
0.43875
0.4594999999999999
0.4352499999999998
0.4477500000000001
0.4554999999999999
0.4374999999999999
0.43674999999999997
0.4307500000000001
0.4485000000000001
0.43600000000000017
0.45824999999999994
0.46950000000000003
0.46875
0.44075
0.46099999999999985
0.4710000000000001
0.45699999999999996
0.4675
0.45375
0.44625000000000004
0.44625000000000004
0.43599999999999994
0.4517500000000001
0.43699999999999994
0.43574999999999997
0.4564999999999999
0.45624999999999993
0.4794999999999999
0.45500000000000007
0.46499999999999997
0.4505
0.46599999999999997
0.46225000000000005
0.4312499999999999
0.4657500000000001
0.4374999999999999
0.43899999999999995
0.45599999999999996
0.4377500000000001
0.469
0.4517500000000001
0.43799999999999994
0.46699999999999997
0.45125000000000004
0.45924999999999994
0.44075
0.45799999999999996
0.44674999999999987
0.4544999999999999
0.47250000000000014
0.44800000000000006
0.47025000000000006
0.4375
0.4565
0.43725000000000014
0.43725
0.4734999999999999
0.4554999999999999
0.4394999999999999
0.43325
0.46799999999999997
0.4365000000000001
0.46224999999999994
0.4902500000000001
0.45275
0.4492499999999999
0.48675
0.45575
0.4677500000000001
0.44600000000000006
0.43625000000000014
0.43399999999999994
0.44800000000000006
0.43525
0.45625000000000004
0.43500000000000005
0.4295
0.4675
0.43499999999999994
0.48675
0.4655
0.48024999999999984
0.47225000000000006
0.45725000000000005
0.47424999999999995
0.4352499999999999
0.46950000000000003
0.4594999999999999
0.4365000000000001
0.43974999999999986
0.4342499999999999
0.4687499999999999
0.43574999999999986
0.43699999999999994
0.4574999999999999
0.47299999999999986
0.4635
0.46124999999999994
0.46425000000000005
0.46324999999999983
0.47675
0.47025000000000006
0.4447500000000001
0.4675
0.45524999999999993
0.4585
0.44725000000000004
0.43875
0.46925000000000006
0.4600000000000001
0.43574999999999997
0.4375000000000001
0.4660000000000001
0.45999999999999996
0.43800000000000006
0.4764999999999999
0.44700000000000006
0.43625
0.4610000000000001
0.4515000000000001
0.4634999999999999
0.43599999999999994
0.4377500000000001
0.4472499999999999
0.4564999999999999
0.4754999999999999
0.43975
0.43899999999999995
0.43825000000000014
0.47525000000000006
0.4577500000000001
0.47975
0.45775
0.46750000000000014
0.45275
0.48125000000000007
0.46950000000000003
0.47
0.4645
0.47524999999999995
0.4325
0.45825000000000005
0.47150000000000003
0.47275
0.4584999999999999
0.4467500000000001
0.47124999999999995
0.43625
0.46324999999999983
0.469
0.45199999999999996
0.46499999999999997
0.4600000000000001
0.46199999999999997
0.42374999999999996
0.4664999999999999
0.47024999999999995
0.4485
0.45724999999999993
0.45975
0.48550000000000004
0.47350000000000003
0.48050000000000004
0.45775
0.48524999999999996
0.4585
0.484
0.5085
0.4435000000000001
0.43899999999999995
0.4830000000000001
0.44975
0.42825000000000013
0.45300000000000007
0.4545
0.42725
0.43825000000000003
0.4032499999999999
0.4052499999999999
0.44725000000000004
0.43499999999999994
0.40025
0.42174999999999996
0.4252499999999999
0.41225
0.36575000000000013
0.42199999999999993
0.4175000000000001
0.3810000000000001
0.37250000000000005
0.35525000000000007
0.3670000000000001
0.3644999999999998
0.35450000000000015
0.33999999999999997
0.3807499999999998
0.3105
0.22225000000000006
0.3360000000000001
0.36250000000000004
0.36049999999999993
0.3320000000000001
0.33199999999999985
0.37024999999999986
0.35824999999999996
0.3267499999999999
0.37449999999999994
0.355
0.3652500000000001
0.3514999999999999
0.3952499999999999
0.3634999999999998
0.39574999999999994
0.39150000000000007
0.39400000000000013
0.43400000000000005
0.4242500000000001
0.44525000000000003
0.39374999999999993
0.4480000000000002
0.4554999999999999
0.4195
0.45225000000000004
0.4655
0.46199999999999997
0.4807499999999999
0.4767499999999999
0.4794999999999999
0.4730000000000001
0.5117499999999998
0.47650000000000003
0.4889999999999999
0.48750000000000004
0.48275
0.47450000000000003
0.47275
0.43674999999999986
0.49649999999999994
0.46025000000000005
0.4967499999999999
0.47
0.473
0.479
0.4932500000000001
0.48850000000000005
0.48750000000000004
0.48725000000000007
0.4657500000000001
0.4850000000000001
0.48224999999999996
0.47275
0.45300000000000007
0.47750000000000004
0.4819999999999999
0.44200000000000006
0.4750000000000001
0.48050000000000004
0.45099999999999996
0.4850000000000001
0.48175
0.48275
0.4737499999999999
0.4869999999999999
0.47075
0.4810000000000001
0.4860000000000001
0.49649999999999994
0.481
0.4525
0.5045000000000001
0.4827500000000001
0.45100000000000007
0.4655
0.49575
0.4514999999999999
0.4889999999999999
0.4587499999999999
0.47275
0.48549999999999993
0.4834999999999998
0.4724999999999999
0.48324999999999996
0.4877499999999999
0.4879999999999999
0.4987499999999999
0.48250000000000004
0.49024999999999996
0.494
0.48425000000000007
0.45325000000000004
0.46599999999999997
0.4750000000000001
0.45650000000000013
0.46699999999999997
0.44875
0.46875
0.47999999999999987
0.45024999999999993
0.49024999999999996
0.502
0.48724999999999996
0.48524999999999996
0.46675
0.48525000000000007
0.4570000000000001
0.477
0.46524999999999994
0.4385
0.4590000000000001
0.4544999999999999
0.43700000000000006
0.4109999999999998
0.43625
0.474
0.45025000000000004
0.4364999999999999
0.48050000000000004
0.4770000000000001
0.4467500000000001
0.44125000000000003
0.41374999999999995
0.40974999999999995
0.4495
0.47124999999999984
0.43900000000000017
0.4287500000000001
0.46575
0.44100000000000017
0.40875000000000006
0.44474999999999987
0.4597499999999999
0.4312499999999999
0.45075
0.43299999999999994
0.45275
0.46324999999999983
0.4315000000000001
0.4305
0.4267500000000001
0.4365000000000001
0.47824999999999995
0.4585
0.41725000000000023
0.44725000000000004
0.44625000000000004
0.43025000000000013
0.4315000000000001
0.4385
0.43974999999999986
0.43025
0.45099999999999996
0.45399999999999985
0.4254999999999999
0.41625
0.45525000000000004
0.45000000000000007
0.44799999999999995
0.4594999999999999
0.44399999999999995
0.4345
0.44325000000000003
0.45699999999999996
0.4334999999999999
0.42425
0.4677499999999999
0.44225000000000003
0.45125000000000004
0.46775
0.45999999999999996
0.45624999999999993
0.4245
0.4332499999999999
0.43099999999999994
0.43500000000000016
0.4482499999999999
0.4545
0.4595
0.4012500000000001
0.4767499999999999
0.4640000000000001
0.40900000000000003
0.44499999999999995
0.4465
0.45399999999999996
0.45375
0.46225000000000005
0.4570000000000001
0.43074999999999997
0.4304999999999999
0.43000000000000005
0.42000000000000004
0.42074999999999996
0.4432499999999998
0.46275
0.42974999999999997
0.44825000000000004
0.4600000000000001
0.4305
0.4505
0.4257500000000001
0.4235
0.40675000000000006
0.41899999999999993
0.4245
0.392
0.39825
0.37675000000000003
0.37550000000000017
0.365
0.35225000000000006
0.3384999999999999
0.35025000000000006
0.3242499999999999
0.32100000000000006
0.34175
0.34050000000000014
0.37524999999999986
0.36375000000000013
0.32699999999999996
0.30825
0.37024999999999997
0.3554999999999999
0.39149999999999985
0.3752500000000001
0.3930000000000001
0.37575000000000003
0.3624999999999998
0.382
0.39774999999999994
0.3242499999999999
0.3609999999999999
0.39150000000000007
0.40175000000000016
0.36375000000000013
0.39149999999999996
0.42299999999999993
0.357
0.39375000000000004
0.41375000000000006
0.37625
0.39075000000000015
0.39649999999999996
0.39175000000000004
0.4075
0.43775
0.4497500000000001
0.4445
0.40625
0.4607500000000001
0.4604999999999999
0.46924999999999994
0.4664999999999999
0.50125
0.5004999999999998
0.47775
0.5017500000000001
0.47324999999999984
0.5292499999999998
0.5039999999999999
0.49375000000000013
0.49549999999999994
0.4804999999999999
0.51175
0.5187499999999998
0.469
0.46925000000000017
0.47575
0.4804999999999999
0.48650000000000015
0.49824999999999997
0.4892500000000001
0.4700000000000001
0.48149999999999993
0.49950000000000006
0.49875000000000014
0.46950000000000003
0.4690000000000001
0.5282500000000001
0.48275
0.47950000000000004
0.48975000000000013
0.5040000000000001
0.4810000000000001
0.3862500000000001
0.394
0.47224999999999995
0.47675
0.4750000000000001
0.487
0.47575
0.47024999999999983
0.45999999999999996
0.46624999999999994
0.4645
0.47824999999999995
0.4810000000000001
0.48025000000000007
0.46824999999999994
0.50425
0.49275
0.5015
0.47050000000000003
0.49024999999999996
0.502
0.477
0.48124999999999996
0.493
0.46199999999999997
0.48175
0.472
0.48975
0.47075
0.49975
0.46250000000000013
0.4720000000000001
0.4685
0.4889999999999999
0.49350000000000005
0.4999999999999999
0.48350000000000004
0.5185000000000001
0.4710000000000001
0.46725000000000005
0.483
0.46725000000000005
0.49875
0.48175
0.47275
0.4730000000000001
0.47125000000000006
0.4700000000000001
0.46824999999999983
0.4704999999999999
0.47150000000000003
0.4940000000000001
0.4710000000000001
0.49824999999999986
0.4817499999999999
0.5205000000000001
0.48450000000000004
0.487
0.4784999999999999
0.47350000000000003
0.47025000000000006
0.46924999999999994
0.47050000000000014
0.4677500000000001
0.4877499999999999
0.4637499999999999
0.4724999999999998
0.4900000000000001
0.4892500000000001
0.4675
0.49224999999999997
0.47625000000000006
0.48450000000000004
0.5020000000000001
0.46775
0.48649999999999993
0.4837499999999999
0.47199999999999986
0.46824999999999994
0.484
0.48749999999999993
0.472
0.48650000000000015
0.46725000000000005
0.4907499999999998
0.4684999999999999
0.5212500000000001
0.4782500000000002
0.5042499999999999
0.48099999999999987
0.49550000000000016
0.4787499999999999
0.48125000000000007
0.502
0.4730000000000001
0.47
0.4840000000000001
0.48949999999999994
0.46699999999999997
0.47124999999999995
0.4797499999999999
0.47024999999999983
0.4635
0.49475000000000013
0.5017499999999999
0.49824999999999997
0.4997499999999998
0.50575
0.5127500000000002
0.4850000000000001
0.49649999999999994
0.48750000000000004
0.47824999999999984
0.5015000000000001
0.5099999999999999
0.50775
0.48
0.4584999999999999
0.4740000000000001
0.42475000000000007
0.48025000000000007
0.4635
0.43474999999999997
0.42399999999999993
0.43100000000000016
0.40375000000000005
0.3637499999999999
0.39674999999999994
0.3909999999999999
0.392
0.395
0.37575000000000003
0.40074999999999994
0.37775000000000003
0.3890000000000001
0.3959999999999998
0.40000000000000013
0.36849999999999994
0.38149999999999995
0.39325
0.3807499999999999
0.3792500000000002
0.40725
0.4105
0.39275000000000004
0.4085000000000001
0.376
0.40774999999999995
0.4085
0.38175000000000003
0.40625
0.39749999999999996
0.381
0.388
0.392
0.3852500000000001
0.37724999999999986
0.4282499999999999
0.39949999999999997
0.4149999999999999
0.3700000000000001
0.42900000000000005
0.3925000000000002
0.38950000000000007
0.41125
0.39449999999999996
0.4165000000000001
0.38550000000000006
0.39225
0.4485
0.40249999999999997
0.38550000000000006
0.4039999999999999
0.42025
0.4065000000000001
0.391
0.40375000000000005
0.3965000000000001
0.40174999999999983
0.37975000000000003
0.4122500000000001
0.3952500000000001
0.3945000000000001
0.39275000000000004
0.38325
0.41774999999999995
0.40100000000000013
0.3942500000000001
0.4235000000000001
0.40949999999999986
0.4192499999999999
0.42274999999999996
0.3852500000000001
0.42325
0.43000000000000005
0.39474999999999993
0.40149999999999997
0.42100000000000004
0.40174999999999994
0.42074999999999996
0.38425
0.4222500000000001
0.40375000000000005
0.4
0.4265
0.4185000000000001
0.39425
0.39625
0.40300000000000014
0.40449999999999997
0.38849999999999996
0.40174999999999994
0.4254999999999999
0.40349999999999997
0.39800000000000013
0.40049999999999997
0.4477500000000001
0.43000000000000005
0.4422499999999999
0.38925
0.4132499999999999
0.40375000000000005
0.4099999999999999
0.42799999999999994
0.40625
0.397
0.4069999999999999
0.42774999999999985
0.40600000000000014
0.38925
0.43500000000000016
0.4062500000000001
0.40225
0.3800000000000002
0.3979999999999999
0.40800000000000003
0.3607499999999999
0.3757499999999999
0.3942500000000001
0.37775000000000003
0.35
0.39249999999999996
0.34450000000000003
0.31325000000000003
0.38125
0.34324999999999994
0.33724999999999994
0.3420000000000001
0.39549999999999996
0.3367499999999999
0.35250000000000004
0.36249999999999993
0.3414999999999999
0.3534999999999999
0.35825000000000007
0.3919999999999999
0.35124999999999995
0.35750000000000004
0.3730000000000002
0.3467499999999999
0.39825
0.3700000000000001
0.4065000000000001
0.40149999999999997
0.37850000000000006
0.3999999999999999
0.40474999999999994
0.405
0.4102499999999999
0.43325
0.40925
0.45524999999999993
0.43400000000000005
0.4660000000000001
0.43625
0.44925000000000004
0.4477500000000001
0.4932500000000001
0.4700000000000001
0.48224999999999985
0.5249999999999999
0.5275
0.4615
0.48324999999999996
0.523
0.5105000000000001
0.4640000000000001
0.47450000000000003
0.4969999999999999
0.50025
0.49124999999999996
0.5302500000000001
0.4999999999999999
0.53025
0.46275
0.5325000000000001
0.5267499999999999
0.4525
0.5205
0.5127500000000002
0.515
0.508
0.5175
0.50425
0.5179999999999999
0.5062500000000002
0.5207499999999999
0.52675
0.5065
0.51375
0.5375
0.5065000000000001
0.515
0.49624999999999997
0.49824999999999997
0.4847500000000001
0.51425
0.51225
0.5175000000000002
0.4770000000000001
0.51225
0.5155000000000001
0.539
0.53975
0.5002500000000001
0.53675
0.5407500000000001
0.5387500000000002
0.50975
0.5187499999999999
0.5074999999999998
0.5062500000000001
0.47250000000000003
0.5085000000000001
0.4922500000000001
0.4952500000000001
0.5145000000000001
0.5152500000000002
0.49350000000000016
0.5137499999999998
0.515
0.518
0.493
0.4717500000000001
0.49375
0.5150000000000001
0.4987499999999999
0.51625
0.4860000000000001
0.48824999999999996
0.46799999999999986
0.53925
0.5157500000000002
0.5135000000000001
0.4854999999999998
0.49875
0.49775
0.5140000000000002
0.5157500000000002
0.51325
0.521
0.494
0.49324999999999986
0.53875
0.53525
0.5177499999999999
0.50025
0.49975
0.49375000000000013
0.51175
0.51525
0.5160000000000001
0.506
0.52325
0.5404999999999999
0.4977499999999999
0.5140000000000001
0.5192499999999999
0.5385000000000001
0.49675
0.5385000000000002
0.5197499999999999
0.54075
0.5367500000000001
0.5242500000000001
0.508
0.51375
0.4922500000000001
0.521
0.501
0.51925
0.5172499999999999
0.5207499999999999
0.5375
0.5159999999999999
0.5392500000000001
0.5397500000000001
0.52625
0.5190000000000001
0.49850000000000005
0.5347500000000001
0.5217500000000002
0.5407500000000001
0.5400000000000001
0.51875
0.49324999999999997
0.5179999999999999
0.5185
0.48324999999999996
0.47825000000000006
0.5065
0.476
0.48150000000000004
0.46125000000000005
0.4717499999999998
0.42374999999999996
0.4152499999999999
0.39525
0.39849999999999997
0.40500000000000014
0.398
0.37875000000000003
0.3670000000000001
0.38749999999999996
0.38750000000000007
0.3672500000000001
0.4025000000000001
0.43299999999999994
0.39449999999999996
0.40325
0.38775000000000004
0.38775000000000015
0.41725
0.40549999999999986
0.4065000000000001
0.3867499999999999
0.4165000000000001
0.42525000000000013
0.39949999999999997
0.4245
0.44499999999999995
0.37549999999999994
0.40325
0.4062499999999999
0.41000000000000003
0.3860000000000001
0.4147500000000002
0.39449999999999985
0.40474999999999994
0.38724999999999987
0.3892499999999999
0.4019999999999999
0.3867499999999999
0.40400000000000014
0.3790000000000001
0.3929999999999999
0.4297500000000001
0.41175000000000006
0.4295
0.43025000000000013
0.42100000000000004
0.39875000000000005
0.39074999999999993
0.38949999999999996
0.42999999999999994
0.40974999999999984
0.39250000000000007
0.41600000000000004
0.4012499999999999
0.40449999999999997
0.3939999999999999
0.39225
0.4344999999999999
0.41700000000000004
0.4317500000000001
0.41375000000000006
0.4335000000000001
0.37975000000000003
0.40249999999999997
0.43799999999999994
0.42500000000000004
0.42100000000000004
0.395
0.44275
0.43199999999999994
0.44575
0.44899999999999995
0.43025
0.4049999999999998
0.4607500000000001
0.4262499999999998
0.3830000000000001
0.42374999999999985
0.40449999999999997
0.40674999999999983
0.4332499999999999
0.4085000000000001
0.4487500000000001
0.41375000000000006
0.4055000000000001
0.42299999999999993
0.43775
0.43325000000000014
0.44425000000000003
0.43399999999999994
0.4115
0.3849999999999999
0.44475
0.41375000000000006
0.38874999999999993
0.41999999999999993
0.40475000000000005
0.38775000000000004
0.40249999999999986
0.3965000000000002
0.3772500000000001
0.3929999999999999
0.38025
0.3890000000000001
0.33899999999999997
0.33525000000000005
0.34099999999999997
0.3662500000000001
0.32899999999999996
0.34450000000000003
0.31925000000000003
0.30800000000000005
0.32474999999999987
0.30125000000000013
0.3325
0.3352499999999998
0.35424999999999995
0.3347499999999999
0.34750000000000003
0.35324999999999995
0.35275
0.347
0.33775
0.372
0.37625
0.3157500000000001
0.38625
0.33025000000000015
0.3912499999999999
0.398
0.35275
0.3700000000000001
0.358
0.406
0.38349999999999995
0.4202500000000001
0.4032500000000001
0.42099999999999993
0.40700000000000014
0.4215000000000001
0.4654999999999999
0.43900000000000006
0.43999999999999995
0.45299999999999996
0.42574999999999996
0.4425
0.4132500000000001
0.40374999999999994
0.4422499999999999
0.46025000000000005
0.4244999999999999
0.42900000000000005
0.4444999999999999
0.4610000000000001
0.47625000000000006
0.4315
0.4704999999999999
0.51725
0.4640000000000001
0.4525
0.3207500000000001
0.4357500000000001
0.47124999999999984
0.4237500000000002
0.4535
0.4442499999999999
0.4664999999999999
0.47475
0.44400000000000006
0.43875
0.45999999999999996
0.46924999999999994
0.47024999999999995
0.4625
0.45975
0.4670000000000001
0.4817500000000001
0.48475
0.44625000000000004
0.4767499999999999
0.5065
0.48124999999999984
0.5072500000000001
0.4707499999999999
0.46475
0.4727499999999999
0.5
0.46625000000000005
0.4820000000000002
0.48050000000000004
0.478
0.4677500000000001
0.4647500000000001
0.5070000000000001
0.48975
0.502
0.5070000000000001
0.5205000000000002
0.50075
0.47275
0.49650000000000016
0.49349999999999994
0.47175
0.47250000000000003
0.4674999999999999
0.49624999999999997
0.49650000000000005
0.47050000000000003
0.4720000000000001
0.4710000000000001
0.51275
0.5135000000000001
0.478
0.5022499999999999
0.46275
0.5135
0.5155
0.49350000000000005
0.49250000000000005
0.49424999999999997
0.4740000000000001
0.5165
0.493
0.5154999999999998
0.5135000000000001
0.49475000000000013
0.49349999999999994
0.5142499999999999
0.5342499999999999
0.49550000000000005
0.5362500000000001
0.49324999999999997
0.49975
0.5087500000000001
0.5149999999999999
0.52175
0.5257499999999999
0.5367500000000001
0.5120000000000001
0.4990000000000001
0.499
0.4940000000000001
0.4977499999999999
0.5107500000000001
0.4957499999999998
0.51725
0.524
0.5170000000000001
0.49050000000000005
0.49975000000000014
0.52875
0.49750000000000016
0.49624999999999997
0.49675000000000014
0.49624999999999997
0.4997499999999999
0.4992500000000001
0.49750000000000005
0.5002500000000001
0.5152499999999999
0.49924999999999997
0.5107499999999999
0.5149999999999999
0.5182500000000001
0.5205
0.51725
0.49549999999999994
0.4794999999999999
0.49650000000000005
0.5105
0.495
0.49249999999999994
0.4979999999999999
0.477
0.5122500000000001
0.5345000000000002
0.51275
0.5105
0.49524999999999986
0.4870000000000001
0.4667499999999999
0.48575
0.45124999999999993
0.4155
0.4212499999999999
0.40600000000000014
0.4052499999999999
0.34599999999999986
0.35350000000000004
0.30699999999999983
0.5157499999999999
0.32800000000000007
0.3125000000000001
0.33425000000000005
0.3325
0.34275
0.3155000000000001
0.35024999999999995
0.3347500000000001
0.31599999999999995
0.35275
0.3357499999999999
0.351
0.33299999999999985
0.3467499999999999
0.35950000000000004
0.351
0.36024999999999996
0.35524999999999995
0.34224999999999994
0.33624999999999994
0.3470000000000001
0.36275
0.33975
0.3354999999999999
0.3377500000000001
0.39025
0.3424999999999999
0.35575
0.345
0.3732500000000001
0.34375
0.365
0.35125000000000006
0.36150000000000004
0.3727499999999999
0.3464999999999999
0.35424999999999984
0.34324999999999983
0.3237500000000001
0.3295
0.37849999999999995
0.32875
0.35924999999999996
0.368
0.38275000000000003
0.3577500000000001
0.3390000000000001
0.34899999999999987
0.3747499999999999
0.3642500000000001
0.36575000000000013
0.35050000000000003
0.36225000000000007
0.4045000000000001
0.33124999999999993
0.33275
0.40225
0.34875
0.35850000000000004
0.37650000000000006
0.39225
0.34750000000000003
0.3642500000000001
0.395
0.376
0.3827499999999999
0.3732500000000002
0.3520000000000001
0.37375
0.3780000000000001
0.36124999999999985
0.37625
0.34299999999999986
0.40525
0.375
0.3437500000000001
0.3464999999999999
0.3932500000000001
0.35325000000000006
0.36950000000000005
0.37324999999999986
0.37675000000000014
0.38075000000000003
0.3812500000000002
0.392
0.3945000000000001
0.399
0.36924999999999997
0.37749999999999995
0.37075
0.35050000000000003
0.35024999999999995
0.38875000000000004
0.37649999999999995
0.34024999999999994
0.3467499999999999
0.3639999999999999
0.35750000000000004
0.33099999999999996
0.3287499999999999
0.35125000000000006
0.3274999999999999
0.2995
0.27
0.33425000000000005
0.26725
0.30699999999999994
0.2852500000000001
0.24825000000000008
0.3075
0.3135000000000001
0.27075000000000005
0.2845
0.30200000000000005
0.3225000000000001
0.27825
0.3004999999999999
0.31725000000000014
0.29374999999999996
0.3194999999999999
0.3174999999999999
0.32800000000000007
0.30400000000000005
0.33525000000000005
0.35950000000000004
0.31899999999999995
0.29500000000000004
0.3257500000000001
0.34650000000000003
0.3544999999999999
0.35450000000000004
0.32300000000000006
0.3972500000000001
0.36750000000000005
0.36624999999999996
0.18225000000000013
0.35250000000000004
0.38125
0.3510000000000001
0.3460000000000001
0.35024999999999995
0.37875000000000003
0.38749999999999996
0.3334999999999999
0.3632500000000001
0.3124999999999999
0.35399999999999987
0.36475000000000013
0.3287499999999999
0.36324999999999996
0.38025
0.3909999999999999
0.3729999999999999
0.39
0.38775000000000015
0.4185000000000001
0.4019999999999999
0.3972500000000001
0.4012499999999999
0.38849999999999996
0.43425
0.4545
0.5412499999999999
0.3870000000000001
0.37775000000000003
0.4405
0.4129999999999999
0.41274999999999995
0.41174999999999995
0.4327500000000001
0.41475000000000006
0.4285
0.45600000000000007
0.4345000000000001
0.4325
0.4402499999999999
0.43374999999999997
0.4375
0.46025000000000005
0.45599999999999996
0.42075000000000007
0.42999999999999994
0.4159999999999999
0.37849999999999995
0.43599999999999994
0.4395
0.4095000000000001
0.394
0.4089999999999998
0.4182500000000001
0.4049999999999999
0.40149999999999997
0.41675000000000006
0.41175000000000006
0.41774999999999984
0.4
0.4039999999999999
0.40249999999999997
0.40049999999999997
0.42075000000000007
0.43674999999999986
0.40700000000000014
0.42300000000000015
0.42725
0.43674999999999997
0.4245
0.4125
0.42174999999999996
0.4062499999999999
0.40575000000000006
0.40049999999999997
0.4205
0.40349999999999997
0.41700000000000015
0.39975000000000005
0.4015000000000001
0.40475000000000005
0.405
0.4125
0.42825
0.41425
0.4115
0.38525
0.45000000000000007
0.3985000000000001
0.4245000000000001
0.4142499999999999
0.404
0.4005000000000001
0.40074999999999994
0.40375000000000016
0.406
0.40474999999999994
0.4149999999999999
0.40474999999999994
0.40675000000000006
0.41974999999999985
0.403
0.40349999999999997
0.43674999999999997
0.41325
0.42300000000000004
0.4635
0.43499999999999994
0.4205
0.4345000000000001
0.40049999999999997
0.4165
0.43725
0.42000000000000004
0.4085000000000001
0.40325
0.39675000000000005
0.42000000000000004
0.40525
0.42400000000000004
0.40575000000000006
0.40175000000000005
0.42500000000000004
0.42300000000000004
0.42474999999999996
0.4367500000000001
0.4102500000000001
0.4145
0.404
0.40875000000000006
0.3919999999999999
0.38575000000000015
0.34299999999999997
0.33875
0.31399999999999995
0.32125000000000004
0.2650000000000001
0.2502500000000001
0.27749999999999997
0.23175
0.3105
0.2097500000000001
0.23424999999999996
0.21024999999999994
0.21675
0.22799999999999998
0.253
0.251
0.25049999999999994
0.2809999999999999
0.26049999999999995
0.24975000000000003
0.25825
0.24775000000000014
0.27400000000000013
0.237
0.26425
0.29125
0.24450000000000005
0.27675000000000005
0.29674999999999996
0.2287499999999999
0.246
0.27349999999999997
0.2879999999999999
0.25549999999999995
0.26574999999999993
0.28274999999999995
0.28025
0.277
0.26449999999999996
0.25125
0.267
0.2842499999999999
0.262
0.27225
0.263
0.29875000000000007
0.28475000000000006
0.27274999999999994
0.2457499999999999
0.3002499999999999
0.2915
0.27925
0.27
0.26725
0.28974999999999995
0.29000000000000015
0.2822499999999999
0.29400000000000004
0.28225
0.24075000000000002
0.26675000000000004
0.30899999999999994
0.241
0.26
0.24749999999999994
0.31599999999999995
0.279
0.26775000000000004
0.25975000000000004
0.27075000000000005
0.2789999999999999
0.25849999999999995
0.2815000000000001
0.28
0.275
0.279
0.24775000000000014
0.24224999999999997
0.2942500000000001
0.23075000000000012
0.25575000000000003
0.20850000000000002
0.27049999999999996
0.254
0.2572500000000001
0.2134999999999999
0.24275000000000002
0.25349999999999995
0.2250000000000001
0.24375000000000013
0.23624999999999996
0.2270000000000001
0.244
0.24175000000000002
0.21799999999999997
0.2280000000000001
0.28325
0.24625000000000008
0.2855000000000001
0.30125000000000013
0.3390000000000001
0.269
0.2995
0.26175000000000004
0.2859999999999999
0.2972499999999999
0.3039999999999998
0.30174999999999985
0.31925000000000003
0.3127500000000001
0.30674999999999997
0.27925
0.30200000000000005
0.2427499999999999
0.3284999999999999
0.26549999999999996
0.3029999999999998
0.28349999999999986
0.31474999999999986
0.26749999999999996
0.28525
0.27400000000000013
0.26525
0.30800000000000016
0.29325
0.2815000000000001
0.24250000000000005
0.2532500000000001
0.2695000000000001
0.21975
0.26775000000000004
0.1595000000000001
0.24974999999999992
0.28725
0.242
0.23025000000000007
0.28
0.275
0.23675000000000002
0.22350000000000003
0.2460000000000001
0.26049999999999995
0.2512500000000001
0.24575000000000002
0.22999999999999998
0.26749999999999996
0.24475000000000002
0.22649999999999992
0.25750000000000006
0.22124999999999995
0.25075000000000003
0.249
0.24099999999999988
0.19474999999999998
0.22149999999999992
0.256
0.21125000000000005
0.1945
0.1945
0.19825000000000004
0.20099999999999996
0.19425000000000003
0.20875
0.20825000000000005
0.1925
0.19374999999999998
0.21275
0.20375
0.20199999999999996
0.16100000000000003
0.20624999999999993
0.1864999999999999
0.18774999999999997
0.1855
0.20674999999999988
0.19924999999999993
0.20800000000000007
0.19799999999999995
0.21299999999999997
0.21074999999999988
0.21899999999999986
0.1994999999999999
0.21749999999999992
0.2177500000000001
0.20950000000000002
0.1715000000000001
0.16274999999999995
0.14100000000000001
0.18799999999999994
0.1835
0.17125
0.16299999999999992
0.17900000000000005
0.17400000000000004
0.19325000000000003
0.16400000000000003
0.18025000000000002
0.20000000000000007
0.18974999999999997
0.1635000000000001
0.18525000000000003
0.19899999999999995
0.21700000000000008
0.17274999999999996
0.19874999999999998
0.1835
0.16249999999999998
0.21250000000000002
0.1934999999999999
0.15974999999999995
0.18074999999999997
0.20099999999999996
0.17875000000000008
0.18325000000000002
0.18300000000000005
0.19574999999999998
0.19774999999999998
0.17200000000000004
0.19725000000000004
0.2027500000000001
0.19374999999999998
0.1755
0.16649999999999998
0.14700000000000002
0.14600000000000002
0.22075
0.17574999999999996
0.17674999999999996
0.17499999999999993
0.17225000000000001
0.15749999999999997
0.19700000000000006
0.21675
0.17700000000000005
0.1945
0.17625000000000002
0.1975
0.2144999999999999
0.19450000000000012
0.17599999999999993
0.18425000000000002
0.17174999999999996
0.16725
0.19625000000000004
0.1924999999999999
0.1785
0.16900000000000004
0.1755
0.17699999999999994
0.19950000000000012
0.19899999999999995
0.19625000000000004
0.19625000000000004
0.19025000000000003
0.1967500000000001
0.19024999999999992
0.21975
0.1762499999999999
0.17025
0.18275000000000008
0.16874999999999996
0.18799999999999994
0.16849999999999998
0.18149999999999988
0.17075000000000007
0.15174999999999994
0.14824999999999988
0.14725
0.13850000000000007
0.10625000000000007
0.13475000000000004
0.10524999999999995
0.08574999999999999
0.07550000000000001
0.10450000000000004
0.133
0.07974999999999999
0.15949999999999998
0.14950000000000008
0.14550000000000007
0.15225
0.15325
0.13724999999999998
0.1725
0.19999999999999996
0.1805000000000001
0.22750000000000004
0.22775000000000012
0.17925000000000002
0.20374999999999988
0.22950000000000004
0.23199999999999998
0.21499999999999997
0.24224999999999997
0.237
0.23175
0.21950000000000003
0.21150000000000002
0.21950000000000003
0.21800000000000008
0.22249999999999992
0.23950000000000005
0.24149999999999994
0.22325000000000006
0.24850000000000005
0.236
0.25350000000000006
0.22599999999999998
0.26975000000000005
0.20924999999999994
0.22399999999999998
0.22325000000000006
0.27674999999999994
0.24
0.23675000000000002
0.22724999999999995
0.24549999999999994
0.27375000000000005
0.2267499999999999
0.26150000000000007
0.25275000000000003
0.25849999999999995
0.23275000000000012
0.2642500000000001
0.20875
0.24375000000000002
0.23524999999999996
0.24675000000000002
0.20199999999999996
0.2357499999999999
0.2712500000000001
0.23950000000000005
0.2709999999999999
0.25075000000000003
0.2792499999999999
0.28525
0.25675000000000003
0.26849999999999996
0.20424999999999993
0.248
0.25849999999999995
0.24550000000000005
0.2695000000000001
0.272
0.21174999999999988
0.25675000000000003
0.25750000000000006
0.253
0.2805000000000001
0.2682499999999999
0.26149999999999995
0.24875000000000003
0.24875000000000003
0.25449999999999995
0.2935
0.25925
0.22449999999999992
0.23424999999999996
0.24
0.20450000000000002
0.20524999999999993
0.2154999999999999
0.26774999999999993
0.2054999999999999
0.21575
0.22025000000000006
0.23150000000000004
0.22425000000000006
0.23324999999999996
0.2410000000000001
0.23975000000000002
0.2617499999999999
0.27349999999999997
0.28525
0.22750000000000004
0.27375000000000005
0.28775000000000006
0.25250000000000006
0.263
0.30999999999999994
0.2597499999999999
0.28300000000000003
0.27749999999999997
0.29000000000000004
0.264
0.3214999999999999
0.32599999999999996
0.3052499999999999
0.31975
0.34275
0.3232499999999999
0.38675000000000015
0.30174999999999996
0.3587500000000001
0.38775000000000015
0.3212499999999999
0.31225000000000014
0.35524999999999995
0.33899999999999986
0.34125000000000005
0.345
0.3275000000000001
0.35650000000000004
0.366
0.33824999999999994
0.36049999999999993
0.38249999999999995
0.33999999999999997
0.37650000000000006
0.35750000000000004
0.33175
0.36624999999999996
0.3632500000000001
0.361
0.35650000000000004
0.3547499999999999
0.36649999999999994
0.38150000000000006
0.32375
0.35824999999999996
0.34750000000000003
0.35075
0.3652500000000002
0.34575
0.3415
0.35025000000000006
0.34875
0.38475000000000004
0.3367500000000001
0.3630000000000002
0.28600000000000003
0.34025000000000005
0.3610000000000001
0.33775
0.33175
0.363
0.3305
0.3527500000000001
0.3295
0.32900000000000007
0.33324999999999994
0.34775
0.3420000000000001
0.32225000000000004
0.3275
0.3397500000000001
0.3325
0.3197500000000001
0.33575
0.30599999999999994
0.3135
0.36350000000000005
0.31174999999999997
0.29200000000000004
0.3490000000000001
0.34024999999999994
0.3215
0.29000000000000004
0.3295
0.31874999999999987
0.32599999999999996
0.31425000000000003
0.33675
0.32775
0.34525000000000006
0.35250000000000015
0.30125
0.32025000000000003
0.3077500000000001
0.30700000000000005
0.3185000000000001
0.3185
0.3015
0.32899999999999996
0.3165
0.32099999999999995
0.29125
0.32125000000000004
0.3094999999999999
0.30274999999999996
0.3057500000000001
0.32475
0.32499999999999996
0.3065000000000001
0.34750000000000003
0.2975
0.3077500000000001
0.2829999999999999
0.31500000000000006
0.28975000000000006
0.30174999999999996
0.31700000000000006
0.29900000000000004
0.32899999999999996
0.3005000000000001
0.29974999999999996
0.3225000000000001
0.32275
0.3024999999999999
0.33525000000000005
0.33699999999999997
0.3215000000000001
0.3265000000000001
0.31675
0.32925000000000015
0.3152499999999999
0.29899999999999993
0.3205
0.3085
0.29999999999999993
0.3045000000000001
0.30600000000000005
0.31725000000000003
0.28975000000000006
0.3407500000000001
0.28875000000000006
0.2995000000000001
0.30025000000000013
0.30100000000000005
0.32199999999999995
0.31399999999999995
0.33750000000000013
0.3017500000000001
0.27049999999999996
0.2397499999999999
0.2885000000000001
0.25349999999999995
0.26475000000000004
0.25625
0.2500000000000001
0.27874999999999994
0.26949999999999996
0.2705000000000001
0.26450000000000007
0.28374999999999984
0.28
0.279
0.30199999999999994
0.32999999999999996
0.2935
0.27975000000000005
0.33299999999999996
0.31925000000000003
0.359
0.32299999999999995
0.34275
0.33499999999999996
0.3035
0.3275
0.3312499999999998
0.3447499999999999
0.3470000000000001
0.3447499999999999
0.37149999999999994
0.36924999999999986
0.33825000000000005
0.32300000000000006
0.3255000000000001
0.39675000000000016
0.3552500000000002
0.36124999999999996
0.3660000000000002
0.36375
0.35075
0.3447499999999999
0.3672500000000001
0.363
0.3759999999999999
0.39500000000000013
0.38649999999999995
0.394
0.35324999999999995
0.36450000000000005
0.40025
0.42700000000000005
0.6745
0.4432499999999999
0.4959999999999999
0.4685
0.44799999999999995
0.46250000000000013
0.48549999999999993
0.47550000000000003
0.5005000000000001
0.46575
0.4694999999999999
0.5075
0.43374999999999997
0.47299999999999986
0.494
0.4444999999999999
0.47024999999999995
0.4677499999999999
0.4670000000000001
0.47975
0.47924999999999984
0.471
0.4637499999999999
0.47024999999999995
0.45650000000000013
0.4627499999999999
0.4620000000000001
0.4950000000000001
0.47775
0.45500000000000007
0.4345000000000001
0.48850000000000005
0.4547499999999999
0.44200000000000006
0.42325
0.4432499999999999
0.46499999999999997
0.46299999999999997
0.44375
0.45600000000000007
0.43000000000000016
0.46475
0.43100000000000005
0.4135000000000001
0.394
0.45724999999999993
0.44100000000000006
0.4597499999999999
0.46475
0.4287500000000001
0.45575
0.5935
0.49849999999999994
0.519
0.4899999999999999
0.4990000000000001
0.5694999999999999
0.5635
0.5422500000000001
0.6004999999999998
0.5887500000000001
0.6245
0.62975
0.64425
0.6147499999999999
0.6505
0.6325
0.7632500000000001
0.5832500000000002
0.6035
0.6855
0.6444999999999999
0.4864999999999998
0.6387499999999999
0.61875
0.6224999999999999
0.6315
0.6242500000000001
0.62325
0.6224999999999999
0.6195
0.63625
0.6042500000000002
0.61825
0.68275
0.6262500000000001
0.5932499999999999
0.6147499999999999
0.67325
0.718
0.67825
0.6874999999999998
0.77325
0.7137500000000001
0.7625
0.752
0.7484999999999999
0.78475
0.7812499999999999
0.7720000000000001
0.7517499999999999
0.7737499999999999
0.788
0.7685
0.7692499999999999
0.7742499999999999
0.772
0.7882499999999999
0.7337499999999999
1.1155
1.2462499999999999
0.06299999999999996
0.38050000000000006
0.5025
0.2417499999999999
0.24324999999999997
0.26625
0.14450000000000007
0.10249999999999992
0.23399999999999999
0.3477499999999999
0.33375000000000005
0.283
0.17174999999999996
0.188
0.22350000000000003
0.27574999999999994
0.27225000000000005
0.21650000000000003
0.20099999999999996
0.236
0.22324999999999995
0.22775
0.20750000000000002
0.23750000000000004
0.22525000000000006
0.1845
0.20024999999999993
0.17549999999999988
0.1905
0.23150000000000004
0.19725000000000004
0.1785
0.23625000000000007
0.22275
0.17175000000000007
0.18799999999999994
0.20950000000000002
0.1885
0.18674999999999997
0.2074999999999999
0.18500000000000005
0.23075
0.25525
0.26850000000000007
0.239
0.22650000000000003
0.25349999999999995
0.2679999999999999
0.21875
0.262
0.24275000000000002
0.1782499999999999
0.23150000000000004
0.22000000000000008
0.28675000000000006
0.2985
0.46449999999999997
0.45449999999999996
0.47550000000000003
0.53175
0.53325
0.523
0.8822500000000001
0.5087499999999999
0.5880000000000001
0.4674999999999999
0.5935
0.53125
0.42299999999999993
0.46775000000000005
0.32699999999999996
0.711
0.17024999999999996
0.16750000000000004
0.5
0.446
0.42574999999999996
0.6910000000000002
0.581
0.58375
0.31599999999999995
0.5347500000000001
0.28800000000000003
0.33575
0.35099999999999987
0.2829999999999999
0.15875000000000006
0.05525000000000008
0.06525000000000003
0.04849999999999999
0.03425000000000006
0.08900000000000008
0.0050000000000000044
0.022249999999999992
0.039499999999999924
0.09750000000000003
0.16875
0.20400000000000007
0.05274999999999991
0.15299999999999997
0.10599999999999998
0.06
0.22375
0.1787499999999999
0.16924999999999996
0.16874999999999996
0.15825
0.1865
0.18600000000000005
0.15025000000000005
0.13199999999999995
0.14750000000000002
0.1404999999999999
0.14825000000000005
0.07350000000000007
0.11175000000000007
0.018500000000000072
0.05849999999999994
0.08899999999999997
0.125
0.09775
0.11375000000000007
0.11799999999999994
0.10850000000000004
0.09600000000000009
0.13849999999999996
0.11399999999999999
0.12674999999999997
0.13450000000000006
0.14175
0.19949999999999996
0.23349999999999993
0.20849999999999996
0.21250000000000008
0.2089999999999999
0.186
0.2005
0.1875
0.20675000000000004
0.22375
0.21474999999999994
0.21525000000000005
0.24149999999999994
0.23374999999999996
0.18450000000000005
0.1855
0.21974999999999995
0.18924999999999997
0.17725000000000002
0.18774999999999997
0.19200000000000006
0.21499999999999997
0.22000000000000003
0.20549999999999996
0.21500000000000002
0.19149999999999995
0.22425
0.2735000000000001
0.25225
0.27275
0.27599999999999997
0.2922499999999999
0.27499999999999997
0.28325
0.29374999999999996
0.31875
0.28825000000000006
0.3034999999999999
0.30399999999999994
0.29475000000000007
0.30600000000000005
0.2895
0.33225
0.2905
0.30799999999999994
0.32799999999999996
0.27525
0.28975
0.27574999999999994
0.26999999999999996
0.2845
0.32200000000000006
0.285
0.2765000000000001
0.30374999999999996
0.3375000000000001
0.27925
0.3412500000000001
0.3285
0.30999999999999994
0.31425000000000003
0.3275
0.32974999999999993
0.39175000000000004
0.31124999999999997
0.34175
0.364
0.36150000000000004
0.32649999999999996
0.3455
0.32725000000000004
0.329
0.353
0.38325
0.33825
0.29675000000000007
0.4475
0.36324999999999996
0.35949999999999993
0.38225
0.37825000000000003
0.39474999999999993
0.4015000000000001
0.37775000000000003
0.38075
0.6539999999999999
0.38449999999999995
0.33374999999999994
0.37000000000000005
0.35450000000000004
0.32550000000000007
0.32575
0.364
0.349
0.36149999999999993
0.33674999999999994
0.34650000000000003
0.38650000000000007
0.3712500000000001
0.38725
0.37025
0.3545
0.34825000000000006
0.33999999999999997
0.349
0.34824999999999995
0.39025000000000004
0.36949999999999994
0.40199999999999997
0.38150000000000006
0.392
0.38625
0.38025
0.4
0.37750000000000006
0.38749999999999996
0.4112499999999999
0.4105
0.38125
0.3999999999999999
0.39275
0.40725
0.35024999999999995
0.3565
0.314
0.3315
0.30924999999999997
0.3005
0.306
0.31849999999999995
0.30450000000000005
0.30875000000000014
0.3175
0.30350000000000005
0.30174999999999996
0.27124999999999994
0.26049999999999995
0.2532500000000001
0.26925
0.2387499999999999
0.21450000000000002
0.21975
0.25225000000000003
0.26199999999999996
0.24625000000000002
0.22475
0.21975
0.27175
0.2562500000000001
0.21050000000000002
0.2149999999999999
0.16275000000000006
0.18974999999999992
0.15299999999999997
0.12950000000000006
0.05899999999999994
0.050000000000000044
0.03749999999999998
0.04675000000000007
0.0635
0.16499999999999998
0.21174999999999988
0.25475000000000003
0.259
0.27349999999999997
0.3375
0.29375
0.2875
0.33075
0.37650000000000006
0.28025
0.22275
0.12774999999999992
0.09000000000000008
0.017000000000000015
0.06049999999999994
0.10724999999999996
0.15124999999999994
0.21275
0.21724999999999994
0.24449999999999994
0.30225
0.34475000000000006
0.33375
0.32375
0.32075000000000004
0.33049999999999996
0.31625
0.33274999999999993
0.3815
0.33374999999999994
0.34775
0.33275
0.3682500000000001
0.3600000000000001
0.38125
0.37875000000000003
0.33575
0.36024999999999996
0.3815
0.367
0.34275
0.33175
0.37575000000000003
0.3894999999999999
0.36750000000000005
0.38125
0.39599999999999996
0.34975
0.3180000000000001
0.36924999999999997
0.35250000000000015
0.35050000000000003
0.34650000000000003
0.37024999999999997
0.358
0.36574999999999996
0.3420000000000001
0.37175
0.31525000000000003
0.37124999999999997
0.35924999999999996
0.36850000000000016
0.371
0.35625000000000007
0.35424999999999995
0.39449999999999996
0.40249999999999986
0.34099999999999997
0.37124999999999997
0.3687499999999999
0.39549999999999996
0.391
0.3842499999999999
0.38125
0.3649999999999999
0.38875
0.3872499999999999
0.39675
0.3904999999999999
0.38025
0.36000000000000004
0.38925
0.39200000000000007
0.38425
0.37949999999999995
0.37725
0.393
0.4049999999999999
0.38999999999999996
0.3929999999999999
0.38650000000000007
0.36899999999999994
0.38625
0.36849999999999994
0.40750000000000003
0.4065
0.384
0.38275000000000003
0.38075
0.3670000000000001
0.362
0.39000000000000007
0.39
0.38849999999999996
0.3950000000000001
0.38699999999999996
0.3879999999999999
0.412
0.38424999999999987
0.3965000000000001
0.39075
0.38924999999999993
0.41025000000000006
0.38875000000000004
0.3607499999999999
0.38049999999999995
0.37949999999999995
0.36850000000000005
0.376
0.37475
0.3707499999999999
0.38774999999999993
0.3857499999999999
0.38850000000000007
0.3817499999999999
0.39975
0.3605
0.384
0.3487499999999999
0.365
0.3767499999999999
0.37949999999999995
0.369
0.41200000000000003
0.3827499999999999
0.36125
0.36950000000000005
0.3660000000000001
0.3464999999999999
0.38399999999999995
0.38925
0.37799999999999995
0.38
0.36975
0.4267500000000001
0.39975000000000005
0.3965
0.42599999999999993
0.40474999999999994
0.40075
0.37424999999999997
0.44999999999999996
0.42074999999999996
0.4115000000000001
0.43324999999999997
0.41575
0.403
0.42049999999999993
0.38725
0.42025000000000007
0.39949999999999986
0.42699999999999994
0.40950000000000003
0.44899999999999995
0.44899999999999995
0.20100000000000007
0.4825
0.44625
0.44500000000000006
0.44124999999999986
0.4620000000000001
0.4735
0.43574999999999997
0.67225
0.49774999999999997
0.4725
0.45624999999999993
0.48274999999999996
0.46399999999999997
0.46849999999999997
0.48575000000000007
0.5039999999999999
0.48625
0.4885
0.48275
0.47924999999999995
0.50175
0.5235000000000001
0.48074999999999996
0.4775
0.5035000000000001
0.49674999999999997
0.47924999999999995
0.53575
0.55425
0.4865
0.49424999999999997
0.51575
0.5027499999999999
0.5057499999999999
0.5055000000000001
0.516
0.52325
0.541
0.51325
0.511
0.5315000000000001
0.5017499999999999
0.5325
0.5335000000000001
0.5145
0.514
0.53725
0.5345
0.53475
0.5175
0.53625
0.5335
0.5230000000000001
0.54575
0.53425
0.5225
0.52225
0.521
0.53125
0.5595
0.51
0.52175
0.5579999999999999
0.5297499999999999
0.53525
0.512
0.53075
0.5165
0.5442499999999999
0.5475
0.53975
0.53475
0.5375000000000001
0.5405
0.5245
0.56025
0.5555
0.53575
0.5139999999999999
0.519
0.52425
0.5405000000000001
0.51725
0.5579999999999999
0.54375
0.557
0.5215000000000001
0.55375
0.53525
0.51475
0.5565
0.5512499999999999
0.5427500000000001
0.5435
0.5435
0.55325
0.522
0.5425
0.5295
0.5287499999999999
0.522
0.5585
0.5557500000000001
0.55675
0.5562499999999999
0.5375
0.547
0.5285
0.52325
0.5597500000000001
0.52225
0.5539999999999999
0.554
0.52525
0.5535
0.5349999999999999
0.5157499999999999
0.50725
0.49974999999999997
0.5342500000000001
0.534
0.5312500000000001
0.4912500000000001
0.48625000000000007
0.50325
0.5172500000000001
0.48475
0.48374999999999996
0.495
0.48425000000000007
0.46525000000000005
0.45024999999999993
0.47074999999999995
0.4755
0.48500000000000004
0.47375
0.47000000000000003
0.52575
0.47875000000000006
0.45675000000000004
0.47250000000000003
0.5197499999999999
0.4992500000000001
0.46599999999999997
0.507
0.50275
0.4902500000000001
0.4927500000000001
0.491
0.4882500000000001
0.51675
0.51375
0.4804999999999999
0.52275
0.49624999999999997
0.5237499999999999
0.5015000000000001
0.49675
0.50225
0.5162500000000001
0.5175
0.5035000000000001
0.50475
0.51425
0.5095000000000001
0.50175
0.5105
0.46924999999999994
0.5035
0.524
0.491
0.521
0.51075
0.49000000000000005
0.5142500000000001
0.51725
0.53
0.51475
0.48250000000000004
0.52225
0.493
0.499
0.49624999999999997
0.50375
0.5405
0.51625
0.524
0.49975
0.5147499999999999
0.493
0.517
0.504
0.5057499999999999
0.485
0.48775
0.5012500000000001
0.49900000000000005
0.52525
0.506
0.49875
0.4694999999999999
0.5169999999999999
0.519
0.4875
0.49950000000000006
0.51875
0.49325
0.491
0.50225
0.47825000000000006
0.4680000000000001
0.48675
0.4694999999999999
0.49624999999999997
0.47550000000000003
0.4795
0.507
0.47375000000000006
0.5105
0.49224999999999997
0.48575000000000007
0.47425000000000006
0.4755
0.49874999999999997
0.48999999999999994
0.46525000000000005
0.47674999999999995
0.46324999999999994
0.5035
0.50225
0.499
0.5155000000000001
0.5050000000000001
0.49525
0.50525
0.51675
0.5379999999999999
0.51
0.49849999999999994
0.518
0.507
0.49324999999999997
0.51475
0.5339999999999999
0.53075
0.49550000000000005
0.5519999999999999
0.5445
0.536
0.53925
0.5305
0.54025
0.5095
0.5647500000000001
0.522
0.51175
0.5539999999999999
0.539
0.57175
0.53725
0.5565
0.5655
0.55375
0.5445
0.55625
0.5802499999999999
0.5660000000000001
0.56725
0.55275
0.5682499999999999
0.60575
0.5547500000000001
0.6005
0.5830000000000001
0.578
0.623
0.595
0.5765
0.5845
0.5994999999999999
0.5860000000000001
0.6005
0.597
0.58675
0.5792499999999999
0.62275
0.5790000000000001
0.59025
0.58875
0.5915
0.598
0.6179999999999999
0.59675
0.6272500000000001
0.5985
0.60375
0.5985
0.6174999999999999
0.6052500000000001
0.60125
0.6155
0.6275000000000001
0.60425
0.59925
0.609
0.6147499999999999
0.6135
0.59925
0.61125
0.6154999999999999
0.59825
0.59375
0.61475
0.625
0.613
0.6120000000000001
0.6065
0.60325
0.6034999999999999
0.6052500000000001
0.5884999999999999
0.6185
0.61825
0.6202500000000001
0.6192500000000001
0.60025
0.61825
0.61675
0.61125
0.6355
0.61875
0.6142500000000001
0.605
0.63875
0.58925
0.62625
0.64675
0.61625
0.5992500000000001
0.599
0.62425
0.6325000000000001
0.6337499999999999
0.627
0.6097499999999999
0.611
0.6272500000000001
0.63175
0.632
0.61125
0.609
0.6639999999999999
0.70675
0.7244999999999999
0.7825
0.8185
0.78875
0.8215
0.8034999999999999
0.763
0.8015
0.7415
0.7140000000000001
0.6372500000000001
0.63175
0.5915
0.5332499999999999
0.51575
0.536
0.5115000000000001
0.36999999999999994
0.666
0.7182499999999999
0.6950000000000001
0.665
0.6739999999999999
0.8162499999999999
0.8525
0.8195
0.9019999999999999
0.7619999999999999
0.60025
0.33475
0.43074999999999997
0.37225
0.44225
0.24000000000000005
0.21324999999999994
0.15150000000000002
0.09950000000000003
0.04599999999999993
0.015000000000000124
0.023249999999999993
0.02575000000000005
0.07824999999999993
0.060250000000000026
0.03049999999999997
0.015000000000000013
0.031749999999999945
0.07899999999999996
0.053749999999999964
0.051000000000000045
0.062249999999999917
0.07025000000000003
0.09875
0.06299999999999994
0.034250000000000114
0.10025000000000006
0.06999999999999995
0.09075
0.0595
0.05149999999999999
0.08650000000000002
0.07800000000000007
0.038250000000000006
0.08199999999999996
0.0764999999999999
0.11024999999999996
0.057499999999999996
0.06174999999999997
0.04375000000000007
0.0595
0.04875000000000007
0.07175000000000009
0.06925000000000003
0.05425000000000002
0.038999999999999924
0.10024999999999995
0.06150000000000011
0.08074999999999988
0.09649999999999992
0.08924999999999994
0.058250000000000024
0.06074999999999997
0.042750000000000066
0.06050000000000011
0.05824999999999991
0.054749999999999965
0.055499999999999994
0.08150000000000002
0.08400000000000007
0.08849999999999991
0.05874999999999997
0.044749999999999956
0.06074999999999997
0.08374999999999999
0.07000000000000006
0.062249999999999917
0.05974999999999997
0.0625
0.08374999999999999
0.06575000000000009
0.08150000000000002
0.0605
0.05899999999999994
0.09625000000000006
0.10975000000000013
0.05874999999999997
0.052000000000000046
0.08250000000000002
0.06074999999999997
0.07274999999999987
0.06399999999999995
0.08099999999999996
0.0797500000000001
0.0645
0.08775
0.08474999999999999
0.09325000000000006
0.09875000000000012
0.08624999999999994
0.09024999999999994
0.07750000000000001
0.07674999999999998
0.09975
0.05850000000000011
0.09074999999999989
0.07974999999999999
0.06075000000000008
0.05149999999999999
0.05075000000000007
0.09475
0.08225000000000005
0.08875
0.05874999999999997
0.08525000000000005
0.08925000000000005
0.07874999999999999
0.08500000000000008
0.06525000000000003
0.08074999999999999
0.09124999999999994
0.05449999999999999
0.0674999999999999
0.04049999999999998
0.08274999999999999
0.0684999999999999
0.061999999999999944
0.06699999999999995
0.049250000000000016
0.04599999999999993
0.040999999999999925
0.03699999999999992
0.051000000000000045
0.04849999999999988
0.04499999999999993
0.04525000000000001
0.08274999999999999
0.058250000000000024
0.035499999999999976
0.0605
0.09975
0.06499999999999995
0.09875
0.07974999999999999
0.050000000000000044
0.08374999999999999
0.09450000000000003
0.08100000000000007
0.06074999999999997
0.0764999999999999
0.06650000000000011
0.07374999999999998
0.07324999999999993
0.09850000000000003
0.0867500000000001
0.11249999999999999
0.09875000000000012
0.08624999999999994
0.11024999999999996
0.10924999999999996
0.05325000000000002
0.09925
0.09649999999999992
0.09350000000000003
0.07450000000000001
0.08100000000000002
0.0887500000000001
0.054750000000000076
0.11125000000000002
0.09775
0.0809999999999999
0.07874999999999999
0.0655
0.07149999999999995
0.07200000000000006
0.07274999999999998
0.10075000000000006
0.10724999999999996
0.12649999999999995
0.09650000000000009
0.12575000000000008
0.10349999999999993
0.09299999999999997
0.11425000000000007
0.11350000000000005
0.12375000000000008
0.09199999999999997
0.10675000000000007
0.11024999999999996
0.1302500000000001
0.12675000000000003
0.12525000000000008
0.12524999999999997
0.11825000000000002
0.12450000000000006
0.1065000000000001
0.09750000000000003
0.12275000000000003
0.09825000000000012
0.09050000000000008
0.12100000000000005
0.13000000000000006
0.12275000000000003
0.10124999999999995
0.09675000000000011
0.1275
0.11499999999999999
0.10300000000000004
0.09274999999999994
0.09250000000000003
0.11400000000000005
0.11325000000000007
0.11575000000000008
0.11449999999999999
0.11724999999999991
0.07874999999999999
0.11075000000000002
0.10149999999999992
0.10525000000000007
0.09400000000000003
0.10624999999999996
0.11125000000000007
0.12400000000000005
0.11675000000000008
0.11450000000000005
0.09575000000000006
0.118
0.11324999999999996
0.12575000000000003
0.11400000000000005
0.11625000000000002
0.129
0.11325000000000002
0.12824999999999992
0.1125000000000001
0.1295
0.10975000000000007
0.10924999999999996
0.11299999999999999
0.11199999999999993
0.10975000000000001
0.10100000000000009
0.11149999999999999
0.10274999999999995
0.11124999999999996
0.11449999999999994
0.1275000000000001
0.126
0.11424999999999991
0.11350000000000005
0.12249999999999994
0.09300000000000008
0.10425000000000006
0.12225000000000003
0.11325000000000002
0.11525000000000002
0.0739999999999999
0.11049999999999999
0.1225
0.1095000000000001
0.13149999999999995
0.13025000000000003
0.13150000000000012
0.11450000000000005
0.11225000000000007
0.10550000000000004
0.11525000000000013
0.10975000000000007
0.11300000000000004
0.08600000000000002
0.08050000000000007
0.10225000000000001
0.10874999999999996
0.10675000000000001
0.10474999999999995
0.0714999999999999
0.08825000000000005
0.08750000000000002
0.08399999999999996
0.09849999999999998
0.08699999999999997
0.09875
0.07625000000000004
0.07699999999999996
0.061000000000000054
0.08574999999999999
0.08600000000000008
0.08474999999999999
0.07200000000000006
0.06899999999999995
0.06799999999999995
0.09799999999999998
0.09649999999999997
0.09675
0.07799999999999996
0.09699999999999998
0.119
0.09125
0.1007499999999999
0.09149999999999991
0.09775
0.08500000000000008
0.10450000000000015
0.10150000000000003
0.08299999999999996
0.10775000000000001
0.06650000000000011
0.09675
0.08200000000000007
0.10149999999999998
0.07174999999999998
0.08000000000000007
0.09175
0.10099999999999998
0.08999999999999997
0.12100000000000005
0.07774999999999999
0.0675
0.09525
0.05824999999999991
0.06225000000000003
0.08774999999999994
0.10949999999999999
0.10225000000000001
0.09649999999999997
0.07999999999999996
0.11124999999999996
0.10349999999999998
0.08425000000000005
0.08374999999999994
0.08025000000000004
0.08100000000000007
0.11049999999999999
0.10275000000000006
0.09399999999999997
0.07274999999999998
0.10650000000000004
0.0685
0.10875000000000001
0.10249999999999998
0.06975000000000009
0.0827500000000001
0.10599999999999993
0.09949999999999992
0.08800000000000008
0.09300000000000003
0.09949999999999998
0.08099999999999996
0.10025000000000012
0.07674999999999998
0.10349999999999993
0.08925000000000005
0.07550000000000001
0.09349999999999997
0.07050000000000001
0.09424999999999989
0.10150000000000003
0.09649999999999997
0.07275000000000009
0.09775000000000011
0.08499999999999996
0.07700000000000007
0.07150000000000001
0.08875
0.07374999999999998
0.05449999999999999
0.08625000000000005
0.05400000000000005
0.1060000000000001
0.06099999999999994
0.062249999999999917
0.12774999999999997
0.08550000000000002
0.09199999999999997
0.08825000000000005
0.09275000000000005
0.053749999999999964
0.09800000000000003
0.10125000000000006
0.07750000000000001
0.09374999999999994
0.09875000000000006
0.11550000000000005
0.10099999999999998
0.10099999999999998
0.08024999999999999
0.11499999999999999
0.08775
0.09275
0.09000000000000008
0.08324999999999994
0.07249999999999995
0.08900000000000008
0.09675
0.08775
0.09799999999999998
0.07800000000000001
0.09349999999999992
0.12475000000000008
0.1265
0.1180000000000001
0.08550000000000002
0.11425000000000007
0.11524999999999996
0.10274999999999995
0.09449999999999992
0.11299999999999993
0.10575000000000001
0.10099999999999998
0.09924999999999995
0.10499999999999998
0.13774999999999998
0.10800000000000004
0.10825000000000012
0.11975000000000008
0.1255
0.13874999999999998
0.12074999999999997
0.08975000000000005
0.09825
0.13625000000000004
0.12575000000000008
0.10825000000000001
0.12475000000000008
0.11075000000000002
0.08875000000000005
0.11349999999999999
0.10924999999999996
0.1347500000000001
0.10999999999999999
0.10550000000000004
0.12474999999999992
0.10500000000000004
0.14074999999999993
0.12949999999999995
0.13000000000000012
0.12900000000000011
0.10250000000000004
0.11075000000000007
0.11574999999999991
0.12599999999999995
0.12174999999999991
0.13174999999999992
0.10325000000000001
0.1080000000000001
0.11325000000000013
0.10875000000000001
0.12974999999999998
0.10825000000000007
0.11299999999999993
0.14375
0.11025000000000013
0.11500000000000005
0.10999999999999993
0.11175000000000002
0.10849999999999999
0.12749999999999995
0.12050000000000011
0.10899999999999999
0.12674999999999997
0.14825000000000005
0.10149999999999998
0.08675
0.12750000000000006
0.12224999999999997
0.10650000000000004
0.11675000000000002
0.1057499999999999
0.10799999999999998
0.12424999999999992
0.128
0.09600000000000009
0.10000000000000003
0.11375000000000002
0.10725000000000001
0.14375000000000004
0.1105000000000001
0.1090000000000001
0.12574999999999997
0.13500000000000006
0.11650000000000005
0.08850000000000008
0.12324999999999986
0.12125000000000008
0.11175000000000002
0.11474999999999996
0.13024999999999987
0.12150000000000005
0.10875000000000001
0.11200000000000004
0.13224999999999998
0.13049999999999995
0.1065000000000001
0.10999999999999999
0.1165000000000001
0.10100000000000009
0.11025000000000007
0.11924999999999997
0.12025000000000008
0.10675000000000001
0.11199999999999999
0.1305
0.13824999999999998
0.11449999999999994
0.11225000000000002
0.10625000000000001
0.11225000000000007
0.12975000000000003
0.12150000000000011
0.12000000000000005
0.12875000000000003
0.10824999999999996
0.12775000000000014
0.10399999999999998
0.08974999999999994
0.07950000000000002
0.10849999999999999
0.10700000000000004
0.08425000000000005
0.10775000000000007
0.08299999999999996
0.0804999999999999
0.0625
0.08225000000000005
0.08724999999999994
0.09950000000000003
0.049000000000000044
0.10400000000000004
0.08225000000000005
0.07350000000000001
0.0495000000000001
0.09500000000000008
0.08725000000000005
0.0515000000000001
0.12500000000000006
0.07724999999999999
0.11049999999999993
0.10100000000000003
0.1235
0.08074999999999993
0.10050000000000003
0.10599999999999993
0.09825000000000006
0.08350000000000002
0.07499999999999996
0.07725000000000004
0.09924999999999995
0.12075000000000002
0.07374999999999998
0.09799999999999992
0.09174999999999994
0.08825
0.09550000000000008
0.09874999999999995
0.07900000000000007
0.07374999999999998
0.1042499999999999
0.08574999999999999
0.07075000000000009
0.07450000000000007
0.08624999999999994
0.09850000000000003
0.0734999999999999
0.11900000000000005
0.08075000000000004
0.09325000000000006
0.07300000000000006
0.10099999999999998
0.10749999999999998
0.08399999999999996
0.07450000000000001
0.1250000000000001
0.10224999999999995
0.06799999999999995
0.08749999999999991
0.07499999999999996
0.06825000000000003
0.09875000000000006
0.07100000000000006
0.10149999999999992
0.06900000000000006
0.08775000000000005
0.07900000000000007
0.11049999999999999
0.1215
0.09799999999999998
0.07750000000000001
0.08799999999999997
0.10325000000000001
0.09675
0.10399999999999998
0.10149999999999998
0.10349999999999993
0.08850000000000002
0.08100000000000002
0.06525000000000003
0.08950000000000002
0.08274999999999999
0.09875000000000006
0.062000000000000055
0.09325000000000006
0.10200000000000004
0.10249999999999998
0.08625000000000005
0.09799999999999998
0.07950000000000002
0.09899999999999998
0.09125000000000005
0.08525000000000005
0.08125000000000004
0.06825000000000003
0.07350000000000001
0.07100000000000006
0.06900000000000006
0.09249999999999997
0.0734999999999999
0.09225000000000005
0.07450000000000001
0.07924999999999988
0.09999999999999992
0.08999999999999997
0.08174999999999999
0.09850000000000009
0.10650000000000004
0.0695
0.07200000000000006
0.07275000000000009
0.07150000000000001
0.08399999999999996
0.07300000000000006
0.09649999999999997
0.06574999999999986
0.09825000000000006
0.09149999999999997
0.08550000000000002
0.12300000000000011
0.10499999999999993
0.07025000000000015
0.08924999999999994
0.08675
0.09999999999999998
0.09425000000000006
0.08299999999999985
0.10799999999999998
0.10099999999999998
0.08900000000000008
0.0655
0.0877500000000001
0.07374999999999998
0.07550000000000012
0.07725000000000004
0.09925000000000006
0.05349999999999999
0.07324999999999993
0.08675
0.0684999999999999
0.07150000000000001
0.07925000000000015
0.061999999999999944
0.10274999999999995
0.07624999999999993
0.06774999999999987
0.06700000000000006
0.0674999999999999
0.0867500000000001
0.06499999999999995
0.11524999999999996
0.08274999999999993
0.10375000000000001
0.08174999999999999
0.07950000000000007
0.12075000000000002
0.07024999999999998
0.08725
0.09550000000000003
0.09249999999999997
0.0857500000000001
0.09049999999999997
0.11200000000000004
0.08925000000000005
0.09425
0.10199999999999998
0.11650000000000005
0.09799999999999998
0.10300000000000009
0.126
0.11274999999999996
0.10899999999999993
0.10550000000000004
0.10325000000000006
0.10874999999999996
0.09275
0.10549999999999998
0.12900000000000006
0.1135000000000001
0.12525000000000003
0.13249999999999995
0.12349999999999994
0.12125000000000002
0.11875000000000002
0.12950000000000006
0.1185
0.12274999999999997
0.1190000000000001
0.13275000000000003
0.13474999999999993
0.12074999999999997
0.09875
0.11199999999999999
0.11149999999999999
0.09549999999999992
0.10599999999999998
0.10524999999999995
0.10749999999999998
0.11775000000000002
0.11975000000000002
0.1190000000000001
0.12125000000000008
0.10775000000000007
0.11825000000000002
0.11500000000000005
0.12800000000000006
0.1150000000000001
0.11074999999999996
0.10875000000000007
0.09575000000000006
0.10825000000000001
0.10575000000000007
0.11599999999999988
0.11825000000000002
0.10675000000000001
0.10849999999999999
0.13374999999999992
0.11924999999999997
0.14024999999999999
0.1275
0.11975000000000002
0.11674999999999991
0.12025000000000008
0.12774999999999997
0.13599999999999995
0.12624999999999992
0.12725000000000003
0.10625000000000001
0.10824999999999996
0.1077499999999999
0.11949999999999994
0.11699999999999994
0.10999999999999993
0.10875000000000001
0.09000000000000002
0.11675000000000002
0.11975000000000008
0.14450000000000002
0.1295
0.12450000000000006
0.1250000000000001
0.13999999999999996
0.12950000000000012
0.12024999999999997
0.1052499999999999
0.12024999999999997
0.10349999999999998
0.11225000000000002
0.11024999999999996
0.118
0.08750000000000002
0.10575000000000001
0.09950000000000014
0.1364999999999999
0.14175000000000004
0.12175000000000008
0.10450000000000004
0.09800000000000003
0.10275000000000006
0.13924999999999998
0.12824999999999998
0.10175000000000001
0.12124999999999991
0.10725000000000001
0.08699999999999991
0.08875
0.12025000000000002
0.08775000000000005
0.12874999999999998
0.12400000000000005
0.10475000000000012
0.08849999999999991
0.06999999999999995
0.07749999999999996
0.08375000000000005
0.08074999999999988
0.07599999999999996
0.07550000000000001
0.07500000000000007
0.08450000000000002
0.10299999999999998
0.05625000000000002
0.10924999999999996
0.06174999999999997
0.04249999999999998
0.06225000000000003
0.10650000000000004
0.08474999999999999
0.060250000000000026
0.08725000000000005
0.10524999999999995
0.10475000000000001
0.07700000000000007
0.06399999999999995
0.10949999999999993
0.08224999999999993
0.06350000000000011
0.09499999999999992
0.05449999999999999
0.08050000000000002
0.07025000000000003
0.06374999999999997
0.07999999999999996
0.07474999999999998
0.08525000000000005
0.08775
0.07800000000000007
0.08850000000000002
0.07825000000000004
0.08550000000000002
0.08400000000000007
0.07474999999999987
0.11124999999999996
0.06800000000000006
0.08725000000000016
0.11725000000000002
0.08675
0.08749999999999991
0.06625000000000003
0.09825000000000006
0.08899999999999997
0.06674999999999998
0.07925000000000004
0.07525000000000004
0.07725000000000004
0.07749999999999996
0.07150000000000001
0.09299999999999992
0.10499999999999998
0.066
0.053749999999999964
0.0764999999999999
0.07299999999999995
0.08050000000000002
0.09900000000000009
0.08100000000000002
0.10749999999999993
0.12274999999999997
0.07850000000000001
0.07274999999999998
0.08450000000000002
0.10124999999999995
0.08224999999999993
0.08849999999999991
0.07799999999999996
0.07550000000000001
0.07799999999999996
0.07150000000000012
0.10224999999999995
0.09024999999999994
0.07099999999999995
0.06699999999999995
0.06225000000000003
0.08324999999999994
0.10249999999999998
0.08499999999999996
0.09500000000000003
0.1052499999999999
0.10874999999999996
0.14325
0.14275
0.14075
0.10350000000000004
0.1492500000000001
0.10824999999999996
0.11825000000000008
0.10250000000000004
0.13950000000000007
0.1130000000000001
0.12250000000000005
0.11499999999999999
0.13249999999999995
0.10349999999999993
0.11300000000000004
0.11449999999999999
0.139
0.10499999999999998
0.10575000000000001
0.12549999999999994
0.10200000000000004
0.14299999999999996
0.13749999999999996
0.11750000000000005
0.13174999999999998
0.137
0.10974999999999996
0.11625000000000002
0.13199999999999995
0.15050000000000002
0.10900000000000004
0.14024999999999999
0.12699999999999995
0.12000000000000005
0.11175000000000007
0.1312500000000001
0.12725000000000003
0.11500000000000005
0.10925000000000007
0.10525000000000007
0.1335
0.128
0.13124999999999998
0.12175000000000002
0.13500000000000006
0.11475000000000002
0.13424999999999998
0.13400000000000006
0.14724999999999994
0.10300000000000004
0.09974999999999995
0.09799999999999998
0.1185000000000001
0.11025000000000001
0.09600000000000009
0.10075
0.10074999999999995
0.13075000000000003
0.11925000000000002
0.11425000000000002
0.13299999999999995
0.1335
0.13100000000000006
0.11275000000000007
0.1284999999999999
0.135
0.1055000000000001
0.10150000000000003
0.10249999999999992
0.1385
0.13100000000000006
0.09650000000000009
0.11525000000000002
0.132
0.11349999999999993
0.11325000000000007
0.15100000000000002
0.15599999999999997
0.131
0.13024999999999998
0.12375000000000003
0.14499999999999996
0.13624999999999998
0.15274999999999994
0.1137499999999999
0.11850000000000005
0.11399999999999993
0.12050000000000005
0.11474999999999996
0.11425000000000002
0.11150000000000004
0.13575000000000004
0.1347500000000001
0.133
0.10325000000000001
0.12174999999999997
0.10924999999999996
0.11875000000000002
0.15600000000000008
0.13424999999999998
0.12374999999999997
0.135
0.15124999999999994
0.12999999999999995
0.10699999999999993
0.13874999999999998
0.13649999999999995
0.13350000000000006
0.13475000000000004
0.10824999999999996
0.1374999999999999
0.1395
0.1342500000000001
0.11050000000000004
0.12
0.11299999999999999
0.10375000000000001
0.13225000000000015
0.11350000000000005
0.12925000000000003
0.11599999999999994
0.1132499999999999
0.09200000000000003
0.06675000000000009
0.11074999999999996
0.08799999999999997
0.07249999999999995
0.0675
0.06525000000000003
0.06250000000000006
0.09100000000000003
0.09000000000000008
0.09350000000000003
0.09175000000000011
0.11575000000000008
0.10000000000000003
0.0675
0.07774999999999999
0.10325000000000006
0.08800000000000002
0.0719999999999999
0.08899999999999991
0.09174999999999994
0.12400000000000005
0.07099999999999995
0.09275000000000011
0.1070000000000001
0.09374999999999994
0.10425000000000001
0.09450000000000003
0.11075000000000007
0.11774999999999997
0.10174999999999995
0.12574999999999997
0.11049999999999993
0.12750000000000006
0.10275000000000001
0.11974999999999997
0.09475000000000006
0.1302500000000001
0.128
0.12125000000000014
0.12925000000000014
0.1255
0.09524999999999995
0.1205
0.07424999999999993
0.09150000000000003
0.11125000000000007
0.09949999999999998
0.09599999999999997
0.0807500000000001
0.10049999999999998
0.07150000000000001
0.11275000000000007
0.11399999999999999
0.12325000000000008
0.12775000000000009
0.10900000000000004
0.123
0.10475000000000001
0.09600000000000003
0.11699999999999999
0.11625000000000002
0.10900000000000004
0.11675000000000002
0.08999999999999991
0.12225000000000008
0.11475000000000007
0.12675000000000003
0.08124999999999999
0.09124999999999989
0.07400000000000001
0.07500000000000001
0.08074999999999999
0.08174999999999993
0.10074999999999995
0.08024999999999993
0.07325000000000004
0.12375000000000003
0.09474999999999995
0.08900000000000008
0.125
0.09325000000000006
0.11075000000000007
0.059250000000000025
0.09800000000000009
0.07800000000000007
0.09875000000000012
0.10225000000000001
0.06575000000000009
0.08799999999999997
0.09400000000000003
0.07500000000000001
0.07324999999999993
0.0729999999999999
0.09824999999999995
0.12649999999999995
0.10525000000000007
0.11675000000000008
0.09825000000000006
0.10449999999999993
0.09199999999999992
0.09575000000000006
0.11075000000000007
0.09075
0.08925000000000005
0.0729999999999999
0.08974999999999994
0.09599999999999997
0.09400000000000003
0.09575000000000006
0.13825000000000004
0.08500000000000002
0.11799999999999988
0.11274999999999996
0.11525000000000002
0.11074999999999996
0.10799999999999998
0.11399999999999993
0.12525000000000008
0.09975000000000006
0.11325000000000013
0.10050000000000003
0.1292500000000001
0.1384999999999999
0.11925000000000002
0.11075000000000002
0.11100000000000004
0.10749999999999993
0.09800000000000003
0.11099999999999999
0.11099999999999993
0.13075000000000003
0.12374999999999997
0.09649999999999997
0.11175000000000007
0.14924999999999994
0.1347500000000001
0.12899999999999995
0.10425000000000001
0.1489999999999999
0.11175000000000002
0.10150000000000003
0.11699999999999994
0.12225000000000003
0.14274999999999993
0.15075
0.13249999999999995
0.13949999999999996
0.15200000000000002
0.13174999999999992
0.10250000000000004
0.12300000000000011
0.1345
0.15024999999999994
0.12174999999999997
0.13050000000000006
0.13425000000000004
0.15525000000000005
0.15500000000000008
0.13575000000000004
0.138
0.14250000000000002
0.14700000000000002
0.13124999999999998
0.13549999999999995
0.11474999999999991
0.11850000000000005
0.15549999999999992
0.15350000000000008
0.14925
0.14675000000000005
0.13449999999999995
0.13674999999999998
0.10274999999999995
0.13350000000000006
0.15700000000000008
0.15950000000000003
0.1347500000000001
0.14999999999999997
0.13625000000000004
0.12675000000000003
0.14550000000000002
0.11575000000000002
0.12575000000000008
0.12175000000000008
0.12324999999999997
0.13024999999999998
0.11950000000000005
0.14675
0.13274999999999992
0.14900000000000002
0.14675
0.12049999999999994
0.13350000000000006
0.14500000000000002
0.136
0.12775000000000003
0.1529999999999999
0.1395
0.12525000000000003
0.13449999999999995
0.10099999999999992
0.14349999999999996
0.1255
0.12349999999999994
0.10500000000000004
0.10175000000000001
0.12350000000000005
0.13324999999999998
0.1265
0.12374999999999997
0.11674999999999996
0.15899999999999992
0.13474999999999998
0.10925000000000001
0.12325000000000003
0.124
0.12450000000000006
0.14449999999999996
0.15349999999999991
0.14049999999999996
0.1469999999999999
0.12149999999999994
0.14075
0.13525000000000004
0.12774999999999997
0.1479999999999999
0.1395
0.12424999999999992
0.1080000000000001
0.15599999999999997
0.15525
0.13449999999999995
0.1357500000000001
0.1245
0.12175000000000002
0.14574999999999994
0.1519999999999999
0.11650000000000005
0.11875000000000002
0.12624999999999997
0.1195
0.15774999999999995
0.14000000000000007
0.11175000000000007
0.15325000000000005
0.1302500000000001
0.11524999999999996
0.10874999999999996
0.12224999999999991
0.11124999999999996
0.13900000000000012
0.13800000000000007
0.137
0.11850000000000005
0.12550000000000006
0.11625000000000008
0.11175000000000002
0.10475000000000007
0.10700000000000004
0.09299999999999997
0.09099999999999997
0.07499999999999996
0.07674999999999998
0.07099999999999995
0.07574999999999998
0.12724999999999997
0.10550000000000004
0.11625000000000002
0.11325000000000007
0.121
0.12024999999999997
0.13350000000000006
0.11449999999999999
0.10099999999999992
0.10300000000000004
0.10699999999999998
0.09100000000000003
0.09275000000000005
0.13024999999999998
0.11700000000000005
0.09549999999999997
0.12200000000000011
0.12175000000000002
0.11825000000000002
0.1175000000000001
0.10050000000000003
0.11275000000000002
0.09149999999999986
0.13574999999999987
0.10525000000000007
0.11225000000000002
0.10524999999999995
0.09725000000000006
0.0799999999999999
0.11774999999999997
0.11349999999999993
0.10475000000000007
0.11649999999999999
0.11800000000000005
0.1155000000000001
0.12125000000000002
0.11650000000000005
0.12525000000000008
0.11775000000000002
0.10324999999999995
0.09449999999999992
0.11449999999999999
0.10100000000000003
0.09324999999999994
0.12250000000000005
0.10949999999999999
0.10249999999999998
0.09899999999999992
0.10675000000000012
0.11425000000000002
0.11575000000000002
0.10350000000000004
0.09550000000000003
0.08450000000000008
0.12974999999999998
0.1130000000000001
0.12524999999999992
0.10225000000000006
0.09749999999999998
0.09774999999999995
0.10425000000000012
0.09275
0.09525
0.1102499999999999
0.06724999999999998
0.09050000000000002
0.09100000000000008
0.11424999999999991
0.1265000000000001
0.12400000000000005
0.11499999999999999
0.11699999999999999
0.09299999999999997
0.10375000000000001
0.11874999999999991
0.0812500000000001
0.13099999999999995
0.11575000000000008
0.14075000000000004
0.10624999999999996
0.12025000000000002
0.11599999999999994
0.08850000000000002
0.12375000000000003
0.14
0.1405
0.11450000000000005
0.11300000000000004
0.10000000000000009
0.11049999999999999
0.1327500000000001
0.1305
0.11724999999999997
0.10524999999999995
0.15600000000000008
0.11125000000000002
0.13124999999999998
0.1362500000000001
0.13500000000000012
0.12499999999999994
0.10750000000000015
0.10300000000000004
0.118
0.10424999999999995
0.16174999999999995
0.13225000000000015
0.13274999999999998
0.12224999999999997
0.11225000000000002
0.12775000000000009
0.11149999999999999
0.13224999999999992
0.15274999999999994
0.12650000000000006
0.1395
0.1365
0.13624999999999998
0.13524999999999993
0.12274999999999991
0.14825
0.1562500000000001
0.14175000000000004
0.12474999999999997
0.14749999999999996
0.123
0.12450000000000006
0.11999999999999988
0.1335
0.16425000000000006
0.1572500000000001
0.16149999999999998
0.12850000000000006
0.16300000000000003
0.11224999999999996
0.13324999999999998
0.14975
0.09975000000000006
0.10399999999999998
0.12800000000000006
0.12674999999999997
0.14775000000000005
0.13925000000000004
0.10349999999999998
0.1399999999999999
0.1449999999999999
0.16675000000000006
0.18524999999999997
0.17775000000000002
0.11974999999999991
0.13124999999999998
0.1405
0.14300000000000002
0.1444999999999999
0.16375000000000006
0.15525
0.15150000000000002
0.13325000000000004
0.14825000000000005
0.1702499999999999
0.178
0.15575000000000006
0.1399999999999999
0.1335
0.15375
0.16775
0.13924999999999993
0.18474999999999997
0.15325
0.16950000000000004
0.15150000000000002
0.14274999999999988
0.13450000000000006
0.15975
0.15975
0.17324999999999996
