1.0 1.0 1.0 1.0 1.0 1.0 1.0 0.987139971069513 0.9649639996500676 0.9412723311014952
0.9649639996500676 0.9412723311014952 0.9207239539146697 0.9046575643459209 0.8948574125727584 0.8906989093084154 0.884807018186331 0.8715584011328066 0.8567005002817771 0.8414072179735239
0.7582269802226964 0.7554193801714273 0.7556960711909722 0.7575494941233676 0.759994954457879 0.7590936741515661 0.7598728848904326 0.7619663779721404 0.7648716336773664 0.769005723028221
0.7735243315165314 0.7709669740785272 0.7670566789346591 0.7656813618080947 0.7653700844111062 0.7627964510307761 0.7600865066334639 0.7555556911884083 0.7465937504450453 0.7365514940297813
0.7247412633793335 0.725709681947742 0.7235632920534745 0.7192318569019158 0.71504283624571 0.7098650520931882 0.7077186621989207 0.7097633274536492 0.7125933069256178 0.7159319095952787
0.6868874905141782 0.6817015683904928 0.676133161622142 0.6780516883238423 0.6849201359854988 0.6914773062501658 0.6971891768652652 0.7003208028969421 0.6952387407788536 0.6877314757533022
0.6425651504714001 0.6341551669390175 0.6298130329426193 0.6290070586050951 0.6277748884136969 0.6255616238062038 0.6219642776138525 0.6122735966393833 0.5976922127476869 0.5856806632620233
-0.977289246677729 -1.0 -1.0 -1.0 -1.0 -1.0 -0.9992373048804577 -0.99528156490812 -0.9858684054534674 -0.9702094447737599
-0.9340150167950998 -0.9342501481920562 -0.9352301916617269 -0.9366508595139293 -0.9339458605018771 -0.9367298952776124 -0.9391582691167751 -0.9393598103141672 -0.942171507607192 -0.9410867417506414
-0.9381100830902391 -0.938893656208794 -0.9365187742079594 -0.9338348738804259 -0.9316027435969892 -0.9258915855284928 -0.9233745207385552 -0.9237133562534057 -0.9220758496995971 -0.9240395850668928
-0.9188732519373607 -0.9169325172442115 -0.9175723218007501 -0.9182669546609507 -0.9232442278771981 -0.9250374077072134 -0.9218475919737293 -0.9200135975765898 -0.9201255535003635 -0.9166738955325606
-0.9238642321457066 -0.9215687615400394 -0.9228863206364398 -0.9212724247190496 -0.9201072661398446 -0.9220998494616768 -0.9270777663975457 -0.9255122534574605 -0.9215023431196963 -0.917730463989197
-0.9777040000513726 -1.0 -1.0 -1.0 -1.0 -1.0 -1.0 -1.0 -1.0 -0.9995312758134474
-0.38686842297363266 -0.4260088135515081 -0.4433785024646445 -0.43802659433458446 -0.43344692851187816 -0.4402184562069461 -0.4403202692474675 -0.45861395952835604 -0.4894805998132786 -0.5104771381699009
-0.7814419800139083 -0.8127542924762087 -0.8317126490216339 -0.8441991539912629 -0.8505019574997793 -0.8506998205785287 -0.851322224826246 -0.8493051740234597 -0.8441664969782663 -0.8406472235775952
-0.6272795121119077 -0.6439568406687137 -0.6579729614466063 -0.6765715626066189 -0.6935474240873429 -0.7150140736949857 -0.7261685431593318 -0.717182702149437 -0.6871566871374962 -0.6517421528488578
-0.6272795121119077 -0.6439568406687137 -0.6579729614466063 -0.6765715626066189 -0.6935474240873429 -0.7150140736949857 -0.7261685431593318 -0.717182702149437 -0.6871566871374962 -0.6517421528488578
-0.6040899010576599 -0.6012666325486182 -0.613331627430912 -0.6218526100307067 -0.6268509041282848 -0.6260384680996249 -0.6161890139884009 -0.5992216820197892 -0.5806188161037191 -0.5634808938928693
-0.5541581371545558 -0.5536037188672818 -0.5669054930058008 -0.5903317980211534 -0.6147304674172642 -0.6335614977823268 -0.6452725179119757 -0.6504371374957357 -0.6504776526782678 -0.6448545718184927
-0.9966064878695466 -1.0 -1.0 -1.0 -1.0 -1.0 -1.0 -1.0 -1.0 -1.0
-0.7386996107897961 -0.7695749196954309 -0.7693962229612223 -0.770677609299203 -0.7727609517126557 -0.7760777374378366 -0.7862155082614544 -0.793315434603532 -0.7956602844328993 -0.7959806310173947
-0.8838570179326534 -0.9034966877897446 -0.921351477617125 -0.9338426430599319 -0.945627043927216 -0.9599300422860839 -0.9672013320715386 -0.9788389894464483 -0.9919171288587559 -0.9941003126534818
-0.9806328537716069 -0.9801866337641809 -0.9791833874387578 -0.9786682878328685 -0.9830586135435255 -0.9823009379604452 -0.9913960397225653 -1.0 -1.0 -1.0
-1.0 -1.0 -1.0 -0.9982970225549902 -0.9833690424900153 -0.9621385903422264 -0.9294356012529257 -0.9011981974638736 -0.8854725835186713 -0.8805586930448654
-0.9005053621956477 -0.9029768627953294 -0.9085661221020283 -0.9092269355721418 -0.9104641414082602 -0.9124232932381617 -0.9118847448153808 -0.9065341934582374 -0.9065603931112383 -0.9061004436474581
-0.9187403206837538 -0.9162717311566271 -0.9149966813772866 -0.913022974184609 -0.9118963891056021 -0.9146997519766179 -0.921962878002771 -0.9238463419462267 -0.918009641472304 -0.9141408260459494
-0.9268389245333547 -0.926873857404022 -0.928649611662921 -0.9286961888238112 -0.9302041244075974 -0.9368530141245237 -0.9455134549773515 -0.9458132954505768 -0.9435659474376746 -0.9449923729899051
-0.9455134549773515 -0.9458132954505768 -0.9435659474376746 -0.9449923729899051 -0.9502468589527132 -0.9533122183537306 -0.9620512581655593 -0.9770782146974242 -0.988093713247709 -0.9888651474749357
-0.9455134549773515 -0.9458132954505768 -0.9435659474376746 -0.9449923729899051 -0.9502468589527132 -0.9533122183537306 -0.9620512581655593 -0.9770782146974242 -0.988093713247709 -0.9888651474749357
-0.9989154701263929 -0.998029963022145 -0.9965387344459379 -1.0 -1.0 -1.0 -0.9960073079754802 -0.9949538802450713 -0.9926862837681699 -0.9955222145519416
1.0 1.0 1.0 1.0 1.0 1.0 1.0 1.0 1.0 1.0
1.0 1.0 0.9977607393600565 0.9907643789560541 0.9835787553070794 0.9779476421308491 0.973203301686675 0.9700113451619314 0.962002745380329 0.9564737067631841
0.9014704052891638 0.8866674676684145 0.8759709044975534 0.8677411431712647 0.8612232572629765 0.8561790728014886 0.8507350963169154 0.8505947437981729 0.8546351950953173 0.8601769930323473
0.8385733379125115 0.8344584572493672 0.8322723604422808 0.8292186298829647 0.8184072328331329 0.8032768060019844 0.7872936312918062 0.7730521037460294 0.7619281033589971 0.7536770764995655
0.7184783660414951 0.7144272819777793 0.7050789536081763 0.6973319198842307 0.6919304744659431 0.686720418845941 0.6825353619234242 0.6781886869490235 0.6689700783315915 0.6567828012874146
0.6232342962012314 0.6171183288693438 0.6085419393528253 0.6000187136691653 0.5937751531384206 0.5887160828037326 0.5843821671492169 0.5809924411662437 0.5746042750101279 0.5666445859547538
0.5604286706170933 0.5561883233084066 0.5541999959595487 0.553334488760634 0.5489920668928607 0.5414236636473158 0.5337893372490272 0.5272097812946244 0.5214489483662217 0.5206897688330223
-1.0 -1.0 -1.0 -1.0 -0.9974262622146206 -0.9924963970638411 -0.9847989230262483 -0.9726562615914639 -0.9612000621178827 -0.9607035147050237
-0.9812518731806036 -0.9866941119566038 -0.9863479135611839 -0.9796138602011314 -0.9728699154583513 -0.9650577013811329 -0.9558092585320586 -0.9534234570184796 -0.951336375263234 -0.9468536006116831
-0.9375695487847933 -0.9442106231472197 -0.9523314483654978 -0.9572890093879114 -0.9605136001566795 -0.9630992076013289 -0.9648717433858794 -0.9670280648202091 -0.9710558358663509 -0.9782369797256322
-0.9670280648202091 -0.9710558358663509 -0.9782369797256322 -0.9826228188264661 -0.9824902742979337 -0.980238995589432 -0.9793092056131614 -0.9763912477089081 -0.9761736372889298 -0.9782706104269018
-0.9751963686755726 -0.9739480761755162 -0.973042025517789 -0.9755148711993596 -0.976183528671656 -0.9730341124116074 -0.9685968381205973 -0.9675404384454298 -0.9655265529223589 -0.9666570290159296
1.0 1.0 1.0 1.0 1.0 1.0 1.0 1.0 0.9983375146850075 0.9841996859377542
0.9065958099336846 0.8986721904081969 0.8857963086792795 0.8708171819198021 0.8557408533979554 0.8447553783578596 0.8338469943706774 0.8237698530409912 0.8146395909481694 0.8039038238838139
0.7370893435026491 0.7284618491462169 0.7208683804342906 0.7135631652245618 0.7061322580807345 0.6959143417848588 0.6848216096276674 0.6766616892660764 0.6717479725891029 0.6686710340424038
0.6575481358210282 0.6539784848926675 0.6516456425958232 0.6492641994177952 0.6437270507476993 0.6367067372552573 0.6313287983683511 0.6237889582149732 0.6160211966877658 0.6093612000730693
0.600118653185788 0.5983522625386082 0.5930246004253419 0.5861651726085431 0.5789487796989092 0.5731518676983458 0.567938166271994 0.5630412085195668 0.5572459724114585 0.5511809176181544
0.4972305877187253 0.49768978225129334 0.4983433803085988 0.49714344131108446 0.49294030303487424 0.4854008873468765 0.47727851607387684 0.47248598597080194 0.47030846032757223 0.4707769991269677
0.45273488456754585 0.44700727269356033 0.4418230472476177 0.43713458437798103 0.43277365546466817 0.42817636184060537 0.42207815230329015 0.4167633229501688 0.41553760309300114 0.41516954947197826
0.3867331864495491 0.38492161977359607 0.3830897932652937 0.38008458480006047 0.373852998033108 0.36789998396096646 0.3642937338026859 0.36400958006589845 0.36561029642160703 0.3679599129408804
0.3483670413950284 0.34923371890752586 0.34850743425981157 0.34511979887502076 0.34149684049248563 0.33991560538534116 0.3402963898544127 0.3412614430762513 0.34219602093319 0.3403556475083853
0.47727851607387684 0.47248598597080194 0.47030846032757223 0.4707769991269677 0.47174609916168664 0.4713618299305278 0.46614048748259806 0.45942757367688336 0.45273488456754585 0.44700727269356033
-0.8632786328058608 -0.8669294583925033 -0.864017002025632 -0.8605165849837577 -0.8542521667620553 -0.8439872719210684 -0.8357226153897243 -0.8353241304139747 -0.8413990729364237 -0.84382318987223
-0.816273032529266 -0.8174489538792709 -0.8192812034246266 -0.8130910127964459 -0.8060569716313857 -0.8031386551913405 -0.8036289479801305 -0.8089577078519119 -0.8095769222505026 -0.7957920767903988
-0.7719532991235278 -0.7815345187610236 -0.777537948857188 -0.7695897362771731 -0.7615790162499828 -0.74726285748888 -0.7356755394685688 -0.7383614063394264 -0.7487317824975237 -0.7580317186227257
-0.7290985840109858 -0.7313312718898148 -0.7274948773193676 -0.7245648407329774 -0.7218946007239135 -0.7136006438267055 -0.7028864767091388 -0.705873160669533 -0.7086000480525997 -0.7088442177681322
-0.7068263992389717 -0.7028220159042384 -0.6996106958055544 -0.7089946263129004 -0.7159935070389243 -0.7188493160317928 -0.7227638449112093 -0.7264986648799949 -0.7209921494553063 -0.7192614745116112
-0.7309777141417231 -0.7296650577510213 -0.7236819230416116 -0.7260005586603087 -0.7375331826643408 -0.7460771693502538 -0.7484309654079873 -0.748995485790299 -0.7467217773992596 -0.7369178749811989
-0.8462495365303146 -0.8834693048719076 -0.8947930850690701 -0.8863044691107602 -0.8793932095005892 -0.874245494602176 -0.874982380942703 -0.8757035330553181 -0.8744421724510711 -0.873721020338456
-0.8644876509256646 -0.8649832791048799 -0.865874885353204 -0.862165944817409 -0.8524470565219514 -0.8430891428837045 -0.8432130962349874 -0.8466964671182042 -0.8473120081921897 -0.8478627554689131
-0.8409875701551319 -0.8395705579802368 -0.8424750103705286 -0.8431990106268871 -0.8418298895195327 -0.8413256247495403 -0.8403354065000858 -0.8352674047055795 -0.8331764546738094 -0.84738351904712
-0.8331764546738094 -0.84738351904712 -0.8612314325555133 -0.885676598744813 -0.9288069901064154 -0.9361379514061801 -0.9311549214656966 -0.9280080571601182 -0.9326511663808016 -0.9375481028638685
-0.9373521660297482 -0.9402496561828084 -0.9403594995595129 -0.9393204405906899 -0.939154191155678 -0.9353749852490734 -0.9318941377035163 -0.9340034274102267 -0.9387563800076145 -0.9394246050560408
-0.9340034274102267 -0.9387563800076145 -0.9394246050560408 -0.9378664193969575 -0.9379955777076989 -0.9364387015844152 -0.9331052674308836 -0.9324860191568985 -0.9376230736045817 -0.9421424716761571
-0.9423653373788765 -0.9375912356470504 -0.9307158287181554 -0.9266931027840702 -0.9266150997881181 -0.9329206072772013 -0.9373540428634415 -0.94021149955188 -0.9433077409218037 -0.9440782194940627
-0.9476170084736719 -0.9418607057520044 -0.9380847239887863 -0.9356936933781819 -0.9392101957875196 -0.9434096223859043 -0.9456621578812473 -0.9471696851703568 -0.9487233774978863 -0.9438075968550462
0.27887855344070633 0.2852689905093293 0.27979233183621965 0.26812362219351304 0.2552886427565326 0.2346901539776718 0.21741613528248704 0.2077312866300398 0.20515346968269665 0.20632815585692899
0.18790950948736418 0.18677329819294308 0.1815707730384879 0.17331430429902706 0.16430998008323816 0.15526477630765023 0.14856052850056822 0.14417198752211613 0.14059382369968443 0.13609707212176336
0.11243862805792637 0.10815469065896055 0.1030736018439089 0.09838086884695052 0.09521270296250606 0.09402599338833273 0.09342482339128444 0.09203732303809686 0.08901584263293238 0.08361372903945696
0.03148026689543215 0.02103674170670944 0.014223080960165113 0.008454253668489509 0.0017764573412779594 -0.005340193083779532 -0.010420079558837392 -0.012798308067160091 -0.013674813922856743 -0.013796250262260168
0.9841355177760849 0.9662508525031608 0.936998695860914 0.9022916928335747 0.86133984737699 0.8146526071630229 0.7823801536090378 0.7598376810505421 0.7418696729557244 0.7307921206991885
0.6968422461242656 0.6882285894051328 0.6829333856084554 0.6805857004846796 0.678000899163403 0.6747376168413546 0.6692252521707291 0.6598321639905012 0.6503580806735041 0.6442998792116008
0.6044291427545163 0.5936192266020901 0.5842120523111201 0.5785717388012488 0.5747919657519696 0.5715533341237207 0.5674084960376946 0.5623445392257098 0.5559740956423447 0.5505016416188238
-1.0 -1.0 -1.0 -1.0 -1.0 -0.9992076431441127 -0.9919299074137213 -0.9781758096720512 -0.9597971882039145 -0.9413543215853003
-0.8968053817148163 -0.8910965801855563 -0.8805231809464664 -0.8697660631191702 -0.8632716673814412 -0.8608799444110384 -0.8569159059157949 -0.8524852447486637 -0.8490092439754675 -0.844262992595465
-0.8031280625635054 -0.8025171700800194 -0.8034008226760585 -0.8020539287318402 -0.8002809880002459 -0.798904789250547 -0.792180463500583 -0.7830993551252131 -0.7757551200285385 -0.770110563649756
-0.7374357055385521 -0.7319793761795887 -0.7258805953158525 -0.7225635167569953 -0.7213079185529288 -0.7240535534049088 -0.7228734714303509 -0.7217226942612737 -0.7208469314205566 -0.718622020419814
-0.7030735668963901 -0.6995840408283571 -0.6976228730769429 -0.695501656003287 -0.6981537408993083 -0.6982641974738131 -0.6980646993749622 -0.698112037906893 -0.6988976321153619 -0.6944610122315458
-0.6894416498479792 -0.6912918001655936 -0.6945446120192764 -0.6951817724417328 -0.6951919942666922 -0.6936418701473676 -0.6864135026981923 -0.6757869342454986 -0.6641148371578576 -0.6509602209637164
0.8259222912688107 1.0 1.0 1.0 1.0 1.0 0.9963924146267755 0.9789579555757029 0.9556861967361736 0.9320281807192503
0.8869522514354788 0.8764685327893624 0.8668923768510124 0.8562594439407674 0.8465199078271386 0.8378739800543975 0.8301252266545789 0.8225757404049563 0.813914640880971 0.8045465246977339
0.7400378886008683 0.733901720841101 0.7269802278029622 0.7184658746120078 0.7100869509958501 0.7037998934273424 0.6991515337138909 0.6953720068110658 0.690749691246614 0.6863523971295176
0.6482550159728762 0.6395593955048842 0.6309564922073296 0.6234536937635202 0.6158331757662319 0.6080699358324262 0.5981856604040907 0.588756636700269 0.581555950384854 0.5751522150288282
0.50791691816348 0.5022706790832461 0.49178268071266684 0.47662590945742767 0.4595709379118309 0.44468852681614846 0.4435222636294225 0.4470424439817009 0.4495870182072841 0.4479231865955995
0.4156444813151432 0.4053024983515141 0.39918380177617974 0.3941727762179028 0.38593360112124997 0.37762002326946176 0.36812902181767804 0.35441101383984264 0.33915193879629313 0.32592219889902485
0.24138857861906637 0.23588928498022255 0.23035558006712953 0.22468516009147832 0.2206804317963893 0.2175527259774428 0.21384467866845092 0.2091563750605685 0.20459920630860973 0.20079629548682165
0.18536609410646476 0.18486387550931016 0.18501919126065247 0.18527774083474324 0.1853921350707617 0.18664907636965333 0.19487053943351507 0.2048252108949935 0.21657227094363019 0.22697841185004664
0.27625119644064533 0.2806588513742896 0.28308604917896596 0.28552762023892475 0.28774969504857584 0.28834154809654655 0.2880710587426616 0.28929232925628634 0.28770442472971225 0.28550267499002113
0.2922677295261007 0.29582708389418033 0.2992975313120767 0.30210225114963896 0.3058352255572123 0.3091066817867436 0.3118079794093713 0.31256137080429647 0.3124398138386326 0.31187952354820014
-0.010952864574311771 0.009847914360888277 0.014177763272014143 -0.00033975091820859227 -0.018699671736188028 -0.033686394707908796 -0.03892184087866013 -0.039846887206949844 -0.039019086221975696 -0.03785335766898068
-0.06330880742597511 -0.06938569879101164 -0.07343798950501257 -0.07635788690476164 -0.08066430725250628 -0.0949991629162028 -0.11621904811681616 -0.12891434111141964 -0.13337805795211244 -0.1348159919245827
-0.1540913031854425 -0.15591526808536182 -0.15570163931968584 -0.15026709163326635 -0.1419383252061701 -0.13069749402529995 -0.11914174870021854 -0.10556974410013342 -0.08705572406621032 -0.05344824228119305
-0.13595159746843688 -0.132890834451449 -0.13033228642745276 -0.1292791340914029 -0.1294490376711218 -0.13265846632036293 -0.13831150821908544 -0.14440679914148724 -0.14965007358324178 -0.1540913031854425
1.0 1.0 1.0 1.0 1.0 1.0 1.0 1.0 1.0 1.0
0.8970101016997425 0.8853810517939449 0.8753435066429425 0.8649269196790377 0.8535488555539048 0.8429164641409961 0.83588458079516 0.8297111579745513 0.8228147288107481 0.8167215600786668
0.7755659321317723 0.7753961988103129 0.7698989907441549 0.7612473725700186 0.7529662989709021 0.7456462506566706 0.7427870809036257 0.7440122686113473 0.7466789753941039 0.7479791821525761
0.7011105873434544 0.695067944254014 0.6859395595582796 0.6756359623439296 0.6630609985354361 0.6504461908665791 0.639585720443401 0.6321566515702708 0.6276120367094764 0.6238186613901657
0.6106311543092438 0.6038846794151269 0.5964397915916411 0.5900775912042275 0.5824468391562672 0.5697241991317572 0.5575096279620455 0.5480925311079472 0.5392846315771498 0.5325053510202158
0.847980826643852 0.8100129813140837 0.7516011456587153 0.6845170517948627 0.6184857606439855 0.5684808675813333 0.5403627072613923 0.5246797101081815 0.516331336576692 0.5124552697814104
0.5246797101081815 0.516331336576692 0.5124552697814104 0.5044227674945694 0.49559066666973406 0.4866456677410793 0.4651759175007766 0.4385435489737428 0.4119969343164027 0.38436625441634953
0.3390716771741835 0.3236069699755273 0.28347478786121694 0.24302693737396308 0.23454917226903982 0.2246092296376685 0.2149526379166382 0.23497396533209014 0.2914387195117758 0.3591587147348776
0.3262477712463774 0.31471433223392675 0.3026427760240262 0.29435086168803193 0.2869532869762561 0.2842337309095342 0.28312909447593704 0.2784226737921862 0.27201253653004276 0.2657803989018457
1.0 0.9580645927360056 0.8598219408840697 0.7478449760410748 0.6517435335993136 0.5814080352069724 0.5344817608416801 0.5049344099345203 0.48903413718527955 0.47307592427709744
1.0 0.9365369172489322 0.8565139488550468 0.7872142858519047 0.7282085947615395 0.6995187252222794 0.6861372936519472 0.6693901881305762 0.635886720499611 0.6000585576076394
0.5436834382016877 0.5289503079543125 0.5189120761998898 0.502685492313959 0.4757858469370828 0.44634701177581193 0.41506757939066286 0.3921276010784185 0.37620239448347803 0.36847508074247437
0.363675216844459 0.3575736183188569 0.33900412737276375 0.32468659640966435 0.3146757899887225 0.3067200753150463 0.30192021141703096 0.3058066868538505 0.3055965838281314 0.29010988119158276
1.0 0.9917511718459633 0.9763178510453483 0.9564289983158054 0.9368523832752449 0.9158348864262089 0.8954187155127775 0.8812605621597527 0.8628695011480139 0.8412678591043905
0.6322249957513155 0.621205902637352 0.61292466111908 0.5997455198588357 0.5884665395405817 0.5700342364605384 0.5504183481941303 0.5301490114786571 0.5069052719274789 0.4850603431301743
0.40496120009942227 0.29068119042370166 0.2743590719641398 0.2591689342939192 0.22965005861528942 0.20338650850395656 0.1949687122178161 0.18965781150239125 0.18113894106191886 0.17299429576082992
0.5936019024074948 0.5821274885695873 0.5478980226029226 0.49408665680805086 0.4359178281632541 0.38149435961090883 0.3519103256092897 0.33218470028173974 0.3162222582520393 0.3021504230972494
0.20744288353060125 0.1726190343885745 0.13797515817175143 0.11309533126367599 0.09475152247089902 0.08058070635217862 0.06846250175557267 0.05675858306118098 0.042272627801436924 0.02681443741189482
0.013976071693926562 0.001403313185702304 -0.009823565343749174 -0.01653524565550446 -0.019236165911638903 -0.023130121797930947 -0.043879607376960394 -0.06616292485308128 -0.07797191756069077 -0.09015600584329642
-0.023130121797930947 -0.043879607376960394 -0.06616292485308128 -0.07797191756069077 -0.09015600584329642 -0.10409027072200328 -0.08826742998481463 -0.07489202621861901 -0.05633164475560026 -0.07073238022395367
-0.43498643437132545 -0.4559775648617047 -0.4774902216575031 -0.5056245838893194 -0.5349834950920378 -0.5598628632299614 -0.6065710278472745 -0.6270323038914096 -0.640619754248686 -0.6509029167550684
-0.640619754248686 -0.6509029167550684 -0.6680758017833213 -0.680458982938424 -0.5485802935228976 -0.48187068332715965 -0.4094560127110277 -0.40959426585312586 -0.42282094685564686 -0.46037654095046465
-0.49893236063312263 -0.5260315411046557 -0.5423420872622222 -0.5370657359862168 -0.5193991677328835 -0.501850591384327 -0.48446906180170834 -0.5011529714038785 -0.5295883698601208 -0.5602149201466233
-0.49893236063312263 -0.5260315411046557 -0.5423420872622222 -0.5370657359862168 -0.5193991677328835 -0.501850591384327 -0.48446906180170834 -0.5011529714038785 -0.5295883698601208 -0.5602149201466233
1.0 1.0 1.0 0.983233491749198 0.9455934929313825 0.8984212752044554 0.8530586417474875 0.8137117853475793 0.781470876369674 0.7522250687475103
1.0 1.0 1.0 0.983233491749198 0.9455934929313825 0.8984212752044554 0.8530586417474875 0.8137117853475793 0.781470876369674 0.7522250687475103
0.7522250687475103 0.7237095712143684 0.6915016983215565 0.6582954651245376 0.6206737833440017 0.5863260675459105 0.5579720706762801 0.5338281303438 0.506975271919945 0.48785612830734615
0.45455084818441494 0.438283520085716 0.4184155858018406 0.39865411929715044 0.3832640464481467 0.3735227761738362 0.3629262883353075 0.3493860727065312 0.3372517101320589 0.3246328455670531
0.29235888006093336 0.2800666352555372 0.26675407423294595 0.2486626063614492 0.22728249434593817 0.20488930297840735 0.1857627180694137 0.1694331611074582 0.1588072351733023 0.1517380035983451
0.13223710512620124 0.11982009594746224 0.10839040778706965 0.09844728212649234 0.08887847002906546 0.08411440488670596 0.07779748020000321 0.07160920407981686 0.06947304093649076 0.06976304706466419
0.13223710512620124 0.11982009594746224 0.10839040778706965 0.09844728212649234 0.08887847002906546 0.08411440488670596 0.07779748020000321 0.07160920407981686 0.06947304093649076 0.06976304706466419
0.5015568224435354 0.48757372702054336 0.4499007330038791 0.40608079885963844 0.35485178668092043 0.30072530949695864 0.18370532227501357 0.14426025711719248 0.10806066022979932 0.08279888998835849
0.0491292725457948 0.006940086240577514 -0.01048675529276566 -0.016696823780965486 -0.020986465391919507 -0.027340412572497974 -0.0019330668595554101 0.026745689445586418 0.08420537677944306 0.1231494014610619
0.1231494014610619 0.14773311423321966 0.14167344579330488 0.11830593523299626 0.1362416265151314 0.1655074683968194 0.1873071141612641 0.1934880920869093 0.17569795583315417 0.22760087552739683
0.17569795583315417 0.22760087552739683 0.24592036598127387 0.24364455587181588 0.23542245487685243 0.22576684128356894 0.2151489699394662 0.1967551891803745 0.17975979973607004 0.16480770033201075
1.0 0.9754846081414443 0.920687228580886 0.8719868057147036 0.8354449296362765 0.8032472169750804 0.7631187995793876 0.7323667018447138 0.7112980203491939 0.6893666391068167
0.5207224519631097 0.4940783954686576 0.4677068944786418 0.45142166026089114 0.4446568960257924 0.433198964982892 0.41827730059983415 0.40383579901344246 0.38596315596918096 0.3648994207446046
0.24851329516457032 0.22598819304458817 0.198599234304905 0.16989559355395967 0.1521897215867365 0.13975090765287157 0.12926582930654762 0.11852020862659152 0.10844627623290548 0.09610097658941386
1.0 0.9749758669657598 0.9154618675946355 0.8256713495012644 0.7247504002700245 0.640634429670057 0.5718579076422001 0.49952526087743854 0.4402223937144676 0.38939756828007255
0.310247288485928 0.2879509844019197 0.2676138919866524 0.24512252456297667 0.22580868866313963 0.20800836368392162 0.19170923631613812 0.17561313489462838 0.16559393886631413 0.156359162199611
0.11167900640329109 0.0916683808588743 0.06454558792937637 0.04361123845210524 0.025962161954039553 0.011924866350392804 0.007600226942907629 0.009977516502833295 0.008297078154033466 -0.0007544969941832846
-0.03616414700498238 -0.05447030272550757 -0.07497467144604886 -0.09233705306193107 -0.10729019208055335 -0.12392385153670316 -0.1438826175272706 -0.153455804974733 -0.14482241032861054 -0.1077879986487087
0.5635452501861042 0.56436597806712 0.5362554426037434 0.49791497009128993 0.45332366614347963 0.40782262014209714 0.3607852271295213 0.32654499981900376 0.29637324286973543 0.2661538395946621
0.06998483317854509 0.052409760852756726 0.03212773981223038 0.011756561182112879 -0.0066613252479567064 -0.021424403849071738 -0.034285087362051825 -0.04508145795529206 -0.0535588388465148 -0.06032796350822378
-0.11622762092612171 -0.12250696048083143 -0.12984937083389303 -0.1455582210346149 -0.16168189703913105 -0.17150629852118449 -0.18599645450622782 -0.19200441716179006 -0.20127440026010046 -0.2076297508429329
-0.27956842040949414 -0.28702103878572094 -0.299304213772453 -0.3104160381000163 -0.32076395956255677 -0.34364790024311387 -0.35130133433766464 -0.3578116868640092 -0.3641454292803564 -0.36583164709228244
0.9765470468761159 1.0 0.951924852734402 0.8805064113611729 0.7863414249455023 0.6714434346329194 0.5634388418097034 0.4958243494207022 0.4332844931700177 0.3866506762227857
0.3866506762227857 0.35809455272471324 0.32856426920915793 0.2949984696382473 0.2609334715425158 0.22584529719442292 0.19350582719347686 0.1666385850762797 0.13995001827983278 0.12166099879385839
0.08272833315173789 0.06415116005228083 0.042447871653384706 0.030130760505368226 0.024836846495328135 0.029708469878780175 0.04150208522864407 0.05050643384117093 0.04943054656195267 0.04832640617233963
0.39013522650484966 0.33810874018373727 0.27647639713219774 0.20145786290603485 0.1437011357548572 0.09375861251115425 0.049657013213719736 0.014469059401836404 -0.01320906907213093 -0.036722986263648005
-0.08400799021656835 -0.10682206561455976 -0.12873439088567595 -0.1522404968050225 -0.16625156967288357 -0.17480535446803613 -0.18602848590437804 -0.20308069385619032 -0.21851151062189478 -0.23311182248864304
-0.23311182248864304 -0.263723890242027 -0.28569129352930067 -0.2985917470470867 -0.3110096505510507 -0.32437654321769127 -0.3409646083297623 -0.35803926648640727 -0.3740160376003493 -0.3823040464489509
-0.739135215700526 -0.7322846263509948 -0.7300796928881863 -0.736038125182666 -0.7416129202907061 -0.7409980993177532 -0.7476822789740523 -0.7504188185082312 -0.7481306701438403 -0.7434573027698339
-0.7318547363193063 -0.7337314957901082 -0.7346929918931673 -0.74387792212254 -0.7533217878455751 -0.7592524684329056 -0.7683311377778025 -0.7824483507649113 -0.7961726558865978 -0.8099154420364512
-0.838760035545191 -0.8431791811937637 -0.841852508822499 -0.8370866759778605 -0.8318493456507422 -0.8263161781034261 -0.8209078127985507 -0.8199001141250748 -0.8192991790606629 -0.8229093745117937
-1.0 -0.9741768977390576 -0.9434794494365364 -0.8615501476988086 -0.7693041970921737 -0.739135215700526 -0.7322846263509948 -0.7300796928881863 -0.736038125182666 -0.7416129202907061
