-0.5359481966630124, -0.39394837447766906, -0.240956148929655, -0.10918066957097339, 0.030233431131395427
-0.39394837447766906, -0.240956148929655, -0.10918066957097339, 0.030233431131395427, 0.1970334587914535
-0.240956148929655, -0.10918066957097339, 0.030233431131395427, 0.1970334587914535, 0.35206314396072225
-0.10918066957097339, 0.030233431131395427, 0.1970334587914535, 0.35206314396072225, 0.49206008159717074
0.030233431131395427, 0.1970334587914535, 0.35206314396072225, 0.49206008159717074, 0.6131493939483754
0.1970334587914535, 0.35206314396072225, 0.49206008159717074, 0.6131493939483754, 0.7113870531171904
0.35206314396072225, 0.49206008159717074, 0.6131493939483754, 0.7113870531171904, 0.7672480218119313
0.49206008159717074, 0.6131493939483754, 0.7113870531171904, 0.7672480218119313, 0.8146998389789493
-0.5645366708123718, -0.44013316053338836, -0.320908668755703, -0.19484936650395068, -0.03534804622771914
-0.44013316053338836, -0.320908668755703, -0.19484936650395068, -0.03534804622771914, 0.12047816284278379
-0.320908668755703, -0.19484936650395068, -0.03534804622771914, 0.12047816284278379, 0.27146149163202615
-0.19484936650395068, -0.03534804622771914, 0.12047816284278379, 0.27146149163202615, 0.41843357099550516
-0.03534804622771914, 0.12047816284278379, 0.27146149163202615, 0.41843357099550516, 0.5630277836913216
0.12047816284278379, 0.27146149163202615, 0.41843357099550516, 0.5630277836913216, 0.6763935107894155
0.27146149163202615, 0.41843357099550516, 0.5630277836913216, 0.6763935107894155, 0.7946195475579558
0.41843357099550516, 0.5630277836913216, 0.6763935107894155, 0.7946195475579558, 0.9206141120784426
0.5630277836913216, 0.6763935107894155, 0.7946195475579558, 0.9206141120784426, 1.0
-0.5076344784088312, -0.3730694322831356, -0.23513130748384548, -0.06514431462968928, 0.10255083298870904
-0.3730694322831356, -0.23513130748384548, -0.06514431462968928, 0.10255083298870904, 0.25890227082125183
-0.23513130748384548, -0.06514431462968928, 0.10255083298870904, 0.25890227082125183, 0.4021171844496454
-0.06514431462968928, 0.10255083298870904, 0.25890227082125183, 0.4021171844496454, 0.5346884176333466
0.10255083298870904, 0.25890227082125183, 0.4021171844496454, 0.5346884176333466, 0.6265840185380704
0.25890227082125183, 0.4021171844496454, 0.5346884176333466, 0.6265840185380704, 0.7132444165151473
0.4021171844496454, 0.5346884176333466, 0.6265840185380704, 0.7132444165151473, 0.8032571002150906
0.5346884176333466, 0.6265840185380704, 0.7132444165151473, 0.8032571002150906, 0.9130554316963111
0.6265840185380704, 0.7132444165151473, 0.8032571002150906, 0.9130554316963111, 1.0
-0.5779023440051332, -0.4787652575485726, -0.34537864846070265, -0.20378744510740354, -0.055555342111026196
-0.4787652575485726, -0.34537864846070265, -0.20378744510740354, -0.055555342111026196, 0.09762525885485296
-0.34537864846070265, -0.20378744510740354, -0.055555342111026196, 0.09762525885485296, 0.25394861707154903
-0.20378744510740354, -0.055555342111026196, 0.09762525885485296, 0.25394861707154903, 0.3706282825100564
-0.055555342111026196, 0.09762525885485296, 0.25394861707154903, 0.3706282825100564, 0.46890668162485927
0.09762525885485296, 0.25394861707154903, 0.3706282825100564, 0.46890668162485927, 0.5461462803662192
0.25394861707154903, 0.3706282825100564, 0.46890668162485927, 0.5461462803662192, 0.6058413791248685
-0.07154959447673925, 0.1080678190109916, 0.28168786811177093, 0.4518443528340521, 0.6114238073466745
0.1080678190109916, 0.28168786811177093, 0.4518443528340521, 0.6114238073466745, 0.715096376608358
0.28168786811177093, 0.4518443528340521, 0.6114238073466745, 0.715096376608358, 0.7936787548841435
0.4518443528340521, 0.6114238073466745, 0.715096376608358, 0.7936787548841435, 0.8487058217849162
-0.5249288269216728, -0.38745624920758714, -0.26761461651061735, -0.15687276443536047, -0.05067600016904805
-0.38745624920758714, -0.26761461651061735, -0.15687276443536047, -0.05067600016904805, 0.07863616629719417
-0.26761461651061735, -0.15687276443536047, -0.05067600016904805, 0.07863616629719417, 0.21288146272682185
-0.15687276443536047, -0.05067600016904805, 0.07863616629719417, 0.21288146272682185, 0.3464044628689762
-0.05067600016904805, 0.07863616629719417, 0.21288146272682185, 0.3464044628689762, 0.4699267330308392
0.07863616629719417, 0.21288146272682185, 0.3464044628689762, 0.4699267330308392, 0.5807742401481468
0.21288146272682185, 0.3464044628689762, 0.4699267330308392, 0.5807742401481468, 0.6557047959705087
0.3464044628689762, 0.4699267330308392, 0.5807742401481468, 0.6557047959705087, 0.7160991390074565
-0.49966572336547843, -0.31923774751480305, -0.16372635514323086, -0.024679508384437998, 0.09091336902334657
-0.31923774751480305, -0.16372635514323086, -0.024679508384437998, 0.09091336902334657, 0.1488125218735039
-0.3221286760386898, -0.13274813188002588, 0.06463221599390279, 0.2677353019432054, 0.4191962010760013
-0.13274813188002588, 0.06463221599390279, 0.2677353019432054, 0.4191962010760013, 0.5596693529112
0.06463221599390279, 0.2677353019432054, 0.4191962010760013, 0.5596693529112, 0.6923227822698843
0.2677353019432054, 0.4191962010760013, 0.5596693529112, 0.6923227822698843, 0.8135036776145788
0.4191962010760013, 0.5596693529112, 0.6923227822698843, 0.8135036776145788, 0.9014304590366498
0.5596693529112, 0.6923227822698843, 0.8135036776145788, 0.9014304590366498, 0.9677763397024528
0.6923227822698843, 0.8135036776145788, 0.9014304590366498, 0.9677763397024528, 1.0
-0.5551443995554227, -0.4229200112908631, -0.2972165375862261, -0.16922622302983303, -0.014320872219183767
-0.4229200112908631, -0.2972165375862261, -0.16922622302983303, -0.014320872219183767, 0.14012137677963343
-0.2972165375862261, -0.16922622302983303, -0.014320872219183767, 0.14012137677963343, 0.2927266552581904
-0.16922622302983303, -0.014320872219183767, 0.14012137677963343, 0.2927266552581904, 0.44154993560679534
-0.014320872219183767, 0.14012137677963343, 0.2927266552581904, 0.44154993560679534, 0.5821057459908614
0.14012137677963343, 0.2927266552581904, 0.44154993560679534, 0.5821057459908614, 0.6872982199248447
0.2927266552581904, 0.44154993560679534, 0.5821057459908614, 0.6872982199248447, 0.7845870896035845
0.44154993560679534, 0.5821057459908614, 0.6872982199248447, 0.7845870896035845, 0.8728454739516256
0.5821057459908614, 0.6872982199248447, 0.7845870896035845, 0.8728454739516256, 0.9481127498544533
-0.18171046735067797, -0.038525519050424006, 0.10826797055918247, 0.2605399672931945, 0.40839631074749394
-0.038525519050424006, 0.10826797055918247, 0.2605399672931945, 0.40839631074749394, 0.5111881204379989
0.10826797055918247, 0.2605399672931945, 0.40839631074749394, 0.5111881204379989, 0.6086985084852337
0.2605399672931945, 0.40839631074749394, 0.5111881204379989, 0.6086985084852337, 0.7087334676955772
0.40839631074749394, 0.5111881204379989, 0.6086985084852337, 0.7087334676955772, 0.8165767659680296
0.5111881204379989, 0.6086985084852337, 0.7087334676955772, 0.8165767659680296, 0.9152180492760629
0.6086985084852337, 0.7087334676955772, 0.8165767659680296, 0.9152180492760629, 1.0
-0.5146451631070175, -0.3789366208860836, -0.23897714864384323, -0.09707785063133034, 0.04372429861219018
-0.3789366208860836, -0.23897714864384323, -0.09707785063133034, 0.04372429861219018, 0.1776577959616159
-0.23897714864384323, -0.09707785063133034, 0.04372429861219018, 0.1776577959616159, 0.2785433368549164
-0.09707785063133034, 0.04372429861219018, 0.1776577959616159, 0.2785433368549164, 0.36366205732080803
0.04372429861219018, 0.1776577959616159, 0.2785433368549164, 0.36366205732080803, 0.43386914936554133
0.1776577959616159, 0.2785433368549164, 0.36366205732080803, 0.43386914936554133, 0.48860560943381093
-0.5426892034095051, -0.38063866156193515, -0.2073350444126243, -0.035737639607488436, 0.12838413556253347
-0.38063866156193515, -0.2073350444126243, -0.035737639607488436, 0.12838413556253347, 0.2548274024377142
-0.2073350444126243, -0.035737639607488436, 0.12838413556253347, 0.2548274024377142, 0.36931883956702216
-0.035737639607488436, 0.12838413556253347, 0.2548274024377142, 0.36931883956702216, 0.4851139230473198
0.12838413556253347, 0.2548274024377142, 0.36931883956702216, 0.4851139230473198, 0.5873719428189419
0.2548274024377142, 0.36931883956702216, 0.4851139230473198, 0.5873719428189419, 0.6790777275671134
0.36931883956702216, 0.4851139230473198, 0.5873719428189419, 0.6790777275671134, 0.7622274205844712
0.4851139230473198, 0.5873719428189419, 0.6790777275671134, 0.7622274205844712, 0.8260289159189813
-0.3572246653865867, -0.20654530302433094, -0.07455136182169364, 0.039572505673084235, 0.14509468278592097
-0.20654530302433094, -0.07455136182169364, 0.039572505673084235, 0.14509468278592097, 0.22714070937480701
-0.07455136182169364, 0.039572505673084235, 0.14509468278592097, 0.22714070937480701, 0.2867489146531681
0.039572505673084235, 0.14509468278592097, 0.22714070937480701, 0.2867489146531681, 0.3578170310766755
0.07892846600413206, 0.2644716127127813, 0.4497564695463938, 0.6228746433139816, 0.7772163731181743
0.2644716127127813, 0.4497564695463938, 0.6228746433139816, 0.7772163731181743, 0.8827117976975303
0.4497564695463938, 0.6228746433139816, 0.7772163731181743, 0.8827117976975303, 0.9705918527993702
0.6228746433139816, 0.7772163731181743, 0.8827117976975303, 0.9705918527993702, 1.0
-0.17407228839836464, 0.0014711220649199497, 0.19481634575077256, 0.39059583253258934, 0.5566809058695408
0.0014711220649199497, 0.19481634575077256, 0.39059583253258934, 0.5566809058695408, 0.7159486939155779
0.19481634575077256, 0.39059583253258934, 0.5566809058695408, 0.7159486939155779, 0.8529799493592354
0.39059583253258934, 0.5566809058695408, 0.7159486939155779, 0.8529799493592354, 0.9352638860324314
0.5566809058695408, 0.7159486939155779, 0.8529799493592354, 0.9352638860324314, 0.9547155137632513
-0.2813300597146917, -0.11527650498926523, -0.005193767479025557, 0.09859148250585936, 0.19882016950579184
-0.11527650498926523, -0.005193767479025557, 0.09859148250585936, 0.19882016950579184, 0.314863706578812
-0.005193767479025557, 0.09859148250585936, 0.19882016950579184, 0.314863706578812, 0.42377040726202786
0.09859148250585936, 0.19882016950579184, 0.314863706578812, 0.42377040726202786, 0.523605501291625
0.19882016950579184, 0.314863706578812, 0.42377040726202786, 0.523605501291625, 0.6122966979683719
0.314863706578812, 0.42377040726202786, 0.523605501291625, 0.6122966979683719, 0.6927817183178397
0.42377040726202786, 0.523605501291625, 0.6122966979683719, 0.6927817183178397, 0.7487857301208869
-0.6185890539519763, -0.4578226932497087, -0.305653855838122, -0.1558747453475865, -0.006088767825668917
-0.4578226932497087, -0.305653855838122, -0.1558747453475865, -0.006088767825668917, 0.13905967450271195
-0.305653855838122, -0.1558747453475865, -0.006088767825668917, 0.13905967450271195, 0.2519056012085976
-0.1558747453475865, -0.006088767825668917, 0.13905967450271195, 0.2519056012085976, 0.3548630027239217
-0.006088767825668917, 0.13905967450271195, 0.2519056012085976, 0.3548630027239217, 0.4391054547119282
0.13905967450271195, 0.2519056012085976, 0.3548630027239217, 0.4391054547119282, 0.5123469224254347
0.2519056012085976, 0.3548630027239217, 0.4391054547119282, 0.5123469224254347, 0.5694188202440087
-0.6080993960295299, -0.4712711786356686, -0.37116498724482794, -0.26821370989666105, -0.1557196325356225
-0.4712711786356686, -0.37116498724482794, -0.26821370989666105, -0.1557196325356225, -0.02075115151636242
-0.37116498724482794, -0.26821370989666105, -0.1557196325356225, -0.02075115151636242, 0.11741305787930112
-0.26821370989666105, -0.1557196325356225, -0.02075115151636242, 0.11741305787930112, 0.25773882244067026
-0.1557196325356225, -0.02075115151636242, 0.11741305787930112, 0.25773882244067026, 0.38076770716475616
-0.02075115151636242, 0.11741305787930112, 0.25773882244067026, 0.38076770716475616, 0.4766639702708495
0.11741305787930112, 0.25773882244067026, 0.38076770716475616, 0.4766639702708495, 0.5417125775213798
0.25773882244067026, 0.38076770716475616, 0.4766639702708495, 0.5417125775213798, 0.6019121108118808
-0.6035309287566859, -0.48102330884162514, -0.35911308185334856, -0.21465758236765298, -0.07084995971804753
-0.48102330884162514, -0.35911308185334856, -0.21465758236765298, -0.07084995971804753, 0.07157987290675871
-0.35911308185334856, -0.21465758236765298, -0.07084995971804753, 0.07157987290675871, 0.20798529235442165
-0.21465758236765298, -0.07084995971804753, 0.07157987290675871, 0.20798529235442165, 0.3394348747052476
-0.07084995971804753, 0.07157987290675871, 0.20798529235442165, 0.3394348747052476, 0.43877669073767533
0.07157987290675871, 0.20798529235442165, 0.3394348747052476, 0.43877669073767533, 0.5293553415131287
0.20798529235442165, 0.3394348747052476, 0.43877669073767533, 0.5293553415131287, 0.6186697910597201
0.3394348747052476, 0.43877669073767533, 0.5293553415131287, 0.6186697910597201, 0.6934490817187244
0.43877669073767533, 0.5293553415131287, 0.6186697910597201, 0.6934490817187244, 0.7462910102881992
-0.1743491734186422, -0.06538121243554895, 0.03207170533344339, 0.11686330571524461, 0.19450703672871716
-0.06538121243554895, 0.03207170533344339, 0.11686330571524461, 0.19450703672871716, 0.26399173636565765
-0.4062670252223898, -0.30002092059327345, -0.2028055387270694, -0.1141131193912106, -0.03205209227725048
-0.30002092059327345, -0.2028055387270694, -0.1141131193912106, -0.03205209227725048, 0.041716970523756114
-0.42844567630339603, -0.3288960747327758, -0.224149568207773, -0.1089399597079459, -0.01960452194890261
-0.3288960747327758, -0.224149568207773, -0.1089399597079459, -0.01960452194890261, 0.05053957988477098
-0.224149568207773, -0.1089399597079459, -0.01960452194890261, 0.05053957988477098, 0.11862031797359296
-0.35703580500239585, -0.17414374429388846, 0.001278168982254746, 0.1701844938396595, 0.2860549413795901
-0.17414374429388846, 0.001278168982254746, 0.1701844938396595, 0.2860549413795901, 0.3828522874162732
0.001278168982254746, 0.1701844938396595, 0.2860549413795901, 0.3828522874162732, 0.45789002684697233
0.1701844938396595, 0.2860549413795901, 0.3828522874162732, 0.45789002684697233, 0.507349923617201
-0.31602309392468086, -0.23049638876814116, -0.12183494252029126, -0.009879611999207727, 0.10835328235363595
-0.23049638876814116, -0.12183494252029126, -0.009879611999207727, 0.10835328235363595, 0.23480252000514135
-0.12183494252029126, -0.009879611999207727, 0.10835328235363595, 0.23480252000514135, 0.3646599278774023
-0.009879611999207727, 0.10835328235363595, 0.23480252000514135, 0.3646599278774023, 0.4695009581652205
0.10835328235363595, 0.23480252000514135, 0.3646599278774023, 0.4695009581652205, 0.5706930014142888
0.23480252000514135, 0.3646599278774023, 0.4695009581652205, 0.5706930014142888, 0.6708278996487744
0.3646599278774023, 0.4695009581652205, 0.5706930014142888, 0.6708278996487744, 0.7763424006987756
0.4695009581652205, 0.5706930014142888, 0.6708278996487744, 0.7763424006987756, 0.8687874873214023
0.5706930014142888, 0.6708278996487744, 0.7763424006987756, 0.8687874873214023, 0.940281510778592
0.6708278996487744, 0.7763424006987756, 0.8687874873214023, 0.940281510778592, 0.9860530327612909
-0.6623436918460754, -0.4662251604808473, -0.25002398099937373, -0.028217003104100358, 0.19495976947544924
-0.4662251604808473, -0.25002398099937373, -0.028217003104100358, 0.19495976947544924, 0.3752585151732579
-0.25002398099937373, -0.028217003104100358, 0.19495976947544924, 0.3752585151732579, 0.5405470737425317
-0.028217003104100358, 0.19495976947544924, 0.3752585151732579, 0.5405470737425317, 0.6892868242633989
0.19495976947544924, 0.3752585151732579, 0.5405470737425317, 0.6892868242633989, 0.7972205062484885
0.3752585151732579, 0.5405470737425317, 0.6892868242633989, 0.7972205062484885, 0.8565360693415394
0.5405470737425317, 0.6892868242633989, 0.7972205062484885, 0.8565360693415394, 0.8680085794423364
-0.3145271138771333, -0.15573836537834307, 0.04549099657359501, 0.2392881671993643, 0.4195523802580725
-0.15573836537834307, 0.04549099657359501, 0.2392881671993643, 0.4195523802580725, 0.5948285454468714
0.04549099657359501, 0.2392881671993643, 0.4195523802580725, 0.5948285454468714, 0.7714438096407452
0.2392881671993643, 0.4195523802580725, 0.5948285454468714, 0.7714438096407452, 0.9230804648860611
0.4195523802580725, 0.5948285454468714, 0.7714438096407452, 0.9230804648860611, 1.0
-0.250728317188904, -0.12872377787369937, 0.004998816436220466, 0.12928074906436637, 0.241231958388064
-0.12872377787369937, 0.004998816436220466, 0.12928074906436637, 0.241231958388064, 0.3407008244720764
0.004998816436220466, 0.12928074906436637, 0.241231958388064, 0.3407008244720764, 0.42726652463901393
0.12928074906436637, 0.241231958388064, 0.3407008244720764, 0.42726652463901393, 0.4819518127091549
-0.32068506083288795, -0.13151251154622445, 0.05635964912280733, 0.22448192259366184, 0.37817969455111844
-0.13151251154622445, 0.05635964912280733, 0.22448192259366184, 0.37817969455111844, 0.5007450404374696
0.05635964912280733, 0.22448192259366184, 0.37817969455111844, 0.5007450404374696, 0.6179836126497606
0.22448192259366184, 0.37817969455111844, 0.5007450404374696, 0.6179836126497606, 0.7169235669917013
0.37817969455111844, 0.5007450404374696, 0.6179836126497606, 0.7169235669917013, 0.8031429734369206
0.5007450404374696, 0.6179836126497606, 0.7169235669917013, 0.8031429734369206, 0.8877059479356557
0.6179836126497606, 0.7169235669917013, 0.8031429734369206, 0.8877059479356557, 0.9707363689454409
-0.5934583661404627, -0.427290798084494, -0.25596659481367656, -0.08128638364333296, 0.06391258890194029
-0.427290798084494, -0.25596659481367656, -0.08128638364333296, 0.06391258890194029, 0.2055232145392598
-0.25596659481367656, -0.08128638364333296, 0.06391258890194029, 0.2055232145392598, 0.37441431208292
-0.08128638364333296, 0.06391258890194029, 0.2055232145392598, 0.37441431208292, 0.5376840963948732
0.06391258890194029, 0.2055232145392598, 0.37441431208292, 0.5376840963948732, 0.6919701057142493
0.2055232145392598, 0.37441431208292, 0.5376840963948732, 0.6919701057142493, 0.8341293095659148
0.37441431208292, 0.5376840963948732, 0.6919701057142493, 0.8341293095659148, 0.964600570521343
0.5376840963948732, 0.6919701057142493, 0.8341293095659148, 0.964600570521343, 1.0
-0.6510689153014844, -0.49166129677835047, -0.3228547177898963, -0.1521433660825554, 0.016092632702477738
-0.49166129677835047, -0.3228547177898963, -0.1521433660825554, 0.016092632702477738, 0.15942748947549146
-0.3228547177898963, -0.1521433660825554, 0.016092632702477738, 0.15942748947549146, 0.3130441447400163
-0.1521433660825554, 0.016092632702477738, 0.15942748947549146, 0.3130441447400163, 0.46886931442375546
0.016092632702477738, 0.15942748947549146, 0.3130441447400163, 0.46886931442375546, 0.6599852954952539
0.15942748947549146, 0.3130441447400163, 0.46886931442375546, 0.6599852954952539, 0.8420372835840375
0.3130441447400163, 0.46886931442375546, 0.6599852954952539, 0.8420372835840375, 1.0
-0.5490895107796452, -0.3077822451845803, -0.049307038955812676, 0.21606684549912902, 0.4943626326582118
-0.3077822451845803, -0.049307038955812676, 0.21606684549912902, 0.4943626326582118, 0.7730977981326712
-0.049307038955812676, 0.21606684549912902, 0.4943626326582118, 0.7730977981326712, 0.9855138869307767
0.21606684549912902, 0.4943626326582118, 0.7730977981326712, 0.9855138869307767, 1.0
-0.6458791076868906, -0.37046413321444227, -0.07233530489344442, 0.21559545946785597, 0.5047691051239447
-0.37046413321444227, -0.07233530489344442, 0.21559545946785597, 0.5047691051239447, 0.8072447357533257
-0.07233530489344442, 0.21559545946785597, 0.5047691051239447, 0.8072447357533257, 1.0
-0.2787109369689291, -0.16554051298226347, -0.05325324726528191, 0.03940223671795762, 0.13994088712813113
-0.16554051298226347, -0.05325324726528191, 0.03940223671795762, 0.13994088712813113, 0.2636396018174354
-0.05325324726528191, 0.03940223671795762, 0.13994088712813113, 0.2636396018174354, 0.37179712375363994
0.03940223671795762, 0.13994088712813113, 0.2636396018174354, 0.37179712375363994, 0.4644482572035318
0.13994088712813113, 0.2636396018174354, 0.37179712375363994, 0.4644482572035318, 0.5443632042765743
0.2636396018174354, 0.37179712375363994, 0.4644482572035318, 0.5443632042765743, 0.6048812984166778
0.2255833113540764, 0.32941422787549857, 0.422399264759864, 0.5158889635126207, 0.6067400637896949
0.32941422787549857, 0.422399264759864, 0.5158889635126207, 0.6067400637896949, 0.6959814667279363
0.422399264759864, 0.5158889635126207, 0.6067400637896949, 0.6959814667279363, 0.7721473416881699
0.5158889635126207, 0.6067400637896949, 0.6959814667279363, 0.7721473416881699, 0.8370551239766053
-0.06296300572773772, 0.050699275763443685, 0.1653504800962302, 0.26275802158378414, 0.36451519348180317
0.050699275763443685, 0.1653504800962302, 0.26275802158378414, 0.36451519348180317, 0.4646246134473129
0.1653504800962302, 0.26275802158378414, 0.36451519348180317, 0.4646246134473129, 0.5711647487042459
0.26275802158378414, 0.36451519348180317, 0.4646246134473129, 0.5711647487042459, 0.6705419854120303
0.36451519348180317, 0.4646246134473129, 0.5711647487042459, 0.6705419854120303, 0.7586213220186802
0.4646246134473129, 0.5711647487042459, 0.6705419854120303, 0.7586213220186802, 0.8310952388391295
0.5711647487042459, 0.6705419854120303, 0.7586213220186802, 0.8310952388391295, 0.8946163624040868
-0.6438460634438303, -0.5499899809511255, -0.44637187834760983, -0.303881557087019, -0.1525541810716915
-0.5499899809511255, -0.44637187834760983, -0.303881557087019, -0.1525541810716915, 0.005144802734650344
-0.44637187834760983, -0.303881557087019, -0.1525541810716915, 0.005144802734650344, 0.16324285751728773
-0.303881557087019, -0.1525541810716915, 0.005144802734650344, 0.16324285751728773, 0.3122924852060498
-0.1525541810716915, 0.005144802734650344, 0.16324285751728773, 0.3122924852060498, 0.42042042803744084
0.005144802734650344, 0.16324285751728773, 0.3122924852060498, 0.42042042803744084, 0.5166083701755322
0.16324285751728773, 0.3122924852060498, 0.42042042803744084, 0.5166083701755322, 0.6012350908520585
0.3122924852060498, 0.42042042803744084, 0.5166083701755322, 0.6012350908520585, 0.6875206616461498
0.42042042803744084, 0.5166083701755322, 0.6012350908520585, 0.6875206616461498, 0.7638108572670237
0.5166083701755322, 0.6012350908520585, 0.6875206616461498, 0.7638108572670237, 0.8286548179788236
-0.5013692700129443, -0.36197343979735297, -0.2255588050529832, -0.09203743488675098, 0.037635267728432176
-0.36197343979735297, -0.2255588050529832, -0.09203743488675098, 0.037635267728432176, 0.1652043928245004
-0.2255588050529832, -0.09203743488675098, 0.037635267728432176, 0.1652043928245004, 0.2666817163772135
-0.09203743488675098, 0.037635267728432176, 0.1652043928245004, 0.2666817163772135, 0.3634530461713281
0.037635267728432176, 0.1652043928245004, 0.2666817163772135, 0.3634530461713281, 0.4522970677583624
0.1652043928245004, 0.2666817163772135, 0.3634530461713281, 0.4522970677583624, 0.5401146652665358
0.2666817163772135, 0.3634530461713281, 0.4522970677583624, 0.5401146652665358, 0.6126052317190405
0.3634530461713281, 0.4522970677583624, 0.5401146652665358, 0.6126052317190405, 0.6668805754738749
-0.5978338299517592, -0.48077232202532316, -0.37505266524195546, -0.2656204409279983, -0.1496505946202138
-0.48077232202532316, -0.37505266524195546, -0.2656204409279983, -0.1496505946202138, -0.005891151867139843
-0.37505266524195546, -0.2656204409279983, -0.1496505946202138, -0.005891151867139843, 0.12204941690307725
-0.2656204409279983, -0.1496505946202138, -0.005891151867139843, 0.12204941690307725, 0.24561896119054039
-0.1496505946202138, -0.005891151867139843, 0.12204941690307725, 0.24561896119054039, 0.3663154911278954
-0.005891151867139843, 0.12204941690307725, 0.24561896119054039, 0.3663154911278954, 0.4820300170145122
0.12204941690307725, 0.24561896119054039, 0.3663154911278954, 0.4820300170145122, 0.5725810213812468
0.24561896119054039, 0.3663154911278954, 0.4820300170145122, 0.5725810213812468, 0.6500591062848058
0.3663154911278954, 0.4820300170145122, 0.5725810213812468, 0.6500591062848058, 0.7106775965615362
-0.6230464094869252, -0.5295363304262619, -0.435930559874963, -0.32087571890447486, -0.20289874334035962
-0.5295363304262619, -0.435930559874963, -0.32087571890447486, -0.20289874334035962, -0.08076627619222343
-0.435930559874963, -0.32087571890447486, -0.20289874334035962, -0.08076627619222343, 0.04623939803380828
-0.32087571890447486, -0.20289874334035962, -0.08076627619222343, 0.04623939803380828, 0.1848341232227495
-0.20289874334035962, -0.08076627619222343, 0.04623939803380828, 0.1848341232227495, 0.3102842996282378
-0.08076627619222343, 0.04623939803380828, 0.1848341232227495, 0.3102842996282378, 0.4424472763774807
0.04623939803380828, 0.1848341232227495, 0.3102842996282378, 0.4424472763774807, 0.581211115597378
0.1848341232227495, 0.3102842996282378, 0.4424472763774807, 0.581211115597378, 0.6565411264724854
0.3102842996282378, 0.4424472763774807, 0.581211115597378, 0.6565411264724854, 0.71699964928516
0.4424472763774807, 0.581211115597378, 0.6565411264724854, 0.71699964928516, 0.7585785144426724
0.17776526862104136, 0.2981891522033633, 0.41078138676773523, 0.5064666118490528, 0.5472281247758906
-0.5098902848348967, -0.37422555952080927, -0.2543503544405681, -0.14555501014898442, -0.06207463815222136
-0.37422555952080927, -0.2543503544405681, -0.14555501014898442, -0.06207463815222136, 0.019634636560224683
-0.2543503544405681, -0.14555501014898442, -0.06207463815222136, 0.019634636560224683, 0.1081696008066122
-0.14555501014898442, -0.06207463815222136, 0.019634636560224683, 0.1081696008066122, 0.18976168680985772
-0.06207463815222136, 0.019634636560224683, 0.1081696008066122, 0.18976168680985772, 0.26004395682148895
-0.5682557157601724, -0.41599979447919744, -0.26962530988683486, -0.09807966500109155, 0.06505504103993487
-0.41599979447919744, -0.26962530988683486, -0.09807966500109155, 0.06505504103993487, 0.22197531181359254
-0.26962530988683486, -0.09807966500109155, 0.06505504103993487, 0.22197531181359254, 0.3642933295654516
-0.09807966500109155, 0.06505504103993487, 0.22197531181359254, 0.3642933295654516, 0.48799886963558525
0.06505504103993487, 0.22197531181359254, 0.3642933295654516, 0.48799886963558525, 0.5710421189194739
0.22197531181359254, 0.3642933295654516, 0.48799886963558525, 0.5710421189194739, 0.6487238442666126
0.3642933295654516, 0.48799886963558525, 0.5710421189194739, 0.6487238442666126, 0.7300201667287516
0.48799886963558525, 0.5710421189194739, 0.6487238442666126, 0.7300201667287516, 0.8022812809084023
-0.5640709793897547, -0.4059983029655806, -0.24991871680936406, -0.0877752724638986, 0.06226160234941447
-0.4059983029655806, -0.24991871680936406, -0.0877752724638986, 0.06226160234941447, 0.20445299716896614
-0.24991871680936406, -0.0877752724638986, 0.06226160234941447, 0.20445299716896614, 0.34414377740829516
-0.0877752724638986, 0.06226160234941447, 0.20445299716896614, 0.34414377740829516, 0.4726452325756605
0.06226160234941447, 0.20445299716896614, 0.34414377740829516, 0.4726452325756605, 0.5671452021770689
0.20445299716896614, 0.34414377740829516, 0.4726452325756605, 0.5671452021770689, 0.6509422241724319
0.34414377740829516, 0.4726452325756605, 0.5671452021770689, 0.6509422241724319, 0.710423016227562
-0.4521875183452402, -0.25624631499957906, -0.03974823311408349, 0.19469053653606117, 0.3916986352417495
-0.25624631499957906, -0.03974823311408349, 0.19469053653606117, 0.3916986352417495, 0.5829689809107412
-0.03974823311408349, 0.19469053653606117, 0.3916986352417495, 0.5829689809107412, 0.76378222062273
0.19469053653606117, 0.3916986352417495, 0.5829689809107412, 0.76378222062273, 0.9664361866403262
0.3916986352417495, 0.5829689809107412, 0.76378222062273, 0.9664361866403262, 1.0
-0.5936289248904254, -0.5131378180675852, -0.4308273123008579, -0.32914478900207966, -0.22566343550389767
-0.5131378180675852, -0.4308273123008579, -0.32914478900207966, -0.22566343550389767, -0.12230549447261818
-0.4308273123008579, -0.32914478900207966, -0.22566343550389767, -0.12230549447261818, -0.028708357641850424
-0.32914478900207966, -0.22566343550389767, -0.12230549447261818, -0.028708357641850424, 0.05108341186853882
-0.22566343550389767, -0.12230549447261818, -0.028708357641850424, 0.05108341186853882, 0.10096822689942919
-0.5661255576006682, -0.463380340165239, -0.3677502687093194, -0.28157876527491443, -0.19722479783371916
-0.463380340165239, -0.3677502687093194, -0.28157876527491443, -0.19722479783371916, -0.11943794775275984
-0.3677502687093194, -0.28157876527491443, -0.19722479783371916, -0.11943794775275984, -0.05004128666786678
-0.5334418377429947, -0.40064301225065324, -0.25860568139092566, -0.1152417434481725, 0.00155083437276482
-0.40064301225065324, -0.25860568139092566, -0.1152417434481725, 0.00155083437276482, 0.11237368032009076
-0.25860568139092566, -0.1152417434481725, 0.00155083437276482, 0.11237368032009076, 0.21780484041070203
-0.1152417434481725, 0.00155083437276482, 0.11237368032009076, 0.21780484041070203, 0.3367800108618084
0.00155083437276482, 0.11237368032009076, 0.21780484041070203, 0.3367800108618084, 0.4471612228316233
0.11237368032009076, 0.21780484041070203, 0.3367800108618084, 0.4471612228316233, 0.548762614916485
0.21780484041070203, 0.3367800108618084, 0.4471612228316233, 0.548762614916485, 0.6376128916197814
0.3367800108618084, 0.4471612228316233, 0.548762614916485, 0.6376128916197814, 0.7072000832113432
-0.3388548245005749, -0.08980952808830756, 0.17656400469587186, 0.4403747321458218, 0.6918684308294714
-0.08980952808830756, 0.17656400469587186, 0.4403747321458218, 0.6918684308294714, 0.8924686623865352
0.17656400469587186, 0.4403747321458218, 0.6918684308294714, 0.8924686623865352, 1.0
-0.5652005311525867, -0.3681433646643928, -0.15518485915980595, 0.06535315165492173, 0.2598753220680381
-0.3681433646643928, -0.15518485915980595, 0.06535315165492173, 0.2598753220680381, 0.4459892384541624
-0.15518485915980595, 0.06535315165492173, 0.2598753220680381, 0.4459892384541624, 0.6142130404940136
0.06535315165492173, 0.2598753220680381, 0.4459892384541624, 0.6142130404940136, 0.7722093299599866
0.2598753220680381, 0.4459892384541624, 0.6142130404940136, 0.7722093299599866, 0.9016148966473898
0.4459892384541624, 0.6142130404940136, 0.7722093299599866, 0.9016148966473898, 0.9962673069156751
0.6142130404940136, 0.7722093299599866, 0.9016148966473898, 0.9962673069156751, 1.0
-0.479651702479055, -0.37759095645529783, -0.28549858506814907, -0.1853008058189809, -0.0529153391060978
-0.37759095645529783, -0.28549858506814907, -0.1853008058189809, -0.0529153391060978, 0.0856492535791824
-0.28549858506814907, -0.1853008058189809, -0.0529153391060978, 0.0856492535791824, 0.22652216511938184
-0.1853008058189809, -0.0529153391060978, 0.0856492535791824, 0.22652216511938184, 0.3644396558662526
-0.0529153391060978, 0.0856492535791824, 0.22652216511938184, 0.3644396558662526, 0.49664161605928925
0.0856492535791824, 0.22652216511938184, 0.3644396558662526, 0.49664161605928925, 0.6004022119511045
0.22652216511938184, 0.3644396558662526, 0.49664161605928925, 0.6004022119511045, 0.6961625674601086
0.3644396558662526, 0.49664161605928925, 0.6004022119511045, 0.6961625674601086, 0.7751143696336424
0.49664161605928925, 0.6004022119511045, 0.6961625674601086, 0.7751143696336424, 0.8215833715191447
-0.25100794443723007, -0.14958356897645209, -0.04323993101871826, 0.06743274378733899, 0.1822198279331264
-0.14958356897645209, -0.04323993101871826, 0.06743274378733899, 0.1822198279331264, 0.279912904157013
-0.04323993101871826, 0.06743274378733899, 0.1822198279331264, 0.279912904157013, 0.374695631364377
0.06743274378733899, 0.1822198279331264, 0.279912904157013, 0.374695631364377, 0.4651536142735877
0.1822198279331264, 0.279912904157013, 0.374695631364377, 0.4651536142735877, 0.5583073186907292
0.279912904157013, 0.374695631364377, 0.4651536142735877, 0.5583073186907292, 0.635265231309432
0.374695631364377, 0.4651536142735877, 0.5583073186907292, 0.635265231309432, 0.6913624232304236
-0.150174867762626, -0.049044531988620244, 0.0558342732229653, 0.14718725284300982, 0.23435070349531695
-0.049044531988620244, 0.0558342732229653, 0.14718725284300982, 0.23435070349531695, 0.3261833755970678
0.0558342732229653, 0.14718725284300982, 0.23435070349531695, 0.3261833755970678, 0.4078772965773465
0.14718725284300982, 0.23435070349531695, 0.3261833755970678, 0.4078772965773465, 0.47766676732288094
-0.5838572768335628, -0.4658096960649206, -0.3427810633899858, -0.23208543867707832, -0.1185045360587963
-0.4658096960649206, -0.3427810633899858, -0.23208543867707832, -0.1185045360587963, -0.0013517263818704217
-0.3427810633899858, -0.23208543867707832, -0.1185045360587963, -0.0013517263818704217, 0.13849333945797015
-0.23208543867707832, -0.1185045360587963, -0.0013517263818704217, 0.13849333945797015, 0.27724027713979504
-0.1185045360587963, -0.0013517263818704217, 0.13849333945797015, 0.27724027713979504, 0.4183868282039509
-0.0013517263818704217, 0.13849333945797015, 0.27724027713979504, 0.4183868282039509, 0.5576182341907829
0.13849333945797015, 0.27724027713979504, 0.4183868282039509, 0.5576182341907829, 0.6896017550911047
0.27724027713979504, 0.4183868282039509, 0.5576182341907829, 0.6896017550911047, 0.7895912283723778
0.4183868282039509, 0.5576182341907829, 0.6896017550911047, 0.7895912283723778, 0.8744509359209922
0.5576182341907829, 0.6896017550911047, 0.7895912283723778, 0.8744509359209922, 0.9285857831878732
-0.441472640101056, -0.35179935117133665, -0.25922284106568616, -0.15044953873832467, -0.03280747588424415
-0.35179935117133665, -0.25922284106568616, -0.15044953873832467, -0.03280747588424415, 0.09358731434696099
-0.25922284106568616, -0.15044953873832467, -0.03280747588424415, 0.09358731434696099, 0.22715941280049057
-0.15044953873832467, -0.03280747588424415, 0.09358731434696099, 0.22715941280049057, 0.36722099410503817
-0.03280747588424415, 0.09358731434696099, 0.22715941280049057, 0.36722099410503817, 0.49616253253713105
0.09358731434696099, 0.22715941280049057, 0.36722099410503817, 0.49616253253713105, 0.6182569189251264
0.22715941280049057, 0.36722099410503817, 0.49616253253713105, 0.6182569189251264, 0.7306236602357985
0.36722099410503817, 0.49616253253713105, 0.6182569189251264, 0.7306236602357985, 0.8440705864339311
0.49616253253713105, 0.6182569189251264, 0.7306236602357985, 0.8440705864339311, 0.9402919728984853
0.6182569189251264, 0.7306236602357985, 0.8440705864339311, 0.9402919728984853, 1.0
-0.3393364794419861, -0.25480812615460535, -0.16196632736745564, -0.042062697045627595, 0.07865479734273984
-0.25480812615460535, -0.16196632736745564, -0.042062697045627595, 0.07865479734273984, 0.19723944573246355
-0.16196632736745564, -0.042062697045627595, 0.07865479734273984, 0.19723944573246355, 0.31326558700087714
-0.042062697045627595, 0.07865479734273984, 0.19723944573246355, 0.31326558700087714, 0.42982862883201456
0.07865479734273984, 0.19723944573246355, 0.31326558700087714, 0.42982862883201456, 0.5257147559684789
0.19723944573246355, 0.31326558700087714, 0.42982862883201456, 0.5257147559684789, 0.6195316025006175
0.31326558700087714, 0.42982862883201456, 0.5257147559684789, 0.6195316025006175, 0.7087138507291584
0.42982862883201456, 0.5257147559684789, 0.6195316025006175, 0.7087138507291584, 0.7934204141398957
0.5257147559684789, 0.6195316025006175, 0.7087138507291584, 0.7934204141398957, 0.8566713867755602
-0.44983287780143055, -0.32698705308158116, -0.19204666030068107, -0.0658445175413459, 0.06138913202020291
-0.32698705308158116, -0.19204666030068107, -0.0658445175413459, 0.06138913202020291, 0.18107528853537525
-0.19204666030068107, -0.0658445175413459, 0.06138913202020291, 0.18107528853537525, 0.30111493217691954
-0.0658445175413459, 0.06138913202020291, 0.18107528853537525, 0.30111493217691954, 0.40911067826699576
0.06138913202020291, 0.18107528853537525, 0.30111493217691954, 0.40911067826699576, 0.5008230941705387
0.18107528853537525, 0.30111493217691954, 0.40911067826699576, 0.5008230941705387, 0.5757852873349663
0.30111493217691954, 0.40911067826699576, 0.5008230941705387, 0.5757852873349663, 0.6364053134061509
-0.5168162693907996, -0.39629118681207387, -0.2694286198050462, -0.13573865266198182, 0.004130536352967784
-0.39629118681207387, -0.2694286198050462, -0.13573865266198182, 0.004130536352967784, 0.12633366750782482
-0.2694286198050462, -0.13573865266198182, 0.004130536352967784, 0.12633366750782482, 0.2520371940281487
-0.13573865266198182, 0.004130536352967784, 0.12633366750782482, 0.2520371940281487, 0.38070116130969334
0.004130536352967784, 0.12633366750782482, 0.2520371940281487, 0.38070116130969334, 0.5268449952084853
0.12633366750782482, 0.2520371940281487, 0.38070116130969334, 0.5268449952084853, 0.6591140904295953
0.2520371940281487, 0.38070116130969334, 0.5268449952084853, 0.6591140904295953, 0.7759709479454924
0.38070116130969334, 0.5268449952084853, 0.6591140904295953, 0.7759709479454924, 0.8832520733616742
0.5268449952084853, 0.6591140904295953, 0.7759709479454924, 0.8832520733616742, 0.983852564812846
0.6591140904295953, 0.7759709479454924, 0.8832520733616742, 0.983852564812846, 1.0
-0.5161375068157645, -0.41224330792588504, -0.298394936224881, -0.17494347499102725, -0.062202458424585716
-0.41224330792588504, -0.298394936224881, -0.17494347499102725, -0.062202458424585716, 0.044781754250121875
-0.298394936224881, -0.17494347499102725, -0.062202458424585716, 0.044781754250121875, 0.13833823387075972
-0.17494347499102725, -0.062202458424585716, 0.044781754250121875, 0.13833823387075972, 0.21017684617803156
-0.062202458424585716, 0.044781754250121875, 0.13833823387075972, 0.21017684617803156, 0.2554990522554996
-0.5606528471389108, -0.459778478363976, -0.35324944898585486, -0.19418129062857437, -0.010206734927321715
-0.459778478363976, -0.35324944898585486, -0.19418129062857437, -0.010206734927321715, 0.1973205367854256
-0.35324944898585486, -0.19418129062857437, -0.010206734927321715, 0.1973205367854256, 0.4227112685880092
-0.19418129062857437, -0.010206734927321715, 0.1973205367854256, 0.4227112685880092, 0.6451736740786209
-0.010206734927321715, 0.1973205367854256, 0.4227112685880092, 0.6451736740786209, 0.7886962586837036
0.1973205367854256, 0.4227112685880092, 0.6451736740786209, 0.7886962586837036, 0.8693558016907073
0.4227112685880092, 0.6451736740786209, 0.7886962586837036, 0.8693558016907073, 0.9014100382222467
-0.15440825901806354, 0.016167254869579484, 0.17899984718826367, 0.34442528916634396, 0.5384018021955665
0.016167254869579484, 0.17899984718826367, 0.34442528916634396, 0.5384018021955665, 0.7316634973306435
0.17899984718826367, 0.34442528916634396, 0.5384018021955665, 0.7316634973306435, 0.9248287784398221
0.34442528916634396, 0.5384018021955665, 0.7316634973306435, 0.9248287784398221, 1.0
-0.5397149885751613, -0.45038973650457215, -0.3432108953259748, -0.2335793346399222, -0.11886624759963738
-0.45038973650457215, -0.3432108953259748, -0.2335793346399222, -0.11886624759963738, -0.0007554042663149296
-0.3432108953259748, -0.2335793346399222, -0.11886624759963738, -0.0007554042663149296, 0.12057710802072652
-0.2335793346399222, -0.11886624759963738, -0.0007554042663149296, 0.12057710802072652, 0.22669421547880653
-0.11886624759963738, -0.0007554042663149296, 0.12057710802072652, 0.22669421547880653, 0.335166100373951
-0.0007554042663149296, 0.12057710802072652, 0.22669421547880653, 0.335166100373951, 0.459333723017741
0.12057710802072652, 0.22669421547880653, 0.335166100373951, 0.459333723017741, 0.5756243025534746
0.22669421547880653, 0.335166100373951, 0.459333723017741, 0.5756243025534746, 0.6820050200520762
0.335166100373951, 0.459333723017741, 0.5756243025534746, 0.6820050200520762, 0.773612113975396
0.459333723017741, 0.5756243025534746, 0.6820050200520762, 0.773612113975396, 0.8490743953379576
0.5756243025534746, 0.6820050200520762, 0.773612113975396, 0.8490743953379576, 0.8902767488650707
-0.35368860292287085, -0.22900641978005354, -0.10659211990870643, 0.03317716205139587, 0.22602005224269361
-0.22900641978005354, -0.10659211990870643, 0.03317716205139587, 0.22602005224269361, 0.42817111489805537
-0.10659211990870643, 0.03317716205139587, 0.22602005224269361, 0.42817111489805537, 0.6314154300653005
0.03317716205139587, 0.22602005224269361, 0.42817111489805537, 0.6314154300653005, 0.8259222912688107
0.22602005224269361, 0.42817111489805537, 0.6314154300653005, 0.8259222912688107, 1.0
-0.6165123894537814, -0.4715535016261654, -0.3343966727087906, -0.2095814007992718, -0.06611242814321416
-0.4715535016261654, -0.3343966727087906, -0.2095814007992718, -0.06611242814321416, 0.07327741346262018
-0.3343966727087906, -0.2095814007992718, -0.06611242814321416, 0.07327741346262018, 0.2039565525111393
-0.2095814007992718, -0.06611242814321416, 0.07327741346262018, 0.2039565525111393, 0.32114089184722494
-0.06611242814321416, 0.07327741346262018, 0.2039565525111393, 0.32114089184722494, 0.41935252862413464
0.07327741346262018, 0.2039565525111393, 0.32114089184722494, 0.41935252862413464, 0.46941628248494016
-0.49895178197065027, -0.3739453695438798, -0.2420443158539134, -0.10606438874468083, 0.03023245474536651
-0.3739453695438798, -0.2420443158539134, -0.10606438874468083, 0.03023245474536651, 0.13993226197356812
-0.2420443158539134, -0.10606438874468083, 0.03023245474536651, 0.13993226197356812, 0.24527047901112953
-0.10606438874468083, 0.03023245474536651, 0.13993226197356812, 0.24527047901112953, 0.3458560903234478
0.03023245474536651, 0.13993226197356812, 0.24527047901112953, 0.3458560903234478, 0.4527549495384757
0.13993226197356812, 0.24527047901112953, 0.3458560903234478, 0.4527549495384757, 0.5504392939832623
0.24527047901112953, 0.3458560903234478, 0.4527549495384757, 0.5504392939832623, 0.6375388593062259
0.3458560903234478, 0.4527549495384757, 0.5504392939832623, 0.6375388593062259, 0.7087948855624058
0.4527549495384757, 0.5504392939832623, 0.6375388593062259, 0.7087948855624058, 0.7567279181671742
-0.31153244356693754, -0.21345295819904553, -0.10951611290161267, 0.004182998945055694, 0.11267255757833894
-0.21345295819904553, -0.10951611290161267, 0.004182998945055694, 0.11267255757833894, 0.23241614484029105
-0.10951611290161267, 0.004182998945055694, 0.11267255757833894, 0.23241614484029105, 0.3618265052311689
0.004182998945055694, 0.11267255757833894, 0.23241614484029105, 0.3618265052311689, 0.5186047637021769
0.11267255757833894, 0.23241614484029105, 0.3618265052311689, 0.5186047637021769, 0.6698147234078253
0.23241614484029105, 0.3618265052311689, 0.5186047637021769, 0.6698147234078253, 0.8103849094586884
0.3618265052311689, 0.5186047637021769, 0.6698147234078253, 0.8103849094586884, 0.9344218292797031
0.5186047637021769, 0.6698147234078253, 0.8103849094586884, 0.9344218292797031, 1.0
-0.21049853867697477, -0.10763594057129999, 0.005043089091446795, 0.1282645205781494, 0.24053893030216322
-0.10763594057129999, 0.005043089091446795, 0.1282645205781494, 0.24053893030216322, 0.3570120048976604
0.005043089091446795, 0.1282645205781494, 0.24053893030216322, 0.3570120048976604, 0.4985210848036483
0.1282645205781494, 0.24053893030216322, 0.3570120048976604, 0.4985210848036483, 0.6370946177338472
0.24053893030216322, 0.3570120048976604, 0.4985210848036483, 0.6370946177338472, 0.7664885557061965
0.3570120048976604, 0.4985210848036483, 0.6370946177338472, 0.7664885557061965, 0.8846856630841196
0.4985210848036483, 0.6370946177338472, 0.7664885557061965, 0.8846856630841196, 0.9901061628894323
0.6370946177338472, 0.7664885557061965, 0.8846856630841196, 0.9901061628894323, 1.0
-0.42360861666675775, -0.3238871637970172, -0.24706334257771856, -0.17586273333564317, -0.10567833793121506
