0.5833835738992195, 0.4502789348620142, 0.3135455783553387, 0.17217603382548186, 0.028793827533349692
0.4502789348620142, 0.3135455783553387, 0.17217603382548186, 0.028793827533349692, -0.12233587280708247
0.3135455783553387, 0.17217603382548186, 0.028793827533349692, -0.12233587280708247, -0.25615071386643307
0.17217603382548186, 0.028793827533349692, -0.12233587280708247, -0.25615071386643307, -0.39136653931153365
0.028793827533349692, -0.12233587280708247, -0.25615071386643307, -0.39136653931153365, -0.5355527248281285
-0.12233587280708247, -0.25615071386643307, -0.39136653931153365, -0.5355527248281285, -0.693889596854657
-0.25615071386643307, -0.39136653931153365, -0.5355527248281285, -0.693889596854657, -0.7922013454642449
-0.39136653931153365, -0.5355527248281285, -0.693889596854657, -0.7922013454642449, -0.8714943346274298
-0.5355527248281285, -0.693889596854657, -0.7922013454642449, -0.8714943346274298, -0.9301114305189233
0.5257687294348774, 0.3994056578287217, 0.26530891724899597, 0.12416074378673381, -0.02002014339407443
0.3994056578287217, 0.26530891724899597, 0.12416074378673381, -0.02002014339407443, -0.14372647810557426
0.26530891724899597, 0.12416074378673381, -0.02002014339407443, -0.14372647810557426, -0.26895165958908895
0.12416074378673381, -0.02002014339407443, -0.14372647810557426, -0.26895165958908895, -0.40245829084919704
-0.02002014339407443, -0.14372647810557426, -0.26895165958908895, -0.40245829084919704, -0.5179877521192274
-0.14372647810557426, -0.26895165958908895, -0.40245829084919704, -0.5179877521192274, -0.6166878931727842
-0.26895165958908895, -0.40245829084919704, -0.5179877521192274, -0.6166878931727842, -0.6991313939402992
-0.40245829084919704, -0.5179877521192274, -0.6166878931727842, -0.6991313939402992, -0.769351913062207
0.1127678361382436, -0.049975683627643375, -0.22425391989416843, -0.397278887164648, -0.5645438807664346
-0.049975683627643375, -0.22425391989416843, -0.397278887164648, -0.5645438807664346, -0.6861046437414082
-0.22425391989416843, -0.397278887164648, -0.5645438807664346, -0.6861046437414082, -0.776312583010609
-0.397278887164648, -0.5645438807664346, -0.6861046437414082, -0.776312583010609, -0.854154512876073
-0.5645438807664346, -0.6861046437414082, -0.776312583010609, -0.854154512876073, -0.9212909092635356
0.5701726784097403, 0.4217317501803415, 0.25270512384169264, 0.06011314963107539, -0.11607148590766936
0.4217317501803415, 0.25270512384169264, 0.06011314963107539, -0.11607148590766936, -0.290922556933358
0.25270512384169264, 0.06011314963107539, -0.11607148590766936, -0.290922556933358, -0.46827379385190326
0.06011314963107539, -0.11607148590766936, -0.290922556933358, -0.46827379385190326, -0.6210129524861447
-0.11607148590766936, -0.290922556933358, -0.46827379385190326, -0.6210129524861447, -0.7412970466790382
-0.290922556933358, -0.46827379385190326, -0.6210129524861447, -0.7412970466790382, -0.8369048459979141
-0.46827379385190326, -0.6210129524861447, -0.7412970466790382, -0.8369048459979141, -0.9199946914285829
-0.6210129524861447, -0.7412970466790382, -0.8369048459979141, -0.9199946914285829, -0.9777040000513726
0.3990283578132856, 0.26272566956481636, 0.10634083932365423, -0.04067527018875794, -0.17972306852978148
0.26272566956481636, 0.10634083932365423, -0.04067527018875794, -0.17972306852978148, -0.30082103572677277
0.10634083932365423, -0.04067527018875794, -0.17972306852978148, -0.30082103572677277, -0.40683530492045106
-0.04067527018875794, -0.17972306852978148, -0.30082103572677277, -0.40683530492045106, -0.49931996572934645
-0.17972306852978148, -0.30082103572677277, -0.40683530492045106, -0.49931996572934645, -0.5880894110595857
-0.30082103572677277, -0.40683530492045106, -0.49931996572934645, -0.5880894110595857, -0.6656786319400956
-0.40683530492045106, -0.49931996572934645, -0.5880894110595857, -0.6656786319400956, -0.7325275375459604
-0.21947504665582995, -0.36383442265795274, -0.5126704581879455, -0.6040882490315137, -0.6700989804817044
-0.36383442265795274, -0.5126704581879455, -0.6040882490315137, -0.6700989804817044, -0.7171521055357636
-0.2515216202388725, -0.3669376179807001, -0.4878270380890224, -0.5918882204541052, -0.6221618474674951
0.6484980743973738, 0.5087840895748004, 0.35091911133832987, 0.21312992529002983, 0.06762713890279493
0.5087840895748004, 0.35091911133832987, 0.21312992529002983, 0.06762713890279493, -0.09007444961603583
0.35091911133832987, 0.21312992529002983, 0.06762713890279493, -0.09007444961603583, -0.23835356407862185
0.21312992529002983, 0.06762713890279493, -0.09007444961603583, -0.23835356407862185, -0.38850249881361
0.06762713890279493, -0.09007444961603583, -0.23835356407862185, -0.38850249881361, -0.5578395765212103
-0.09007444961603583, -0.23835356407862185, -0.38850249881361, -0.5578395765212103, -0.7094535982797646
-0.23835356407862185, -0.38850249881361, -0.5578395765212103, -0.7094535982797646, -0.830677123459025
-0.38850249881361, -0.5578395765212103, -0.7094535982797646, -0.830677123459025, -0.9197326393696564
-0.5578395765212103, -0.7094535982797646, -0.830677123459025, -0.9197326393696564, -0.9818059386911966
0.6026698707433185, 0.5313646802695067, 0.4592077732174238, 0.3608019172313994, 0.26407559419181426
0.5313646802695067, 0.4592077732174238, 0.3608019172313994, 0.26407559419181426, 0.1692352150041172
0.4592077732174238, 0.3608019172313994, 0.26407559419181426, 0.1692352150041172, 0.07238069992851637
0.3608019172313994, 0.26407559419181426, 0.1692352150041172, 0.07238069992851637, -0.018820329084165976
0.26407559419181426, 0.1692352150041172, 0.07238069992851637, -0.018820329084165976, -0.09183981644638683
0.1692352150041172, 0.07238069992851637, -0.018820329084165976, -0.09183981644638683, -0.1731331219975366
0.07238069992851637, -0.018820329084165976, -0.09183981644638683, -0.1731331219975366, -0.24939651969485999
-0.018820329084165976, -0.09183981644638683, -0.1731331219975366, -0.24939651969485999, -0.32598148385540826
-0.09183981644638683, -0.1731331219975366, -0.24939651969485999, -0.32598148385540826, -0.3961112185413489
-0.6283147961855263, -0.7074875012764887, -0.7916379683083217, -0.8787889980814647, -0.9446340769195669
0.4684251639204924, 0.3601098817436319, 0.2606781672609553, 0.1606311317006115, 0.058252133547618046
0.3601098817436319, 0.2606781672609553, 0.1606311317006115, 0.058252133547618046, -0.07464053255517833
0.2606781672609553, 0.1606311317006115, 0.058252133547618046, -0.07464053255517833, -0.20656119993867617
0.1606311317006115, 0.058252133547618046, -0.07464053255517833, -0.20656119993867617, -0.33593506381088123
0.058252133547618046, -0.07464053255517833, -0.20656119993867617, -0.33593506381088123, -0.4586613742101213
-0.07464053255517833, -0.20656119993867617, -0.33593506381088123, -0.4586613742101213, -0.5632492707402309
-0.20656119993867617, -0.33593506381088123, -0.4586613742101213, -0.5632492707402309, -0.6213251513011961
-0.33593506381088123, -0.4586613742101213, -0.5632492707402309, -0.6213251513011961, -0.6649295144490952
0.5740848755390269, 0.44341686924096213, 0.322823070880212, 0.22493107978561389, 0.10456429949752621
0.44341686924096213, 0.322823070880212, 0.22493107978561389, 0.10456429949752621, -0.02480003866050362
0.322823070880212, 0.22493107978561389, 0.10456429949752621, -0.02480003866050362, -0.1474954399711399
0.22493107978561389, 0.10456429949752621, -0.02480003866050362, -0.1474954399711399, -0.2621777776279315
0.10456429949752621, -0.02480003866050362, -0.1474954399711399, -0.2621777776279315, -0.37645328091688335
-0.02480003866050362, -0.1474954399711399, -0.2621777776279315, -0.37645328091688335, -0.4913851136832331
-0.1474954399711399, -0.2621777776279315, -0.37645328091688335, -0.4913851136832331, -0.5956156291828361
-0.2621777776279315, -0.37645328091688335, -0.4913851136832331, -0.5956156291828361, -0.6845797412218743
-0.37645328091688335, -0.4913851136832331, -0.5956156291828361, -0.6845797412218743, -0.7402328845792917
0.37964169399738457, 0.21487936795605123, 0.04913865972109388, -0.10928962396459574, -0.20584082483808697
0.21487936795605123, 0.04913865972109388, -0.10928962396459574, -0.20584082483808697, -0.2824065127781378
0.04913865972109388, -0.10928962396459574, -0.20584082483808697, -0.2824065127781378, -0.3339932733538744
0.4134705540368362, 0.262577646139289, 0.08061072911553491, -0.11372388354868135, -0.3174402560207783
0.262577646139289, 0.08061072911553491, -0.11372388354868135, -0.3174402560207783, -0.5255112492221597
0.08061072911553491, -0.11372388354868135, -0.3174402560207783, -0.5255112492221597, -0.7130021502550286
-0.11372388354868135, -0.3174402560207783, -0.5255112492221597, -0.7130021502550286, -0.834403307450395
-0.3174402560207783, -0.5255112492221597, -0.7130021502550286, -0.834403307450395, -0.9283497404620276
-0.5255112492221597, -0.7130021502550286, -0.834403307450395, -0.9283497404620276, -0.9966064878695466
0.2755648133311963, 0.13951976560532908, 0.015894888639640392, -0.10070043720099775, -0.21722022569643173
0.13951976560532908, 0.015894888639640392, -0.10070043720099775, -0.21722022569643173, -0.3466248540755831
0.015894888639640392, -0.10070043720099775, -0.21722022569643173, -0.3466248540755831, -0.4750497859775219
-0.10070043720099775, -0.21722022569643173, -0.3466248540755831, -0.4750497859775219, -0.5969167029093323
-0.21722022569643173, -0.3466248540755831, -0.4750497859775219, -0.5969167029093323, -0.7113672259482227
-0.3466248540755831, -0.4750497859775219, -0.5969167029093323, -0.7113672259482227, -0.8111406139126053
-0.4750497859775219, -0.5969167029093323, -0.7113672259482227, -0.8111406139126053, -0.8812392702634654
-0.5969167029093323, -0.7113672259482227, -0.8111406139126053, -0.8812392702634654, -0.938279121935588
0.39859276988647396, 0.2766269086987063, 0.1443148768923319, -0.0018630652583265794, -0.13963890488602448
0.2766269086987063, 0.1443148768923319, -0.0018630652583265794, -0.13963890488602448, -0.27724608107163495
0.1443148768923319, -0.0018630652583265794, -0.13963890488602448, -0.27724608107163495, -0.41108718013588497
-0.0018630652583265794, -0.13963890488602448, -0.27724608107163495, -0.41108718013588497, -0.5564129280528365
-0.13963890488602448, -0.27724608107163495, -0.41108718013588497, -0.5564129280528365, -0.6849966100867401
-0.27724608107163495, -0.41108718013588497, -0.5564129280528365, -0.6849966100867401, -0.7959838127480712
-0.41108718013588497, -0.5564129280528365, -0.6849966100867401, -0.7959838127480712, -0.8920931244125909
-0.5564129280528365, -0.6849966100867401, -0.7959838127480712, -0.8920931244125909, -0.9722681793114321
-0.6849966100867401, -0.7959838127480712, -0.8920931244125909, -0.9722681793114321, -1.0
0.4306740232941171, 0.31627327781505565, 0.19863104465932868, 0.08118654014838, -0.01864328700733464
0.31627327781505565, 0.19863104465932868, 0.08118654014838, -0.01864328700733464, -0.12353622956716404
0.19863104465932868, 0.08118654014838, -0.01864328700733464, -0.12353622956716404, -0.2603181748383988
0.08118654014838, -0.01864328700733464, -0.12353622956716404, -0.2603181748383988, -0.39907951005366027
-0.01864328700733464, -0.12353622956716404, -0.2603181748383988, -0.39907951005366027, -0.5399948253992957
-0.12353622956716404, -0.2603181748383988, -0.39907951005366027, -0.5399948253992957, -0.6694439828438843
-0.2603181748383988, -0.39907951005366027, -0.5399948253992957, -0.6694439828438843, -0.7747176582197266
-0.39907951005366027, -0.5399948253992957, -0.6694439828438843, -0.7747176582197266, -0.8255900155427965
-0.5399948253992957, -0.6694439828438843, -0.7747176582197266, -0.8255900155427965, -0.8518368197038232
-0.0463020672161224, -0.18422107836941337, -0.2968457847183783, -0.406232157566935, -0.5242613505114644
-0.18422107836941337, -0.2968457847183783, -0.406232157566935, -0.5242613505114644, -0.6163293947410851
-0.2968457847183783, -0.406232157566935, -0.5242613505114644, -0.6163293947410851, -0.6853237679731858
-0.406232157566935, -0.5242613505114644, -0.6163293947410851, -0.6853237679731858, -0.7386996107897961
0.006968236867964439, -0.14315547715729982, -0.2782369863500208, -0.38911553350933425, -0.4732765866767684
-0.14315547715729982, -0.2782369863500208, -0.38911553350933425, -0.4732765866767684, -0.5086244657803454
-0.27728700584268606, -0.4320293807648442, -0.5457366667874175, -0.5923781134692307, -0.6012102832676951
0.19897674166342716, 0.048282968895476674, -0.11724985762969253, -0.27145091162193724, -0.4213926075912744
0.048282968895476674, -0.11724985762969253, -0.27145091162193724, -0.4213926075912744, -0.5360336988257843
-0.11724985762969253, -0.27145091162193724, -0.4213926075912744, -0.5360336988257843, -0.5764397479819579
-0.27145091162193724, -0.4213926075912744, -0.5360336988257843, -0.5764397479819579, -0.5853851229808267
0.5470678181903084, 0.3967055409808351, 0.22036529738954047, 0.042357911605629184, -0.05071164561151764
0.3967055409808351, 0.22036529738954047, 0.042357911605629184, -0.05071164561151764, -0.0989637925010578
0.22036529738954047, 0.042357911605629184, -0.05071164561151764, -0.0989637925010578, -0.12513561721924926
-0.0008748268571852069, -0.1328700843747479, -0.266733941363578, -0.34881035058302645, -0.3883003418731279
0.6711177947654006, 0.5151008814069096, 0.3367184804588219, 0.1494090690381269, -0.03685447425787336
0.5151008814069096, 0.3367184804588219, 0.1494090690381269, -0.03685447425787336, -0.1818835837382966
0.3367184804588219, 0.1494090690381269, -0.03685447425787336, -0.1818835837382966, -0.3046585998672554
0.1494090690381269, -0.03685447425787336, -0.1818835837382966, -0.3046585998672554, -0.4024070438289915
-0.03685447425787336, -0.1818835837382966, -0.3046585998672554, -0.4024070438289915, -0.49258686816646546
-0.1818835837382966, -0.3046585998672554, -0.4024070438289915, -0.49258686816646546, -0.5561898838560345
0.1474101613205181, 0.009420548833223963, -0.13725471994405447, -0.27705139451661853, -0.40124049861298694
0.009420548833223963, -0.13725471994405447, -0.27705139451661853, -0.40124049861298694, -0.5003194848635342
-0.13725471994405447, -0.27705139451661853, -0.40124049861298694, -0.5003194848635342, -0.5722244655784063
-0.27705139451661853, -0.40124049861298694, -0.5003194848635342, -0.5722244655784063, -0.6182859830464147
0.6576681989134976, 0.5135277893857091, 0.3712895946510659, 0.2456330965315503, 0.13611700793982573
0.5135277893857091, 0.3712895946510659, 0.2456330965315503, 0.13611700793982573, 0.03712494776431252
0.3712895946510659, 0.2456330965315503, 0.13611700793982573, 0.03712494776431252, -0.013830338487252902
0.2456330965315503, 0.13611700793982573, 0.03712494776431252, -0.013830338487252902, -0.059804429586292174
-0.3138554116172153, -0.4266711241119929, -0.5555871291266192, -0.6914032595068944, -0.8093873798579185
-0.4266711241119929, -0.5555871291266192, -0.6914032595068944, -0.8093873798579185, -0.9252051817801907
-0.5555871291266192, -0.6914032595068944, -0.8093873798579185, -0.9252051817801907, -1.0
0.6563716623342384, 0.5086398974592399, 0.35212748116292736, 0.19268618454940767, -0.006058409899496242
0.5086398974592399, 0.35212748116292736, 0.19268618454940767, -0.006058409899496242, -0.19964601875920973
0.35212748116292736, 0.19268618454940767, -0.006058409899496242, -0.19964601875920973, -0.3822278656907737
0.19268618454940767, -0.006058409899496242, -0.19964601875920973, -0.3822278656907737, -0.5557984642844316
-0.006058409899496242, -0.19964601875920973, -0.3822278656907737, -0.5557984642844316, -0.7045813917272608
-0.19964601875920973, -0.3822278656907737, -0.5557984642844316, -0.7045813917272608, -0.7817025838833722
-0.3822278656907737, -0.5557984642844316, -0.7045813917272608, -0.7817025838833722, -0.8323290887528604
-0.5557984642844316, -0.7045813917272608, -0.7817025838833722, -0.8323290887528604, -0.8669395895973845
0.04892454882513286, -0.16389665376203277, -0.4185195148481272, -0.6415269078107241, -0.827751308096107
-0.16389665376203277, -0.4185195148481272, -0.6415269078107241, -0.827751308096107, -0.9743920449893617
-0.4185195148481272, -0.6415269078107241, -0.827751308096107, -0.9743920449893617, -1.0
0.6434770550152131, 0.5444023590767078, 0.44615208920768645, 0.3224348847516525, 0.19327407544368658
0.5444023590767078, 0.44615208920768645, 0.3224348847516525, 0.19327407544368658, 0.06317572619918366
0.44615208920768645, 0.3224348847516525, 0.19327407544368658, 0.06317572619918366, -0.06362056823403706
0.3224348847516525, 0.19327407544368658, 0.06317572619918366, -0.06362056823403706, -0.1835647726438464
0.19327407544368658, 0.06317572619918366, -0.06362056823403706, -0.1835647726438464, -0.26693621846203186
0.06317572619918366, -0.06362056823403706, -0.1835647726438464, -0.26693621846203186, -0.3336995032234733
-0.06362056823403706, -0.1835647726438464, -0.26693621846203186, -0.3336995032234733, -0.3841200094624099
0.5042860910729776, 0.4063012037381959, 0.3065837164974947, 0.20530330015145326, 0.10719768551625863
0.4063012037381959, 0.3065837164974947, 0.20530330015145326, 0.10719768551625863, 0.03065766468808029
0.3065837164974947, 0.20530330015145326, 0.10719768551625863, 0.03065766468808029, -0.03931631368433053
0.20530330015145326, 0.10719768551625863, 0.03065766468808029, -0.03931631368433053, -0.10260243466722485
0.5405147408520881, 0.4411433772780651, 0.336039024177222, 0.24361111471233032, 0.15259291202706438
0.4411433772780651, 0.336039024177222, 0.24361111471233032, 0.15259291202706438, 0.06499321416557424
0.336039024177222, 0.24361111471233032, 0.15259291202706438, 0.06499321416557424, -0.0385308480826011
0.24361111471233032, 0.15259291202706438, 0.06499321416557424, -0.0385308480826011, -0.1401798501998902
0.15259291202706438, 0.06499321416557424, -0.0385308480826011, -0.1401798501998902, -0.23494407912917536
0.06499321416557424, -0.0385308480826011, -0.1401798501998902, -0.23494407912917536, -0.32313604489226955
-0.0385308480826011, -0.1401798501998902, -0.23494407912917536, -0.32313604489226955, -0.4065516566101671
-0.1401798501998902, -0.23494407912917536, -0.32313604489226955, -0.4065516566101671, -0.4590219528055277
0.5099814245988361, 0.39445037696142915, 0.27426913786295737, 0.12967523908325274, -0.011048009422133465
0.39445037696142915, 0.27426913786295737, 0.12967523908325274, -0.011048009422133465, -0.1435226637649475
0.27426913786295737, 0.12967523908325274, -0.011048009422133465, -0.1435226637649475, -0.2689814474270491
0.12967523908325274, -0.011048009422133465, -0.1435226637649475, -0.2689814474270491, -0.3899878841375206
-0.011048009422133465, -0.1435226637649475, -0.2689814474270491, -0.3899878841375206, -0.4830069321672349
-0.1435226637649475, -0.2689814474270491, -0.3899878841375206, -0.4830069321672349, -0.5707873281437197
-0.2689814474270491, -0.3899878841375206, -0.4830069321672349, -0.5707873281437197, -0.6520439282450091
-0.3899878841375206, -0.4830069321672349, -0.5707873281437197, -0.6520439282450091, -0.73437599080784
-0.4830069321672349, -0.5707873281437197, -0.6520439282450091, -0.73437599080784, -0.802221438735419
0.31936415818429476, 0.1986722435144621, 0.0954954863550701, -0.008748278372297857, -0.1366708180194075
0.1986722435144621, 0.0954954863550701, -0.008748278372297857, -0.1366708180194075, -0.2662048603801149
0.0954954863550701, -0.008748278372297857, -0.1366708180194075, -0.2662048603801149, -0.38972578243698786
-0.008748278372297857, -0.1366708180194075, -0.2662048603801149, -0.38972578243698786, -0.5052991045422227
-0.1366708180194075, -0.2662048603801149, -0.38972578243698786, -0.5052991045422227, -0.6116193911292951
-0.2662048603801149, -0.38972578243698786, -0.5052991045422227, -0.6116193911292951, -0.6861202341128634
-0.38972578243698786, -0.5052991045422227, -0.6116193911292951, -0.6861202341128634, -0.745834581224609
0.3943326623178285, 0.3058360744624755, 0.21574454114070285, 0.11063833907378728, 0.00563600210898918
0.3058360744624755, 0.21574454114070285, 0.11063833907378728, 0.00563600210898918, -0.10021485992734758
0.21574454114070285, 0.11063833907378728, 0.00563600210898918, -0.10021485992734758, -0.20601466962535486
0.11063833907378728, 0.00563600210898918, -0.10021485992734758, -0.20601466962535486, -0.31677887911950575
0.00563600210898918, -0.10021485992734758, -0.20601466962535486, -0.31677887911950575, -0.41597709334391986
-0.10021485992734758, -0.20601466962535486, -0.31677887911950575, -0.41597709334391986, -0.5110664745455686
-0.20601466962535486, -0.31677887911950575, -0.41597709334391986, -0.5110664745455686, -0.600087669959572
-0.31677887911950575, -0.41597709334391986, -0.5110664745455686, -0.600087669959572, -0.6896870728179996
-0.41597709334391986, -0.5110664745455686, -0.600087669959572, -0.6896870728179996, -0.7620130290235103
-0.5110664745455686, -0.600087669959572, -0.6896870728179996, -0.7620130290235103, -0.8168049933147253
0.3486449341353599, 0.2504192368562972, 0.14670588385542627, 0.03535146637116182, -0.07542923272041768
0.2504192368562972, 0.14670588385542627, 0.03535146637116182, -0.07542923272041768, -0.20662016011065787
0.14670588385542627, 0.03535146637116182, -0.07542923272041768, -0.20662016011065787, -0.3381333128995285
0.03535146637116182, -0.07542923272041768, -0.20662016011065787, -0.3381333128995285, -0.46291902809746577
-0.07542923272041768, -0.20662016011065787, -0.3381333128995285, -0.46291902809746577, -0.5808397704733477
-0.20662016011065787, -0.3381333128995285, -0.46291902809746577, -0.5808397704733477, -0.6956188152125757
-0.3381333128995285, -0.46291902809746577, -0.5808397704733477, -0.6956188152125757, -0.7736111152044218
-0.46291902809746577, -0.5808397704733477, -0.6956188152125757, -0.7736111152044218, -0.8297215599245915
0.15422476352202996, 0.023893230030380685, -0.1070286692227066, -0.23701150416739936, -0.3765147014815379
0.023893230030380685, -0.1070286692227066, -0.23701150416739936, -0.3765147014815379, -0.47520646391738797
-0.1070286692227066, -0.23701150416739936, -0.3765147014815379, -0.47520646391738797, -0.5741438837995607
-0.23701150416739936, -0.3765147014815379, -0.47520646391738797, -0.5741438837995607, -0.6713617015574679
-0.3765147014815379, -0.47520646391738797, -0.5741438837995607, -0.6713617015574679, -0.7505817614978845
-0.47520646391738797, -0.5741438837995607, -0.6713617015574679, -0.7505817614978845, -0.8151852033820335
0.5425517976647694, 0.3890534482537149, 0.22694120820541763, 0.07871846725888387, -0.06864289403560031
0.3890534482537149, 0.22694120820541763, 0.07871846725888387, -0.06864289403560031, -0.2057719338368127
0.22694120820541763, 0.07871846725888387, -0.06864289403560031, -0.2057719338368127, -0.346354574865286
0.07871846725888387, -0.06864289403560031, -0.2057719338368127, -0.346354574865286, -0.47404531309824516
-0.06864289403560031, -0.2057719338368127, -0.346354574865286, -0.47404531309824516, -0.5946489738127609
-0.2057719338368127, -0.346354574865286, -0.47404531309824516, -0.5946489738127609, -0.7011016062843216
-0.346354574865286, -0.47404531309824516, -0.5946489738127609, -0.7011016062843216, -0.7862827276254692
-0.47404531309824516, -0.5946489738127609, -0.7011016062843216, -0.7862827276254692, -0.8365500990597676
0.4356699717425263, 0.2988789528081697, 0.17962659956067428, 0.05122559191344589, -0.07940640802311272
0.2988789528081697, 0.17962659956067428, 0.05122559191344589, -0.07940640802311272, -0.22121187289688027
0.17962659956067428, 0.05122559191344589, -0.07940640802311272, -0.22121187289688027, -0.35733147945980415
0.05122559191344589, -0.07940640802311272, -0.22121187289688027, -0.35733147945980415, -0.4891899964843369
-0.07940640802311272, -0.22121187289688027, -0.35733147945980415, -0.4891899964843369, -0.6054051339256215
-0.22121187289688027, -0.35733147945980415, -0.4891899964843369, -0.6054051339256215, -0.7083162616605037
-0.35733147945980415, -0.4891899964843369, -0.6054051339256215, -0.7083162616605037, -0.7870116069752872
-0.4891899964843369, -0.6054051339256215, -0.7083162616605037, -0.7870116069752872, -0.8499208314939988
0.5835296713488598, 0.42553366542506144, 0.2896901973103554, 0.15689464315098167, 0.02523410970994222
0.42553366542506144, 0.2896901973103554, 0.15689464315098167, 0.02523410970994222, -0.12827230025879266
0.2896901973103554, 0.15689464315098167, 0.02523410970994222, -0.12827230025879266, -0.27839234693114345
0.15689464315098167, 0.02523410970994222, -0.12827230025879266, -0.27839234693114345, -0.4240583254798135
0.02523410970994222, -0.12827230025879266, -0.27839234693114345, -0.4240583254798135, -0.5593539170369048
-0.12827230025879266, -0.27839234693114345, -0.4240583254798135, -0.5593539170369048, -0.6776223279331031
-0.27839234693114345, -0.4240583254798135, -0.5593539170369048, -0.6776223279331031, -0.7529955571511919
-0.4240583254798135, -0.5593539170369048, -0.6776223279331031, -0.7529955571511919, -0.8173401995542192
-0.5593539170369048, -0.6776223279331031, -0.7529955571511919, -0.8173401995542192, -0.8683020688417183
-0.17998212389115853, -0.29581033373722887, -0.40995564630734993, -0.5168925488788174, -0.6180328052775661
-0.29581033373722887, -0.40995564630734993, -0.5168925488788174, -0.6180328052775661, -0.7134306421936005
-0.40995564630734993, -0.5168925488788174, -0.6180328052775661, -0.7134306421936005, -0.7773994375383327
-0.5168925488788174, -0.6180328052775661, -0.7134306421936005, -0.7773994375383327, -0.831545722449102
-0.38177205146302406, -0.4751232833741592, -0.5681589836560157, -0.6576075875208163, -0.7248619549121906
-0.4751232833741592, -0.5681589836560157, -0.6576075875208163, -0.7248619549121906, -0.7946018258394568
0.28190315256748777, 0.1749731651941273, 0.06675919950004916, -0.046268406033845744, -0.1448340432357592
0.1749731651941273, 0.06675919950004916, -0.046268406033845744, -0.1448340432357592, -0.21036158801410787
0.06675919950004916, -0.046268406033845744, -0.1448340432357592, -0.21036158801410787, -0.26633952190268106
-0.046268406033845744, -0.1448340432357592, -0.21036158801410787, -0.26633952190268106, -0.3819595694018231
-0.1448340432357592, -0.21036158801410787, -0.26633952190268106, -0.3819595694018231, -0.4884175653739994
-0.21036158801410787, -0.26633952190268106, -0.3819595694018231, -0.4884175653739994, -0.5795631901457002
-0.26633952190268106, -0.3819595694018231, -0.4884175653739994, -0.5795631901457002, -0.6634247439636358
-0.3819595694018231, -0.4884175653739994, -0.5795631901457002, -0.6634247439636358, -0.7372245521439078
0.33573258876196754, 0.10793367772493712, -0.13707752092739645, -0.3698276309996197, -0.5351820909073504
0.10793367772493712, -0.13707752092739645, -0.3698276309996197, -0.5351820909073504, -0.6853766657824422
-0.13707752092739645, -0.3698276309996197, -0.5351820909073504, -0.6853766657824422, -0.8145481295926099
-0.3698276309996197, -0.5351820909073504, -0.6853766657824422, -0.8145481295926099, -0.9444087412386607
-0.5351820909073504, -0.6853766657824422, -0.8145481295926099, -0.9444087412386607, -1.0
0.6471749117612664, 0.5029656155999858, 0.3479948961578465, 0.18385314327352043, 0.04132330736698231
0.5029656155999858, 0.3479948961578465, 0.18385314327352043, 0.04132330736698231, -0.09894757401161347
0.3479948961578465, 0.18385314327352043, 0.04132330736698231, -0.09894757401161347, -0.2308565676554194
0.18385314327352043, 0.04132330736698231, -0.09894757401161347, -0.2308565676554194, -0.3633504212601424
0.04132330736698231, -0.09894757401161347, -0.2308565676554194, -0.3633504212601424, -0.47935337024211055
-0.09894757401161347, -0.2308565676554194, -0.3633504212601424, -0.47935337024211055, -0.5788096114490897
-0.2308565676554194, -0.3633504212601424, -0.47935337024211055, -0.5788096114490897, -0.6606191788995399
-0.3633504212601424, -0.47935337024211055, -0.5788096114490897, -0.6606191788995399, -0.7316716156193019
-0.47935337024211055, -0.5788096114490897, -0.6606191788995399, -0.7316716156193019, -0.7805186903000172
0.4156497794165779, 0.29927767111982995, 0.1771438873548985, 0.05351093044244437, -0.06978720755660472
0.29927767111982995, 0.1771438873548985, 0.05351093044244437, -0.06978720755660472, -0.16904491831813584
0.1771438873548985, 0.05351093044244437, -0.06978720755660472, -0.16904491831813584, -0.2650038042725894
0.05351093044244437, -0.06978720755660472, -0.16904491831813584, -0.2650038042725894, -0.3702560613491269
-0.06978720755660472, -0.16904491831813584, -0.2650038042725894, -0.3702560613491269, -0.4674458360653623
-0.16904491831813584, -0.2650038042725894, -0.3702560613491269, -0.4674458360653623, -0.552204385483883
-0.2650038042725894, -0.3702560613491269, -0.4674458360653623, -0.552204385483883, -0.6227932267850835
-0.3702560613491269, -0.4674458360653623, -0.552204385483883, -0.6227932267850835, -0.6795310818192257
0.3117174815178889, 0.21353398143686686, 0.12660876731909876, 0.04128574755297865, -0.04085434626070561
0.21353398143686686, 0.12660876731909876, 0.04128574755297865, -0.04085434626070561, -0.13238975926305485
0.12660876731909876, 0.04128574755297865, -0.04085434626070561, -0.13238975926305485, -0.21935038691974063
0.04128574755297865, -0.04085434626070561, -0.13238975926305485, -0.21935038691974063, -0.30376123977434066
-0.04085434626070561, -0.13238975926305485, -0.21935038691974063, -0.30376123977434066, -0.3830907863629972
-0.13238975926305485, -0.21935038691974063, -0.30376123977434066, -0.3830907863629972, -0.4543814596172977
0.6273464221834044, 0.4680334299132878, 0.2957529226767641, 0.0916965646126866, -0.11019528675878332
0.4680334299132878, 0.2957529226767641, 0.0916965646126866, -0.11019528675878332, -0.2982340163662921
0.2957529226767641, 0.0916965646126866, -0.11019528675878332, -0.2982340163662921, -0.4689985321241661
0.0916965646126866, -0.11019528675878332, -0.2982340163662921, -0.4689985321241661, -0.6293114930145145
-0.11019528675878332, -0.2982340163662921, -0.4689985321241661, -0.6293114930145145, -0.7490790037969521
-0.2982340163662921, -0.4689985321241661, -0.6293114930145145, -0.7490790037969521, -0.8580951085914323
-0.4689985321241661, -0.6293114930145145, -0.7490790037969521, -0.8580951085914323, -0.9558326272885445
-0.6293114930145145, -0.7490790037969521, -0.8580951085914323, -0.9558326272885445, -1.0
0.571878349410504, 0.44327294824682295, 0.31078342711682816, 0.17643019828510265, 0.04505794480171499
0.44327294824682295, 0.31078342711682816, 0.17643019828510265, 0.04505794480171499, -0.052068978716888537
0.31078342711682816, 0.17643019828510265, 0.04505794480171499, -0.052068978716888537, -0.14155565763282785
0.17643019828510265, 0.04505794480171499, -0.052068978716888537, -0.14155565763282785, -0.2418836606185878
0.04505794480171499, -0.052068978716888537, -0.14155565763282785, -0.2418836606185878, -0.336407613688562
-0.052068978716888537, -0.14155565763282785, -0.2418836606185878, -0.336407613688562, -0.42419446677384776
-0.14155565763282785, -0.2418836606185878, -0.336407613688562, -0.42419446677384776, -0.5069775398101357
-0.2418836606185878, -0.336407613688562, -0.42419446677384776, -0.5069775398101357, -0.5836874138723009
-0.336407613688562, -0.42419446677384776, -0.5069775398101357, -0.5836874138723009, -0.6381883038585203
0.5622239942337115, 0.4654048179163601, 0.3688875772220217, 0.2596232047742155, 0.1541409732883463
0.4654048179163601, 0.3688875772220217, 0.2596232047742155, 0.1541409732883463, 0.05032619830700402
0.3688875772220217, 0.2596232047742155, 0.1541409732883463, 0.05032619830700402, -0.05446362441932684
0.2596232047742155, 0.1541409732883463, 0.05032619830700402, -0.05446362441932684, -0.15528742057872869
0.1541409732883463, 0.05032619830700402, -0.05446362441932684, -0.15528742057872869, -0.23437525717026153
0.05032619830700402, -0.05446362441932684, -0.15528742057872869, -0.23437525717026153, -0.3084051045281825
-0.05446362441932684, -0.15528742057872869, -0.23437525717026153, -0.3084051045281825, -0.3758298263586388
0.4902815890213492, 0.37624981199967156, 0.25998757069521816, 0.1408035914447796, 0.043033204405309
0.37624981199967156, 0.25998757069521816, 0.1408035914447796, 0.043033204405309, -0.052148027912018335
0.25998757069521816, 0.1408035914447796, 0.043033204405309, -0.052148027912018335, -0.16853967019776206
0.1408035914447796, 0.043033204405309, -0.052148027912018335, -0.16853967019776206, -0.2764294409934358
0.043033204405309, -0.052148027912018335, -0.16853967019776206, -0.2764294409934358, -0.37278663310565163
-0.052148027912018335, -0.16853967019776206, -0.2764294409934358, -0.37278663310565163, -0.46126739180403675
-0.16853967019776206, -0.2764294409934358, -0.37278663310565163, -0.46126739180403675, -0.5437480313173076
-0.2764294409934358, -0.37278663310565163, -0.46126739180403675, -0.5437480313173076, -0.5959874344836583
0.09930394403562848, 0.004323280264017626, -0.09782605417280688, -0.19087761925817193, -0.284386425370483
0.004323280264017626, -0.09782605417280688, -0.19087761925817193, -0.284386425370483, -0.3932399508013483
-0.09782605417280688, -0.19087761925817193, -0.284386425370483, -0.3932399508013483, -0.4983245554718422
-0.19087761925817193, -0.284386425370483, -0.3932399508013483, -0.4983245554718422, -0.5970403596641025
-0.284386425370483, -0.3932399508013483, -0.4983245554718422, -0.5970403596641025, -0.6912476949442292
-0.3932399508013483, -0.4983245554718422, -0.5970403596641025, -0.6912476949442292, -0.7825897335515384
-0.4983245554718422, -0.5970403596641025, -0.6912476949442292, -0.7825897335515384, -0.8477001319242914
-0.5970403596641025, -0.6912476949442292, -0.7825897335515384, -0.8477001319242914, -0.9030769666943949
0.6330542501817045, 0.5461406990284492, 0.4575823467632707, 0.37169439162498086, 0.2786248597019523
0.5461406990284492, 0.4575823467632707, 0.37169439162498086, 0.2786248597019523, 0.18983565815790704
0.4575823467632707, 0.37169439162498086, 0.2786248597019523, 0.18983565815790704, 0.1019085343896291
0.37169439162498086, 0.2786248597019523, 0.18983565815790704, 0.1019085343896291, 0.01331651660461608
0.2786248597019523, 0.18983565815790704, 0.1019085343896291, 0.01331651660461608, -0.07733390725029032
0.18983565815790704, 0.1019085343896291, 0.01331651660461608, -0.07733390725029032, -0.15830789883270813
0.1019085343896291, 0.01331651660461608, -0.07733390725029032, -0.15830789883270813, -0.24421749609089216
0.01331651660461608, -0.07733390725029032, -0.15830789883270813, -0.24421749609089216, -0.34236450980899036
-0.07733390725029032, -0.15830789883270813, -0.24421749609089216, -0.34236450980899036, -0.43779663982041805
-0.15830789883270813, -0.24421749609089216, -0.34236450980899036, -0.43779663982041805, -0.5284590870752655
-0.24421749609089216, -0.34236450980899036, -0.43779663982041805, -0.5284590870752655, -0.6116550029667736
-0.34236450980899036, -0.43779663982041805, -0.5284590870752655, -0.6116550029667736, -0.6875731548740155
-0.43779663982041805, -0.5284590870752655, -0.6116550029667736, -0.6875731548740155, -0.7448309900728797
-0.42382424674902275, -0.5313182515812275, -0.6365133823447189, -0.7337261778874046, -0.8202898481023767
-0.5313182515812275, -0.6365133823447189, -0.7337261778874046, -0.8202898481023767, -0.8970652684254093
-0.6365133823447189, -0.7337261778874046, -0.8202898481023767, -0.8970652684254093, -0.9525472474529929
0.07867210234029032, -0.11300230190526328, -0.2967450519601409, -0.4671834704185799, -0.6226553962129486
-0.11300230190526328, -0.2967450519601409, -0.4671834704185799, -0.6226553962129486, -0.727257680745343
-0.2967450519601409, -0.4671834704185799, -0.6226553962129486, -0.727257680745343, -0.8152759175633844
-0.4671834704185799, -0.6226553962129486, -0.727257680745343, -0.8152759175633844, -0.8974648522190907
-0.6226553962129486, -0.727257680745343, -0.8152759175633844, -0.8974648522190907, -0.9614087519353725
0.5310413712101654, 0.4060653475525, 0.28476343090508993, 0.1610923243987794, 0.028749962871281287
0.4060653475525, 0.28476343090508993, 0.1610923243987794, 0.028749962871281287, -0.09138900677781636
0.28476343090508993, 0.1610923243987794, 0.028749962871281287, -0.09138900677781636, -0.19494465429512586
0.1610923243987794, 0.028749962871281287, -0.09138900677781636, -0.19494465429512586, -0.2856404238362851
0.028749962871281287, -0.09138900677781636, -0.19494465429512586, -0.2856404238362851, -0.3698146282622301
-0.09138900677781636, -0.19494465429512586, -0.2856404238362851, -0.3698146282622301, -0.43359547467619997
-0.19494465429512586, -0.2856404238362851, -0.3698146282622301, -0.43359547467619997, -0.49537665638138195
0.44451738002877805, 0.35085767037492, 0.2718257131276758, 0.1938929993300349, 0.1173585648777653
0.35085767037492, 0.2718257131276758, 0.1938929993300349, 0.1173585648777653, 0.026799659495015282
0.2718257131276758, 0.1938929993300349, 0.1173585648777653, 0.026799659495015282, -0.062438069874373725
0.1938929993300349, 0.1173585648777653, 0.026799659495015282, -0.062438069874373725, -0.1531418044888726
0.1173585648777653, 0.026799659495015282, -0.062438069874373725, -0.1531418044888726, -0.2426160535388865
0.026799659495015282, -0.062438069874373725, -0.1531418044888726, -0.2426160535388865, -0.3296073669107923
-0.062438069874373725, -0.1531418044888726, -0.2426160535388865, -0.3296073669107923, -0.3989586882430962
-0.1531418044888726, -0.2426160535388865, -0.3296073669107923, -0.3989586882430962, -0.46586458362637784
0.12920866936796593, -0.02398509857970843, -0.21638677019736774, -0.40073559094434497, -0.5643647285131864
-0.02398509857970843, -0.21638677019736774, -0.40073559094434497, -0.5643647285131864, -0.7054479671760383
-0.21638677019736774, -0.40073559094434497, -0.5643647285131864, -0.7054479671760383, -0.8308047069069603
-0.40073559094434497, -0.5643647285131864, -0.7054479671760383, -0.8308047069069603, -0.9122687214458459
-0.5643647285131864, -0.7054479671760383, -0.8308047069069603, -0.9122687214458459, -0.9851381668148576
0.010144845380208212, -0.18187100850448223, -0.3923750235868706, -0.5674379820721285, -0.7243419735931704
-0.18187100850448223, -0.3923750235868706, -0.5674379820721285, -0.7243419735931704, -0.8693605058523178
-0.3923750235868706, -0.5674379820721285, -0.7243419735931704, -0.8693605058523178, -0.9846002749498574
-0.5674379820721285, -0.7243419735931704, -0.8693605058523178, -0.9846002749498574, -1.0
0.12418904176114309, 0.032449729424089746, -0.060247171977296565, -0.1536064058148462, -0.23172847309011135
0.032449729424089746, -0.060247171977296565, -0.1536064058148462, -0.23172847309011135, -0.30814515116939123
-0.060247171977296565, -0.1536064058148462, -0.23172847309011135, -0.30814515116939123, -0.3863412757495086
-0.1536064058148462, -0.23172847309011135, -0.30814515116939123, -0.3863412757495086, -0.4555078261983069
0.4404704381154332, 0.3564678204003511, 0.2698099576380517, 0.1635555889155249, 0.056625680817027124
0.3564678204003511, 0.2698099576380517, 0.1635555889155249, 0.056625680817027124, -0.049082157785356406
0.2698099576380517, 0.1635555889155249, 0.056625680817027124, -0.049082157785356406, -0.15431969900967812
0.1635555889155249, 0.056625680817027124, -0.049082157785356406, -0.15431969900967812, -0.2598000121972387
0.056625680817027124, -0.049082157785356406, -0.15431969900967812, -0.2598000121972387, -0.34151447483850417
-0.049082157785356406, -0.15431969900967812, -0.2598000121972387, -0.34151447483850417, -0.4134523815108627
-0.15431969900967812, -0.2598000121972387, -0.34151447483850417, -0.4134523815108627, -0.47504843711150635
0.46113471910199877, 0.38499252495457115, 0.3029521449772945, 0.19639355948630155, 0.07969879757783427
0.38499252495457115, 0.3029521449772945, 0.19639355948630155, 0.07969879757783427, -0.04486879705891911
0.3029521449772945, 0.19639355948630155, 0.07969879757783427, -0.04486879705891911, -0.14225243236679885
0.19639355948630155, 0.07969879757783427, -0.04486879705891911, -0.14225243236679885, -0.23749493569991964
0.07969879757783427, -0.04486879705891911, -0.14225243236679885, -0.23749493569991964, -0.3151431288418053
-0.04486879705891911, -0.14225243236679885, -0.23749493569991964, -0.3151431288418053, -0.39174419904713054
-0.14225243236679885, -0.23749493569991964, -0.3151431288418053, -0.39174419904713054, -0.465903585344126
-0.23749493569991964, -0.3151431288418053, -0.39174419904713054, -0.465903585344126, -0.5477162260775691
-0.3151431288418053, -0.39174419904713054, -0.465903585344126, -0.5477162260775691, -0.6238784904598809
0.19454157283498974, 0.03714119431856333, -0.1837950026877211, -0.442108439477775, -0.7384149916106818
0.03714119431856333, -0.1837950026877211, -0.442108439477775, -0.7384149916106818, -1.0
