-0.693889596854657, -0.7922013454642449, -0.8714943346274298, -0.9301114305189233, -0.9697566902765024, -0.9837225498621942, -0.9823444862638185, -0.9709124855525593, -0.9606733248377449, -0.9511676495865812
-0.7922013454642449, -0.8714943346274298, -0.9301114305189233, -0.9697566902765024, -0.9837225498621942, -0.9823444862638185, -0.9709124855525593, -0.9606733248377449, -0.9511676495865812, -0.9363769275602852
0.6131493939483754, 0.7113870531171904, 0.7672480218119313, 0.8146998389789493, 0.8557602070552903, 0.8870555868377641, 0.9030750143180704, 0.9029301098279452, 0.8851822250838082, 0.8483917031127652
0.7113870531171904, 0.7672480218119313, 0.8146998389789493, 0.8557602070552903, 0.8870555868377641, 0.9030750143180704, 0.9029301098279452, 0.8851822250838082, 0.8483917031127652, 0.7952868441725471
0.8557602070552903, 0.8870555868377641, 0.9030750143180704, 0.9029301098279452, 0.8851822250838082, 0.8483917031127652, 0.7952868441725471, 0.7262689529045459, 0.6430012910197564, 0.5257687294348774
0.8870555868377641, 0.9030750143180704, 0.9029301098279452, 0.8851822250838082, 0.8483917031127652, 0.7952868441725471, 0.7262689529045459, 0.6430012910197564, 0.5257687294348774, 0.3994056578287217
-0.9057219439744728, -0.9125418149720943, -0.9118197402772019, -0.9027315587725228, -0.8879016384870798, -0.8404638209453952, -0.7659332628688033, -0.6732363014338161, -0.5645366708123718, -0.44013316053338836
0.7132444165151473, 0.8032571002150906, 0.9130554316963111, 1.0, 1.0, 1.0, 1.0, 0.9646444862565793, 0.9048224518322059, 0.8261571294328172
0.8032571002150906, 0.9130554316963111, 1.0, 1.0, 1.0, 1.0, 0.9646444862565793, 0.9048224518322059, 0.8261571294328172, 0.7053914108170705
0.9130554316963111, 1.0, 1.0, 1.0, 1.0, 0.9646444862565793, 0.9048224518322059, 0.8261571294328172, 0.7053914108170705, 0.5701726784097403
1.0, 1.0, 1.0, 1.0, 0.9646444862565793, 0.9048224518322059, 0.8261571294328172, 0.7053914108170705, 0.5701726784097403, 0.4217317501803415
0.46890668162485927, 0.5461462803662192, 0.6058413791248685, 0.6511481821569762, 0.6871976825046768, 0.7146161264172184, 0.7301128395849092, 0.7228802717063474, 0.6847618535352171, 0.6255950299868214
0.5461462803662192, 0.6058413791248685, 0.6511481821569762, 0.6871976825046768, 0.7146161264172184, 0.7301128395849092, 0.7228802717063474, 0.6847618535352171, 0.6255950299868214, 0.5582870051982278
0.6871976825046768, 0.7146161264172184, 0.7301128395849092, 0.7228802717063474, 0.6847618535352171, 0.6255950299868214, 0.5582870051982278, 0.48064207529554515, 0.4025053691971361, 0.33087125068675705
0.7146161264172184, 0.7301128395849092, 0.7228802717063474, 0.6847618535352171, 0.6255950299868214, 0.5582870051982278, 0.48064207529554515, 0.4025053691971361, 0.33087125068675705, 0.25819210776045876
-0.10552633499948105, -0.18357659606348498, -0.2612253679676968, -0.3343847610851346, -0.38686842297363266, -0.4260088135515081, -0.4433785024646445, -0.43802659433458446, -0.43344692851187816, -0.4402184562069461
-0.4403202692474675, -0.45861395952835604, -0.4894805998132786, -0.5104771381699009, -0.525391788105932, -0.5180151451700281, -0.4628017411950931, -0.36868038773479495, -0.24743258247816824, -0.07154959447673925
-0.45861395952835604, -0.4894805998132786, -0.5104771381699009, -0.525391788105932, -0.5180151451700281, -0.4628017411950931, -0.36868038773479495, -0.24743258247816824, -0.07154959447673925, 0.1080678190109916
0.6114238073466745, 0.715096376608358, 0.7936787548841435, 0.8487058217849162, 0.8774459142234736, 0.8878039503459723, 0.8757784855598372, 0.8459299756801295, 0.8030397916098371, 0.7434061648756527
0.715096376608358, 0.7936787548841435, 0.8487058217849162, 0.8774459142234736, 0.8878039503459723, 0.8757784855598372, 0.8459299756801295, 0.8030397916098371, 0.7434061648756527, 0.6748917516069168
0.8487058217849162, 0.8774459142234736, 0.8878039503459723, 0.8757784855598372, 0.8459299756801295, 0.8030397916098371, 0.7434061648756527, 0.6748917516069168, 0.5985012352034917, 0.5115913186133447
0.8774459142234736, 0.8878039503459723, 0.8757784855598372, 0.8459299756801295, 0.8030397916098371, 0.7434061648756527, 0.6748917516069168, 0.5985012352034917, 0.5115913186133447, 0.3990283578132856
-0.8506998205785287, -0.851322224826246, -0.8493051740234597, -0.8441664969782663, -0.8406472235775952, -0.8018852701503381, -0.7332882538487251, -0.6396644395864468, -0.5249288269216728, -0.38745624920758714
-0.851322224826246, -0.8493051740234597, -0.8441664969782663, -0.8406472235775952, -0.8018852701503381, -0.7332882538487251, -0.6396644395864468, -0.5249288269216728, -0.38745624920758714, -0.26761461651061735
0.4699267330308392, 0.5807742401481468, 0.6557047959705087, 0.7160991390074565, 0.7562807119997228, 0.7810577798609954, 0.7899635394054885, 0.772192361332559, 0.7330884697692106, 0.6864043091889145
0.5807742401481468, 0.6557047959705087, 0.7160991390074565, 0.7562807119997228, 0.7810577798609954, 0.7899635394054885, 0.772192361332559, 0.7330884697692106, 0.6864043091889145, 0.63134266427438
0.7562807119997228, 0.7810577798609954, 0.7899635394054885, 0.772192361332559, 0.7330884697692106, 0.6864043091889145, 0.63134266427438, 0.5723026267764446, 0.5093764047318092, 0.44117319358693075
0.7810577798609954, 0.7899635394054885, 0.772192361332559, 0.7330884697692106, 0.6864043091889145, 0.63134266427438, 0.5723026267764446, 0.5093764047318092, 0.44117319358693075, 0.3661465877263421
0.7899635394054885, 0.772192361332559, 0.7330884697692106, 0.6864043091889145, 0.63134266427438, 0.5723026267764446, 0.5093764047318092, 0.44117319358693075, 0.3661465877263421, 0.29079341173577733
-0.8393620149808851, -0.8485304547892129, -0.8851431589294605, -0.9088264295286848, -0.8946819996357042, -0.8483472895100233, -0.7819234185967704, -0.6600045384285844, -0.49966572336547843, -0.31923774751480305
0.10478718867280734, 0.06339986352780524, 0.0035184237461616252, -0.06616769020812008, -0.11819558171272648, -0.1515886216308432, -0.17298703514159042, -0.17668031388604644, -0.17629861821903814, -0.20529042988741142
-0.6477546059365411, -0.6545568918457871, -0.6566722108495404, -0.6635811156601852, -0.6753944899351767, -0.6606000511770727, -0.6131872142197805, -0.48952432099654897, -0.3221286760386898, -0.13274813188002588
-0.6545568918457871, -0.6566722108495404, -0.6635811156601852, -0.6753944899351767, -0.6606000511770727, -0.6131872142197805, -0.48952432099654897, -0.3221286760386898, -0.13274813188002588, 0.06463221599390279
0.6923227822698843, 0.8135036776145788, 0.9014304590366498, 0.9677763397024528, 1.0, 1.0, 1.0, 0.9950690683273637, 0.9670117142705921, 0.9000582185134873
0.8135036776145788, 0.9014304590366498, 0.9677763397024528, 1.0, 1.0, 1.0, 0.9950690683273637, 0.9670117142705921, 0.9000582185134873, 0.8175422966321475
0.9677763397024528, 1.0, 1.0, 1.0, 0.9950690683273637, 0.9670117142705921, 0.9000582185134873, 0.8175422966321475, 0.7222910749254619, 0.6277014272356787
1.0, 1.0, 1.0, 0.9950690683273637, 0.9670117142705921, 0.9000582185134873, 0.8175422966321475, 0.7222910749254619, 0.6277014272356787, 0.5488792936153695
-0.2515216202388725, -0.3669376179807001, -0.4878270380890224, -0.5918882204541052, -0.6221618474674951, -0.6231189245452791, -0.5940339255155871, -0.554575445900888, -0.5265754282589141, -0.5144620080094569
-0.3669376179807001, -0.4878270380890224, -0.5918882204541052, -0.6221618474674951, -0.6231189245452791, -0.5940339255155871, -0.554575445900888, -0.5265754282589141, -0.5144620080094569, -0.5138291021999546
-0.4878270380890224, -0.5918882204541052, -0.6221618474674951, -0.6231189245452791, -0.5940339255155871, -0.554575445900888, -0.5265754282589141, -0.5144620080094569, -0.5138291021999546, -0.5307279078383291
-0.5138291021999546, -0.5307279078383291, -0.5411300566307363, -0.5462484342748266, -0.5836516239436875, -0.6295229610288802, -0.678680115731349, -0.7377961646348994, -0.8017284723814908, -0.8361678104546346
-0.5836516239436875, -0.6295229610288802, -0.678680115731349, -0.7377961646348994, -0.8017284723814908, -0.8361678104546346, -0.8583062823068648, -0.8634356861845713, -0.8277062787784705, -0.7615885715293832
-0.6295229610288802, -0.678680115731349, -0.7377961646348994, -0.8017284723814908, -0.8361678104546346, -0.8583062823068648, -0.8634356861845713, -0.8277062787784705, -0.7615885715293832, -0.6696540408940952
-0.7377961646348994, -0.8017284723814908, -0.8361678104546346, -0.8583062823068648, -0.8634356861845713, -0.8277062787784705, -0.7615885715293832, -0.6696540408940952, -0.5551443995554227, -0.4229200112908631
-0.8017284723814908, -0.8361678104546346, -0.8583062823068648, -0.8634356861845713, -0.8277062787784705, -0.7615885715293832, -0.6696540408940952, -0.5551443995554227, -0.4229200112908631, -0.2972165375862261
0.6872982199248447, 0.7845870896035845, 0.8728454739516256, 0.9481127498544533, 0.9862039765008901, 0.9936158107369053, 0.9739670624349452, 0.9196937353351085, 0.8329812289398935, 0.7458122364730166
0.7845870896035845, 0.8728454739516256, 0.9481127498544533, 0.9862039765008901, 0.9936158107369053, 0.9739670624349452, 0.9196937353351085, 0.8329812289398935, 0.7458122364730166, 0.6484980743973738
0.8728454739516256, 0.9481127498544533, 0.9862039765008901, 0.9936158107369053, 0.9739670624349452, 0.9196937353351085, 0.8329812289398935, 0.7458122364730166, 0.6484980743973738, 0.5087840895748004
0.9481127498544533, 0.9862039765008901, 0.9936158107369053, 0.9739670624349452, 0.9196937353351085, 0.8329812289398935, 0.7458122364730166, 0.6484980743973738, 0.5087840895748004, 0.35091911133832987
-0.7094535982797646, -0.830677123459025, -0.9197326393696564, -0.9818059386911966, -1.0, -1.0, -1.0, -0.9728209736492014, -0.9307455696826217, -0.88231415894944
-0.830677123459025, -0.9197326393696564, -0.9818059386911966, -1.0, -1.0, -1.0, -0.9728209736492014, -0.9307455696826217, -0.88231415894944, -0.8332328353796596
0.7087334676955772, 0.8165767659680296, 0.9152180492760629, 1.0, 1.0, 1.0, 1.0, 0.9994111857328773, 0.9723126929670363, 0.9161102625329443
0.8165767659680296, 0.9152180492760629, 1.0, 1.0, 1.0, 1.0, 0.9994111857328773, 0.9723126929670363, 0.9161102625329443, 0.842519342874587
-0.7916379683083217, -0.8787889980814647, -0.9446340769195669, -0.9958674363982816, -1.0, -1.0, -1.0, -1.0, -0.9955780315774434, -0.9797486361251871
0.6256323988448644, 0.6483575620353146, 0.6623493375912153, 0.6656449555665169, 0.651112948962767, 0.6182548034153439, 0.5617224401339516, 0.4777446709544464, 0.3856238052081191, 0.29875715571481987
0.6483575620353146, 0.6623493375912153, 0.6656449555665169, 0.651112948962767, 0.6182548034153439, 0.5617224401339516, 0.4777446709544464, 0.3856238052081191, 0.29875715571481987, 0.21555323100926138
-0.7476370106241959, -0.7902652033844744, -0.818615861308715, -0.8374426004511655, -0.8437188754433702, -0.8111214591661464, -0.7555694379406982, -0.6755046936483227, -0.5426892034095051, -0.38063866156193515
-0.7902652033844744, -0.818615861308715, -0.8374426004511655, -0.8437188754433702, -0.8111214591661464, -0.7555694379406982, -0.6755046936483227, -0.5426892034095051, -0.38063866156193515, -0.2073350444126243
0.4851139230473198, 0.5873719428189419, 0.6790777275671134, 0.7622274205844712, 0.8260289159189813, 0.8521477312903278, 0.8519516628791386, 0.8228897355057985, 0.7563808274295534, 0.6718315396897738
0.5873719428189419, 0.6790777275671134, 0.7622274205844712, 0.8260289159189813, 0.8521477312903278, 0.8519516628791386, 0.8228897355057985, 0.7563808274295534, 0.6718315396897738, 0.5735074031468974
0.6790777275671134, 0.7622274205844712, 0.8260289159189813, 0.8521477312903278, 0.8519516628791386, 0.8228897355057985, 0.7563808274295534, 0.6718315396897738, 0.5735074031468974, 0.4684251639204924
0.7622274205844712, 0.8260289159189813, 0.8521477312903278, 0.8519516628791386, 0.8228897355057985, 0.7563808274295534, 0.6718315396897738, 0.5735074031468974, 0.4684251639204924, 0.3601098817436319
0.8260289159189813, 0.8521477312903278, 0.8519516628791386, 0.8228897355057985, 0.7563808274295534, 0.6718315396897738, 0.5735074031468974, 0.4684251639204924, 0.3601098817436319, 0.2606781672609553
-0.5632492707402309, -0.6213251513011961, -0.6649295144490952, -0.6993270056077652, -0.7191486876452913, -0.7297426393519734, -0.738777647724025, -0.7437686686269831, -0.7348775698487027, -0.7229012404768203
-0.738777647724025, -0.7437686686269831, -0.7348775698487027, -0.7229012404768203, -0.7216804716402105, -0.6975736656287126, -0.6479771162151658, -0.5791861165699093, -0.4870248264289694, -0.3572246653865867
-0.7437686686269831, -0.7348775698487027, -0.7229012404768203, -0.7216804716402105, -0.6975736656287126, -0.6479771162151658, -0.5791861165699093, -0.4870248264289694, -0.3572246653865867, -0.20654530302433094
0.22714070937480701, 0.2867489146531681, 0.3578170310766755, 0.42822746392031186, 0.4857747771590093, 0.5312900846317135, 0.5549126373224176, 0.556831631877382, 0.5511061809868638, 0.5374705084096782
0.2867489146531681, 0.3578170310766755, 0.42822746392031186, 0.4857747771590093, 0.5312900846317135, 0.5549126373224176, 0.556831631877382, 0.5511061809868638, 0.5374705084096782, 0.5172805234440541
0.3578170310766755, 0.42822746392031186, 0.4857747771590093, 0.5312900846317135, 0.5549126373224176, 0.556831631877382, 0.5511061809868638, 0.5374705084096782, 0.5172805234440541, 0.4895722241304561
0.5549126373224176, 0.556831631877382, 0.5511061809868638, 0.5374705084096782, 0.5172805234440541, 0.4895722241304561, 0.4459083409819078, 0.3779169224012202, 0.2647885896403579, 0.15764697932914018
0.556831631877382, 0.5511061809868638, 0.5374705084096782, 0.5172805234440541, 0.4895722241304561, 0.4459083409819078, 0.3779169224012202, 0.2647885896403579, 0.15764697932914018, 0.06946557578282975
-0.26297845124471064, -0.28571288005510154, -0.31036603365148085, -0.33327265571189635, -0.3472178490603163, -0.34011118764144477, -0.29613057168158985, -0.21607055003443898, -0.09603709534586191, 0.07892846600413206
-0.28571288005510154, -0.31036603365148085, -0.33327265571189635, -0.3472178490603163, -0.34011118764144477, -0.29613057168158985, -0.21607055003443898, -0.09603709534586191, 0.07892846600413206, 0.2644716127127813
-0.37645328091688335, -0.4913851136832331, -0.5956156291828361, -0.6845797412218743, -0.7402328845792917, -0.744638383811139, -0.7166409866520123, -0.6728085169988209, -0.6209989469508211, -0.5782273934391783
-0.4913851136832331, -0.5956156291828361, -0.6845797412218743, -0.7402328845792917, -0.744638383811139, -0.7166409866520123, -0.6728085169988209, -0.6209989469508211, -0.5782273934391783, -0.5543792572912705
-0.5956156291828361, -0.6845797412218743, -0.7402328845792917, -0.744638383811139, -0.7166409866520123, -0.6728085169988209, -0.6209989469508211, -0.5782273934391783, -0.5543792572912705, -0.5334598790510647
-0.5312751110646586, -0.5469326149672336, -0.5641904838968894, -0.5848446331017072, -0.5909404055082227, -0.5440128478742907, -0.4637585876329099, -0.3300224657983786, -0.17407228839836464, 0.0014711220649199497
0.5566809058695408, 0.7159486939155779, 0.8529799493592354, 0.9352638860324314, 0.9547155137632513, 0.9247154126165851, 0.860228793758576, 0.7740271095542017, 0.7011205926745081, 0.6510057912085563
0.7159486939155779, 0.8529799493592354, 0.9352638860324314, 0.9547155137632513, 0.9247154126165851, 0.860228793758576, 0.7740271095542017, 0.7011205926745081, 0.6510057912085563, 0.6043974074985645
0.8529799493592354, 0.9352638860324314, 0.9547155137632513, 0.9247154126165851, 0.860228793758576, 0.7740271095542017, 0.7011205926745081, 0.6510057912085563, 0.6043974074985645, 0.5054759681140757
0.9352638860324314, 0.9547155137632513, 0.9247154126165851, 0.860228793758576, 0.7740271095542017, 0.7011205926745081, 0.6510057912085563, 0.6043974074985645, 0.5054759681140757, 0.37964169399738457
-0.10928962396459574, -0.20584082483808697, -0.2824065127781378, -0.3339932733538744, -0.36043750466798863, -0.36888552727824475, -0.370317636640186, -0.3569805254466154, -0.34738966059719434, -0.3583675850107467
-0.3569805254466154, -0.34738966059719434, -0.3583675850107467, -0.38150895483283565, -0.42018064968921565, -0.47887579415087644, -0.5587182621210621, -0.6326995142920477, -0.7078046403662788, -0.7654826078142426
-0.34738966059719434, -0.3583675850107467, -0.38150895483283565, -0.42018064968921565, -0.47887579415087644, -0.5587182621210621, -0.6326995142920477, -0.7078046403662788, -0.7654826078142426, -0.7866157050708282
-0.42018064968921565, -0.47887579415087644, -0.5587182621210621, -0.6326995142920477, -0.7078046403662788, -0.7654826078142426, -0.7866157050708282, -0.7096113743626333, -0.5970888346447173, -0.4498803216555558
-0.47887579415087644, -0.5587182621210621, -0.6326995142920477, -0.7078046403662788, -0.7654826078142426, -0.7866157050708282, -0.7096113743626333, -0.5970888346447173, -0.4498803216555558, -0.2813300597146917
-0.5587182621210621, -0.6326995142920477, -0.7078046403662788, -0.7654826078142426, -0.7866157050708282, -0.7096113743626333, -0.5970888346447173, -0.4498803216555558, -0.2813300597146917, -0.11527650498926523
0.523605501291625, 0.6122966979683719, 0.6927817183178397, 0.7487857301208869, 0.7968609775094813, 0.8284598541097867, 0.8257047033174434, 0.7938115704362223, 0.7329507719542112, 0.6453106628639493
0.6122966979683719, 0.6927817183178397, 0.7487857301208869, 0.7968609775094813, 0.8284598541097867, 0.8257047033174434, 0.7938115704362223, 0.7329507719542112, 0.6453106628639493, 0.5353531218014331
0.6927817183178397, 0.7487857301208869, 0.7968609775094813, 0.8284598541097867, 0.8257047033174434, 0.7938115704362223, 0.7329507719542112, 0.6453106628639493, 0.5353531218014331, 0.4134705540368362
0.7487857301208869, 0.7968609775094813, 0.8284598541097867, 0.8257047033174434, 0.7938115704362223, 0.7329507719542112, 0.6453106628639493, 0.5353531218014331, 0.4134705540368362, 0.262577646139289
0.3548630027239217, 0.4391054547119282, 0.5123469224254347, 0.5694188202440087, 0.6115068555863292, 0.6412479685032164, 0.6606427541373865, 0.6570215395884356, 0.6384370636573802, 0.5833016686886261
0.4391054547119282, 0.5123469224254347, 0.5694188202440087, 0.6115068555863292, 0.6412479685032164, 0.6606427541373865, 0.6570215395884356, 0.6384370636573802, 0.5833016686886261, 0.5006867031382334
0.5694188202440087, 0.6115068555863292, 0.6412479685032164, 0.6606427541373865, 0.6570215395884356, 0.6384370636573802, 0.5833016686886261, 0.5006867031382334, 0.3967129809783234, 0.2755648133311963
0.6115068555863292, 0.6412479685032164, 0.6606427541373865, 0.6570215395884356, 0.6384370636573802, 0.5833016686886261, 0.5006867031382334, 0.3967129809783234, 0.2755648133311963, 0.13951976560532908
0.4766639702708495, 0.5417125775213798, 0.6019121108118808, 0.6689868986232845, 0.7293240257744367, 0.7808706806346628, 0.8106730670004432, 0.8108239763959955, 0.7664721488943116, 0.7002562130840664
0.5417125775213798, 0.6019121108118808, 0.6689868986232845, 0.7293240257744367, 0.7808706806346628, 0.8106730670004432, 0.8108239763959955, 0.7664721488943116, 0.7002562130840664, 0.6214748508382679
0.6019121108118808, 0.6689868986232845, 0.7293240257744367, 0.7808706806346628, 0.8106730670004432, 0.8108239763959955, 0.7664721488943116, 0.7002562130840664, 0.6214748508382679, 0.5146243410197262
0.6689868986232845, 0.7293240257744367, 0.7808706806346628, 0.8106730670004432, 0.8108239763959955, 0.7664721488943116, 0.7002562130840664, 0.6214748508382679, 0.5146243410197262, 0.39859276988647396
0.7293240257744367, 0.7808706806346628, 0.8106730670004432, 0.8108239763959955, 0.7664721488943116, 0.7002562130840664, 0.6214748508382679, 0.5146243410197262, 0.39859276988647396, 0.2766269086987063
0.43877669073767533, 0.5293553415131287, 0.6186697910597201, 0.6934490817187244, 0.7462910102881992, 0.7736806345827398, 0.7768022229748055, 0.7472607220461127, 0.6970818196925108, 0.6311708691015332
0.5293553415131287, 0.6186697910597201, 0.6934490817187244, 0.7462910102881992, 0.7736806345827398, 0.7768022229748055, 0.7472607220461127, 0.6970818196925108, 0.6311708691015332, 0.5359687336321703
0.6934490817187244, 0.7462910102881992, 0.7736806345827398, 0.7768022229748055, 0.7472607220461127, 0.6970818196925108, 0.6311708691015332, 0.5359687336321703, 0.4306740232941171, 0.31627327781505565
0.7462910102881992, 0.7736806345827398, 0.7768022229748055, 0.7472607220461127, 0.6970818196925108, 0.6311708691015332, 0.5359687336321703, 0.4306740232941171, 0.31627327781505565, 0.19863104465932868
-0.5399948253992957, -0.6694439828438843, -0.7747176582197266, -0.8255900155427965, -0.8518368197038232, -0.8571799040267781, -0.8575220428959331, -0.8556195764451544, -0.8369239754357365, -0.7895279355297043
-0.6694439828438843, -0.7747176582197266, -0.8255900155427965, -0.8518368197038232, -0.8571799040267781, -0.8575220428959331, -0.8556195764451544, -0.8369239754357365, -0.7895279355297043, -0.732035530140908
-0.8571799040267781, -0.8575220428959331, -0.8556195764451544, -0.8369239754357365, -0.7895279355297043, -0.732035530140908, -0.6798648006659713, -0.631156865223436, -0.5960560323223161, -0.5873805237993539
-0.8575220428959331, -0.8556195764451544, -0.8369239754357365, -0.7895279355297043, -0.732035530140908, -0.6798648006659713, -0.631156865223436, -0.5960560323223161, -0.5873805237993539, -0.5873500146008301
-0.7895279355297043, -0.732035530140908, -0.6798648006659713, -0.631156865223436, -0.5960560323223161, -0.5873805237993539, -0.5873500146008301, -0.5839308051377492, -0.5847044312431628, -0.6014147551200972
-0.5847044312431628, -0.6014147551200972, -0.6306534634478012, -0.6617074690876443, -0.6525154834182497, -0.6236450647012926, -0.566442496698469, -0.48734522029820504, -0.4116845871887519, -0.38243498271871823
-0.6014147551200972, -0.6306534634478012, -0.6617074690876443, -0.6525154834182497, -0.6236450647012926, -0.566442496698469, -0.48734522029820504, -0.4116845871887519, -0.38243498271871823, -0.37555297922323605
-0.6306534634478012, -0.6617074690876443, -0.6525154834182497, -0.6236450647012926, -0.566442496698469, -0.48734522029820504, -0.4116845871887519, -0.38243498271871823, -0.37555297922323605, -0.3860002004890183
-0.6525154834182497, -0.6236450647012926, -0.566442496698469, -0.48734522029820504, -0.4116845871887519, -0.38243498271871823, -0.37555297922323605, -0.3860002004890183, -0.4341175650172807, -0.48368629570386923
-0.6236450647012926, -0.566442496698469, -0.48734522029820504, -0.4116845871887519, -0.38243498271871823, -0.37555297922323605, -0.3860002004890183, -0.4341175650172807, -0.48368629570386923, -0.5098217826960543
-0.3860002004890183, -0.4341175650172807, -0.48368629570386923, -0.5098217826960543, -0.5009022005849051, -0.46450254751807585, -0.38243498271871823, -0.27813710833816396, -0.1743491734186422, -0.06538121243554895
-0.4341175650172807, -0.48368629570386923, -0.5098217826960543, -0.5009022005849051, -0.46450254751807585, -0.38243498271871823, -0.27813710833816396, -0.1743491734186422, -0.06538121243554895, 0.03207170533344339
0.19450703672871716, 0.26399173636565765, 0.3068070380362531, 0.33845161459037065, 0.3695775347695902, 0.38829274883520215, 0.40102598076177065, 0.4057745195890847, 0.401703720814683, 0.38615056725316976
0.40102598076177065, 0.4057745195890847, 0.401703720814683, 0.38615056725316976, 0.3682394884914939, 0.33696102231965774, 0.2683719855822251, 0.18313800182183537, 0.07951568826572686, -0.0463020672161224
0.4057745195890847, 0.401703720814683, 0.38615056725316976, 0.3682394884914939, 0.33696102231965774, 0.2683719855822251, 0.18313800182183537, 0.07951568826572686, -0.0463020672161224, -0.18422107836941337
0.041716970523756114, 0.09345185430550207, 0.13826332925091211, 0.17158809095227956, 0.19864975004249508, 0.24589009892277636, 0.3032189083501742, 0.33665131586736075, 0.30839006025879345, 0.2456427801915504
0.09345185430550207, 0.13826332925091211, 0.17158809095227956, 0.19864975004249508, 0.24589009892277636, 0.3032189083501742, 0.33665131586736075, 0.30839006025879345, 0.2456427801915504, 0.15110158756466907
0.17158809095227956, 0.19864975004249508, 0.24589009892277636, 0.3032189083501742, 0.33665131586736075, 0.30839006025879345, 0.2456427801915504, 0.15110158756466907, 0.006968236867964439, -0.14315547715729982
0.19864975004249508, 0.24589009892277636, 0.3032189083501742, 0.33665131586736075, 0.30839006025879345, 0.2456427801915504, 0.15110158756466907, 0.006968236867964439, -0.14315547715729982, -0.2782369863500208
-0.2782369863500208, -0.38911553350933425, -0.4732765866767684, -0.5086244657803454, -0.5203092258698457, -0.5184316139648855, -0.5124459861014092, -0.5020942594324533, -0.4981354106240159, -0.5048834483656726
-0.6366667061288753, -0.6623865538153297, -0.7237643704874346, -0.77012998678318, -0.739969973438041, -0.6910780049017708, -0.6209698322875354, -0.5243099665088347, -0.42844567630339603, -0.3288960747327758
-0.6623865538153297, -0.7237643704874346, -0.77012998678318, -0.739969973438041, -0.6910780049017708, -0.6209698322875354, -0.5243099665088347, -0.42844567630339603, -0.3288960747327758, -0.224149568207773
0.3071152686350753, 0.3256932414571876, 0.34602870113137074, 0.36866326504462466, 0.38089812794950406, 0.3889064375513289, 0.3899352756599719, 0.32739231911733535, 0.12379355493109423, -0.08475950450147396
0.3256932414571876, 0.34602870113137074, 0.36866326504462466, 0.38089812794950406, 0.3889064375513289, 0.3899352756599719, 0.32739231911733535, 0.12379355493109423, -0.08475950450147396, -0.27728700584268606
-0.27728700584268606, -0.4320293807648442, -0.5457366667874175, -0.5923781134692307, -0.6012102832676951, -0.5777946831027816, -0.5491625826506517, -0.5222520652959555, -0.5002716927232915, -0.4935233629866532
-0.4320293807648442, -0.5457366667874175, -0.5923781134692307, -0.6012102832676951, -0.5777946831027816, -0.5491625826506517, -0.5222520652959555, -0.5002716927232915, -0.4935233629866532, -0.5059470518320704
-0.6644074231426316, -0.6729189076807651, -0.6804396756668806, -0.6931128928742532, -0.694913538286313, -0.6788559754851894, -0.6374989830692335, -0.5184683666735976, -0.35703580500239585, -0.17414374429388846
-0.6729189076807651, -0.6804396756668806, -0.6931128928742532, -0.694913538286313, -0.6788559754851894, -0.6374989830692335, -0.5184683666735976, -0.35703580500239585, -0.17414374429388846, 0.001278168982254746
0.2860549413795901, 0.3828522874162732, 0.45789002684697233, 0.507349923617201, 0.5392951087889946, 0.5537545083930682, 0.5529192692561495, 0.5401918157411847, 0.5250309598922513, 0.4896218825422356
0.3828522874162732, 0.45789002684697233, 0.507349923617201, 0.5392951087889946, 0.5537545083930682, 0.5529192692561495, 0.5401918157411847, 0.5250309598922513, 0.4896218825422356, 0.4187711860576524
0.5392951087889946, 0.5537545083930682, 0.5529192692561495, 0.5401918157411847, 0.5250309598922513, 0.4896218825422356, 0.4187711860576524, 0.3227042222965464, 0.19897674166342716, 0.048282968895476674
-0.6196299275945298, -0.6701058511936512, -0.704701383929782, -0.710793499338796, -0.6888831713009751, -0.6365068080334233, -0.5438206297286202, -0.4125619281592542, -0.31602309392468086, -0.23049638876814116
-0.6701058511936512, -0.704701383929782, -0.710793499338796, -0.6888831713009751, -0.6365068080334233, -0.5438206297286202, -0.4125619281592542, -0.31602309392468086, -0.23049638876814116, -0.12183494252029126
0.6708278996487744, 0.7763424006987756, 0.8687874873214023, 0.940281510778592, 0.9860530327612909, 1.0, 0.990321840434236, 0.9731220898001602, 0.9414193144873877, 0.8963425654230166
0.7763424006987756, 0.8687874873214023, 0.940281510778592, 0.9860530327612909, 1.0, 0.990321840434236, 0.9731220898001602, 0.9414193144873877, 0.8963425654230166, 0.8346955725364451
0.9860530327612909, 1.0, 0.990321840434236, 0.9731220898001602, 0.9414193144873877, 0.8963425654230166, 0.8346955725364451, 0.759345637822394, 0.6632179169822654, 0.5470678181903084
1.0, 0.990321840434236, 0.9731220898001602, 0.9414193144873877, 0.8963425654230166, 0.8346955725364451, 0.759345637822394, 0.6632179169822654, 0.5470678181903084, 0.3967055409808351
0.5405470737425317, 0.6892868242633989, 0.7972205062484885, 0.8565360693415394, 0.8680085794423364, 0.849959520073055, 0.8173338500439329, 0.7998603346596413, 0.7935485356242531, 0.7836530160423294
0.6892868242633989, 0.7972205062484885, 0.8565360693415394, 0.8680085794423364, 0.849959520073055, 0.8173338500439329, 0.7998603346596413, 0.7935485356242531, 0.7836530160423294, 0.7679406652521077
0.6598957114299191, 0.6705778077913309, 0.6654861620041206, 0.6354082333485522, 0.5771286494284851, 0.521496567839369, 0.4754492120802849, 0.43969258277281686, 0.405363302548124, 0.37299854579219693
0.6705778077913309, 0.6654861620041206, 0.6354082333485522, 0.5771286494284851, 0.521496567839369, 0.4754492120802849, 0.43969258277281686, 0.405363302548124, 0.37299854579219693, 0.31361008046104866
-0.0008748268571852069, -0.1328700843747479, -0.266733941363578, -0.34881035058302645, -0.3883003418731279, -0.369683412438657, -0.3140052873307412, -0.24966330676878146, -0.22859072299835403, -0.2309197576576132
-0.3140052873307412, -0.24966330676878146, -0.22859072299835403, -0.2309197576576132, -0.2755474382537224, -0.33530425173526557, -0.3923329867279557, -0.45137612566811014, -0.5144710942625942, -0.5612129397635672
-0.24966330676878146, -0.22859072299835403, -0.2309197576576132, -0.2755474382537224, -0.33530425173526557, -0.3923329867279557, -0.45137612566811014, -0.5144710942625942, -0.5612129397635672, -0.598945603419498
-0.22859072299835403, -0.2309197576576132, -0.2755474382537224, -0.33530425173526557, -0.3923329867279557, -0.45137612566811014, -0.5144710942625942, -0.5612129397635672, -0.598945603419498, -0.632726198378501
-0.3923329867279557, -0.45137612566811014, -0.5144710942625942, -0.5612129397635672, -0.598945603419498, -0.632726198378501, -0.6600184941467174, -0.6684943385656683, -0.6589901888935361, -0.6290120211953671
-0.45137612566811014, -0.5144710942625942, -0.5612129397635672, -0.598945603419498, -0.632726198378501, -0.6600184941467174, -0.6684943385656683, -0.6589901888935361, -0.6290120211953671, -0.5625251800493423
-0.598945603419498, -0.632726198378501, -0.6600184941467174, -0.6684943385656683, -0.6589901888935361, -0.6290120211953671, -0.5625251800493423, -0.4538778235228663, -0.3145271138771333, -0.15573836537834307
-0.632726198378501, -0.6600184941467174, -0.6684943385656683, -0.6589901888935361, -0.6290120211953671, -0.5625251800493423, -0.4538778235228663, -0.3145271138771333, -0.15573836537834307, 0.04549099657359501
0.7714438096407452, 0.9230804648860611, 1.0, 1.0, 1.0, 1.0, 1.0, 0.9937804883709056, 0.9545294908509747, 0.8907965152169184
0.241231958388064, 0.3407008244720764, 0.42726652463901393, 0.4819518127091549, 0.5183034657532342, 0.5322401226574343, 0.5146398330324156, 0.46858140984879904, 0.38903045239985024, 0.2787841937764657
0.3407008244720764, 0.42726652463901393, 0.4819518127091549, 0.5183034657532342, 0.5322401226574343, 0.5146398330324156, 0.46858140984879904, 0.38903045239985024, 0.2787841937764657, 0.1474101613205181
0.42726652463901393, 0.4819518127091549, 0.5183034657532342, 0.5322401226574343, 0.5146398330324156, 0.46858140984879904, 0.38903045239985024, 0.2787841937764657, 0.1474101613205181, 0.009420548833223963
0.4819518127091549, 0.5183034657532342, 0.5322401226574343, 0.5146398330324156, 0.46858140984879904, 0.38903045239985024, 0.2787841937764657, 0.1474101613205181, 0.009420548833223963, -0.13725471994405447
0.7169235669917013, 0.8031429734369206, 0.8877059479356557, 0.9707363689454409, 1.0, 1.0, 1.0, 1.0, 0.9936347680735491, 0.9665591307981618
0.8031429734369206, 0.8877059479356557, 0.9707363689454409, 1.0, 1.0, 1.0, 1.0, 0.9936347680735491, 0.9665591307981618, 0.9164797325532807
-0.6914032595068944, -0.8093873798579185, -0.9252051817801907, -1.0, -1.0, -0.9866464938823839, -0.9515063807393757, -0.9077193790290747, -0.8738883041705023, -0.8838573871858962
-0.9447572687804224, -0.9757334561241926, -1.0, -1.0, -1.0, -0.9875763169104075, -0.9453874252965561, -0.8748499477237234, -0.7456049204238895, -0.5934583661404627
-0.9757334561241926, -1.0, -1.0, -1.0, -0.9875763169104075, -0.9453874252965561, -0.8748499477237234, -0.7456049204238895, -0.5934583661404627, -0.427290798084494
0.6919701057142493, 0.8341293095659148, 0.964600570521343, 1.0, 1.0, 1.0, 0.9994429736820027, 0.9681866098060576, 0.9020741743432472, 0.7973172893781664
0.8341293095659148, 0.964600570521343, 1.0, 1.0, 1.0, 0.9994429736820027, 0.9681866098060576, 0.9020741743432472, 0.7973172893781664, 0.6563716623342384
0.964600570521343, 1.0, 1.0, 1.0, 0.9994429736820027, 0.9681866098060576, 0.9020741743432472, 0.7973172893781664, 0.6563716623342384, 0.5086398974592399
1.0, 1.0, 1.0, 0.9994429736820027, 0.9681866098060576, 0.9020741743432472, 0.7973172893781664, 0.6563716623342384, 0.5086398974592399, 0.35212748116292736
-0.9770263403667045, -0.9819458204290422, -0.983098335665804, -0.9740201491456907, -0.9465414607420946, -0.8882344091088443, -0.7949913845227985, -0.6510689153014844, -0.49166129677835047, -0.3228547177898963
-0.827751308096107, -0.9743920449893617, -1.0, -1.0, -1.0, -1.0, -1.0, -0.9974262622146206, -0.9924963970638411, -0.9847989230262483
-0.9666570290159296, -0.9709249998509887, -0.9758546895667018, -0.9747514268781772, -0.9614515515134509, -0.9180963787982288, -0.8331227161460978, -0.7090275443128959, -0.5490895107796452, -0.3077822451845803
-0.5888539335619174, -0.5961204118867449, -0.6013323508378858, -0.5989700112298144, -0.5855518787506355, -0.5528500072055706, -0.47547359634120123, -0.3839155343950448, -0.2787109369689291, -0.16554051298226347
-0.5961204118867449, -0.6013323508378858, -0.5989700112298144, -0.5855518787506355, -0.5528500072055706, -0.47547359634120123, -0.3839155343950448, -0.2787109369689291, -0.16554051298226347, -0.05325324726528191
0.37179712375363994, 0.4644482572035318, 0.5443632042765743, 0.6048812984166778, 0.6245641989172612, 0.6427255003793122, 0.6615252426102114, 0.6681663317662347, 0.6646826421876657, 0.6568951874943918
0.4644482572035318, 0.5443632042765743, 0.6048812984166778, 0.6245641989172612, 0.6427255003793122, 0.6615252426102114, 0.6681663317662347, 0.6646826421876657, 0.6568951874943918, 0.6441274597507685
-0.19881121676260494, -0.2072621277914789, -0.2045191165154402, -0.1900883973994687, -0.1610137830334636, -0.11861892318861489, -0.049240967884906395, 0.03487876966916881, 0.12808785902096687, 0.2255833113540764
-0.2072621277914789, -0.2045191165154402, -0.1900883973994687, -0.1610137830334636, -0.11861892318861489, -0.049240967884906395, 0.03487876966916881, 0.12808785902096687, 0.2255833113540764, 0.32941422787549857
0.6959814667279363, 0.7721473416881699, 0.8370551239766053, 0.8910898357945569, 0.9354456985461057, 0.9650293253138498, 0.9862784178197848, 0.9887549589282458, 0.9751769443485208, 0.9445502772105472
0.7721473416881699, 0.8370551239766053, 0.8910898357945569, 0.9354456985461057, 0.9650293253138498, 0.9862784178197848, 0.9887549589282458, 0.9751769443485208, 0.9445502772105472, 0.8953674977091728
0.9650293253138498, 0.9862784178197848, 0.9887549589282458, 0.9751769443485208, 0.9445502772105472, 0.8953674977091728, 0.8295917840177713, 0.7583430993743392, 0.6818400580796202, 0.6020947818071571
0.9862784178197848, 0.9887549589282458, 0.9751769443485208, 0.9445502772105472, 0.8953674977091728, 0.8295917840177713, 0.7583430993743392, 0.6818400580796202, 0.6020947818071571, 0.5042860910729776
-0.2936763318864002, -0.31374568627082566, -0.343450917522501, -0.40469613885542544, -0.4175298799368877, -0.3536166660667015, -0.2643840389483457, -0.16818412439236619, -0.06296300572773772, 0.050699275763443685
-0.31374568627082566, -0.343450917522501, -0.40469613885542544, -0.4175298799368877, -0.3536166660667015, -0.2643840389483457, -0.16818412439236619, -0.06296300572773772, 0.050699275763443685, 0.1653504800962302
0.6705419854120303, 0.7586213220186802, 0.8310952388391295, 0.8946163624040868, 0.9432012968802366, 0.9750446315587877, 0.9957564108702648, 1.0, 0.9958705007597817, 0.9763897996183013
0.7586213220186802, 0.8310952388391295, 0.8946163624040868, 0.9432012968802366, 0.9750446315587877, 0.9957564108702648, 1.0, 0.9958705007597817, 0.9763897996183013, 0.9424804152425736
0.9957564108702648, 1.0, 0.9958705007597817, 0.9763897996183013, 0.9424804152425736, 0.9004375822641684, 0.8509900358431257, 0.7959254970649308, 0.7181800999349737, 0.6329412856443941
1.0, 0.9958705007597817, 0.9763897996183013, 0.9424804152425736, 0.9004375822641684, 0.8509900358431257, 0.7959254970649308, 0.7181800999349737, 0.6329412856443941, 0.5405147408520881
-0.9935134056564933, -0.9987097832418939, -0.9980993399264599, -0.9795695951881508, -0.9469911993012878, -0.8932586597133628, -0.8185833487635141, -0.7315841849524883, -0.6438460634438303, -0.5499899809511255
0.6012350908520585, 0.6875206616461498, 0.7638108572670237, 0.8286548179788236, 0.8778978090834295, 0.9123058439378835, 0.9223756221744803, 0.9186808336863252, 0.8924250072077955, 0.8519632685603937
0.6875206616461498, 0.7638108572670237, 0.8286548179788236, 0.8778978090834295, 0.9123058439378835, 0.9223756221744803, 0.9186808336863252, 0.8924250072077955, 0.8519632685603937, 0.7944767562293547
0.8778978090834295, 0.9123058439378835, 0.9223756221744803, 0.9186808336863252, 0.8924250072077955, 0.8519632685603937, 0.7944767562293547, 0.7156517835175236, 0.6163896420789896, 0.5099814245988361
0.9123058439378835, 0.9223756221744803, 0.9186808336863252, 0.8924250072077955, 0.8519632685603937, 0.7944767562293547, 0.7156517835175236, 0.6163896420789896, 0.5099814245988361, 0.39445037696142915
-0.9805233071823477, -0.9785719177474133, -0.96979066529021, -0.9585101462950237, -0.9372883634454372, -0.9082880785155241, -0.8633181906189574, -0.7964856389405344, -0.7106989068668109, -0.6129924658443442
0.4522970677583624, 0.5401146652665358, 0.6126052317190405, 0.6668805754738749, 0.7046080015421714, 0.7285421142475941, 0.7299980469195853, 0.716715409128071, 0.6885792143205609, 0.6215623459624071
0.5401146652665358, 0.6126052317190405, 0.6668805754738749, 0.7046080015421714, 0.7285421142475941, 0.7299980469195853, 0.716715409128071, 0.6885792143205609, 0.6215623459624071, 0.5346950784910041
0.6668805754738749, 0.7046080015421714, 0.7285421142475941, 0.7299980469195853, 0.716715409128071, 0.6885792143205609, 0.6215623459624071, 0.5346950784910041, 0.43255827324017737, 0.31936415818429476
0.7046080015421714, 0.7285421142475941, 0.7299980469195853, 0.716715409128071, 0.6885792143205609, 0.6215623459624071, 0.5346950784910041, 0.43255827324017737, 0.31936415818429476, 0.1986722435144621
0.4820300170145122, 0.5725810213812468, 0.6500591062848058, 0.7106775965615362, 0.7551477040971251, 0.7861329526119878, 0.8022443664184757, 0.805110339066746, 0.7956568543485594, 0.7760721211102304
0.5725810213812468, 0.6500591062848058, 0.7106775965615362, 0.7551477040971251, 0.7861329526119878, 0.8022443664184757, 0.805110339066746, 0.7956568543485594, 0.7760721211102304, 0.7476641354682592
0.8022443664184757, 0.805110339066746, 0.7956568543485594, 0.7760721211102304, 0.7476641354682592, 0.6983475766423217, 0.637781899129382, 0.5676201424360234, 0.48665465469694635, 0.3943326623178285
0.805110339066746, 0.7956568543485594, 0.7760721211102304, 0.7476641354682592, 0.6983475766423217, 0.637781899129382, 0.5676201424360234, 0.48665465469694635, 0.3943326623178285, 0.3058360744624755
-1.0, -1.0, -0.9995693882921464, -0.9838901603452694, -0.950410543075791, -0.8928609717825287, -0.8131836293124303, -0.7189966215587619, -0.6230464094869252, -0.5295363304262619
0.4424472763774807, 0.581211115597378, 0.6565411264724854, 0.71699964928516, 0.7585785144426724, 0.7771988199477156, 0.7590264863383289, 0.7184221565327749, 0.6619010709082529, 0.5881252081448356
0.581211115597378, 0.6565411264724854, 0.71699964928516, 0.7585785144426724, 0.7771988199477156, 0.7590264863383289, 0.7184221565327749, 0.6619010709082529, 0.5881252081448356, 0.512164499995579
0.6565411264724854, 0.71699964928516, 0.7585785144426724, 0.7771988199477156, 0.7590264863383289, 0.7184221565327749, 0.6619010709082529, 0.5881252081448356, 0.512164499995579, 0.4342763338215829
0.71699964928516, 0.7585785144426724, 0.7771988199477156, 0.7590264863383289, 0.7184221565327749, 0.6619010709082529, 0.5881252081448356, 0.512164499995579, 0.4342763338215829, 0.3486449341353599
0.7585785144426724, 0.7771988199477156, 0.7590264863383289, 0.7184221565327749, 0.6619010709082529, 0.5881252081448356, 0.512164499995579, 0.4342763338215829, 0.3486449341353599, 0.2504192368562972
-0.9758979331401944, -0.9755206936491149, -0.9717974184637125, -0.9652232344160303, -0.927061137357418, -0.8622584660302716, -0.784572673124929, -0.6940371600546608, -0.5888561096588052, -0.4990573924695533
0.17776526862104136, 0.2981891522033633, 0.41078138676773523, 0.5064666118490528, 0.5472281247758906, 0.5460178147420081, 0.49472503268917634, 0.4207428670790756, 0.3418447993508329, 0.2633789852061206
0.2981891522033633, 0.41078138676773523, 0.5064666118490528, 0.5472281247758906, 0.5460178147420081, 0.49472503268917634, 0.4207428670790756, 0.3418447993508329, 0.2633789852061206, 0.1942419893095828
0.41078138676773523, 0.5064666118490528, 0.5472281247758906, 0.5460178147420081, 0.49472503268917634, 0.4207428670790756, 0.3418447993508329, 0.2633789852061206, 0.1942419893095828, 0.15216603253101146
0.5064666118490528, 0.5472281247758906, 0.5460178147420081, 0.49472503268917634, 0.4207428670790756, 0.3418447993508329, 0.2633789852061206, 0.1942419893095828, 0.15216603253101146, 0.11679786545321202
-0.9034463381735909, -0.9121031928268305, -0.9237627143693097, -0.9260298247519261, -0.9069922436081583, -0.8577742718104701, -0.7764923871561181, -0.6501740141776229, -0.5098902848348967, -0.37422555952080927
0.3154189385798494, 0.36392179754213316, 0.4020833056944866, 0.44345976447280644, 0.48775488544250956, 0.528996466649863, 0.5533518181938797, 0.5560736917981173, 0.5384533743714925, 0.5006500656699002
0.48775488544250956, 0.528996466649863, 0.5533518181938797, 0.5560736917981173, 0.5384533743714925, 0.5006500656699002, 0.44413415232763387, 0.36960213327672875, 0.2795127603026568, 0.15422476352202996
0.528996466649863, 0.5533518181938797, 0.5560736917981173, 0.5384533743714925, 0.5006500656699002, 0.44413415232763387, 0.36960213327672875, 0.2795127603026568, 0.15422476352202996, 0.023893230030380685
-0.9907521137706636, -0.9982379661350039, -0.999571216093689, -0.9888784174300658, -0.964777188696184, -0.9119199103696577, -0.8234510611211802, -0.7072127942796649, -0.5682557157601724, -0.41599979447919744
0.6487238442666126, 0.7300201667287516, 0.8022812809084023, 0.8657897779090824, 0.9154204827169854, 0.9442422062658149, 0.9407945948028933, 0.9169978548766227, 0.8672823727376662, 0.778661802674339
0.7300201667287516, 0.8022812809084023, 0.8657897779090824, 0.9154204827169854, 0.9442422062658149, 0.9407945948028933, 0.9169978548766227, 0.8672823727376662, 0.778661802674339, 0.6735687402859307
0.8022812809084023, 0.8657897779090824, 0.9154204827169854, 0.9442422062658149, 0.9407945948028933, 0.9169978548766227, 0.8672823727376662, 0.778661802674339, 0.6735687402859307, 0.5425517976647694
0.8657897779090824, 0.9154204827169854, 0.9442422062658149, 0.9407945948028933, 0.9169978548766227, 0.8672823727376662, 0.778661802674339, 0.6735687402859307, 0.5425517976647694, 0.3890534482537149
0.5671452021770689, 0.6509422241724319, 0.710423016227562, 0.7495816889457503, 0.7858353136473815, 0.8140848570076686, 0.8302119707010456, 0.8404655478222716, 0.8375816466520585, 0.8116080326295838
0.6509422241724319, 0.710423016227562, 0.7495816889457503, 0.7858353136473815, 0.8140848570076686, 0.8302119707010456, 0.8404655478222716, 0.8375816466520585, 0.8116080326295838, 0.7410039993973148
0.7858353136473815, 0.8140848570076686, 0.8302119707010456, 0.8404655478222716, 0.8375816466520585, 0.8116080326295838, 0.7410039993973148, 0.6568554110814768, 0.5573066319153499, 0.4356699717425263
0.8140848570076686, 0.8302119707010456, 0.8404655478222716, 0.8375816466520585, 0.8116080326295838, 0.7410039993973148, 0.6568554110814768, 0.5573066319153499, 0.4356699717425263, 0.2988789528081697
-0.981625407423857, -0.9712295586167127, -0.9586131381272157, -0.9353686021373652, -0.900441817193351, -0.8620973937635125, -0.8171601695802098, -0.7538432480582771, -0.619572680332116, -0.4521875183452402
0.76378222062273, 0.9664361866403262, 1.0, 1.0, 1.0, 1.0, 1.0, 1.0, 0.9517363760116064, 0.8595846609522946
1.0, 1.0, 1.0, 1.0, 1.0, 1.0, 0.9517363760116064, 0.8595846609522946, 0.7329952579694523, 0.5835296713488598
-0.12230549447261818, -0.028708357641850424, 0.05108341186853882, 0.10096822689942919, 0.14124182859878132, 0.17167609089141145, 0.18379856093583968, 0.1812499065057065, 0.16184423102813783, 0.12173517928465616
-0.028708357641850424, 0.05108341186853882, 0.10096822689942919, 0.14124182859878132, 0.17167609089141145, 0.18379856093583968, 0.1812499065057065, 0.16184423102813783, 0.12173517928465616, 0.06010187138177003
0.14124182859878132, 0.17167609089141145, 0.18379856093583968, 0.1812499065057065, 0.16184423102813783, 0.12173517928465616, 0.06010187138177003, -0.010546156262622786, -0.09124108064443848, -0.17998212389115853
0.17167609089141145, 0.18379856093583968, 0.1812499065057065, 0.16184423102813783, 0.12173517928465616, 0.06010187138177003, -0.010546156262622786, -0.09124108064443848, -0.17998212389115853, -0.29581033373722887
-0.19722479783371916, -0.11943794775275984, -0.05004128666786678, 0.008450158457769641, 0.05874885250741557, 0.09265281833404782, 0.11457027267652853, 0.12347896686456594, 0.10753816133630378, 0.07954810704087523
-0.11943794775275984, -0.05004128666786678, 0.008450158457769641, 0.05874885250741557, 0.09265281833404782, 0.11457027267652853, 0.12347896686456594, 0.10753816133630378, 0.07954810704087523, 0.039833561678590756
0.11457027267652853, 0.12347896686456594, 0.10753816133630378, 0.07954810704087523, 0.039833561678590756, -0.009319254348939543, -0.06797307832473054, -0.12431484890002154, -0.19348823906595325, -0.28684316140550004
0.12347896686456594, 0.10753816133630378, 0.07954810704087523, 0.039833561678590756, -0.009319254348939543, -0.06797307832473054, -0.12431484890002154, -0.19348823906595325, -0.28684316140550004, -0.38177205146302406
0.4471612228316233, 0.548762614916485, 0.6376128916197814, 0.7072000832113432, 0.7353708744949554, 0.7458660757751825, 0.7373880675273683, 0.7180226733860957, 0.6908169972811369, 0.6546285883826388
0.548762614916485, 0.6376128916197814, 0.7072000832113432, 0.7353708744949554, 0.7458660757751825, 0.7373880675273683, 0.7180226733860957, 0.6908169972811369, 0.6546285883826388, 0.6045892420350278
0.7353708744949554, 0.7458660757751825, 0.7373880675273683, 0.7180226733860957, 0.6908169972811369, 0.6546285883826388, 0.6045892420350278, 0.5436846767503576, 0.4704058343429238, 0.38793623078188766
0.7458660757751825, 0.7373880675273683, 0.7180226733860957, 0.6908169972811369, 0.6546285883826388, 0.6045892420350278, 0.5436846767503576, 0.4704058343429238, 0.38793623078188766, 0.28190315256748777
0.6142130404940136, 0.7722093299599866, 0.9016148966473898, 0.9962673069156751, 1.0, 1.0, 0.9653687783509528, 0.8979693018274464, 0.7801667011859246, 0.6471749117612664
0.7722093299599866, 0.9016148966473898, 0.9962673069156751, 1.0, 1.0, 0.9653687783509528, 0.8979693018274464, 0.7801667011859246, 0.6471749117612664, 0.5029656155999858
0.9016148966473898, 0.9962673069156751, 1.0, 1.0, 0.9653687783509528, 0.8979693018274464, 0.7801667011859246, 0.6471749117612664, 0.5029656155999858, 0.3479948961578465
-0.6606191788995399, -0.7316716156193019, -0.7805186903000172, -0.8186601448521051, -0.848776676857896, -0.8720744929156824, -0.8846699082574714, -0.8868655476703791, -0.8842857250170898, -0.8721217109675731
-0.8846699082574714, -0.8868655476703791, -0.8842857250170898, -0.8721217109675731, -0.8491544212730201, -0.8132536779106438, -0.7462190681517459, -0.6651231371673674, -0.5755923450952786, -0.479651702479055
-0.8868655476703791, -0.8842857250170898, -0.8721217109675731, -0.8491544212730201, -0.8132536779106438, -0.7462190681517459, -0.6651231371673674, -0.5755923450952786, -0.479651702479055, -0.37759095645529783
0.49664161605928925, 0.6004022119511045, 0.6961625674601086, 0.7751143696336424, 0.8215833715191447, 0.838224515397914, 0.823016010139004, 0.7811325249745937, 0.721367348931746, 0.6599516873478164
0.6004022119511045, 0.6961625674601086, 0.7751143696336424, 0.8215833715191447, 0.838224515397914, 0.823016010139004, 0.7811325249745937, 0.721367348931746, 0.6599516873478164, 0.5940460182841178
0.7751143696336424, 0.8215833715191447, 0.838224515397914, 0.823016010139004, 0.7811325249745937, 0.721367348931746, 0.6599516873478164, 0.5940460182841178, 0.5214225082014539, 0.4156497794165779
0.8215833715191447, 0.838224515397914, 0.823016010139004, 0.7811325249745937, 0.721367348931746, 0.6599516873478164, 0.5940460182841178, 0.5214225082014539, 0.4156497794165779, 0.29927767111982995
0.374695631364377, 0.4651536142735877, 0.5583073186907292, 0.635265231309432, 0.6913624232304236, 0.7215894884031393, 0.7250643077672629, 0.693784494664897, 0.6459418767243985, 0.5728569174982592
0.4651536142735877, 0.5583073186907292, 0.635265231309432, 0.6913624232304236, 0.7215894884031393, 0.7250643077672629, 0.693784494664897, 0.6459418767243985, 0.5728569174982592, 0.492057172475739
0.5583073186907292, 0.635265231309432, 0.6913624232304236, 0.7215894884031393, 0.7250643077672629, 0.693784494664897, 0.6459418767243985, 0.5728569174982592, 0.492057172475739, 0.4047252392291867
0.635265231309432, 0.6913624232304236, 0.7215894884031393, 0.7250643077672629, 0.693784494664897, 0.6459418767243985, 0.5728569174982592, 0.492057172475739, 0.4047252392291867, 0.3117174815178889
0.6913624232304236, 0.7215894884031393, 0.7250643077672629, 0.693784494664897, 0.6459418767243985, 0.5728569174982592, 0.492057172475739, 0.4047252392291867, 0.3117174815178889, 0.21353398143686686
0.3261833755970678, 0.4078772965773465, 0.47766676732288094, 0.5306402900427067, 0.5690855215638102, 0.5946447360189282, 0.6050561062862938, 0.5986247845893982, 0.5722989074487994, 0.5354456369044573
0.4078772965773465, 0.47766676732288094, 0.5306402900427067, 0.5690855215638102, 0.5946447360189282, 0.6050561062862938, 0.5986247845893982, 0.5722989074487994, 0.5354456369044573, 0.4900874154708894
0.5946447360189282, 0.6050561062862938, 0.5986247845893982, 0.5722989074487994, 0.5354456369044573, 0.4900874154708894, 0.4382751227058419, 0.38190607813362054, 0.3263230334362761, 0.2637387886957072
0.6050561062862938, 0.5986247845893982, 0.5722989074487994, 0.5354456369044573, 0.4900874154708894, 0.4382751227058419, 0.38190607813362054, 0.3263230334362761, 0.2637387886957072, 0.1810404545376989
-0.368412145827293, -0.02871638425572054, 0.31084536082476144, 0.3484123711340301, 0.2945567010309471, 0.14379381443299444, 0.06989690721649477, 0.024907216494854945, -0.025402061855660518, -0.0010309278350515427
-1.0, -0.828994421398956, -0.6494063796309414, -0.5462737805750444, -0.598912887998859, -0.8292805035044953, -0.9151051351737854, -0.9507223573165742, -1.0, -0.9330979636960243
-0.598912887998859, -0.8292805035044953, -0.9151051351737854, -0.9507223573165742, -1.0, -0.9330979636960243, -0.6617809635890193, -0.49980385863557353, -0.39495738383082246, -0.531899718269681
-0.9330979636960243, -0.6617809635890193, -0.49980385863557353, -0.39495738383082246, -0.531899718269681, -0.8331015299026412, -1.0, -1.0, -1.0, -0.9697146542986215
0.6896017550911047, 0.7895912283723778, 0.8744509359209922, 0.9285857831878732, 0.9523582242382489, 0.9507469185423376, 0.9264924016230287, 0.8814332606032775, 0.826940744143317, 0.7646608482621347
0.7895912283723778, 0.8744509359209922, 0.9285857831878732, 0.9523582242382489, 0.9507469185423376, 0.9264924016230287, 0.8814332606032775, 0.826940744143317, 0.7646608482621347, 0.68927040269484
0.8744509359209922, 0.9285857831878732, 0.9523582242382489, 0.9507469185423376, 0.9264924016230287, 0.8814332606032775, 0.826940744143317, 0.7646608482621347, 0.68927040269484, 0.571878349410504
0.9285857831878732, 0.9523582242382489, 0.9507469185423376, 0.9264924016230287, 0.8814332606032775, 0.826940744143317, 0.7646608482621347, 0.68927040269484, 0.571878349410504, 0.44327294824682295
-0.818837563160312, -0.8249944973970292, -0.8185217615985301, -0.8060308528556115, -0.7853877181901696, -0.7433825218190167, -0.6865645574950235, -0.6156276316796809, -0.5332476841218802, -0.441472640101056
-0.8249944973970292, -0.8185217615985301, -0.8060308528556115, -0.7853877181901696, -0.7433825218190167, -0.6865645574950235, -0.6156276316796809, -0.5332476841218802, -0.441472640101056, -0.35179935117133665
0.7306236602357985, 0.8440705864339311, 0.9402919728984853, 1.0, 1.0, 1.0, 0.9995822845516236, 0.9833515421702479, 0.9443257953478086, 0.8924972970518719
0.8440705864339311, 0.9402919728984853, 1.0, 1.0, 1.0, 0.9995822845516236, 0.9833515421702479, 0.9443257953478086, 0.8924972970518719, 0.8277548078423804
1.0, 1.0, 1.0, 0.9995822845516236, 0.9833515421702479, 0.9443257953478086, 0.8924972970518719, 0.8277548078423804, 0.7484933015128004, 0.6555958830056212
-0.8016873206902521, -0.8086409207901403, -0.8036533075288097, -0.7873567295604623, -0.7599872869211362, -0.7179024554971292, -0.6533007182322006, -0.58487938182654, -0.5108642907208714, -0.42894211860053966
-0.8086409207901403, -0.8036533075288097, -0.7873567295604623, -0.7599872869211362, -0.7179024554971292, -0.6533007182322006, -0.58487938182654, -0.5108642907208714, -0.42894211860053966, -0.3393364794419861
0.6195316025006175, 0.7087138507291584, 0.7934204141398957, 0.8566713867755602, 0.8963486788897623, 0.9099005939391533, 0.8948537570269561, 0.8500844227893298, 0.787800552224363, 0.7100975331519068
0.7087138507291584, 0.7934204141398957, 0.8566713867755602, 0.8963486788897623, 0.9099005939391533, 0.8948537570269561, 0.8500844227893298, 0.787800552224363, 0.7100975331519068, 0.602037497907167
0.7934204141398957, 0.8566713867755602, 0.8963486788897623, 0.9099005939391533, 0.8948537570269561, 0.8500844227893298, 0.787800552224363, 0.7100975331519068, 0.602037497907167, 0.4902815890213492
0.8566713867755602, 0.8963486788897623, 0.9099005939391533, 0.8948537570269561, 0.8500844227893298, 0.787800552224363, 0.7100975331519068, 0.602037497907167, 0.4902815890213492, 0.37624981199967156
-0.8884049561973899, -0.8891279511797215, -0.8922057465454214, -0.9013909921462543, -0.8542257696940888, -0.7995474640918003, -0.7404173922904823, -0.6568219094457671, -0.5600943195342658, -0.44983287780143055
-0.8891279511797215, -0.8922057465454214, -0.9013909921462543, -0.8542257696940888, -0.7995474640918003, -0.7404173922904823, -0.6568219094457671, -0.5600943195342658, -0.44983287780143055, -0.32698705308158116
0.40911067826699576, 0.5008230941705387, 0.5757852873349663, 0.6364053134061509, 0.6717298972293493, 0.6932479736320325, 0.6919739722482452, 0.674186210503394, 0.6430226406694788, 0.6005088766890929
0.5008230941705387, 0.5757852873349663, 0.6364053134061509, 0.6717298972293493, 0.6932479736320325, 0.6919739722482452, 0.674186210503394, 0.6430226406694788, 0.6005088766890929, 0.5463300375384024
0.6717298972293493, 0.6932479736320325, 0.6919739722482452, 0.674186210503394, 0.6430226406694788, 0.6005088766890929, 0.5463300375384024, 0.49092907395421204, 0.42907123972037087, 0.3633793369281244
0.6932479736320325, 0.6919739722482452, 0.674186210503394, 0.6430226406694788, 0.6005088766890929, 0.5463300375384024, 0.49092907395421204, 0.42907123972037087, 0.3633793369281244, 0.2796342554360709
0.6591140904295953, 0.7759709479454924, 0.8832520733616742, 0.983852564812846, 1.0, 0.9860612724484399, 0.9432255054787628, 0.8847593185858322, 0.8114851123256082, 0.7253795336483864
0.7759709479454924, 0.8832520733616742, 0.983852564812846, 1.0, 0.9860612724484399, 0.9432255054787628, 0.8847593185858322, 0.8114851123256082, 0.7253795336483864, 0.6330542501817045
0.8832520733616742, 0.983852564812846, 1.0, 0.9860612724484399, 0.9432255054787628, 0.8847593185858322, 0.8114851123256082, 0.7253795336483864, 0.6330542501817045, 0.5461406990284492
0.983852564812846, 1.0, 0.9860612724484399, 0.9432255054787628, 0.8847593185858322, 0.8114851123256082, 0.7253795336483864, 0.6330542501817045, 0.5461406990284492, 0.4575823467632707
-0.9587873920223537, -0.9615371435888527, -0.9580431435660077, -0.9471980368192572, -0.9223865487010819, -0.8819386289596814, -0.8273451791877349, -0.7650531464335892, -0.6963550461908967, -0.6100943656544364
-0.9615371435888527, -0.9580431435660077, -0.9471980368192572, -0.9223865487010819, -0.8819386289596814, -0.8273451791877349, -0.7650531464335892, -0.6963550461908967, -0.6100943656544364, -0.5161375068157645
-0.062202458424585716, 0.044781754250121875, 0.13833823387075972, 0.21017684617803156, 0.2554990522554996, 0.27887855344070633, 0.2852689905093293, 0.27979233183621965, 0.26812362219351304, 0.2552886427565326
0.044781754250121875, 0.13833823387075972, 0.21017684617803156, 0.2554990522554996, 0.27887855344070633, 0.2852689905093293, 0.27979233183621965, 0.26812362219351304, 0.2552886427565326, 0.2346901539776718
-0.8152759175633844, -0.8974648522190907, -0.9614087519353725, -1.0, -1.0, -1.0, -1.0, -1.0, -0.9992076431441127, -0.9919299074137213
-0.743001802819568, -0.7958177203923011, -0.8451947240926054, -0.8851227255020154, -0.9227614045969182, -0.9550973412130433, -0.9818766572524127, -1.0, -0.9952623128290565, -0.9885303583950422
-0.7958177203923011, -0.8451947240926054, -0.8851227255020154, -0.9227614045969182, -0.9550973412130433, -0.9818766572524127, -1.0, -0.9952623128290565, -0.9885303583950422, -0.983423825554753
0.6820050200520762, 0.773612113975396, 0.8490743953379576, 0.8902767488650707, 0.9198990154738056, 0.9386903478089634, 0.9461516580863163, 0.9441980263630882, 0.9336671699221992, 0.9110029580589132
0.773612113975396, 0.8490743953379576, 0.8902767488650707, 0.9198990154738056, 0.9386903478089634, 0.9461516580863163, 0.9441980263630882, 0.9336671699221992, 0.9110029580589132, 0.8754958317313559
0.9461516580863163, 0.9441980263630882, 0.9336671699221992, 0.9110029580589132, 0.8754958317313559, 0.8322523237798138, 0.7802857199419435, 0.7040857472406914, 0.6219540276592574, 0.5355628699527282
-0.737127650817764, -0.7378049098151498, -0.736822363300481, -0.73333916818008, -0.721001593121549, -0.6943300918675779, -0.6366234575426336, -0.5609221707876415, -0.46421981599614737, -0.35368860292287085
-0.7378049098151498, -0.736822363300481, -0.73333916818008, -0.721001593121549, -0.6943300918675779, -0.6366234575426336, -0.5609221707876415, -0.46421981599614737, -0.35368860292287085, -0.22900641978005354
0.8259222912688107, 1.0, 1.0, 1.0, 1.0, 1.0, 0.9963924146267755, 0.9789579555757029, 0.9556861967361736, 0.9320281807192503
-1.0, -1.0, -1.0, -1.0, -0.9913850909899194, -0.9518539771527741, -0.8735088060310872, -0.7591638618378042, -0.6165123894537814, -0.4715535016261654
0.2039565525111393, 0.32114089184722494, 0.41935252862413464, 0.46941628248494016, 0.4968764793360294, 0.50791691816348, 0.5022706790832461, 0.49178268071266684, 0.47662590945742767, 0.4595709379118309
0.32114089184722494, 0.41935252862413464, 0.46941628248494016, 0.4968764793360294, 0.50791691816348, 0.5022706790832461, 0.49178268071266684, 0.47662590945742767, 0.4595709379118309, 0.44468852681614846
0.3133960546547576, 0.3214807099294186, 0.33721837352792283, 0.35182354514939496, 0.35066291006545947, 0.2823533996581695, 0.16826420004829523, 0.010144845380208212, -0.18187100850448223, -0.3923750235868706
-0.7243419735931704, -0.8693605058523178, -0.9846002749498574, -1.0, -1.0, -1.0, -1.0, -0.9982034095514869, -0.9923247941547777, -0.9812437941958704
-0.8693605058523178, -0.9846002749498574, -1.0, -1.0, -1.0, -1.0, -0.9982034095514869, -0.9923247941547777, -0.9812437941958704, -0.9721854576420741
0.4527549495384757, 0.5504392939832623, 0.6375388593062259, 0.7087948855624058, 0.7567279181671742, 0.766803123108333, 0.7556209908082849, 0.719139127431164, 0.6710521965839149, 0.6167489167273708
0.5504392939832623, 0.6375388593062259, 0.7087948855624058, 0.7567279181671742, 0.766803123108333, 0.7556209908082849, 0.719139127431164, 0.6710521965839149, 0.6167489167273708, 0.5594440511489351
0.7087948855624058, 0.7567279181671742, 0.766803123108333, 0.7556209908082849, 0.719139127431164, 0.6710521965839149, 0.6167489167273708, 0.5594440511489351, 0.49853340674849456, 0.43968043884938823
0.7567279181671742, 0.766803123108333, 0.7556209908082849, 0.719139127431164, 0.6710521965839149, 0.6167489167273708, 0.5594440511489351, 0.49853340674849456, 0.43968043884938823, 0.37364099301985965
0.766803123108333, 0.7556209908082849, 0.719139127431164, 0.6710521965839149, 0.6167489167273708, 0.5594440511489351, 0.49853340674849456, 0.43968043884938823, 0.37364099301985965, 0.3025251851623847
0.8103849094586884, 0.9344218292797031, 1.0, 1.0, 1.0, 1.0, 1.0, 1.0, 0.9843769791192658, 0.9538475251333491
-0.7388758837134025, -0.7399771536336046, -0.7286993990514301, -0.708156434277994, -0.676251272500387, -0.6291101176095288, -0.5702467126095991, -0.5120694022883896, -0.45168016963544344, -0.3895915332398213
-0.7399771536336046, -0.7286993990514301, -0.708156434277994, -0.676251272500387, -0.6291101176095288, -0.5702467126095991, -0.5120694022883896, -0.45168016963544344, -0.3895915332398213, -0.304187405881884
0.7664885557061965, 0.8846856630841196, 0.9901061628894323, 1.0, 1.0, 1.0, 1.0, 1.0, 0.9893524452684332, 0.9680389822172752
-0.3238871637970172, -0.24706334257771856, -0.17586273333564317, -0.10567833793121506, -0.04919945810032411, -0.010952864574311771, 0.009847914360888277, 0.014177763272014143, -0.00033975091820859227, -0.018699671736188028
-0.24706334257771856, -0.17586273333564317, -0.10567833793121506, -0.04919945810032411, -0.010952864574311771, 0.009847914360888277, 0.014177763272014143, -0.00033975091820859227, -0.018699671736188028, -0.033686394707908796
-0.17586273333564317, -0.10567833793121506, -0.04919945810032411, -0.010952864574311771, 0.009847914360888277, 0.014177763272014143, -0.00033975091820859227, -0.018699671736188028, -0.033686394707908796, -0.03892184087866013
-0.9865934125638667, -1.0, -0.9940088658236488, -0.9750684423710477, -0.9406087982787027, -0.8958840805645644, -0.8461923917431065, -0.7962472262250215, -0.7455518868995772, -0.69977223726884
-1.0, -0.9940088658236488, -0.9750684423710477, -0.9406087982787027, -0.8958840805645644, -0.8461923917431065, -0.7962472262250215, -0.7455518868995772, -0.69977223726884, -0.6565537279022897
