0.000000000000000000,999.000000000000000000,0.000000000000000000
1.000000000000000000,999.000000000000000000,0.128000000000000003
1.000000000000000000,999.000000000000000000,0.213999999999999996
1.000000000000000000,999.000000000000000000,0.340000000000000024
1.000000000000000000,999.000000000000000000,0.428999999999999992
1.000000000000000000,999.000000000000000000,0.507000000000000006
1.000000000000000000,999.000000000000000000,0.631000000000000005
1.000000000000000000,999.000000000000000000,0.733999999999999986
1.000000000000000000,999.000000000000000000,0.848999999999999977
1.000000000000000000,999.000000000000000000,0.943999999999999950
1.000000000000000000,999.000000000000000000,1.024000000000000021
1.000000000000000000,999.000000000000000000,1.141999999999999904
1.000000000000000000,999.000000000000000000,1.227999999999999980
1.000000000000000000,999.000000000000000000,1.348000000000000087
0.984535394745685855,-1.000000000000000000,1.453999999999999959
0.922596721495662075,-1.000000000000000000,1.540000000000000036
0.844314681042516835,-1.000000000000000000,1.667999999999999927
0.740919710650574936,-1.000000000000000000,1.745999999999999996
0.634374840122505113,-1.000000000000000000,1.866999999999999993
0.516377975978500769,-1.000000000000000000,1.955000000000000071
0.387039465038617303,-1.000000000000000000,2.044000000000000039
0.256400867927896625,-1.000000000000000000,2.172000000000000153
0.159024814993524943,-1.000000000000000000,2.254999999999999893
0.093133719279696159,-1.000000000000000000,2.386000000000000121
0.064262978541556270,0.000000000000000000,2.459000000000000075
0.067406859760225535,0.000000000000000000,2.548999999999999932
0.091777456545924396,0.000000000000000000,2.665999999999999925
0.115231171572252045,0.000000000000000000,2.769000000000000128
0.125591734822548373,0.000000000000000000,2.891999999999999904
0.122774881452405449,0.000000000000000000,2.978000000000000203
0.110301678174502760,0.000000000000000000,3.067000000000000171
0.091622970997846442,0.000000000000000000,3.189999999999999947
0.079464757733556768,0.000000000000000000,3.269000000000000128
0.083182442416515290,0.000000000000000000,3.387999999999999901
0.101552178497016810,0.000000000000000000,3.488999999999999879
0.123854273983129204,0.000000000000000000,3.587000000000000188
0.147412316912055141,0.000000000000000000,3.706999999999999851
0.165757977322725125,0.000000000000000000,3.779999999999999805
0.168041153344962835,0.000000000000000000,3.903000000000000025
0.160212548038485503,0.000000000000000000,3.994000000000000217
0.164307418215451140,0.000000000000000000,4.083999999999999631
0.168653076619815767,0.000000000000000000,4.208000000000000185
0.169626134942123974,0.000000000000000000,4.307999999999999829
0.172412893724978922,0.000000000000000000,4.429000000000000270
0.176381366635335990,0.000000000000000000,4.500000000000000000
0.154925932204920569,0.000000000000000000,4.588000000000000078
0.104264703964561667,-1.000000000000000000,4.706999999999999851
0.004352680474732695,-1.000000000000000000,4.802999999999999936
-0.117129136877204498,-1.000000000000000000,4.927999999999999936
-0.256384817481343896,-1.000000000000000000,5.014999999999999680
-0.398198538004948865,-1.000000000000000000,5.108999999999999986
-0.530883567051241845,-1.000000000000000000,5.221000000000000085
-0.631016284181180609,-1.000000000000000000,5.314000000000000057
-0.723912256221304062,-1.000000000000000000,5.429000000000000270
-0.813277130019651406,-1.000000000000000000,5.525000000000000355
-0.928232434541764628,-1.000000000000000000,5.615000000000000213
-1.000000000000000000,0.000000000000000000,5.745000000000000107
-1.000000000000000000,0.000000000000000000,5.817999999999999616
-1.000000000000000000,0.000000000000000000,5.945999999999999730
-1.000000000000000000,0.000000000000000000,6.030999999999999694
-1.000000000000000000,0.000000000000000000,6.131000000000000227
-1.000000000000000000,0.000000000000000000,6.246999999999999886
-1.000000000000000000,0.000000000000000000,6.341000000000000192
-1.000000000000000000,0.000000000000000000,6.472000000000000419
-0.990728504934079712,0.000000000000000000,6.538999999999999702
-0.977103479286926757,0.000000000000000000,6.628999999999999559
-0.962849557925618549,0.000000000000000000,6.748000000000000220
-0.948105097907271155,0.000000000000000000,6.847999999999999865
-0.932506911956958562,0.000000000000000000,6.969999999999999751
-0.893546822465098423,1.000000000000000000,7.057000000000000384
-0.773993747204362204,1.000000000000000000,7.142000000000000348
-0.616261985376602706,1.000000000000000000,7.267000000000000348
-0.426080776937765360,1.000000000000000000,7.355000000000000426
-0.206195251680134195,1.000000000000000000,7.472000000000000419
0.022101753754310893,1.000000000000000000,7.573000000000000398
0.192224333390196289,1.000000000000000000,7.657000000000000028
0.342377901862396250,1.000000000000000000,7.793999999999999595
0.473287261481474042,1.000000000000000000,7.862000000000000099
0.613342337023641937,1.000000000000000000,7.982000000000000206
0.744033155382051614,1.000000000000000000,8.073000000000000398
0.864293738321211480,1.000000000000000000,8.160000000000000142
0.973487328930540352,1.000000000000000000,8.288000000000000256
1.000000000000000000,1.000000000000000000,8.387000000000000455
1.000000000000000000,-1.000000000000000000,8.506999999999999673
0.997350983471692709,-1.000000000000000000,8.576999999999999957
0.928359883329593849,-1.000000000000000000,8.679000000000000270
0.821097898436915719,-1.000000000000000000,8.788999999999999702
0.687929100291676088,-1.000000000000000000,8.890000000000000568
0.546352554034851057,-1.000000000000000000,8.996999999999999886
0.405417695011592416,-1.000000000000000000,9.101000000000000867
0.305476030214644201,-1.000000000000000000,9.176000000000000156
0.219651484556128818,-1.000000000000000000,9.298000000000000043
0.147267967990427628,-1.000000000000000000,9.393000000000000682
0.096075087876748677,0.000000000000000000,9.509000000000000341
0.062610126392939724,0.000000000000000000,9.606999999999999318
0.041441926557475695,0.000000000000000000,9.708000000000000185
0.030041133797023667,0.000000000000000000,9.827999999999999403
0.026310672350609465,0.000000000000000000,9.897999999999999687
0.023691571311045712,0.000000000000000000,10.019999999999999574
0.023396903746915054,0.000000000000000000,10.108999999999999986
0.025984593523296962,0.000000000000000000,10.205999999999999517
0.030099469000074652,0.000000000000000000,10.323999999999999844
0.029647745120036317,0.000000000000000000,10.429999999999999716
0.025854461147259089,0.000000000000000000,10.550000000000000711
0.022949667190187650,0.000000000000000000,10.619999999999999218
0.019819011293096933,0.000000000000000000,10.711000000000000298
0.020571385835015832,0.000000000000000000,10.830000000000000071
0.028874429735995299,0.000000000000000000,10.932999999999999829
0.026467728666517143,0.000000000000000000,11.039999999999999147
0.015173135891108025,0.000000000000000000,11.141999999999999460
0.005413207688280908,0.000000000000000000,11.227999999999999758
-0.001609453294442842,0.000000000000000000,11.346000000000000085
-0.007465410216139889,0.000000000000000000,11.429999999999999716
-0.001598982873383004,0.000000000000000000,11.554999999999999716
0.010727694263705123,0.000000000000000000,11.650000000000000355
0.010388153466457162,0.000000000000000000,11.739000000000000767
0.000643183008002479,0.000000000000000000,11.858999999999999986
-0.015057961259441366,0.000000000000000000,11.948000000000000398
-0.038748036796051211,0.000000000000000000,12.063000000000000611
-0.079069628300052486,-1.000000000000000000,12.153000000000000469
-0.129196021239996517,-1.000000000000000000,12.247999999999999332
-0.190588587241043883,-1.000000000000000000,12.371999999999999886
-0.265004861266921243,-1.000000000000000000,12.455000000000000071
-0.369079350833894093,-1.000000000000000000,12.580000000000000071
-0.470932615361603690,-1.000000000000000000,12.657999999999999474
-0.566934410290928503,-1.000000000000000000,12.749000000000000554
-0.657350983471692185,-1.000000000000000000,12.871999999999999886
-0.739775633834417912,-1.000000000000000000,12.971000000000000085
-0.792830753122429344,-1.000000000000000000,13.083000000000000185
-0.838172163637723400,-1.000000000000000000,13.179000000000000270
-0.883613791040311125,-1.000000000000000000,13.262999999999999901
-0.921640864557625394,-1.000000000000000000,13.381999999999999673
-0.955542592177100358,-1.000000000000000000,13.481999999999999318
-0.984342233191234484,0.000000000000000000,13.592000000000000526
-1.000000000000000000,0.000000000000000000,13.689999999999999503
-1.000000000000000000,0.000000000000000000,13.785000000000000142
-1.000000000000000000,0.000000000000000000,13.900000000000000355
-0.995124818887912044,0.000000000000000000,13.990999999999999659
-0.921416652811096304,1.000000000000000000,14.101000000000000867
-0.804444965677774571,1.000000000000000000,14.185999999999999943
-0.650374991092847909,1.000000000000000000,14.292999999999999261
-0.460805562813234926,1.000000000000000000,14.407999999999999474
-0.242357663713451021,1.000000000000000000,14.505000000000000782
-0.062923089712833558,1.000000000000000000,14.625999999999999446
0.097984608441604726,1.000000000000000000,14.698000000000000398
0.263601220873613595,1.000000000000000000,14.794000000000000483
0.414246395572551940,1.000000000000000000,14.913000000000000256
0.553686373245291685,1.000000000000000000,14.996999999999999886
0.681713320348684704,1.000000000000000000,15.125999999999999446
0.794455594878981763,1.000000000000000000,15.226000000000000867
0.867421498301702121,1.000000000000000000,15.301999999999999602
0.920064250255338667,1.000000000000000000,15.422000000000000597
0.945831156029547593,1.000000000000000000,15.510999999999999233
0.924514857129284495,-1.000000000000000000,15.630000000000000782
0.879541162917745645,-1.000000000000000000,15.727000000000000313
0.815902532006365089,-1.000000000000000000,15.826999999999999957
0.742305705327665155,-1.000000000000000000,15.948999999999999844
0.670756039048954200,-1.000000000000000000,16.021000000000000796
0.623739638013348863,-1.000000000000000000,16.149999999999998579
0.583042861214698505,-1.000000000000000000,16.234000000000001762
0.550623797534500303,-1.000000000000000000,16.330999999999999517
0.518580318757274839,0.000000000000000000,16.440000000000001279
0.493721942471675224,0.000000000000000000,16.533999999999998920
0.479721384290159536,0.000000000000000000,16.666000000000000369
0.472476900786204856,0.000000000000000000,16.739000000000000767
0.467570544642645247,0.000000000000000000,16.830999999999999517
0.468753711313270927,0.000000000000000000,16.954999999999998295
0.462545426474430865,0.000000000000000000,17.047000000000000597
0.452952423932923232,0.000000000000000000,17.158999999999998920
0.446655067575591813,0.000000000000000000,17.266999999999999460
0.444058632811571652,0.000000000000000000,17.341000000000001080
0.443304493955013479,0.000000000000000000,17.460999999999998522
0.446995023871167074,0.000000000000000000,17.554999999999999716
0.444858791952685184,0.000000000000000000,17.672000000000000597
0.435187109569843855,0.000000000000000000,17.774000000000000909
0.426616944965677813,0.000000000000000000,17.859000000000001762
0.422776477993396682,0.000000000000000000,18.001999999999998892
0.419333863803709628,0.000000000000000000,18.057999999999999829
0.420803543858815132,0.000000000000000000,18.184000000000001052
0.427280527778437724,0.000000000000000000,18.266999999999999460
0.428095532172632964,0.000000000000000000,18.370000000000000995
0.419359100733948997,0.000000000000000000,18.489999999999998437
0.411860763402294605,0.000000000000000000,18.577000000000001734
0.405717797677014991,0.000000000000000000,18.702999999999999403
0.385385739056079091,-1.000000000000000000,18.782000000000000028
0.348104854991567736,-1.000000000000000000,18.873999999999998778
0.300004750480986404,-1.000000000000000000,18.996999999999999886
0.237810562694473093,-1.000000000000000000,19.082000000000000739
0.161345633120353771,-1.000000000000000000,19.207999999999998408
0.088421296406261840,-1.000000000000000000,19.301999999999999602
0.026678404313436044,-1.000000000000000000,19.388000000000001677
-0.039218189591696428,-1.000000000000000000,19.509000000000000341
-0.103395703189947841,-1.000000000000000000,19.591999999999998749
-0.166093145055937197,-1.000000000000000000,19.713000000000000966
-0.228795040497850821,-1.000000000000000000,19.809999999999998721
-0.294094855229091623,-1.000000000000000000,19.899000000000000909
-0.348385430274815500,-1.000000000000000000,20.015000000000000568
-0.400018705018883036,-1.000000000000000000,20.103999999999999204
-0.462641920619462965,-1.000000000000000000,20.230000000000000426
-0.527199472696610050,-1.000000000000000000,20.315000000000001279
-0.590213118453243091,-1.000000000000000000,20.408000000000001251
-0.650971770266739469,-1.000000000000000000,20.530000000000001137
-0.712641920619462410,-1.000000000000000000,20.615999999999999659
-0.760207596019096710,-1.000000000000000000,20.751999999999998892
-0.799066530486211568,-1.000000000000000000,20.820000000000000284
-0.829601731550319244,-1.000000000000000000,20.907000000000000028
-0.832987933778294831,1.000000000000000000,21.033000000000001251
-0.795871832022992054,1.000000000000000000,21.123000000000001108
-0.714867224056435768,1.000000000000000000,21.242999999999998550
-0.598308234958789154,1.000000000000000000,21.342999999999999972
-0.450954252868102423,1.000000000000000000,21.416000000000000369
-0.294507553264767630,1.000000000000000000,21.544000000000000483
-0.139820016151634863,1.000000000000000000,21.638999999999999346
0.028351464335764298,1.000000000000000000,21.746999999999999886
0.183971283342438507,1.000000000000000000,21.856999999999999318
0.329609154176859986,1.000000000000000000,21.939000000000000057
0.463029381724899602,1.000000000000000000,22.074999999999999289
0.583932091874302284,1.000000000000000000,22.143000000000000682
0.671511662430821055,1.000000000000000000,22.269999999999999574
0.752045675874682740,1.000000000000000000,22.350999999999999091
0.819299125911498782,1.000000000000000000,22.448000000000000398
0.848269637300776980,-1.000000000000000000,22.568000000000001393
0.838507398874136500,-1.000000000000000000,22.658999999999998920
0.791939324481603979,-1.000000000000000000,22.783999999999998920
0.712463777582480695,-1.000000000000000000,22.861000000000000654
0.604152811097124154,-1.000000000000000000,22.948000000000000398
0.493984703451224583,-1.000000000000000000,23.074000000000001620
0.384892876653761595,-1.000000000000000000,23.169000000000000483
0.257180648915702692,-1.000000000000000000,23.280999999999998806
0.131147419301204549,-1.000000000000000000,23.376999999999998892
0.013236027647799409,-1.000000000000000000,23.469999999999998863
-0.093606743307760309,-1.000000000000000000,23.585999999999998522
-0.191745742381415507,-1.000000000000000000,23.672000000000000597
-0.262049215844978090,-1.000000000000000000,23.789000000000001478
-0.308213738314833452,-1.000000000000000000,23.888999999999999346
-0.368867886381998855,-1.000000000000000000,23.978000000000001535
-0.434500889953254865,-1.000000000000000000,24.102000000000000313
-0.486855928278846384,-1.000000000000000000,24.178999999999998494
-0.521361548373708072,0.000000000000000000,24.306000000000000938
-0.539404749825098673,0.000000000000000000,24.390000000000000568
-0.543814462484254912,0.000000000000000000,24.489000000000000767
-0.529300557012320594,0.000000000000000000,24.606999999999999318
-0.513189084359023662,0.000000000000000000,24.710000000000000853
-0.504357452223662017,0.000000000000000000,24.829000000000000625
-0.504532925218749928,0.000000000000000000,24.900999999999999801
-0.505871097537808456,0.000000000000000000,25.000000000000000000
-0.504894552173843492,0.000000000000000000,25.111999999999998323
-0.503904274140697050,0.000000000000000000,25.207000000000000739
-0.499830248950404288,0.000000000000000000,25.329999999999998295
-0.490093786501243689,0.000000000000000000,25.425000000000000711
-0.479544044866155872,0.000000000000000000,25.501000000000001222
-0.480581624315369438,0.000000000000000000,25.620999999999998664
-0.486250164982761413,0.000000000000000000,25.707999999999998408
-0.490636989859949413,0.000000000000000000,25.833999999999999631
-0.494929211905003053,0.000000000000000000,25.931999999999998607
-0.501276756770777654,0.000000000000000000,26.016999999999999460
-0.499244321732025154,0.000000000000000000,26.149000000000000909
-0.493322489610853676,0.000000000000000000,26.219999999999998863
-0.489301869245153065,0.000000000000000000,26.338000000000000966
-0.517293626591940336,-1.000000000000000000,26.431999999999998607
-0.559895418094927599,-1.000000000000000000,26.530999999999998806
-0.612906572836932506,-1.000000000000000000,26.643999999999998352
-0.679662603576749458,-1.000000000000000000,26.750000000000000000
-0.759443308108454174,-1.000000000000000000,26.862999999999999545
-0.819680898543802439,-1.000000000000000000,26.949000000000001620
-0.884627268656022037,-1.000000000000000000,27.033000000000001251
-0.977423491866826089,-1.000000000000000000,27.149999999999998579
-1.000000000000000000,0.000000000000000000,27.250000000000000000
-1.000000000000000000,0.000000000000000000,27.371999999999999886
-1.000000000000000000,0.000000000000000000,27.457999999999998408
-1.000000000000000000,0.000000000000000000,27.547000000000000597
-1.000000000000000000,0.000000000000000000,27.663000000000000256
-1.000000000000000000,0.000000000000000000,27.760000000000001563
-0.969323177434126992,1.000000000000000000,27.873000000000001108
-0.884126706482163183,1.000000000000000000,27.960000000000000853
-0.767820963226926723,1.000000000000000000,28.056000000000000938
-0.627032110361172790,1.000000000000000000,28.175000000000000711
-0.472797297899132829,1.000000000000000000,28.271999999999998465
-0.319219550858993117,1.000000000000000000,28.388000000000001677
-0.190784560640748113,1.000000000000000000,28.469000000000001194
-0.069499836379091184,1.000000000000000000,28.573000000000000398
0.063921880214004911,1.000000000000000000,28.687000000000001165
0.191191192483378458,1.000000000000000000,28.780000000000001137
0.310114870268306309,1.000000000000000000,28.910000000000000142
0.420274663673512849,1.000000000000000000,28.981000000000001648
0.522256638910278070,1.000000000000000000,29.071000000000001506
0.598680189219351400,1.000000000000000000,29.193999999999999062
0.668269742782769516,1.000000000000000000,29.289999999999999147
0.731714637390895595,1.000000000000000000,29.410000000000000142
0.801368735691238898,1.000000000000000000,29.500000000000000000
0.864085565666847799,1.000000000000000000,29.579999999999998295
0.917848749736173808,1.000000000000000000,29.708999999999999631
0.957183603313210618,1.000000000000000000,29.788000000000000256
0.973104208123213299,-1.000000000000000000,29.913000000000000256
0.946183889246395404,-1.000000000000000000,30.001999999999998892
0.889620754489247378,-1.000000000000000000,30.109000000000001762
0.794705137051067378,-1.000000000000000000,30.228000000000001535
0.687296240333618913,-1.000000000000000000,30.300999999999998380
0.576667852138335491,-1.000000000000000000,30.425999999999998380
0.472335157582748355,-1.000000000000000000,30.515999999999998238
0.375336036036617582,-1.000000000000000000,30.608000000000000540
0.299986510149983232,-1.000000000000000000,30.731999999999999318
0.239755719063893924,-1.000000000000000000,30.832999999999998408
0.176387229649364263,-1.000000000000000000,30.945000000000000284
0.101587330664884234,-1.000000000000000000,31.038000000000000256
0.033158475293723733,-1.000000000000000000,31.108000000000000540
-0.029255246068310536,-1.000000000000000000,31.231000000000001648
-0.081893229735723327,0.000000000000000000,31.327999999999999403
-0.119178686248672894,0.000000000000000000,31.448000000000000398
-0.130478816181848645,0.000000000000000000,31.539999999999999147
-0.128888999383700464,0.000000000000000000,31.629999999999999005
-0.114682710513333785,0.000000000000000000,31.745999999999998664
-0.099776378855305992,0.000000000000000000,31.838000000000000966
-0.093748159934260777,0.000000000000000000,31.949000000000001620
-0.092981384095812580,0.000000000000000000,32.052999999999997272
-0.092935586904096423,0.000000000000000000,32.140000000000000568
-0.095462283395639447,0.000000000000000000,32.262999999999998124
-0.095674258968725279,0.000000000000000000,32.347000000000001307
-0.090361784729645511,0.000000000000000000,32.463000000000000966
-0.081982207136772622,0.000000000000000000,32.551999999999999602
-0.080753533907586106,0.000000000000000000,32.643999999999998352
-0.086806614161276108,0.000000000000000000,32.762999999999998124
-0.094162951642091208,0.000000000000000000,32.856999999999999318
-0.099690018436640715,0.000000000000000000,32.981000000000001648
-0.105561218414658153,0.000000000000000000,33.060000000000002274
-0.105940680860306724,0.000000000000000000,33.149000000000000909
-0.097962810063343841,0.000000000000000000,33.273000000000003240
-0.090473006480957130,0.000000000000000000,33.368000000000002103
-0.092731462278161647,0.000000000000000000,33.491999999999997328
-0.108950210601657216,0.000000000000000000,33.606999999999999318
-0.137776271559027941,-1.000000000000000000,33.662999999999996703
-0.179819402045694798,-1.000000000000000000,33.789000000000001478
-0.231882958079867252,-1.000000000000000000,33.875999999999997669
-0.286931182522744743,-1.000000000000000000,34.008000000000002672
-0.345142030176423642,-1.000000000000000000,34.082999999999998408
-0.396438810372147565,-1.000000000000000000,34.179999999999999716
-0.446374759728304649,-1.000000000000000000,34.296999999999997044
-0.492837973461181744,-1.000000000000000000,34.381000000000000227
-0.532383194262527670,-1.000000000000000000,34.503000000000000114
-0.559514759126398475,-1.000000000000000000,34.588999999999998636
-0.585254089362096996,-1.000000000000000000,34.692999999999997840
-0.607012989392061719,-1.000000000000000000,34.805999999999997385
-0.621614442602379413,-1.000000000000000000,34.909999999999996589
-0.634565888419721835,-1.000000000000000000,35.017000000000003013
-0.648379629932521295,0.000000000000000000,35.109999999999999432
-0.658338556394007512,0.000000000000000000,35.189999999999997726
-0.659913979789044869,0.000000000000000000,35.317999999999997840
-0.652726437671984350,0.000000000000000000,35.408999999999998920
-0.625361961375956676,1.000000000000000000,35.530999999999998806
-0.546852489862464264,1.000000000000000000,35.625000000000000000
-0.448504983388703926,1.000000000000000000,35.707999999999998408
-0.336127834355482880,1.000000000000000000,35.823000000000000398
-0.212854879167380662,1.000000000000000000,35.906999999999996476
-0.086385279997487574,1.000000000000000000,36.029000000000003467
0.013627935763550703,1.000000000000000000,36.125999999999997669
0.112633613306831970,1.000000000000000000,36.231999999999999318
0.211450868118481905,1.000000000000000000,36.347000000000001307
0.322149222952505587,1.000000000000000000,36.420000000000001705
0.425516101638361954,1.000000000000000000,36.545000000000001705
0.522263323384439371,1.000000000000000000,36.634000000000000341
0.613211312168052469,1.000000000000000000,36.725999999999999091
0.697868075301051327,1.000000000000000000,36.838999999999998636
0.761100912149210052,1.000000000000000000,36.947000000000002728
0.818219169657659950,1.000000000000000000,37.061999999999997613
0.856080362295041697,1.000000000000000000,37.146000000000000796
0.860059484009584319,-1.000000000000000000,37.237000000000001876
0.827153547515895093,-1.000000000000000000,37.353000000000001535
0.758502248642114685,-1.000000000000000000,37.442999999999997840
0.658725869786807472,-1.000000000000000000,37.566000000000002501
0.543904459207133151,-1.000000000000000000,37.661999999999999034
0.431368982739692708,-1.000000000000000000,37.740000000000001990
0.328174824891166894,-1.000000000000000000,37.869999999999997442
0.219040117031452208,-1.000000000000000000,37.960000000000000853
0.122131950868773043,-1.000000000000000000,38.067999999999997840
0.035368516916828741,-1.000000000000000000,38.174999999999997158
-0.043155347999775051,-1.000000000000000000,38.259000000000000341
-0.112993448384602124,-1.000000000000000000,38.389000000000002899
-0.152924674087555723,-1.000000000000000000,38.468000000000003524
-0.180986576188862158,-1.000000000000000000,38.588999999999998636
-0.200095781555246544,0.000000000000000000,38.670999999999999375
-0.206511313869091051,0.000000000000000000,38.771000000000000796
-0.203134098102818461,0.000000000000000000,38.889000000000002899
-0.196263210854195957,0.000000000000000000,38.984000000000001762
-0.188680504397184423,0.000000000000000000,39.103999999999999204
-0.178465113662087060,0.000000000000000000,39.185000000000002274
-0.173628930216856214,0.000000000000000000,39.268000000000000682
-0.177134378119933933,0.000000000000000000,39.387999999999998124
-0.181004895065548954,0.000000000000000000,39.493000000000002103
-0.184446226900223720,0.000000000000000000,39.618999999999999773
-0.188647792117387580,0.000000000000000000,39.698999999999998067
-0.190292565545594927,0.000000000000000000,39.789999999999999147
-0.186648417576177006,0.000000000000000000,39.905999999999998806
-0.186620939261147645,0.000000000000000000,39.993000000000002103
-0.193867363481842858,0.000000000000000000,40.109000000000001762
-0.201239402856959293,0.000000000000000000,40.207999999999998408
-0.206426261941617728,0.000000000000000000,40.304000000000002046
-0.209775999392860069,0.000000000000000000,40.432999999999999829
-0.210771761189889162,0.000000000000000000,40.496999999999999886
-0.205047112225363648,0.000000000000000000,40.634000000000000341
-0.198415678864857559,0.000000000000000000,40.713999999999998636
-0.197062698972442107,0.000000000000000000,40.808999999999997499
-0.202120017429102905,0.000000000000000000,40.935000000000002274
-0.205389936917639404,0.000000000000000000,41.033000000000001251
-0.208848279137808568,0.000000000000000000,41.142000000000003013
-0.212968717901074966,0.000000000000000000,41.222000000000001307
-0.213421455853469610,0.000000000000000000,41.308999999999997499
-0.206257466577863369,0.000000000000000000,41.430999999999997385
-0.199705851180062233,0.000000000000000000,41.527999999999998693
-0.199220400947870857,0.000000000000000000,41.646999999999998465
-0.203240085889361821,0.000000000000000000,41.738999999999997215
-0.205696123856542012,0.000000000000000000,41.820000000000000284
-0.214961549986326106,0.000000000000000000,41.948000000000000398
-0.237608915535584719,0.000000000000000000,42.029000000000003467
-0.268871387092257219,-1.000000000000000000,42.155000000000001137
-0.306676314608387734,-1.000000000000000000,42.246000000000002217
-0.355469951154023800,-1.000000000000000000,42.354999999999996874
-0.408919199360409324,-1.000000000000000000,42.469999999999998863
-0.464081262536981232,-1.000000000000000000,42.540999999999996817
-0.511459111612990069,-1.000000000000000000,42.668999999999996930
-0.553449902451981557,-1.000000000000000000,42.750999999999997669
-0.590511606971117486,-1.000000000000000000,42.850999999999999091
-0.619663482235269125,-1.000000000000000000,42.966000000000001080
-0.661954364749713031,-1.000000000000000000,43.057999999999999829
-0.753731799743660336,-1.000000000000000000,43.183999999999997499
-0.880299773323674040,-1.000000000000000000,43.261000000000002785
-1.000000000000000000,0.000000000000000000,43.350000000000001421
-1.000000000000000000,0.000000000000000000,43.472000000000001307
-0.996816187915664398,0.000000000000000000,43.567999999999997840
-0.974246497806707246,0.000000000000000000,43.692999999999997840
-0.921981667531406424,1.000000000000000000,43.779000000000003467
-0.833281448988256290,1.000000000000000000,43.868999999999999773
-0.707108155275695482,1.000000000000000000,43.990000000000001990
-0.509510557678097165,1.000000000000000000,44.070999999999997954
-0.294880744618964963,1.000000000000000000,44.192999999999997840
-0.084867066018898818,1.000000000000000000,44.283000000000001251
0.112828011257330330,1.000000000000000000,44.378000000000000114
0.293589925003537422,1.000000000000000000,44.499000000000002331
0.419778941244909776,1.000000000000000000,44.579999999999998295
0.534025124601041234,1.000000000000000000,44.700000000000002842
0.654409383205194928,1.000000000000000000,44.792000000000001592
0.755082307438329270,1.000000000000000000,44.881999999999997897
0.825132462305237402,1.000000000000000000,45.011000000000002785
0.847901828530101209,1.000000000000000000,45.097000000000001307
0.846482513670810732,-1.000000000000000000,45.219999999999998863
0.811941304749340009,-1.000000000000000000,45.301000000000001933
0.721638599157166105,-1.000000000000000000,45.389000000000002899
0.566024941271363158,-1.000000000000000000,45.509999999999998010
0.395172893192582197,-1.000000000000000000,45.609999999999999432
0.242161077697070404,-1.000000000000000000,45.728999999999999204
0.105847679059593025,-1.000000000000000000,45.822000000000002728
-0.017703248729496579,-1.000000000000000000,45.901000000000003354
-0.135075438965185479,-1.000000000000000000,46.033999999999998920
-0.227227285141677227,-1.000000000000000000,46.109000000000001762
-0.316287210047297984,-1.000000000000000000,46.228000000000001535
-0.403279614675480569,-1.000000000000000000,46.328000000000002956
-0.467221295288691385,0.000000000000000000,46.426000000000001933
-0.505838830413138707,0.000000000000000000,46.548000000000001819
-0.521839565531459382,0.000000000000000000,46.622999999999997556
-0.519933703218099841,0.000000000000000000,46.750000000000000000
-0.501217114303241784,0.000000000000000000,46.834000000000003183
-0.490214162769150197,0.000000000000000000,46.927999999999997272
-0.491754167584855795,0.000000000000000000,47.042999999999999261
-0.493038922983593753,0.000000000000000000,47.137000000000000455
-0.494362816626266466,0.000000000000000000,47.265000000000000568
-0.496244855660709527,0.000000000000000000,47.341000000000001080
-0.495069006679877854,0.000000000000000000,47.433999999999997499
-0.485369528835101760,0.000000000000000000,47.546999999999997044
-0.482201032739141944,0.000000000000000000,47.645000000000003126
-0.487209026300049808,0.000000000000000000,47.767000000000003013
-0.492969154809622889,0.000000000000000000,47.859999999999999432
-0.495094531621574574,0.000000000000000000,47.947000000000002728
-0.498984532736163833,0.000000000000000000,48.061999999999997613
-0.498904554585513749,0.000000000000000000,48.149999999999998579
-0.488929407370412794,0.000000000000000000,48.271000000000000796
-0.480273048809644942,0.000000000000000000,48.371999999999999886
-0.484498277491851592,0.000000000000000000,48.460999999999998522
-0.490624263499078506,0.000000000000000000,48.590000000000003411
-0.491963472106769717,0.000000000000000000,48.667000000000001592
-0.494978818552548883,0.000000000000000000,48.783999999999998920
-0.495662886990022811,0.000000000000000000,48.872999999999997556
-0.485211274196581943,0.000000000000000000,48.975000000000001421
-0.471878746316964359,0.000000000000000000,49.085000000000000853
-0.471175959588912785,0.000000000000000000,49.189000000000000057
-0.476828883343359600,0.000000000000000000,49.304999999999999716
-0.482160192832426726,0.000000000000000000,49.389000000000002899
-0.492719010380994304,0.000000000000000000,49.469000000000001194
-0.516167923486435254,0.000000000000000000,49.591000000000001080
-0.547691226481957338,-1.000000000000000000,49.692000000000000171
-0.583628642728242331,-1.000000000000000000,49.807999999999999829
-0.630189539708726931,-1.000000000000000000,49.902000000000001023
-0.686664324044240271,-1.000000000000000000,49.987999999999999545
-0.739948490667656111,-1.000000000000000000,50.101999999999996760
-0.785214422272724200,-1.000000000000000000,50.192999999999997840
-0.826588651100423011,-1.000000000000000000,50.313000000000002387
-0.864057563848514731,-1.000000000000000000,50.404000000000003467
-0.891844015379628319,-1.000000000000000000,50.520000000000003126
-0.914178339364309922,-1.000000000000000000,50.631000000000000227
-0.935677146924116854,-1.000000000000000000,50.703000000000002956
-0.950583712875035847,-1.000000000000000000,50.829999999999998295
-0.949964307623194060,1.000000000000000000,50.914000000000001478
-0.879896641002755775,1.000000000000000000,51.014000000000002899
-0.765500658968911840,1.000000000000000000,51.118999999999999773
-0.607211987193286173,1.000000000000000000,51.228999999999999204
-0.415218480738454132,1.000000000000000000,51.348999999999996646
-0.203528227607607581,1.000000000000000000,51.420000000000001705
-0.029488965142288937,1.000000000000000000,51.509999999999998010
0.132975587094930070,1.000000000000000000,51.628000000000000114
0.311001845453284353,1.000000000000000000,51.728999999999999204
0.474356367324330952,1.000000000000000000,51.851999999999996760
0.625555911959371436,1.000000000000000000,51.938000000000002387
0.760358234048400528,1.000000000000000000,52.039999999999999147
0.876151281224447853,1.000000000000000000,52.146000000000000796
0.951655760426300512,1.000000000000000000,52.231000000000001648
1.000000000000000000,1.000000000000000000,52.350999999999999091
1.000000000000000000,-1.000000000000000000,52.439999999999997726
0.995197225648922101,-1.000000000000000000,52.536000000000001364
0.950458016460776545,-1.000000000000000000,52.670000000000001705
0.865263909817131083,-1.000000000000000000,52.737999999999999545
0.743551929791931521,-1.000000000000000000,52.869999999999997442
0.595151469265453370,-1.000000000000000000,52.948000000000000398
0.464574601421574362,-1.000000000000000000,53.037999999999996703
0.343033796356112974,-1.000000000000000000,53.164999999999999147
0.210801139959395201,-1.000000000000000000,53.262999999999998124
0.089410112983702161,-1.000000000000000000,53.381000000000000227
-0.017501816676556481,-1.000000000000000000,53.463000000000000966
-0.106851853833043742,-1.000000000000000000,53.554999999999999716
-0.174668410237250216,0.000000000000000000,53.673000000000001819
-0.201210404474909121,0.000000000000000000,53.773000000000003240
-0.212491492686797678,0.000000000000000000,53.896000000000000796
-0.215992349796030436,0.000000000000000000,53.973999999999996646
-0.209171686015747205,0.000000000000000000,54.057999999999999829
-0.200965163426824134,0.000000000000000000,54.182999999999999829
-0.194995436706001279,0.000000000000000000,54.268000000000000682
-0.188997729462914488,0.000000000000000000,54.387999999999998124
-0.180241471907144790,0.000000000000000000,54.494999999999997442
-0.182866703260801344,0.000000000000000000,54.584000000000003183
-0.192100275608144910,0.000000000000000000,54.710000000000000853
-0.197698025974154423,0.000000000000000000,54.777999999999998693
-0.202997866073699296,0.000000000000000000,54.904000000000003467
-0.211592824148178704,0.000000000000000000,54.993999999999999773
-0.215355381436240223,0.000000000000000000,55.084000000000003183
-0.212618227993525255,0.000000000000000000,55.200000000000002842
-0.217305788429396629,0.000000000000000000,55.308999999999997499
-0.227604266535872624,0.000000000000000000,55.435999999999999943
-0.232362601233941812,0.000000000000000000,55.499000000000002331
-0.232334620711675988,0.000000000000000000,55.594000000000001194
-0.235106338328953890,0.000000000000000000,55.710000000000000853
-0.235073420067467009,0.000000000000000000,55.801999999999999602
-0.229227136827223510,0.000000000000000000,55.923000000000001819
-0.224840778483966774,0.000000000000000000,56.018000000000000682
-0.228776156644839523,0.000000000000000000,56.103999999999999204
-0.237376052458541986,0.000000000000000000,56.222000000000001307
-0.237354655588575048,0.000000000000000000,56.317999999999997840
-0.232395519495429692,0.000000000000000000,56.429999999999999716
-0.230306855804023880,0.000000000000000000,56.533999999999998920
-0.238264845518714075,0.000000000000000000,56.616999999999997328
-0.255866239936271112,-1.000000000000000000,56.743000000000002103
-0.292726463237296897,-1.000000000000000000,56.817999999999997840
-0.348537729676882790,-1.000000000000000000,56.948999999999998067
-0.415267983451990008,-1.000000000000000000,57.033999999999998920
-0.488122679776913926,-1.000000000000000000,57.128000000000000114
-0.557334970468205793,-1.000000000000000000,57.249000000000002331
-0.626682226031597400,-1.000000000000000000,57.340000000000003411
-0.691440675943581828,-1.000000000000000000,57.469000000000001194
-0.747867513872990552,-1.000000000000000000,57.536999999999999034
-0.787399054093756656,-1.000000000000000000,57.627000000000002444
-0.823497219641339373,-1.000000000000000000,57.753999999999997783
-0.844734436040230019,-1.000000000000000000,57.844999999999998863
-0.855727489464099378,-1.000000000000000000,57.963000000000000966
-0.865555236431298836,-1.000000000000000000,58.057999999999999829
-0.875139388263488027,-1.000000000000000000,58.137000000000000455
-0.878390066585413742,-1.000000000000000000,58.262999999999998124
-0.884791022531727256,-1.000000000000000000,58.347999999999998977
-0.888084494593587404,1.000000000000000000,58.469999999999998863
-0.863697000570309514,1.000000000000000000,58.563000000000002387
-0.761582907521905605,1.000000000000000000,58.668999999999996930
-0.623328876454325442,1.000000000000000000,58.793999999999996930
-0.463658424476810493,1.000000000000000000,58.859999999999999432
-0.270502853491006112,1.000000000000000000,58.984999999999999432
-0.057804165110434957,1.000000000000000000,59.072000000000002728
0.104864635175546450,1.000000000000000000,59.176999999999999602
0.253313615902995171,1.000000000000000000,59.277999999999998693
0.386799157906095870,1.000000000000000000,59.396999999999998465
0.526575954121563772,1.000000000000000000,59.503000000000000114
0.653508879166943224,1.000000000000000000,59.591000000000001080
0.768693970361464585,1.000000000000000000,59.668999999999996930
0.870365764515539375,1.000000000000000000,59.789999999999999147
0.956942595466958368,1.000000000000000000,59.892000000000003013
1.000000000000000000,1.000000000000000000,60.011000000000002785
1.000000000000000000,-1.000000000000000000,60.097000000000001307
0.962511617446178969,-1.000000000000000000,60.189999999999997726
0.877814233314700321,-1.000000000000000000,60.307999999999999829
0.752967616678848817,-1.000000000000000000,60.387000000000000455
0.597019318862102022,-1.000000000000000000,60.515000000000000568
0.425825293454209941,-1.000000000000000000,60.606999999999999318
0.290884315041987307,-1.000000000000000000,60.703000000000002956
0.176457844794225771,-1.000000000000000000,60.823999999999998067
0.080758201668943208,-1.000000000000000000,60.902000000000001023
-0.017071444399977764,-1.000000000000000000,61.043999999999996930
-0.098114087455804966,-1.000000000000000000,61.118000000000002103
-0.156955418773792599,-1.000000000000000000,61.201999999999998181
-0.197322943505310655,0.000000000000000000,61.326999999999998181
-0.223264990226462290,0.000000000000000000,61.421999999999997044
-0.220442074834544921,0.000000000000000000,61.548000000000001819
-0.216473125250126963,0.000000000000000000,61.624000000000002331
-0.223432016854807181,0.000000000000000000,61.716000000000001080
-0.229294486136791154,0.000000000000000000,61.841999999999998749
-0.233339507254909040,0.000000000000000000,61.917999999999999261
-0.237338223961210848,0.000000000000000000,62.049999999999997158
-0.240050339510563093,0.000000000000000000,62.145000000000003126
-0.236377407415982455,0.000000000000000000,62.216999999999998749
-0.239789050329588083,0.000000000000000000,62.347999999999998977
-0.251434609901867834,0.000000000000000000,62.433999999999997499
-0.257250774772033730,0.000000000000000000,62.551000000000001933
-0.257596404131677170,0.000000000000000000,62.643999999999998352
-0.255608621881481035,0.000000000000000000,62.743999999999999773
-0.248226375654463371,0.000000000000000000,62.866999999999997328
-0.232286081886045492,0.000000000000000000,62.939000000000000057
-0.223341061760163329,0.000000000000000000,63.060000000000002274
-0.225891111868152028,0.000000000000000000,63.152999999999998693
-0.230055201473803539,0.000000000000000000,63.253999999999997783
-0.234644299430786796,0.000000000000000000,63.371000000000002217
-0.241047538093647873,0.000000000000000000,63.465000000000003411
-0.245076021921832643,0.000000000000000000,63.587000000000003297
-0.238677744445951912,0.000000000000000000,63.674999999999997158
-0.231887533198609663,0.000000000000000000,63.753000000000000114
-0.232239777474226528,0.000000000000000000,63.871000000000002217
-0.241146761833258338,0.000000000000000000,63.966000000000001080
-0.249466672399594969,0.000000000000000000,64.087999999999993861
-0.260743450406321742,0.000000000000000000,64.180999999999997385
-0.284542264351887231,0.000000000000000000,64.257000000000005002
-0.319897336504083585,-1.000000000000000000,64.385999999999995680
-0.361690375628004324,-1.000000000000000000,64.471000000000003638
-0.419718072281187959,-1.000000000000000000,64.587999999999993861
-0.494610497210160038,-1.000000000000000000,64.691999999999993065
-0.581480881239106351,-1.000000000000000000,64.780000000000001137
-0.660228148451944996,-1.000000000000000000,64.908000000000001251
-0.732578791917895877,-1.000000000000000000,64.986999999999994770
-0.797232980648064027,-1.000000000000000000,65.097999999999998977
-0.849199760540042425,-1.000000000000000000,65.192999999999997840
-0.880147644924540895,-1.000000000000000000,65.293000000000006366
-0.908059282876959584,-1.000000000000000000,65.412999999999996703
-0.933389449870513532,-1.000000000000000000,65.504000000000004889
-0.951899638494842382,-1.000000000000000000,65.620000000000004547
-0.966541755003357372,-1.000000000000000000,65.698999999999998067
-0.973712323919205813,-1.000000000000000000,65.793000000000006366
-0.950111957452860256,1.000000000000000000,65.912999999999996703
-0.884563101337205837,1.000000000000000000,66.007999999999995566
-0.786366523741464762,1.000000000000000000,66.129999999999995453
-0.679216953276603919,1.000000000000000000,66.221999999999994202
-0.493447798560861961,1.000000000000000000,66.308000000000006935
-0.307128996256363918,1.000000000000000000,66.427999999999997272
-0.133745345590921105,1.000000000000000000,66.512000000000000455
0.028318581104858520,1.000000000000000000,66.629999999999995453
0.182087521323979873,1.000000000000000000,66.727000000000003865
0.295966793242015580,1.000000000000000000,66.820999999999997954
0.405006485171245378,1.000000000000000000,66.945999999999997954
0.509846735461988665,1.000000000000000000,67.022999999999996135
0.619610353483726284,1.000000000000000000,67.143000000000000682
0.704043261287046196,1.000000000000000000,67.239000000000004320
0.758964450536744106,1.000000000000000000,67.322999999999993292
0.767475609388249103,-1.000000000000000000,67.450999999999993406
0.719466908869099031,-1.000000000000000000,67.539000000000001478
0.612272223022859663,-1.000000000000000000,67.667000000000001592
0.483904374725595332,-1.000000000000000000,67.736999999999994770
0.344037496690383415,-1.000000000000000000,67.829999999999998295
0.193863050611147392,-1.000000000000000000,67.947000000000002728
0.064538346298089300,-1.000000000000000000,68.040000000000006253
-0.044658866586454349,-1.000000000000000000,68.168000000000006366
-0.137393463885808198,-1.000000000000000000,68.269999999999996021
-0.214468132170136272,-1.000000000000000000,68.337999999999993861
-0.257116092944066899,-1.000000000000000000,68.462000000000003297
-0.284328675852037249,-1.000000000000000000,68.557000000000002160
-0.303692023071793327,-1.000000000000000000,68.677000000000006708
-0.312422705807830825,0.000000000000000000,68.763000000000005230
-0.312268536362204863,0.000000000000000000,68.862999999999999545
-0.308645554389975207,0.000000000000000000,68.980999999999994543
-0.303544556645540808,0.000000000000000000,69.061000000000007049
-0.295212703562320322,0.000000000000000000,69.177999999999997272
-0.293696145428709032,0.000000000000000000,69.268000000000000682
-0.300357270932692266,0.000000000000000000,69.373999999999995225
-0.304038904324453796,0.000000000000000000,69.492000000000004434
-0.307388738257149186,0.000000000000000000,69.578999999999993520
-0.310351472820932228,0.000000000000000000,69.710999999999998522
-0.309699604186706501,0.000000000000000000,69.780000000000001137
-0.306190573543853040,0.000000000000000000,69.878000000000000114
-0.314842495802234223,0.000000000000000000,69.990999999999999659
-0.329193660284275547,0.000000000000000000,70.085999999999998522
-0.338747138648604285,0.000000000000000000,70.203999999999993520
-0.346308144503691961,0.000000000000000000,70.304000000000002046
-0.353525620615806835,0.000000000000000000,70.381000000000000227
-0.354643349096600224,0.000000000000000000,70.504999999999995453
-0.355858271358333034,0.000000000000000000,70.599000000000003752
-0.372134878155865767,0.000000000000000000,70.707999999999998408
-0.403399436276070222,0.000000000000000000,70.813999999999992951
-0.447036092407825270,-1.000000000000000000,70.897999999999996135
-0.513463014414843322,-1.000000000000000000,71.025999999999996248
-0.587730793335858204,-1.000000000000000000,71.099000000000003752
-0.662003599521404640,-1.000000000000000000,71.225999999999999091
-0.731393256092206734,-1.000000000000000000,71.308999999999997499
-0.799118888103146130,-1.000000000000000000,71.409000000000006025
-0.853745144500340003,-1.000000000000000000,71.531999999999996476
-0.902407389408559246,-1.000000000000000000,71.618999999999999773
-0.948455456760497917,-1.000000000000000000,71.743999999999999773
-0.988256310054864362,0.000000000000000000,71.822999999999993292
-1.000000000000000000,0.000000000000000000,71.909999999999996589
-1.000000000000000000,0.000000000000000000,72.045000000000001705
-1.000000000000000000,0.000000000000000000,72.120000000000004547
-1.000000000000000000,0.000000000000000000,72.251000000000004775
-0.975419242647377449,0.000000000000000000,72.340000000000003411
-0.915529886277037797,1.000000000000000000,72.432000000000002160
-0.795416285834005699,1.000000000000000000,72.543999999999996930
-0.646664069244975437,1.000000000000000000,72.629999999999995453
-0.475028404194754450,1.000000000000000000,72.748999999999995225
-0.304689816391692125,1.000000000000000000,72.850999999999999091
-0.150842405931269408,1.000000000000000000,72.944999999999993179
-0.037488636280100351,1.000000000000000000,73.069000000000002615
0.070613114039064229,1.000000000000000000,73.153999999999996362
0.194469288755696024,1.000000000000000000,73.260999999999995680
0.315598987495619099,1.000000000000000000,73.350999999999999091
0.435732191121228185,1.000000000000000000,73.448999999999998067
0.546936145083154690,1.000000000000000000,73.573999999999998067
0.638576122833542703,1.000000000000000000,73.655000000000001137
0.670380652965675727,-1.000000000000000000,73.780000000000001137
0.644319855328512769,-1.000000000000000000,73.861000000000004206
0.561068406122399610,-1.000000000000000000,73.947999999999993292
0.404656245941528381,-1.000000000000000000,74.067999999999997840
0.221351786462531619,-1.000000000000000000,74.168999999999996930
0.035809296972696858,-1.000000000000000000,74.287999999999996703
-0.123319537593595929,-1.000000000000000000,74.379999999999995453
-0.247490996830002530,-1.000000000000000000,74.459999999999993747
-0.310147669140752202,0.000000000000000000,74.584000000000003183
-0.347267928948265081,0.000000000000000000,74.676000000000001933
-0.364789906974730571,0.000000000000000000,74.790000000000006253
-0.374647040613710569,0.000000000000000000,74.888000000000005230
-0.378214819842667915,0.000000000000000000,74.977999999999994429
-0.378373278901829702,0.000000000000000000,75.100999999999999091
-0.378178880674611362,0.000000000000000000,75.177999999999997272
-0.376551816520745430,0.000000000000000000,75.307000000000002160
-0.358154228201548186,0.000000000000000000,75.396000000000000796
-0.322886007200936409,0.000000000000000000,75.486000000000004206
-0.288869154599629696,0.000000000000000000,75.614000000000004320
-0.295135200864460545,0.000000000000000000,75.700000000000002842
-0.298764754272786259,0.000000000000000000,75.822000000000002728
-0.301161733452598890,0.000000000000000000,75.900000000000005684
-0.303578979174286001,0.000000000000000000,75.989999999999994884
-0.295243903225419935,0.000000000000000000,76.112999999999999545
-0.291514859520623060,0.000000000000000000,76.209999999999993747
-0.296984983413677628,0.000000000000000000,76.331999999999993634
-0.301076982459308473,0.000000000000000000,76.420000000000001705
-0.307184581214942742,0.000000000000000000,76.498999999999995225
-0.316573517341250832,0.000000000000000000,76.617000000000004434
-0.324866217793471690,0.000000000000000000,76.710999999999998522
-0.328272839241184888,0.000000000000000000,76.828999999999993520
-0.341123669202134439,0.000000000000000000,76.927000000000006708
-0.365911492326810750,0.000000000000000000,77.027000000000001023
-0.423114727972341953,-1.000000000000000000,77.144999999999996021
-0.496063224240995027,-1.000000000000000000,77.221000000000003638
-0.584721975287715967,-1.000000000000000000,77.349000000000003752
-0.679910237643627680,-1.000000000000000000,77.436999999999997613
-0.770938331676697453,-1.000000000000000000,77.534999999999996589
-0.838689381161143999,-1.000000000000000000,77.646000000000000796
-0.897860313781340791,-1.000000000000000000,77.742000000000004434
-0.945099780476503448,-1.000000000000000000,77.861999999999994770
-0.984752190859237375,0.000000000000000000,77.941999999999993065
-1.000000000000000000,0.000000000000000000,78.030000000000001137
-1.000000000000000000,0.000000000000000000,78.147999999999996135
-1.000000000000000000,0.000000000000000000,78.253000000000000114
-1.000000000000000000,0.000000000000000000,78.368999999999999773
-1.000000000000000000,0.000000000000000000,78.457999999999998408
-0.997429036854944329,0.000000000000000000,78.543000000000006366
-0.991779000938392108,0.000000000000000000,78.671999999999997044
-0.981001351678953526,0.000000000000000000,78.759000000000000341
-0.962678990114225752,0.000000000000000000,78.876000000000004775
-0.948196076642253693,0.000000000000000000,78.966999999999998749
-0.922674302624010068,0.000000000000000000,79.066000000000002501
-0.861583065636492229,1.000000000000000000,79.191000000000002501
-0.759499547800323360,1.000000000000000000,79.257000000000005002
-0.617572363130205693,1.000000000000000000,79.388000000000005230
-0.398514494990021340,1.000000000000000000,79.471999999999994202
-0.164821638313612628,1.000000000000000000,79.569000000000002615
0.057293833177232578,1.000000000000000000,79.689999999999997726
0.262706095258031125,1.000000000000000000,79.780000000000001137
0.451765815135762860,1.000000000000000000,79.906000000000005912
0.588391841977906171,1.000000000000000000,79.978999999999999204
0.717460632685940292,1.000000000000000000,80.069000000000002615
0.863674545049552878,1.000000000000000000,80.186999999999997613
0.987002054802485818,1.000000000000000000,80.287999999999996703
1.000000000000000000,1.000000000000000000,80.409000000000006025
1.000000000000000000,-1.000000000000000000,80.500000000000000000
0.989645027710371217,-1.000000000000000000,80.590000000000003411
0.905466462115688486,-1.000000000000000000,80.709999999999993747
0.785807507649613379,-1.000000000000000000,80.795000000000001705
0.645817510663988292,-1.000000000000000000,80.912999999999996703
0.484080219460073513,-1.000000000000000000,81.001999999999995339
0.335330006853917117,-1.000000000000000000,81.097999999999998977
0.201496747336319615,-1.000000000000000000,81.230000000000003979
0.091323816436266414,-1.000000000000000000,81.296999999999997044
0.006897701495905295,-1.000000000000000000,81.427999999999997272
-0.033055415689238865,-1.000000000000000000,81.510999999999995680
-0.053317413833461003,0.000000000000000000,81.602000000000003865
-0.061570742698556336,0.000000000000000000,81.721999999999994202
-0.066935995864073061,0.000000000000000000,81.829999999999998295
-0.071462612470760800,0.000000000000000000,81.944999999999993179
-0.074845786861697183,0.000000000000000000,82.021000000000000796
-0.077461053078284103,0.000000000000000000,82.109999999999999432
-0.075561490752263483,0.000000000000000000,82.237999999999999545
-0.071242007271551278,0.000000000000000000,82.323999999999998067
-0.074128398961976871,0.000000000000000000,82.453000000000002956
-0.080061163212482245,0.000000000000000000,82.540000000000006253
-0.084298130244635616,0.000000000000000000,82.620000000000004547
-0.087701512745422483,0.000000000000000000,82.748000000000004661
-0.089720639721396100,0.000000000000000000,82.831000000000003070
-0.085478620661781135,0.000000000000000000,82.953000000000002956
-0.086066339856623042,0.000000000000000000,83.061000000000007049
-0.093851514176830464,0.000000000000000000,83.137000000000000455
-0.098078377154057539,0.000000000000000000,83.271000000000000796
-0.099440740559865404,0.000000000000000000,83.341999999999998749
-0.100308005274316492,0.000000000000000000,83.462999999999993861
-0.095719080328920403,0.000000000000000000,83.557000000000002160
-0.088750650448534807,0.000000000000000000,83.638999999999995794
-0.091781866926228584,0.000000000000000000,83.766000000000005343
-0.098100269273062923,0.000000000000000000,83.855999999999994543
-0.103911784864462287,0.000000000000000000,83.983999999999994657
-0.116509857347583901,0.000000000000000000,84.072000000000002728
-0.131484066747386441,0.000000000000000000,84.152000000000001023
-0.151875733596487761,-1.000000000000000000,84.269999999999996021
-0.190712352712349542,-1.000000000000000000,84.364000000000004320
-0.250562038055239023,-1.000000000000000000,84.478999999999999204
-0.319028798240546640,-1.000000000000000000,84.579999999999998295
-0.396488167309677064,-1.000000000000000000,84.661000000000001364
-0.487899552221965238,-1.000000000000000000,84.781000000000005912
-0.572150530210282060,-1.000000000000000000,84.865999999999999659
-0.647146193886709242,-1.000000000000000000,84.987999999999999545
-0.720137886669551586,-1.000000000000000000,85.081000000000003070
-0.788747787632973485,-1.000000000000000000,85.180999999999997385
-0.837193362983120859,-1.000000000000000000,85.299000000000006594
-0.877426025687874978,-1.000000000000000000,85.379999999999995453
-0.911392490329576699,-1.000000000000000000,85.501999999999995339
-0.937255502920912975,-1.000000000000000000,85.594999999999998863
-0.957189119280051681,-1.000000000000000000,85.682000000000002160
-0.974499049376832072,-1.000000000000000000,85.804000000000002046
-0.978680444106894143,-1.000000000000000000,85.900000000000005684
-0.957081342694178772,1.000000000000000000,86.024000000000000909
-0.901429892172894043,1.000000000000000000,86.096999999999994202
-0.810570862263207070,1.000000000000000000,86.194999999999993179
-0.654599618403525429,1.000000000000000000,86.307000000000002160
-0.478342800271461588,1.000000000000000000,86.408000000000001251
-0.291894358737734727,1.000000000000000000,86.525000000000005684
-0.104470875903680427,1.000000000000000000,86.615999999999999659
0.078227277243480220,1.000000000000000000,86.707999999999998408
0.221105349928682582,1.000000000000000000,86.823999999999998067
0.355192894828577188,1.000000000000000000,86.908000000000001251
0.476527438403156589,1.000000000000000000,87.040999999999996817
0.601588694236142807,1.000000000000000000,87.120000000000004547
0.714592444524528858,1.000000000000000000,87.230000000000003979
0.814735416901727794,1.000000000000000000,87.353999999999999204
0.899439393352543304,1.000000000000000000,87.417000000000001592
0.968461876558762036,1.000000000000000000,87.551000000000001933
0.993358267895544822,-1.000000000000000000,87.638000000000005230
0.972825144277485121,-1.000000000000000000,87.728999999999999204
0.906204058125260170,-1.000000000000000000,87.855000000000003979
0.768216348024068019,-1.000000000000000000,87.938000000000002387
0.599215925337770683,-1.000000000000000000,88.081999999999993634
0.415184036940425161,-1.000000000000000000,88.141000000000005343
0.238991211156224903,-1.000000000000000000,88.227000000000003865
0.079924758470987012,-1.000000000000000000,88.361000000000004206
-0.029950102808758650,-1.000000000000000000,88.448999999999998067
-0.127809558772760901,-1.000000000000000000,88.575000000000002842
-0.225967084357069803,-1.000000000000000000,88.662000000000006139
-0.313734273459509549,-1.000000000000000000,88.742999999999994998
-0.389612357932777487,-1.000000000000000000,88.867999999999994998
-0.450933867276501754,-1.000000000000000000,88.945999999999997954
-0.495730194789338663,-1.000000000000000000,89.082999999999998408
-0.513516699476777916,0.000000000000000000,89.165000000000006253
-0.518940892962693745,0.000000000000000000,89.257000000000005002
-0.517437072787926944,0.000000000000000000,89.384000000000000341
-0.522340907445172364,0.000000000000000000,89.459000000000003183
-0.526057515648654328,0.000000000000000000,89.584000000000003183
-0.529085364108039302,0.000000000000000000,89.668999999999996930
-0.531266155962823339,0.000000000000000000,89.769000000000005457
-0.533628820806269721,0.000000000000000000,89.882000000000005002
-0.526030571502186239,0.000000000000000000,89.980999999999994543
-0.520624902116967547,0.000000000000000000,90.096999999999994202
-0.527010664829973385,0.000000000000000000,90.180999999999997385
-0.531808406910499687,0.000000000000000000,90.268000000000000682
-0.533999302820209465,0.000000000000000000,90.388000000000005230
-0.536437748075598186,0.000000000000000000,90.490999999999999659
-0.538480451179732089,0.000000000000000000,90.611000000000004206
-0.529566990726161202,0.000000000000000000,90.700999999999993406
-0.522369535600795243,0.000000000000000000,90.790999999999996817
-0.523740319052373948,0.000000000000000000,90.912000000000006139
-0.530599288337731290,0.000000000000000000,90.989999999999994884
-0.535999905695486945,0.000000000000000000,91.111999999999994770
-0.542033710495250176,0.000000000000000000,91.206000000000003070
-0.549748156430977852,0.000000000000000000,91.301000000000001933
-0.556155811262990074,0.000000000000000000,91.424999999999997158
-0.568954280835470172,0.000000000000000000,91.501000000000004775
-0.595561625472995182,-1.000000000000000000,91.631000000000000227
-0.648550657521373974,-1.000000000000000000,91.709000000000003183
-0.708846605290146092,-1.000000000000000000,91.808000000000006935
-0.771879067934613028,-1.000000000000000000,91.927999999999997272
-0.832151439575225860,-1.000000000000000000,92.021000000000000796
-0.885579998012869130,-1.000000000000000000,92.152000000000001023
-0.915841642515168752,-1.000000000000000000,92.218000000000003524
-0.939906133329740268,0.000000000000000000,92.310000000000002274
-0.961707315840968469,0.000000000000000000,92.433999999999997499
-0.975224857322323668,0.000000000000000000,92.530000000000001137
-0.982498092859632521,0.000000000000000000,92.649000000000000909
-0.987134170061347960,0.000000000000000000,92.743999999999999773
-0.988562209824171867,0.000000000000000000,92.822000000000002728
-0.970487739571351815,0.000000000000000000,92.951999999999998181
-0.919307333354663969,1.000000000000000000,93.040999999999996817
-0.832813255172854650,1.000000000000000000,93.150000000000005684
-0.675243886625767509,1.000000000000000000,93.246999999999999886
-0.482532615047295055,1.000000000000000000,93.340000000000003411
-0.270359249672881052,1.000000000000000000,93.468999999999994088
-0.062577780172812791,1.000000000000000000,93.540999999999996817
0.135133314584698239,1.000000000000000000,93.671000000000006480
0.285072984855062828,1.000000000000000000,93.751999999999995339
0.419059428746280549,1.000000000000000000,93.849000000000003752
0.539402972435110373,1.000000000000000000,93.969999999999998863
0.668926620654613613,1.000000000000000000,94.058000000000006935
0.783676165474024078,1.000000000000000000,94.188000000000002387
0.874373544480671727,1.000000000000000000,94.265000000000000568
0.924793157471313521,1.000000000000000000,94.352000000000003865
0.916126519032900433,-1.000000000000000000,94.468999999999994088
0.828410043612652247,-1.000000000000000000,94.569000000000002615
0.692272515560824697,-1.000000000000000000,94.691999999999993065
0.494533598678917441,-1.000000000000000000,94.786000000000001364
0.288922386416565091,-1.000000000000000000,94.861000000000004206
0.099521531100478011,-1.000000000000000000,94.987999999999999545
-0.070754117796502092,-1.000000000000000000,95.078999999999993520
-0.220964559427531460,-1.000000000000000000,95.188999999999992951
-0.318018376593132368,-1.000000000000000000,95.290000000000006253
-0.385850870135919788,0.000000000000000000,95.376999999999995339
-0.424668670872676679,0.000000000000000000,95.512000000000000455
-0.441597154592031416,0.000000000000000000,95.578999999999993520
-0.447675826734979188,0.000000000000000000,95.715000000000003411
-0.444349846121950720,0.000000000000000000,95.804000000000002046
-0.442252822230492559,0.000000000000000000,95.885000000000005116
-0.442140663740350215,0.000000000000000000,96.001000000000004775
-0.438204920358976069,0.000000000000000000,96.102999999999994429
-0.427865946813084985,0.000000000000000000,96.230999999999994543
-0.421805989603247777,0.000000000000000000,96.305000000000006821
-0.416349309120694677,0.000000000000000000,96.391000000000005343
-0.402689764518152304,0.000000000000000000,96.510999999999995680
-0.385187941942687573,0.000000000000000000,96.609999999999999432
-0.360385621281563817,0.000000000000000000,96.730000000000003979
-0.322188857903689674,0.000000000000000000,96.826999999999998181
-0.285594601438008300,0.000000000000000000,96.903999999999996362
-0.269139591437208781,0.000000000000000000,97.031999999999996476
-0.276093417826063448,0.000000000000000000,97.109999999999999432
-0.297491898248458342,0.000000000000000000,97.230000000000003979
-0.338594586143668441,-1.000000000000000000,97.325000000000002842
-0.387233984702261669,-1.000000000000000000,97.421999999999997044
-0.431638550572433166,-1.000000000000000000,97.546999999999997044
-0.469881196969001658,-1.000000000000000000,97.620000000000004547
-0.521856460923812548,-1.000000000000000000,97.745999999999995111
-0.580819538688731929,-1.000000000000000000,97.828999999999993520
-0.656378674252658945,-1.000000000000000000,97.936000000000007049
-0.732605662644255862,-1.000000000000000000,98.052000000000006708
-0.798944010821595163,-1.000000000000000000,98.155000000000001137
-0.844714871026233327,0.000000000000000000,98.269000000000005457
-0.871328721240269277,0.000000000000000000,98.337999999999993861
-0.877810122473673182,0.000000000000000000,98.436000000000007049
-0.883384059559557233,0.000000000000000000,98.551000000000001933
-0.888494068345306309,0.000000000000000000,98.650999999999996248
-0.888327529981154607,0.000000000000000000,98.769000000000005457
-0.887578107342472999,0.000000000000000000,98.865999999999999659
-0.880269112401500520,0.000000000000000000,98.939999999999997726
-0.859796789208314705,0.000000000000000000,99.076999999999998181
-0.837798430800761329,0.000000000000000000,99.150000000000005684
-0.825216287452014807,0.000000000000000000,99.269999999999996021
-0.816189228366582142,0.000000000000000000,99.370999999999995111
-0.813777820828512022,0.000000000000000000,99.462999999999993861
-0.821724079918023098,0.000000000000000000,99.588999999999998636
-0.831077418247507249,0.000000000000000000,99.658000000000001251
-0.836557889924939402,0.000000000000000000,99.792000000000001592
-0.841229460976493204,0.000000000000000000,99.871999999999999886
-0.844055515053879435,0.000000000000000000,99.968999999999994088
-0.840717950286598903,0.000000000000000000,100.079999999999998295
-0.794270740398978159,1.000000000000000000,100.182000000000002160
-0.715419923086465959,1.000000000000000000,100.307000000000002160
-0.611839858068529363,1.000000000000000000,100.387000000000000455
-0.485440638419721404,1.000000000000000000,100.474000000000003752
-0.342440262858716093,1.000000000000000000,100.591999999999998749
-0.217154131256022231,1.000000000000000000,100.691999999999993065
-0.096196297750202886,1.000000000000000000,100.808999999999997499
0.027060784803544680,1.000000000000000000,100.900000000000005684
0.175910395562602240,1.000000000000000000,100.983000000000004093
0.320863348474729415,1.000000000000000000,101.102999999999994429
0.454031163066548782,1.000000000000000000,101.186999999999997613
0.569693756340778235,1.000000000000000000,101.311999999999997613
0.668795978608317299,1.000000000000000000,101.402000000000001023
0.730031115484159887,1.000000000000000000,101.498000000000004661
0.779513402089886842,1.000000000000000000,101.615999999999999659
0.783999741695598829,-1.000000000000000000,101.703999999999993520
0.746667958188674818,-1.000000000000000000,101.825000000000002842
0.670157174829595359,-1.000000000000000000,101.924000000000006594
0.559492431850971972,-1.000000000000000000,101.998999999999995225
0.421704027339481646,-1.000000000000000000,102.132999999999995566
0.295403371212314081,-1.000000000000000000,102.219999999999998863
0.185907795524876018,-1.000000000000000000,102.341999999999998749
0.100036876352062265,-1.000000000000000000,102.418000000000006366
0.034639979743496419,-1.000000000000000000,102.513000000000005230
-0.006075251549401584,-1.000000000000000000,102.632000000000005002
-0.023831979784281199,0.000000000000000000,102.721000000000003638
-0.027149152098807861,0.000000000000000000,102.843999999999994088
-0.016705402961931459,0.000000000000000000,102.938999999999992951
0.009415317577782023,0.000000000000000000,103.016999999999995907
0.003116734099112062,0.000000000000000000,103.141000000000005343
-0.007599129215114298,0.000000000000000000,103.236000000000004206
-0.014459112003562646,0.000000000000000000,103.352999999999994429
-0.012261031320450089,0.000000000000000000,103.444999999999993179
-0.005351772103558528,0.000000000000000000,103.546999999999997044
0.007192598680446860,0.000000000000000000,103.667000000000001592
0.015838852000007009,0.000000000000000000,103.742000000000004434
0.016092273632007492,0.000000000000000000,103.864999999999994884
0.012553170146227588,0.000000000000000000,103.951999999999998181
0.008297798575559234,0.000000000000000000,104.049999999999997158
0.001701796653777787,0.000000000000000000,104.162000000000006139
0.001599724052000040,0.000000000000000000,104.263000000000005230
0.006277465009335348,0.000000000000000000,104.387000000000000455
0.003070977415556841,0.000000000000000000,104.460999999999998522
-0.003387754455557057,0.000000000000000000,104.554000000000002046
-0.006650557967558868,0.000000000000000000,104.671999999999997044
-0.029806959591568982,0.000000000000000000,104.769999999999996021
-0.075392935520033566,-1.000000000000000000,104.888999999999995794
-0.136346117633393993,-1.000000000000000000,104.981999999999999318
-0.214729076436540378,-1.000000000000000000,105.063999999999992951
-0.317007583290363826,-1.000000000000000000,105.179000000000002046
-0.419990039121964309,-1.000000000000000000,105.272000000000005571
-0.516615835684229530,-1.000000000000000000,105.390000000000000568
-0.607284464022047610,-1.000000000000000000,105.489000000000004320
-0.702893054311423571,-1.000000000000000000,105.575999999999993406
-0.784913669457238061,-1.000000000000000000,105.706999999999993634
-0.854451509354602012,-1.000000000000000000,105.787000000000006139
-0.916696437842185130,-1.000000000000000000,105.903000000000005798
-0.970963864539098775,-1.000000000000000000,106.004000000000004889
-1.000000000000000000,0.000000000000000000,106.093999999999994088
-1.000000000000000000,0.000000000000000000,106.206999999999993634
-1.000000000000000000,0.000000000000000000,106.302999999999997272
-1.000000000000000000,0.000000000000000000,106.432000000000002160
-0.999667759862308825,0.000000000000000000,106.500000000000000000
-0.996997850714572920,0.000000000000000000,106.600999999999999091
-0.991226462755709470,0.000000000000000000,106.709999999999993747
-0.975383403406317795,0.000000000000000000,106.811999999999997613
-0.947110452720001716,1.000000000000000000,106.938999999999992951
-0.905645513473707586,1.000000000000000000,107.018000000000000682
-0.812926538965431100,1.000000000000000000,107.129999999999995453
-0.694070198573422337,1.000000000000000000,107.218999999999994088
-0.560906981324336362,1.000000000000000000,107.311000000000007049
-0.414055127886764129,1.000000000000000000,107.433999999999997499
-0.255086784891636054,1.000000000000000000,107.531000000000005912
-0.117833931308495288,1.000000000000000000,107.621999999999999886
0.021191440535009765,1.000000000000000000,107.742999999999994998
0.162513379515853540,1.000000000000000000,107.823999999999998067
0.324891465367390220,1.000000000000000000,107.945999999999997954
0.476708082512009579,1.000000000000000000,108.034999999999996589
0.616418485567248320,1.000000000000000000,108.123999999999995225
0.744070626717930228,1.000000000000000000,108.242000000000004434
0.859739859397344874,1.000000000000000000,108.343000000000003524
0.939859397343791203,1.000000000000000000,108.468000000000003524
1.000000000000000000,1.000000000000000000,108.539000000000001478
1.000000000000000000,-1.000000000000000000,108.629000000000004889
0.984223037052772698,-1.000000000000000000,108.753000000000000114
0.926774404543496688,-1.000000000000000000,108.843000000000003524
0.834126099832321888,-1.000000000000000000,108.963999999999998636
0.709742505522776623,-1.000000000000000000,109.061000000000007049
0.580930614109256949,-1.000000000000000000,109.144000000000005457
0.458369053306655116,-1.000000000000000000,109.269999999999996021
0.340766446371340015,-1.000000000000000000,109.356999999999999318
0.216701917837204272,-1.000000000000000000,109.471999999999994202
0.106689717769528292,-1.000000000000000000,109.564999999999997726
0.013156425354981405,-1.000000000000000000,109.659000000000006025
-0.058809699935431503,0.000000000000000000,109.786000000000001364
-0.110840931436963719,0.000000000000000000,109.865999999999999659
-0.135061382377660855,0.000000000000000000,109.992000000000004434
-0.145311790236083427,0.000000000000000000,110.070999999999997954
-0.141210955375292380,0.000000000000000000,110.159999999999996589
-0.136218415636909729,0.000000000000000000,110.281999999999996476
-0.129605357618157280,0.000000000000000000,110.385999999999995680
-0.122325620058154061,0.000000000000000000,110.509000000000000341
-0.122082122492709888,0.000000000000000000,110.579999999999998295
-0.127816909982308768,0.000000000000000000,110.674000000000006594
-0.130357681130701786,0.000000000000000000,110.787999999999996703
-0.129924423393566912,0.000000000000000000,110.890000000000000568
-0.126446606441601661,0.000000000000000000,111.000000000000000000
-0.118787348538216819,0.000000000000000000,111.118999999999999773
-0.118453169120814716,0.000000000000000000,111.183000000000006935
-0.124075443942242680,0.000000000000000000,111.310000000000002274
-0.130050370410175975,0.000000000000000000,111.396000000000000796
-0.135276331952674411,0.000000000000000000,111.515000000000000568
-0.141378884730771204,0.000000000000000000,111.608999999999994657
-0.145372244804056305,0.000000000000000000,111.715000000000003411
-0.147803861871388276,0.000000000000000000,111.825000000000002842
-0.156875405654349764,0.000000000000000000,111.903000000000005798
-0.171858062750161911,0.000000000000000000,112.031000000000005912
-0.199559689229935056,-1.000000000000000000,112.114000000000004320
-0.240514300444089280,-1.000000000000000000,112.215000000000003411
-0.297360066567197157,-1.000000000000000000,112.331999999999993634
-0.366750155544565248,-1.000000000000000000,112.420000000000001705
-0.460812425428870687,-1.000000000000000000,112.546999999999997044
-0.556809241488290807,-1.000000000000000000,112.618999999999999773
-0.645803403424247469,-1.000000000000000000,112.719999999999998863
-0.724278470533015861,-1.000000000000000000,112.828999999999993520
-0.791021992868040424,-1.000000000000000000,112.924000000000006594
-0.833608877417448157,-1.000000000000000000,113.049999999999997158
-0.865258523044525441,0.000000000000000000,113.138999999999995794
-0.892731765600846883,0.000000000000000000,113.221000000000003638
-0.915620536752598690,0.000000000000000000,113.352000000000003865
-0.930574645857980220,0.000000000000000000,113.429000000000002046
-0.938346416429536090,0.000000000000000000,113.551000000000001933
-0.941223046288886644,0.000000000000000000,113.644000000000005457
-0.940207073688240191,0.000000000000000000,113.736999999999994770
-0.935159117262549300,0.000000000000000000,113.859999999999999432
-0.929130453400863088,0.000000000000000000,113.950999999999993406
-0.929185870088171439,0.000000000000000000,114.067999999999997840
-0.927827321602348043,0.000000000000000000,114.153000000000005798
-0.922905312193266214,0.000000000000000000,114.250000000000000000
-0.918480373676401896,0.000000000000000000,114.371999999999999886
-0.913496230405792753,0.000000000000000000,114.463999999999998636
-0.900171036048555417,0.000000000000000000,114.584999999999993747
-0.888392471055276411,0.000000000000000000,114.662000000000006139
-0.857159290229786208,1.000000000000000000,114.754000000000004889
-0.810307000051218029,1.000000000000000000,114.870999999999995111
-0.748055587975250624,1.000000000000000000,114.968000000000003524
-0.666582981871186364,1.000000000000000000,115.082999999999998408
-0.563015910466784897,1.000000000000000000,115.188000000000002387
-0.458639419568975915,1.000000000000000000,115.257999999999995566
-0.347095703779334519,1.000000000000000000,115.385000000000005116
-0.233686292850324162,1.000000000000000000,115.472999999999998977
-0.104550297780729662,1.000000000000000000,115.590000000000003411
0.020412652805218201,1.000000000000000000,115.683999999999997499
0.140569465237364355,1.000000000000000000,115.783000000000001251
0.250375112197799954,1.000000000000000000,115.906000000000005912
0.353693648156093943,1.000000000000000000,115.986000000000004206
0.433587718318657611,1.000000000000000000,116.121999999999999886
0.508625271520776856,1.000000000000000000,116.189999999999997726
0.570021923177357559,1.000000000000000000,116.295000000000001705
0.595171023453852976,1.000000000000000000,116.411000000000001364
0.602261000842165384,-1.000000000000000000,116.498999999999995225
0.591149115390137148,-1.000000000000000000,116.626000000000004775
0.547561371882075543,-1.000000000000000000,116.715999999999993975
0.472288717582287854,-1.000000000000000000,116.793999999999996930
0.394213322339557859,-1.000000000000000000,116.912999999999996703
0.297889044036954154,-1.000000000000000000,117.010000000000005116
0.184494746749936933,-1.000000000000000000,117.125000000000000000
0.085507108869440795,-1.000000000000000000,117.219999999999998863
0.007733986466572640,-1.000000000000000000,117.305999999999997385
-0.043059605685081270,-1.000000000000000000,117.427999999999997272
-0.075360817211415410,-1.000000000000000000,117.510000000000005116
-0.093769233158994769,-1.000000000000000000,117.631000000000000227
-0.106415992920098068,0.000000000000000000,117.722999999999998977
-0.118332259984869848,0.000000000000000000,117.820999999999997954
-0.126792540913888474,0.000000000000000000,117.947999999999993292
-0.130362719011365980,0.000000000000000000,118.030000000000001137
-0.125830305706995493,0.000000000000000000,118.141000000000005343
-0.128376114736052704,0.000000000000000000,118.239999999999994884
-0.130067163345723769,0.000000000000000000,118.323999999999998067
-0.134502177623916919,0.000000000000000000,118.454999999999998295
-0.136927077517031148,0.000000000000000000,118.549000000000006594
-0.148085983188592341,0.000000000000000000,118.667000000000001592
-0.160301164506116089,0.000000000000000000,118.739999999999994884
-0.168926016203503560,0.000000000000000000,118.840000000000003411
-0.186815530442653310,0.000000000000000000,118.950999999999993406
-0.223907766480797465,-1.000000000000000000,119.052000000000006708
-0.265268766735209494,-1.000000000000000000,119.168999999999996930
-0.313378847786313308,-1.000000000000000000,119.263000000000005230
-0.377626939898923264,-1.000000000000000000,119.350999999999999091
-0.451792939746107569,-1.000000000000000000,119.468000000000003524
-0.513157684825147897,-1.000000000000000000,119.551000000000001933
-0.569911089802741966,-1.000000000000000000,119.668000000000006366
-0.618956537363862136,-1.000000000000000000,119.769000000000005457
-0.652794302492827661,0.000000000000000000,119.858999999999994657
-0.669167414652004577,0.000000000000000000,119.986000000000004206
-0.684496006220103537,0.000000000000000000,120.058000000000006935
-0.695018459634401231,0.000000000000000000,120.177000000000006708
-0.697817841990231003,0.000000000000000000,120.272000000000005571
-0.692568370337965589,0.000000000000000000,120.370000000000004547
-0.689480149490712124,0.000000000000000000,120.483999999999994657
-0.686843658609695984,0.000000000000000000,120.581000000000003070
-0.678736029327182244,0.000000000000000000,120.703000000000002956
-0.665068259084767965,0.000000000000000000,120.781999999999996476
-0.641573262959737711,1.000000000000000000,120.870999999999995111
-0.571474512102248644,1.000000000000000000,120.992000000000004434
-0.474841243785564249,1.000000000000000000,121.090000000000003411
-0.363997793408268433,1.000000000000000000,121.203999999999993520
-0.242054212633829424,1.000000000000000000,121.302999999999997272
-0.112065136438403212,1.000000000000000000,121.384000000000000341
-0.003216686804195512,1.000000000000000000,121.501999999999995339
0.104886156491687199,1.000000000000000000,121.587999999999993861
0.233044139864273969,1.000000000000000000,121.713999999999998636
0.361159882410714728,1.000000000000000000,121.805000000000006821
0.484540255377137630,1.000000000000000000,121.900000000000005684
0.598156727460324333,1.000000000000000000,122.027000000000001023
0.700058788339565474,1.000000000000000000,122.114999999999994884
0.772777289493899344,1.000000000000000000,122.225999999999999091
0.825165920399732356,1.000000000000000000,122.314999999999997726
0.843991570759254905,-1.000000000000000000,122.409000000000006025
0.786348505505304773,-1.000000000000000000,122.531000000000005912
0.689543727551436891,-1.000000000000000000,122.626999999999995339
0.561155248897900805,-1.000000000000000000,122.745000000000004547
0.406442694311992092,-1.000000000000000000,122.819999999999993179
0.238389032298248038,-1.000000000000000000,122.912000000000006139
0.104509090154120798,-1.000000000000000000,123.034999999999996589
-0.027081877132398069,-1.000000000000000000,123.123999999999995225
-0.175759704353723789,-1.000000000000000000,123.248999999999995225
-0.311049710374609711,-1.000000000000000000,123.340000000000003411
-0.428181899970242030,-1.000000000000000000,123.418999999999996930
-0.526493629625528925,-1.000000000000000000,123.548000000000001819
-0.608523014318636868,-1.000000000000000000,123.628000000000000114
-0.652482404478986089,0.000000000000000000,123.762000000000000455
-0.684143961466328387,0.000000000000000000,123.841999999999998749
-0.714420525021782549,0.000000000000000000,123.950999999999993406
-0.737704416961607712,0.000000000000000000,124.072999999999993292
-0.750802445100182680,0.000000000000000000,124.162999999999996703
-0.768314091226819595,0.000000000000000000,124.260000000000005116
-0.782534328512251465,0.000000000000000000,124.347999999999998977
-0.782731362678914300,0.000000000000000000,124.456999999999993634
-0.780708478567843533,0.000000000000000000,124.569999999999993179
-0.783016593091607760,0.000000000000000000,124.659999999999996589
-0.787623439559770322,0.000000000000000000,124.781000000000005912
-0.788542932337529368,0.000000000000000000,124.858999999999994657
-0.787833609337543650,0.000000000000000000,124.950999999999993406
-0.781776216099568266,0.000000000000000000,125.073999999999998067
-0.773493275036241212,0.000000000000000000,125.159999999999996589
-0.766103555528450997,0.000000000000000000,125.287999999999996703
-0.749151111131961533,0.000000000000000000,125.379999999999995453
-0.697980399791707118,1.000000000000000000,125.471999999999994202
-0.551520212421597877,1.000000000000000000,125.591999999999998749
-0.360006755457143335,1.000000000000000000,125.671999999999997044
-0.125819451025281581,1.000000000000000000,125.787999999999996703
0.129883984406152786,1.000000000000000000,125.891999999999995907
0.376715252790144506,1.000000000000000000,125.980000000000003979
0.556990256191328914,1.000000000000000000,126.114999999999994884
0.722506462251536252,1.000000000000000000,126.188999999999992951
0.869278151256561715,1.000000000000000000,126.307000000000002160
0.970309765857731765,1.000000000000000000,126.390000000000000568
0.993664882412823358,-1.000000000000000000,126.489999999999994884
0.941229399374181597,-1.000000000000000000,126.605999999999994543
0.821425119979732665,-1.000000000000000000,126.700999999999993406
0.644482808768958026,-1.000000000000000000,126.829999999999998295
0.445091738169740125,-1.000000000000000000,126.897999999999996135
0.260825385506728846,-1.000000000000000000,126.996999999999999886
0.067193342121682598,-1.000000000000000000,127.123000000000004661
-0.103851079700321480,-1.000000000000000000,127.200999999999993406
-0.241382804546798613,-1.000000000000000000,127.322999999999993292
-0.343232580068587922,-1.000000000000000000,127.421999999999997044
-0.411100529646606150,0.000000000000000000,127.506000000000000227
-0.423414226805091665,0.000000000000000000,127.623999999999995225
-0.417692729908379357,0.000000000000000000,127.715000000000003411
-0.415298295654458971,0.000000000000000000,127.829999999999998295
-0.418471483995666027,0.000000000000000000,127.930000000000006821
-0.418749208344866619,0.000000000000000000,128.026999999999986812
-0.415752412495720036,0.000000000000000000,128.141999999999995907
-0.411211244083111160,0.000000000000000000,128.219999999999998863
-0.399222184170650807,0.000000000000000000,128.338999999999998636
-0.386019018488373500,0.000000000000000000,128.430000000000006821
-0.382068952575752907,0.000000000000000000,128.536000000000001364
-0.378503572417094092,0.000000000000000000,128.651999999999986812
-0.381327728805926358,0.000000000000000000,128.737999999999999545
-0.383819741885242371,0.000000000000000000,128.872000000000014097
-0.383161847540368750,0.000000000000000000,128.945999999999997954
-0.378633281679242262,0.000000000000000000,129.033999999999991815
-0.383972031961853033,0.000000000000000000,129.151000000000010459
-0.388003631084120504,0.000000000000000000,129.247000000000014097
-0.390154164949311766,0.000000000000000000,129.372999999999990450
-0.390547133985594042,0.000000000000000000,129.465000000000003411
-0.390765797871632792,0.000000000000000000,129.538999999999987267
-0.382550553038519592,0.000000000000000000,129.670999999999992269
-0.373176781494182541,0.000000000000000000,129.750000000000000000
-0.374249404212328218,0.000000000000000000,129.872999999999990450
-0.402886154609518932,0.000000000000000000,129.972000000000008413
-0.447598107397308209,0.000000000000000000,130.060000000000002274
-0.506552696987470075,0.000000000000000000,130.187000000000011823
-0.509207139926914687,0.000000000000000000,130.258999999999986130
-0.502295096415033782,0.000000000000000000,130.385999999999995680
-0.487442806197338263,0.000000000000000000,130.475999999999999091
-0.478959080660442682,0.000000000000000000,130.570999999999997954
-0.479991480602107501,0.000000000000000000,130.691000000000002501
-0.484821937239735878,0.000000000000000000,130.778999999999996362
-0.492080212439370390,-1.000000000000000000,130.901000000000010459
-0.540013366641521220,-1.000000000000000000,130.983000000000004093
-0.596535165073826201,-1.000000000000000000,131.068000000000012051
-0.657356531555870927,-1.000000000000000000,131.187999999999988177
-0.732933663057813600,-1.000000000000000000,131.294999999999987494
-0.817191767239977551,-1.000000000000000000,131.407999999999987040
-0.868645992787889343,-1.000000000000000000,131.501000000000004775
-0.910556813996993064,-1.000000000000000000,131.585000000000007958
-0.938897451420022233,-1.000000000000000000,131.710000000000007958
-0.952669079097153593,0.000000000000000000,131.794999999999987494
-0.968790885503279520,0.000000000000000000,131.908999999999991815
-0.988731732344019343,0.000000000000000000,132.004999999999995453
-1.000000000000000000,0.000000000000000000,132.116000000000013870
-1.000000000000000000,0.000000000000000000,132.217999999999989313
-1.000000000000000000,0.000000000000000000,132.306000000000011596
-0.995646419325569298,0.000000000000000000,132.427999999999997272
-0.983686558839932612,0.000000000000000000,132.513000000000005230
-0.980456751379743641,0.000000000000000000,132.610999999999989996
-0.984310877292288722,0.000000000000000000,132.729000000000013415
-0.990591520922992297,0.000000000000000000,132.820999999999997954
-0.995912795198574452,0.000000000000000000,132.953000000000002956
-1.000000000000000000,0.000000000000000000,133.018000000000000682
-0.996831103870298163,0.000000000000000000,133.125000000000000000
-0.996163201271719978,0.000000000000000000,133.234000000000008868
-0.998932604258347512,0.000000000000000000,133.329000000000007731
-0.999529763279506267,0.000000000000000000,133.449000000000012278
-0.998934684951801155,0.000000000000000000,133.538999999999987267
-1.000000000000000000,0.000000000000000000,133.631000000000000227
-0.996134504279803989,0.000000000000000000,133.750000000000000000
-0.997280221408275214,0.000000000000000000,133.830999999999988859
-1.000000000000000000,0.000000000000000000,133.950999999999993406
-0.998641685552275837,0.000000000000000000,134.050999999999987722
-0.994005609258900691,0.000000000000000000,134.141999999999995907
-0.991162673684624296,0.000000000000000000,134.264999999999986358
-0.980805526020728236,0.000000000000000000,134.341000000000008185
-0.969208088182767713,0.000000000000000000,134.473000000000013188
-0.975322573798818593,0.000000000000000000,134.552999999999997272
-0.977620941233229068,0.000000000000000000,134.651999999999986812
-0.958581762350878108,1.000000000000000000,134.770000000000010232
-0.842226393333491918,1.000000000000000000,134.860999999999989996
-0.672644147497212352,1.000000000000000000,134.986999999999994770
-0.456707350531057821,1.000000000000000000,135.061000000000007049
-0.204253429174565238,1.000000000000000000,135.155000000000001137
0.065889639021722957,1.000000000000000000,135.274000000000000909
0.270868813949227238,1.000000000000000000,135.368999999999999773
0.453102433681229044,1.000000000000000000,135.481999999999999318
0.633163992657647556,1.000000000000000000,135.581999999999993634
0.791784475252690134,1.000000000000000000,135.665999999999996817
0.930400878763187444,1.000000000000000000,135.783999999999991815
1.000000000000000000,2.000000000000000000,135.873999999999995225
1.000000000000000000,2.000000000000000000,135.987999999999999545
1.000000000000000000,2.000000000000000000,136.084000000000003183
1.000000000000000000,2.000000000000000000,136.181999999999987949
1.000000000000000000,2.000000000000000000,136.305000000000006821
1.000000000000000000,2.000000000000000000,136.381000000000000227
1.000000000000000000,2.000000000000000000,136.508000000000009777
0.981787400904486907,-1.000000000000000000,136.587999999999993861
0.921992643696722070,-1.000000000000000000,136.692000000000007276
0.822639545527547478,-1.000000000000000000,136.808999999999997499
0.689525736968715997,-1.000000000000000000,136.901000000000010459
0.529682797817507156,-1.000000000000000000,137.032000000000010687
0.344158619521498510,-1.000000000000000000,137.108000000000004093
0.176243230173656951,-1.000000000000000000,137.189999999999997726
0.022691150232002189,-1.000000000000000000,137.312999999999988177
-0.119741344583393028,-1.000000000000000000,137.400000000000005684
-0.258708952099776290,-1.000000000000000000,137.528999999999996362
-0.374314021647647377,-1.000000000000000000,137.622999999999990450
-0.486670101129423327,-1.000000000000000000,137.709000000000003183
-0.589217776240948066,-1.000000000000000000,137.824999999999988631
-0.688390082418329552,-1.000000000000000000,137.920999999999992269
-0.767069704089145876,-1.000000000000000000,138.032000000000010687
-0.829774685786151212,-1.000000000000000000,138.127000000000009550
-0.881826982063854237,-1.000000000000000000,138.222000000000008413
-0.922589432795842601,0.000000000000000000,138.347000000000008413
-0.944115966653531147,0.000000000000000000,138.425999999999987722
-0.960025661931261820,0.000000000000000000,138.548000000000001819
-0.963932875268445066,0.000000000000000000,138.629999999999995453
-0.957724513375535214,0.000000000000000000,138.730999999999994543
-0.953485555509723248,0.000000000000000000,138.846000000000003638
-0.953680389597965639,0.000000000000000000,138.951999999999998181
-0.954182394546049473,0.000000000000000000,139.060000000000002274
-0.957032940125377984,0.000000000000000000,139.144000000000005457
-0.958207210441000878,0.000000000000000000,139.234000000000008868
-0.952269158904750723,0.000000000000000000,139.352000000000003865
-0.942313312521776192,0.000000000000000000,139.442000000000007276
-0.939532977424697213,0.000000000000000000,139.568999999999988404
-0.947798506447516398,0.000000000000000000,139.665999999999996817
-0.963225504659782406,0.000000000000000000,139.745000000000004547
-0.981113380274891034,0.000000000000000000,139.867999999999994998
-0.996519315342482059,0.000000000000000000,139.950999999999993406
-1.000000000000000000,0.000000000000000000,140.068000000000012051
-1.000000000000000000,0.000000000000000000,140.162000000000006139
-1.000000000000000000,0.000000000000000000,140.264999999999986358
-1.000000000000000000,0.000000000000000000,140.385999999999995680
-1.000000000000000000,0.000000000000000000,140.467000000000012960
-0.994622672886813386,0.000000000000000000,140.588999999999998636
-0.982931165685409280,0.000000000000000000,140.669999999999987494
-0.962741809937258664,0.000000000000000000,140.770999999999986585
-0.943266412776028185,0.000000000000000000,140.894000000000005457
-0.908559318639718283,0.000000000000000000,140.980999999999994543
-0.837233114444079218,1.000000000000000000,141.105999999999994543
-0.725394113846791866,1.000000000000000000,141.200999999999993406
-0.575058814515300720,1.000000000000000000,141.270000000000010232
-0.385979942987794922,1.000000000000000000,141.388000000000005230
-0.179771289461449157,1.000000000000000000,141.490000000000009095
0.015191645639715201,1.000000000000000000,141.609000000000008868
0.226413681536160150,1.000000000000000000,141.707999999999998408
0.427147491654520817,1.000000000000000000,141.782000000000010687
0.615627334513976443,1.000000000000000000,141.905000000000001137
0.786916447690343412,1.000000000000000000,141.997000000000014097
0.941471068134286382,1.000000000000000000,142.112999999999999545
1.000000000000000000,1.000000000000000000,142.199000000000012278
1.000000000000000000,-1.000000000000000000,142.301999999999992497
1.000000000000000000,-1.000000000000000000,142.425999999999987722
0.971352743735851343,-1.000000000000000000,142.500000000000000000
0.883599712619415278,-1.000000000000000000,142.620000000000004547
0.744989557762063548,-1.000000000000000000,142.710000000000007958
0.560962438210784509,-1.000000000000000000,142.812000000000011823
0.345130699223720860,-1.000000000000000000,142.931999999999987949
0.169269393808573199,-1.000000000000000000,143.019000000000005457
0.019974862164051421,-1.000000000000000000,143.158999999999991815
-0.098571221478990889,-1.000000000000000000,143.224999999999994316
-0.180651512810260706,-1.000000000000000000,143.318000000000012051
-0.235325509487224083,-1.000000000000000000,143.433999999999997499
-0.265422412818066888,0.000000000000000000,143.530000000000001137
-0.274819630451509478,0.000000000000000000,143.649000000000000909
-0.273642389591853386,0.000000000000000000,143.745000000000004547
-0.271004350534219007,0.000000000000000000,143.828000000000002956
-0.265250366792569192,0.000000000000000000,143.947000000000002728
-0.266633107071570286,0.000000000000000000,144.030000000000001137
-0.267682906430857570,0.000000000000000000,144.155000000000001137
-0.265831818638000872,0.000000000000000000,144.252000000000009550
-0.262174247577417141,0.000000000000000000,144.337999999999993861
-0.258288874834924354,0.000000000000000000,144.467000000000012960
-0.245925456280397192,0.000000000000000000,144.538000000000010914
-0.238669255853149576,0.000000000000000000,144.664999999999992042
-0.245670573279658688,0.000000000000000000,144.752999999999985903
-0.261446238006560194,0.000000000000000000,144.848999999999989541
-0.276533718631469250,0.000000000000000000,144.971000000000003638
-0.292506917683941881,0.000000000000000000,145.062000000000011823
-0.301074172546233254,0.000000000000000000,145.181000000000011596
-0.298101599550131713,0.000000000000000000,145.259999999999990905
-0.291235688717763508,0.000000000000000000,145.348000000000013188
-0.281658459965049124,0.000000000000000000,145.468999999999994088
-0.276390346943554355,0.000000000000000000,145.570999999999997954
-0.281516681295889470,0.000000000000000000,145.682999999999992724
-0.294969724678569190,0.000000000000000000,145.787000000000006139
-0.313198638287568887,0.000000000000000000,145.861999999999994770
-0.337103477719244093,0.000000000000000000,145.991000000000013870
-0.359772134597340587,0.000000000000000000,146.073000000000007503
-0.381606049648023027,0.000000000000000000,146.191000000000002501
-0.400139229839153843,0.000000000000000000,146.283999999999991815
-0.438518237675212363,-1.000000000000000000,146.382000000000005002
-0.489196943315613586,-1.000000000000000000,146.504999999999995453
-0.550486746880471833,-1.000000000000000000,146.594999999999998863
-0.615096401529935832,-1.000000000000000000,146.706999999999993634
-0.687876649371793381,-1.000000000000000000,146.802999999999997272
-0.752910047009983208,-1.000000000000000000,146.883000000000009777
-0.815506125953621375,-1.000000000000000000,147.009999999999990905
-0.876161908054143290,-1.000000000000000000,147.098999999999989541
-0.925359106252757968,-1.000000000000000000,147.227000000000003865
-0.960697041286267317,0.000000000000000000,147.298000000000001819
-0.977347273309448705,0.000000000000000000,147.393000000000000682
-0.981686656397006141,0.000000000000000000,147.512000000000000455
-0.980095230661150563,0.000000000000000000,147.611999999999994770
-0.985148286150772545,0.000000000000000000,147.727000000000003865
-0.987149117706562551,0.000000000000000000,147.818999999999988404
-0.954050967042035070,0.000000000000000000,147.902999999999991587
-0.893983008861963246,1.000000000000000000,148.026000000000010459
-0.797849106077526127,1.000000000000000000,148.110000000000013642
-0.666329477696941175,1.000000000000000000,148.229000000000013415
-0.512807074277686015,1.000000000000000000,148.328000000000002956
-0.368933585455102131,1.000000000000000000,148.426999999999992497
-0.228005588309792118,1.000000000000000000,148.544000000000011141
-0.069248525262888161,1.000000000000000000,148.617999999999994998
0.078233151038886950,1.000000000000000000,148.741000000000013870
0.216523109126563584,1.000000000000000000,148.836000000000012733
0.345073350548555258,1.000000000000000000,148.924000000000006594
0.457049824847587383,1.000000000000000000,149.051999999999992497
0.517922257498737215,1.000000000000000000,149.157000000000010687
0.538531141127124302,-1.000000000000000000,149.265999999999991132
0.507860751044622027,-1.000000000000000000,149.344999999999998863
0.396919738936086341,-1.000000000000000000,149.431999999999987949
0.248365961012459113,-1.000000000000000000,149.551999999999992497
0.073470024962603686,-1.000000000000000000,149.639999999999986358
-0.106453478276799962,-1.000000000000000000,149.764999999999986358
-0.275289570984119436,-1.000000000000000000,149.858000000000004093
-0.398977919167042949,-1.000000000000000000,149.942000000000007276
-0.508576016465442704,-1.000000000000000000,150.060000000000002274
-0.602546599781120018,-1.000000000000000000,150.155000000000001137
-0.669418341062129496,0.000000000000000000,150.274000000000000909
-0.708965031645317767,0.000000000000000000,150.367999999999994998
-0.724273941877117799,0.000000000000000000,150.461999999999989086
-0.721269508505923751,0.000000000000000000,150.586000000000012733
-0.704958589477474584,0.000000000000000000,150.663000000000010914
-0.695524732412674651,0.000000000000000000,150.782999999999987040
-0.696964821366842235,0.000000000000000000,150.868999999999999773
-0.698333224477051928,0.000000000000000000,150.969999999999998863
-0.699859336443968472,0.000000000000000000,151.086999999999989086
-0.699854557387704856,0.000000000000000000,151.179000000000002046
-0.693020506930428715,0.000000000000000000,151.304000000000002046
-0.685673504434168635,0.000000000000000000,151.385999999999995680
-0.687855940127983567,0.000000000000000000,151.473000000000013188
-0.689628970001864072,0.000000000000000000,151.596000000000003638
-0.684458031124400623,0.000000000000000000,151.688999999999992951
-0.679943415973836562,0.000000000000000000,151.812000000000011823
-0.667705845900923967,0.000000000000000000,151.899000000000000909
-0.650904277096054251,0.000000000000000000,151.980999999999994543
-0.640755154610435529,0.000000000000000000,152.108000000000004093
-0.639244972831065184,0.000000000000000000,152.191000000000002501
-0.637720453882903882,0.000000000000000000,152.308999999999997499
-0.640756747629190215,0.000000000000000000,152.411000000000001364
-0.672231612182770943,-1.000000000000000000,152.507000000000005002
-0.709391960671552857,-1.000000000000000000,152.627999999999985903
-0.758619426226505134,-1.000000000000000000,152.700999999999993406
-0.817197911871016758,-1.000000000000000000,152.829000000000007731
-0.877485706639224539,-1.000000000000000000,152.909999999999996589
-0.913049850335888258,-1.000000000000000000,153.007000000000005002
-0.941969512807074971,-1.000000000000000000,153.127999999999985903
-0.963507126369399391,0.000000000000000000,153.222000000000008413
-0.979744766535136868,0.000000000000000000,153.346000000000003638
-0.997819157324939754,0.000000000000000000,153.419000000000011141
-1.000000000000000000,0.000000000000000000,153.516999999999995907
-1.000000000000000000,0.000000000000000000,153.631000000000000227
-1.000000000000000000,0.000000000000000000,153.734000000000008868
-1.000000000000000000,0.000000000000000000,153.846000000000003638
-0.999914040405697979,0.000000000000000000,153.942000000000007276
