0.27449999999999997
0.26675000000000004
0.2872500000000001
0.29874999999999996
0.31575
0.31099999999999994
0.2935000000000001
0.24575000000000002
0.2712500000000001
0.2962500000000001
0.2882500000000001
0.31100000000000005
0.33175
0.23350000000000004
0.27574999999999994
0.3244999999999999
0.26975000000000005
0.29100000000000004
0.3085
0.23824999999999996
0.30299999999999994
0.3247500000000001
0.31299999999999994
0.29525
0.264
0.3184999999999999
0.3187500000000001
0.29000000000000004
0.2975
0.2609999999999999
0.3137500000000001
0.27474999999999994
0.2955
0.28674999999999995
0.28675000000000006
0.30325
0.2892499999999999
0.28075000000000006
0.30274999999999996
0.29725
0.27425
0.281
0.3115
0.27949999999999997
0.24250000000000005
0.29100000000000004
0.29074999999999995
0.24099999999999988
0.28225
0.2669999999999999
0.24925000000000008
0.2587499999999999
0.25024999999999986
0.266
0.26449999999999996
0.259
0.22999999999999987
0.23624999999999996
0.21374999999999988
0.25849999999999995
0.2407499999999999
0.21899999999999997
0.18074999999999997
0.21224999999999983
0.23750000000000004
0.17949999999999988
0.2074999999999999
0.2025
0.23075
0.24175000000000002
0.19125000000000003
0.22399999999999998
0.26375000000000004
0.22824999999999995
0.23124999999999996
0.24350000000000005
0.2549999999999999
0.21999999999999997
0.24650000000000005
0.2992499999999999
0.25449999999999995
0.2799999999999999
0.28574999999999995
0.3045
0.31074999999999997
0.2895000000000001
0.2862500000000001
0.3145
0.31025000000000014
0.27949999999999997
0.32999999999999996
0.30725000000000013
0.31125
0.30974999999999997
0.30599999999999994
0.263
0.31799999999999995
0.2805000000000001
0.30000000000000004
0.31675
0.28925
0.253
0.3035
0.3182499999999999
0.2915
0.31199999999999994
0.3380000000000001
0.29825
0.28425
0.2929999999999999
0.32975
0.32699999999999996
0.3062499999999999
0.3267500000000001
0.3275
0.27374999999999994
0.3340000000000001
0.29925
0.31925000000000003
0.3205000000000001
0.32325000000000004
0.28375000000000006
0.32824999999999993
0.2845
0.30199999999999994
0.29400000000000004
0.2749999999999999
0.3222499999999999
0.3205
0.31675
0.3007500000000001
0.30025
0.3255
0.28625
0.29775000000000007
0.29400000000000004
0.29425
0.33799999999999997
0.33275
0.29700000000000004
0.3007500000000001
0.30074999999999996
0.30000000000000004
0.3225
0.32275
0.32300000000000006
0.3005
0.2982500000000001
0.29825
0.3025
0.3115
0.29725
0.28875000000000006
0.3107500000000001
0.3285
0.27275000000000005
0.30074999999999996
0.28500000000000003
0.26949999999999996
0.2855
0.2905
0.26625
0.265
0.265
0.25750000000000006
0.23050000000000004
0.28049999999999997
0.273
0.24749999999999994
0.24825000000000008
0.239
0.236
0.25
0.27174999999999994
0.23224999999999996
0.20199999999999996
0.246
0.21950000000000003
0.26874999999999993
0.24775000000000003
0.21400000000000008
0.23775000000000002
0.2530000000000001
0.24950000000000006
0.22199999999999986
0.22199999999999986
0.25849999999999995
0.21275
0.22950000000000004
0.235
0.253
0.2137500000000001
0.24974999999999992
0.236
0.24450000000000005
0.26374999999999993
0.271
0.29374999999999996
0.2895
0.28875000000000006
0.28125
0.2885000000000001
0.2779999999999999
0.3185
0.26224999999999987
0.29174999999999995
0.3075000000000001
0.33975
0.3005
0.29499999999999993
0.3027500000000001
0.3135
0.34524999999999995
0.3122499999999999
0.34625000000000006
0.32325000000000004
0.34350000000000014
0.3440000000000001
0.29800000000000004
0.28725
0.33299999999999996
0.2902499999999999
0.34875
0.31600000000000006
0.31900000000000006
0.3255
0.32799999999999996
0.2965000000000001
0.32399999999999995
0.32725000000000004
0.34750000000000003
0.32399999999999995
0.3155
0.30325
0.35525000000000007
0.2945
0.3105
0.30999999999999994
0.30500000000000005
0.3025000000000001
0.3245000000000001
0.32275
0.3215
0.345
0.30999999999999994
0.3125
0.32099999999999995
0.3255000000000001
0.34224999999999994
0.30674999999999997
0.31025
0.32499999999999996
0.29375000000000007
0.30000000000000016
0.3267500000000001
0.32599999999999996
0.30599999999999994
0.30825000000000014
0.3245
0.32499999999999996
0.32599999999999996
0.33175
0.30725
0.3204999999999999
0.30474999999999997
0.3242499999999999
0.30825
0.32899999999999996
0.3207500000000001
0.3245
0.29275000000000007
0.28125
0.32699999999999996
0.3205000000000001
0.30300000000000005
0.30525
0.32600000000000007
0.30200000000000005
0.30374999999999996
0.32275
0.3324999999999999
0.30074999999999996
0.30774999999999997
0.31125000000000014
0.30374999999999985
0.31000000000000005
0.2994999999999999
0.29474999999999996
0.27674999999999994
0.2752500000000001
0.32175
0.30300000000000005
0.24624999999999997
0.278
0.2579999999999999
0.2719999999999999
0.27674999999999994
0.26125
0.27425
0.26525
0.27825
0.248
0.272
0.26849999999999996
0.21350000000000002
0.23349999999999993
0.275
0.24975000000000003
0.2307499999999999
0.23875000000000002
0.2567499999999999
0.25325
0.25049999999999994
0.21225000000000005
0.21050000000000002
0.25075000000000003
0.24925000000000008
0.25
0.22599999999999998
0.26849999999999996
0.29174999999999995
0.2732499999999999
0.24750000000000005
0.2792499999999999
0.28974999999999995
0.2992500000000001
0.26874999999999993
0.2979999999999998
0.29575000000000007
0.27174999999999994
0.31375
0.3164999999999999
0.30800000000000005
0.30425
0.30300000000000005
0.3045
0.32175
0.3205
0.3147500000000001
0.30925
0.27675000000000005
0.3450000000000001
0.29875000000000007
0.3155000000000001
0.30525
0.3314999999999999
0.28674999999999995
0.29825
0.32099999999999995
0.30374999999999985
0.31975
0.30300000000000005
0.30574999999999997
0.3182499999999999
0.32525000000000004
0.30699999999999994
0.29625
0.278
0.32225000000000004
0.30425
0.3105
0.3035000000000001
0.3354999999999999
0.30474999999999997
0.29475000000000007
0.30074999999999996
0.3222499999999999
0.3242499999999999
0.28425
0.32075
0.29974999999999996
0.32375
0.3224999999999999
0.32125000000000004
0.3215000000000001
0.2929999999999999
0.3157500000000001
0.29499999999999993
0.3007500000000001
0.29600000000000004
0.3245
0.3045000000000001
0.31975
0.32100000000000006
0.3215
0.32399999999999995
0.3035
0.30225
0.3005
0.31599999999999995
0.32275
0.2892500000000001
0.3135
0.2885
0.31599999999999995
0.31000000000000005
0.30774999999999986
0.31025
0.31299999999999994
0.29300000000000004
0.2792499999999999
0.2815
0.2855
0.2832499999999999
0.25825
0.26450000000000007
0.25575000000000003
0.26949999999999996
0.271
0.23349999999999993
0.24424999999999997
0.28274999999999995
0.2512500000000001
0.20800000000000007
0.265
0.245
0.23175
0.23475000000000001
0.25175000000000003
0.2250000000000001
0.2280000000000001
0.18399999999999994
0.19324999999999992
0.1955
0.21900000000000008
0.19999999999999996
0.21175
0.2220000000000001
0.2290000000000001
0.20425000000000004
0.22399999999999998
0.20475
0.23399999999999999
0.20074999999999987
0.23125000000000007
0.21024999999999994
0.236
0.22025000000000006
0.26474999999999993
0.24575000000000002
0.27049999999999996
0.28200000000000003
0.249
0.22924999999999995
0.2795000000000001
0.27225
0.26025
0.24275000000000002
0.24075000000000002
0.28375000000000006
0.25675000000000014
0.27249999999999996
0.244
0.2705000000000001
0.27374999999999994
0.28425
0.2845
0.33725000000000005
0.3305
0.34750000000000014
0.2985000000000001
0.34324999999999994
0.3560000000000001
0.32099999999999995
0.33924999999999994
0.32699999999999996
0.3330000000000001
0.3177500000000001
0.32900000000000007
0.35724999999999996
0.34799999999999986
0.36775
0.36324999999999985
0.22575
0.346
0.34299999999999997
0.29275000000000007
0.3205
0.28500000000000003
0.3125
0.32399999999999995
0.2925000000000001
0.3155
0.3105000000000001
0.3122499999999999
0.3265
0.35325000000000006
0.33699999999999997
0.3215
0.32425000000000004
0.31799999999999995
0.3207500000000001
0.3347500000000001
0.35
0.3375
0.33025000000000004
0.30825000000000014
0.27775000000000005
0.29775000000000007
0.3055
0.33925000000000005
0.32924999999999993
0.3490000000000001
0.3245000000000001
0.3085
0.3145
0.32825000000000004
0.3265
0.30800000000000005
0.32825000000000004
0.32475
0.33324999999999994
0.29425
0.3135
0.3285
0.29975000000000007
0.34450000000000014
0.32300000000000006
0.3202499999999999
0.3065
0.32999999999999996
0.3247500000000001
0.3275
0.31599999999999995
0.31625000000000003
0.32899999999999996
0.34024999999999994
0.32724999999999993
0.3174999999999999
0.34350000000000014
0.3377500000000001
0.3085000000000001
0.31875
0.31125
0.35150000000000015
0.33875
0.33525000000000005
0.2905000000000001
0.3460000000000001
0.32300000000000006
0.3085
0.33125000000000004
0.32600000000000007
0.3440000000000001
0.3450000000000001
0.32725000000000004
0.3307500000000001
0.33525000000000005
0.35024999999999995
0.31325000000000003
0.3264999999999999
0.33000000000000007
0.29325
0.34924999999999984
0.32100000000000006
0.31225
0.32499999999999996
0.34950000000000003
0.32999999999999996
0.31074999999999997
0.32824999999999993
0.33000000000000007
0.34750000000000003
0.33224999999999993
0.32599999999999996
0.31375
0.3052499999999999
0.33725000000000005
0.31225
0.29800000000000004
0.30725
0.3267499999999999
0.3215
0.3245
0.2899999999999999
0.32499999999999996
0.32675
0.3142499999999999
0.3295
0.3225000000000001
0.3315
0.3235
0.32299999999999995
0.3274999999999999
0.3275
0.3257500000000001
0.32525000000000004
0.32475
0.32100000000000006
0.29974999999999996
0.34475
0.32225000000000004
0.32700000000000007
0.3072499999999999
0.3155
0.32975
0.32824999999999993
0.31299999999999994
0.3085000000000001
0.34650000000000014
0.30974999999999997
0.3132499999999999
0.3287499999999999
0.3285
0.3332499999999998
0.3107500000000001
0.29399999999999993
0.29375000000000007
0.34425000000000017
0.3265
0.32500000000000007
0.29075000000000006
0.34724999999999995
0.33025000000000004
0.31275
0.32400000000000007
0.32799999999999996
0.34550000000000014
0.34075
0.3360000000000001
0.3324999999999999
0.3255
0.3165
0.29074999999999995
0.29674999999999996
0.31275
0.30374999999999996
0.31699999999999995
0.33899999999999997
0.31025
0.3215000000000001
0.3487500000000001
0.30725
0.31600000000000006
0.31825000000000003
0.32875
0.3420000000000001
0.32624999999999993
0.33025000000000004
0.3457500000000001
0.33425000000000005
0.29575000000000007
0.3154999999999999
0.2955000000000001
0.30700000000000005
0.3385
0.3225
0.2925000000000001
0.31225
0.3275
0.30800000000000016
0.34824999999999995
0.3167500000000001
0.3315
0.3405
0.3055
0.32600000000000007
0.3075000000000001
0.3357500000000001
0.2929999999999999
0.3154999999999999
0.3335
0.3005
0.30874999999999997
0.32000000000000006
0.30099999999999993
0.30625
0.32125000000000004
0.32700000000000007
0.3430000000000001
0.32924999999999993
0.32975
0.34524999999999995
0.32500000000000007
0.32724999999999993
0.33100000000000007
0.348
0.34725000000000006
0.3157500000000001
0.3125
0.2962500000000001
0.33999999999999997
0.31275
0.3214999999999999
0.3107500000000001
0.3377500000000001
0.32699999999999996
0.3277500000000001
0.3195000000000001
0.32999999999999996
0.34924999999999995
0.3265
0.3295
0.3267499999999999
0.3237500000000001
0.34924999999999995
0.3085000000000001
0.3175
0.28374999999999995
0.3305
0.30874999999999997
0.32075
0.30325
0.3355
0.3237500000000001
0.3440000000000001
0.32325000000000004
0.3277500000000001
0.34650000000000003
0.3067500000000001
0.3407500000000001
0.3295
0.3245
0.34850000000000003
0.3095000000000001
0.33675
0.2849999999999999
0.33975
0.29674999999999996
0.32125000000000004
0.30274999999999996
0.3447500000000002
0.2919999999999999
0.31525000000000003
0.3277500000000001
0.3235
0.34375
0.3245000000000001
0.31475
0.32575
0.3277500000000001
0.344
0.32700000000000007
0.31925000000000003
0.2845
0.3404999999999999
0.3047500000000001
0.33799999999999997
0.29825
0.3372499999999998
0.31899999999999995
0.32525000000000004
0.3145
0.32525000000000004
0.34150000000000014
0.32200000000000006
0.32599999999999996
0.32700000000000007
0.32800000000000007
0.34875
0.30525
0.3137500000000001
0.28700000000000003
0.31525000000000003
0.32400000000000007
0.28375000000000006
0.30425
0.3064999999999999
0.30625
0.2965000000000001
0.29500000000000004
0.27349999999999997
0.25749999999999995
0.28325
0.24050000000000005
0.23625000000000007
0.22475000000000012
0.25925
0.28174999999999994
0.21350000000000002
0.2775000000000001
0.23624999999999996
0.21525000000000005
0.20500000000000007
0.22424999999999995
0.23975000000000002
0.2542500000000001
0.2835
0.26474999999999993
0.22275
0.261
0.34475
0.32600000000000007
0.2812500000000001
0.33450000000000013
0.38425
0.3175
0.36949999999999994
0.39775000000000005
0.34450000000000014
0.401
0.40049999999999986
0.4159999999999999
0.4052499999999999
0.394
0.44375
0.42774999999999996
0.41600000000000004
0.42275000000000007
0.4462499999999999
0.42899999999999994
0.4452499999999999
0.4432499999999999
0.41874999999999996
0.4574999999999999
0.46999999999999986
0.4205000000000001
0.43899999999999995
0.44225000000000003
0.45624999999999993
0.4292499999999999
0.45725000000000005
0.45999999999999985
0.45300000000000007
0.46124999999999994
0.4442499999999999
0.52825
0.5452499999999999
0.4362499999999998
0.42925
0.43425
0.38649999999999984
0.43199999999999983
0.41225
0.42325
0.4337500000000001
0.4524999999999999
0.4484999999999999
0.4185000000000001
0.42874999999999996
0.4212499999999999
0.4165
0.41999999999999993
0.40549999999999997
0.4159999999999999
0.40575000000000006
0.44275
0.48649999999999993
0.41325
0.33975
0.38650000000000007
0.39050000000000007
0.358
0.3317500000000001
0.396
0.39949999999999997
0.36724999999999997
0.3910000000000001
0.3550000000000001
0.39525
0.37249999999999994
0.3520000000000001
0.33999999999999997
0.37275000000000014
0.34775
0.35975
0.35925000000000007
0.41225
0.32799999999999985
0.37075
0.39949999999999997
0.3642500000000001
0.33575
0.3822500000000001
0.3640000000000001
0.34175
0.3430000000000001
0.3772500000000001
0.37424999999999986
0.3390000000000001
0.3410000000000001
0.3375
0.33825000000000016
0.35250000000000004
0.3504999999999999
0.34224999999999994
0.37950000000000006
0.357
0.38750000000000007
0.37650000000000006
0.371
0.35050000000000003
0.36550000000000005
0.36975
0.3607500000000001
0.33525000000000016
0.35750000000000004
0.35849999999999993
0.3370000000000001
0.3497499999999999
0.33899999999999986
0.34199999999999997
0.3647499999999999
0.3380000000000001
0.3627499999999998
0.34975
0.353
0.38949999999999985
0.3467500000000002
0.3460000000000001
0.36524999999999996
0.3435
0.3357500000000001
0.33824999999999994
0.36049999999999993
0.3637499999999999
0.3410000000000001
0.3405
0.35324999999999995
0.33899999999999997
0.35925000000000007
0.3577500000000001
0.34850000000000003
0.35950000000000015
0.38925
0.3552500000000002
0.3985000000000002
0.37024999999999997
0.3570000000000001
0.367
0.35850000000000004
0.383
0.33575
0.3737499999999999
0.36550000000000005
0.34324999999999994
0.36225000000000007
0.35824999999999985
0.35225000000000006
0.3600000000000001
0.33925000000000005
0.3572500000000002
0.35875
0.3620000000000002
0.3742500000000001
0.40025
0.35850000000000004
0.35325000000000006
0.368
0.3627499999999999
0.37449999999999994
0.3325
0.3435
0.33625000000000005
0.3427499999999999
0.3374999999999999
0.3617500000000001
0.344
0.3410000000000002
0.3317500000000001
0.37475000000000014
0.3560000000000001
0.36250000000000004
0.371
0.3842500000000001
0.36324999999999996
0.35225000000000006
0.3679999999999999
0.3384999999999999
0.36250000000000004
0.34075
0.36275
0.3732500000000001
0.3617499999999999
0.3365
0.371
0.35850000000000004
0.36249999999999993
0.3437499999999999
0.3712500000000001
0.35375
0.3740000000000001
0.35624999999999996
0.38350000000000006
0.35
0.35150000000000003
0.367
0.34525000000000006
0.35724999999999985
0.34150000000000014
0.34099999999999997
0.35250000000000004
0.34150000000000014
0.35024999999999995
0.3375
0.35199999999999987
0.35950000000000004
0.34225000000000005
0.3415
0.35224999999999995
0.3739999999999999
0.3334999999999999
0.4015000000000001
0.35225000000000006
0.3682500000000001
0.35225000000000006
0.36724999999999985
0.37149999999999994
0.34050000000000014
0.33675
0.33975
0.3404999999999999
0.3387499999999999
0.3524999999999999
0.35925000000000007
0.34175
0.37875000000000003
0.3720000000000001
0.37075
0.3760000000000001
0.36924999999999997
0.36550000000000005
0.3467500000000001
0.369
0.3360000000000001
0.36250000000000016
0.3325
0.34824999999999995
0.36024999999999996
0.36149999999999993
0.3364999999999999
0.3360000000000001
0.353
0.35824999999999996
0.33799999999999986
0.34225000000000005
0.3742500000000001
0.35925000000000007
0.3377500000000001
0.4045000000000001
0.3762500000000001
0.35424999999999984
0.3514999999999999
0.3640000000000001
0.3437499999999999
0.33875
0.351
0.37149999999999994
0.34099999999999986
0.33899999999999986
0.364
0.35625000000000007
0.358
0.37749999999999995
0.353
0.3880000000000001
0.33799999999999997
0.38475000000000004
0.3779999999999999
0.35325000000000006
0.38150000000000006
0.34225000000000005
0.35525000000000007
0.3365
0.3437499999999999
0.35850000000000004
0.34550000000000003
0.33875
0.3570000000000001
0.35875
0.3407500000000001
0.37575000000000003
0.3729999999999999
0.35824999999999996
0.3534999999999999
0.34624999999999995
0.35175
0.356
0.368
0.33999999999999997
0.35825000000000007
0.34024999999999994
0.3380000000000001
0.3510000000000001
0.34224999999999994
0.35024999999999995
0.33999999999999997
0.3527499999999999
0.3415
0.38125
0.3387500000000001
0.36350000000000005
0.34925000000000006
0.38649999999999984
0.3632500000000001
0.354
0.34824999999999995
0.36275
0.3394999999999999
0.33650000000000013
0.35924999999999996
0.34150000000000014
0.3404999999999998
0.35224999999999995
0.3722500000000002
0.3410000000000001
0.3942499999999999
0.34324999999999994
0.37475
0.3567499999999999
0.37775000000000003
0.38349999999999995
0.3547499999999999
0.36949999999999994
0.3384999999999999
0.36224999999999996
0.3424999999999999
0.3424999999999999
0.377
0.36550000000000005
0.3480000000000001
0.3327500000000001
0.3669999999999999
0.34950000000000003
0.3567500000000001
0.35724999999999996
0.3560000000000001
0.373
0.36324999999999985
0.3760000000000001
0.3514999999999999
0.3839999999999999
0.34299999999999986
0.34024999999999994
0.3354999999999999
0.35849999999999993
0.378
0.34175
0.33825000000000005
0.34099999999999997
0.3400000000000001
0.39349999999999985
0.3354999999999999
0.35924999999999996
0.36675
0.3435
0.3982500000000001
0.3534999999999999
0.34799999999999986
0.3490000000000002
0.37450000000000006
0.3592500000000002
0.35824999999999985
0.355
0.35524999999999995
0.34550000000000003
0.34124999999999994
0.3075000000000001
0.3032499999999999
0.3375
0.3115
0.2799999999999999
0.28275000000000017
0.3065
0.29875000000000007
0.26949999999999996
0.21075
0.26575000000000004
0.25949999999999995
0.2855000000000001
0.23799999999999988
0.2607499999999999
0.24
0.235
0.20799999999999996
0.3012499999999999
0.24624999999999986
0.239
0.24825000000000008
0.26250000000000007
0.26225
0.25175000000000003
0.26575000000000004
0.31499999999999995
0.34525000000000006
0.32425000000000015
0.36575
0.36575000000000013
0.44400000000000006
0.42400000000000004
0.4325000000000001
0.4032500000000001
0.44975
0.43875
0.40400000000000014
0.44099999999999995
0.46299999999999986
0.4367500000000001
0.4614999999999999
0.49124999999999985
0.4667500000000001
0.42825
0.4824999999999998
0.45750000000000013
0.46175
0.4902500000000001
0.47375
0.45899999999999996
0.43099999999999994
0.4395
0.44699999999999995
0.4365
0.3355
0.4880000000000001
0.4355
0.44699999999999984
0.4314999999999999
0.4325000000000001
0.31825000000000003
0.43975
0.359
0.39625
0.37250000000000005
0.38625
0.36150000000000004
0.3600000000000001
0.33799999999999997
0.3902499999999999
0.39
0.3679999999999999
0.3587499999999999
0.3355
0.38
0.3952500000000001
0.3662500000000001
0.378
0.36624999999999996
0.35975
0.37849999999999984
0.3619999999999999
0.367
0.34199999999999997
0.37749999999999995
0.3474999999999998
0.363
0.3632500000000001
0.3637499999999999
0.3985000000000001
0.3807499999999999
0.389
0.33924999999999994
0.39725
0.38949999999999985
0.357
0.3444999999999999
0.37650000000000006
0.36875
0.3454999999999999
0.3584999999999998
0.3860000000000001
0.3630000000000001
0.35575
0.37324999999999997
0.367
0.36550000000000005
0.36249999999999993
0.3667499999999999
0.36475000000000013
0.36124999999999985
0.37825
0.3689999999999999
0.3732500000000001
0.3729999999999999
0.3589999999999999
0.37449999999999994
0.3832500000000001
0.361
0.39400000000000013
0.3567499999999999
0.34475
0.3649999999999999
0.39225
0.3395
0.34550000000000003
0.36549999999999994
0.3639999999999999
0.36475000000000013
0.3647499999999999
0.39949999999999986
0.3435
0.372
0.38025
0.3630000000000001
0.37324999999999986
0.3859999999999999
0.36424999999999985
0.36275
0.363
0.34775
0.385
0.37275000000000014
0.34724999999999984
0.3607499999999999
0.37049999999999983
0.34275
0.39825
0.37825
0.39749999999999985
0.349
0.3650000000000001
0.38525
0.34475
0.3972500000000001
0.38775000000000015
0.3627499999999999
0.381
0.38550000000000006
0.36849999999999994
0.3670000000000001
0.37475
0.34225000000000017
0.3434999999999999
0.36550000000000005
0.36149999999999993
0.38350000000000006
0.362
0.35425000000000006
0.35850000000000004
0.37350000000000005
0.35924999999999985
0.35924999999999996
0.3677499999999998
0.36824999999999997
0.3597499999999999
0.35825000000000007
0.38549999999999984
0.38524999999999987
0.36249999999999993
0.37075000000000014
0.3457499999999999
0.3447499999999999
0.364
0.36324999999999996
0.37775000000000003
0.39475000000000005
0.34175
0.3490000000000001
0.3939999999999999
0.3589999999999999
0.37475
0.3517499999999999
0.3717499999999999
0.36324999999999996
0.3829999999999999
0.383
0.38375000000000004
0.36724999999999997
0.37575000000000003
0.34524999999999995
0.3657499999999998
0.3642500000000001
0.37050000000000005
0.3767499999999999
0.3792500000000001
0.358
0.39149999999999985
0.3877499999999998
0.34424999999999994
0.37275
0.36824999999999997
0.36624999999999985
0.3620000000000001
0.36450000000000005
0.379
0.3617500000000001
0.3717499999999998
0.3425
0.4065
0.37450000000000006
0.36749999999999994
0.3634999999999998
0.3835000000000002
0.36850000000000005
0.3684999999999998
0.38874999999999993
0.3384999999999999
0.37175
0.358
0.386
0.3749999999999999
0.34624999999999984
0.346
0.3817499999999999
0.37924999999999986
0.3457499999999999
0.34275
0.36524999999999996
0.3697499999999999
0.37224999999999997
0.37949999999999984
0.38075000000000014
0.396
0.4009999999999999
0.34299999999999997
0.3767499999999999
0.36424999999999996
0.38349999999999995
0.35650000000000004
0.3669999999999999
0.3417500000000001
0.3832500000000001
0.3617499999999999
0.36175
0.364
0.3607499999999999
0.37650000000000006
0.37775000000000014
0.39974999999999994
0.37750000000000006
0.39374999999999993
0.388
0.3390000000000001
0.3679999999999999
0.376
0.34725000000000006
0.359
0.36524999999999985
0.36324999999999996
0.3737499999999999
0.38324999999999987
0.362
0.3857499999999998
0.3644999999999998
0.39749999999999996
0.36649999999999994
0.3729999999999999
0.36124999999999996
0.37050000000000005
0.3727499999999999
0.3355
0.39074999999999993
0.36350000000000005
0.36324999999999985
0.3730000000000001
0.38475000000000004
0.3477499999999999
0.3450000000000001
0.37375
0.36275
0.385
0.367
0.38424999999999987
0.35175
0.373
0.35824999999999996
0.3514999999999999
0.3684999999999998
0.35650000000000004
0.3767499999999999
0.36824999999999997
0.3649999999999999
0.37675000000000014
0.3467499999999998
0.34725000000000006
0.3627499999999999
0.3577499999999999
0.34775
0.3460000000000001
0.38425
0.39475000000000005
0.3945000000000001
0.357
0.37424999999999997
0.38724999999999987
0.37275
0.3567500000000001
0.3979999999999999
0.40374999999999983
0.35075
0.36224999999999985
0.35650000000000015
0.37925
0.3317500000000001
0.32825000000000004
0.3152499999999999
0.30474999999999997
0.30374999999999996
0.27849999999999997
0.30600000000000005
0.27425
0.36475
0.2679999999999999
0.24250000000000005
0.2855000000000001
0.39725
0.23524999999999996
0.24724999999999997
0.25325
0.239
0.23349999999999993
0.26349999999999996
0.2357499999999999
0.29625
0.3062499999999999
0.30325
0.29125
0.31025
0.3075
0.2679999999999999
0.2925
0.35175
0.33099999999999996
0.3510000000000001
0.38825
0.40325
0.38774999999999993
0.4214999999999999
0.42125
0.4492499999999999
0.4242500000000001
0.4297500000000001
0.40549999999999997
0.46950000000000014
0.46825000000000006
0.46150000000000013
0.44700000000000006
0.493
0.47324999999999995
0.41774999999999995
0.4577499999999999
0.46824999999999994
0.486
0.48150000000000015
0.34199999999999986
0.4807499999999999
0.42825
0.46975
0.4685
0.42400000000000004
0.46325000000000005
0.4442499999999999
0.45675
0.42725000000000013
0.4744999999999998
0.43600000000000005
0.4312499999999999
0.4309999999999998
0.4365
0.41800000000000015
0.4294999999999999
0.4517499999999999
0.44175
0.42200000000000015
0.45699999999999996
0.42400000000000004
0.3965000000000001
0.42474999999999996
0.46099999999999997
0.43225
0.4442499999999999
0.4145000000000001
0.4285
0.41100000000000014
0.43900000000000006
0.45225000000000015
0.46125000000000005
0.42900000000000005
0.4287500000000001
0.41574999999999995
0.4262499999999999
0.43225
0.4415
0.44925000000000004
0.42225
0.4145
0.4435
0.44000000000000017
0.4425
0.4412499999999999
0.45075
0.43225
0.4165
0.42099999999999993
0.4385
0.4135
0.42899999999999994
0.4397500000000001
0.43399999999999994
0.45024999999999993
0.4182499999999999
0.4294999999999999
0.4610000000000001
0.4392499999999999
0.41225
0.47950000000000004
0.43800000000000006
0.4442499999999999
0.41900000000000004
0.4495
0.43674999999999997
0.4199999999999998
0.41974999999999996
0.4637500000000001
0.4365
0.43100000000000005
0.4367500000000001
0.43000000000000005
0.43000000000000005
0.4322499999999999
0.4295000000000001
0.4282499999999999
0.46175
0.4142500000000001
0.45875
0.44000000000000006
0.42500000000000004
0.4255
0.45125000000000015
0.4272499999999999
0.42825
0.44275
0.44000000000000006
0.4402499999999999
0.4317500000000001
0.4267500000000001
0.4434999999999999
0.42325
0.42725000000000013
0.43599999999999994
0.4587500000000002
0.4297500000000001
0.41375000000000006
0.4032500000000001
0.4697499999999999
0.43925000000000014
0.43700000000000006
0.42399999999999993
0.45325000000000004
0.4282499999999999
0.4155
0.43174999999999997
0.42300000000000004
0.42699999999999994
0.42699999999999994
0.44525000000000003
0.4222500000000001
0.4315
0.4442499999999999
0.44525000000000015
0.4265
0.4614999999999999
0.40525
0.43600000000000005
0.42725000000000013
0.43299999999999994
0.44099999999999995
0.41475000000000006
0.43125
0.42900000000000016
0.4322499999999999
0.43474999999999997
0.41800000000000004
0.43500000000000005
0.4265
0.41574999999999995
0.4297500000000001
0.42674999999999996
0.45725000000000005
0.44600000000000006
0.42500000000000004
0.4544999999999999
0.44375
0.4487500000000001
0.43900000000000006
0.44174999999999986
0.41600000000000004
0.4645
0.4402499999999999
0.4377500000000001
0.43900000000000006
0.43374999999999997
0.43274999999999997
0.4454999999999999
0.4415
0.42125
0.41649999999999987
0.41225
0.4252499999999999
0.4175000000000001
0.43725
0.4105
0.4654999999999999
0.44825000000000015
0.4357500000000001
0.42375000000000007
0.44725000000000004
0.4417500000000001
0.4315000000000001
0.45125000000000004
0.44175
0.4132500000000001
0.41925
0.42925
0.4145
0.44975
0.4327500000000001
0.44925000000000004
0.45950000000000013
0.42574999999999996
0.4335
0.4175
0.45100000000000007
0.4275
0.4427500000000002
0.4354999999999999
0.4634999999999998
0.42699999999999994
0.4162500000000001
0.4287500000000001
0.42774999999999996
0.4297500000000001
0.43374999999999986
0.44300000000000006
0.43274999999999986
0.42599999999999993
0.4182499999999999
0.42725
0.4505
0.4425000000000001
0.4337500000000001
0.45125000000000004
0.43899999999999995
0.42999999999999994
0.4355000000000001
0.4374999999999999
0.4285000000000001
0.4157500000000002
0.4447500000000001
0.41900000000000004
0.41774999999999984
0.4312499999999999
0.42625
0.43074999999999997
0.4205
0.41375000000000006
0.42974999999999997
0.43900000000000017
0.4405
0.41825
0.41774999999999995
0.45025000000000004
0.44825000000000015
0.44275
0.44125000000000014
0.4595
0.42200000000000015
0.4179999999999999
0.4159999999999999
0.4155
0.43574999999999997
0.44475
0.41700000000000015
0.41374999999999995
0.45400000000000007
0.44799999999999984
0.44900000000000007
0.4042500000000001
0.395
0.4112499999999999
0.3995000000000002
0.37275
0.378
0.38350000000000006
0.33125000000000016
0.35175
0.34124999999999983
0.31999999999999995
0.29900000000000004
0.2862500000000001
0.30199999999999994
0.3014999999999999
0.67175
0.34799999999999986
0.34725000000000006
0.3354999999999999
0.37049999999999983
0.33124999999999993
0.3324999999999999
0.36924999999999997
0.38250000000000006
0.3862500000000001
0.39725
0.4404999999999999
0.4315
0.45299999999999996
0.46424999999999983
0.4352499999999999
0.49875000000000014
0.485
0.4385000000000001
0.47
0.5015
0.4897499999999999
0.48449999999999993
0.4879999999999999
0.5147500000000002
0.5017499999999999
0.501
0.4942500000000001
0.4704999999999999
0.3889999999999999
0.5047500000000001
0.47950000000000004
0.44299999999999995
0.4804999999999998
0.47375
0.5015000000000002
0.46025000000000005
0.48975
0.46850000000000014
0.482
0.46724999999999994
0.78675
0.44299999999999995
0.4524999999999999
0.47625000000000006
0.45100000000000007
0.44725000000000015
0.4245
0.46424999999999994
0.45924999999999994
0.46699999999999986
0.43099999999999994
0.45225000000000004
0.45750000000000013
0.44275
0.4750000000000001
0.4517500000000001
0.47224999999999995
0.44200000000000006
0.4414999999999999
0.4527500000000001
0.43800000000000006
0.44399999999999995
0.477
0.44325000000000003
0.42300000000000004
0.44325000000000003
0.47650000000000003
0.4455000000000001
0.44075
0.45399999999999996
0.44225000000000003
0.41475000000000006
0.4654999999999999
0.4535
0.4597500000000001
0.45499999999999996
0.46099999999999985
0.45624999999999993
0.45300000000000007
0.4397500000000001
0.47399999999999987
0.4747499999999999
0.45275
0.42175000000000007
0.47224999999999995
0.46824999999999994
0.44275
0.44875
0.46724999999999994
0.45499999999999996
0.45124999999999993
0.4397500000000001
0.43499999999999994
0.44999999999999996
0.4392499999999999
0.45175
0.4452499999999999
0.47225000000000006
0.45199999999999996
0.45600000000000007
0.4567500000000001
0.41974999999999996
0.4537500000000001
0.4545
0.45575
0.4475
0.44099999999999984
0.44374999999999987
0.45200000000000007
0.44199999999999995
0.4435
0.4504999999999999
0.4357500000000001
0.43000000000000005
0.4557500000000001
0.4394999999999999
0.4515
0.43400000000000016
0.45025000000000004
0.4555
0.4544999999999999
0.4215
0.4537500000000001
0.4535
0.45075
0.4444999999999999
0.4367500000000001
0.44399999999999995
0.45325000000000004
0.43899999999999995
0.46125000000000005
0.46225000000000005
0.4532499999999998
0.42974999999999997
0.4555
0.45199999999999996
0.4605
0.43975
0.44074999999999986
0.4525
0.44175
0.41649999999999987
0.45499999999999996
0.45500000000000007
0.44499999999999984
0.4402499999999999
0.42799999999999994
0.44200000000000006
0.45199999999999996
0.4417500000000001
0.4405
0.4650000000000001
0.4335000000000001
0.4325000000000001
0.4537500000000001
0.42800000000000005
0.45899999999999996
0.43725
0.44674999999999987
0.4355000000000001
0.4535000000000001
0.4149999999999999
0.4382499999999999
0.43599999999999983
0.4397500000000002
0.44499999999999995
0.45299999999999996
0.44825000000000004
0.4575
0.44425000000000003
0.4355
0.44175
0.44099999999999995
0.45275
0.45125000000000015
0.41774999999999984
0.47975
0.4417500000000001
0.4425
0.4727500000000001
0.45600000000000007
0.4149999999999999
0.4365
0.4365
0.4637499999999999
0.42774999999999996
0.42174999999999996
0.42100000000000015
0.47275
0.4535
0.43200000000000005
0.45399999999999996
0.42800000000000005
0.44274999999999987
0.43925000000000003
0.4624999999999999
0.4277500000000001
0.4362499999999999
0.43825000000000014
0.47025000000000006
0.42274999999999996
0.41874999999999996
0.43774999999999986
0.47525000000000006
0.44125000000000014
0.4392499999999999
0.45099999999999996
0.4650000000000001
0.4667500000000001
0.45825000000000005
0.43700000000000006
0.43125000000000013
0.44225000000000003
0.4405
0.4392499999999999
0.43425
0.4544999999999999
0.42275000000000007
0.42300000000000004
0.4252499999999999
0.4405000000000001
0.44800000000000006
0.45300000000000007
0.44399999999999995
0.4482499999999999
0.4295
0.44299999999999984
0.40875000000000006
0.43074999999999997
0.4262499999999999
0.4182499999999998
0.37949999999999984
0.3684999999999998
0.38249999999999995
0.3669999999999999
0.39349999999999996
0.4125
0.34524999999999995
0.34675
0.34675
0.35724999999999985
0.3414999999999999
0.22375
0.3702500000000001
0.3207500000000001
0.3530000000000001
0.33775
0.2995000000000001
0.27325
0.3172499999999999
0.32199999999999984
0.35775
0.34750000000000003
0.37849999999999995
0.39350000000000007
0.42399999999999993
0.42225
0.40675000000000017
0.42825
0.4600000000000001
0.4422499999999999
0.4425
0.4685
0.43899999999999995
0.45675
0.4507500000000001
0.44699999999999995
0.44125000000000003
0.4487500000000001
0.45924999999999994
0.4827500000000001
0.5005
0.491
0.48325000000000007
0.4595
0.5035000000000001
0.5
0.47350000000000014
0.4079999999999999
0.65975
0.45475
0.43800000000000006
0.4687499999999999
0.44625000000000004
0.46099999999999985
0.45075
0.47
0.4720000000000001
0.46099999999999997
0.4737499999999999
0.476
0.4774999999999999
0.44599999999999995
0.47875
0.48524999999999996
0.47999999999999987
0.4159999999999999
0.43525000000000014
0.4817500000000001
0.44625000000000004
0.43600000000000005
0.46924999999999994
0.46825000000000006
0.4417500000000001
0.44775
0.45099999999999985
0.43875
0.4680000000000001
0.38149999999999995
0.20299999999999996
0.4677499999999999
0.46024999999999994
0.4657499999999999
0.45724999999999993
0.45825000000000005
0.4737499999999999
0.4119999999999999
0.48949999999999994
0.45499999999999996
0.45325000000000004
0.4687500000000001
0.46499999999999986
0.45075
0.4547500000000001
0.46024999999999994
0.4724999999999999
0.45675
0.45499999999999996
0.4577500000000002
0.47425000000000006
0.46225000000000005
0.4587499999999999
0.4345
0.44099999999999995
0.47024999999999995
0.43925000000000014
0.4415000000000001
0.43474999999999997
0.4497500000000001
0.45099999999999996
0.43899999999999995
0.4724999999999999
0.4495
0.4595
0.47850000000000004
0.46424999999999994
0.4402499999999999
0.4495000000000001
0.47199999999999986
0.44275
0.46499999999999986
0.4545
0.4242499999999999
0.44325000000000003
0.4580000000000001
0.40800000000000003
0.46724999999999983
0.45675
0.47499999999999987
0.4487500000000001
0.4607500000000001
0.4744999999999999
0.4535000000000001
0.45500000000000007
0.47124999999999995
0.4747499999999999
0.4504999999999999
0.45375
0.4514999999999999
0.4617500000000001
0.4552499999999998
0.44375
0.44099999999999984
0.45575
0.43899999999999995
0.46199999999999997
0.4720000000000001
0.4545000000000001
0.45300000000000007
0.45625000000000016
0.47499999999999987
0.45850000000000013
0.475
0.4535000000000001
0.4425000000000001
0.4402499999999999
0.44775
0.4545
0.42425
0.44274999999999987
0.47875
0.45625000000000016
0.47324999999999995
0.4225000000000001
0.4704999999999999
0.4295
0.45425000000000004
0.4617500000000002
0.47624999999999995
0.4357500000000001
0.44425000000000003
0.471
0.476
0.44725000000000015
0.43974999999999986
0.4515000000000001
0.4757500000000001
0.4425
0.4415
0.45424999999999993
0.45625000000000016
0.4159999999999999
0.4467500000000001
0.4425000000000001
0.42925000000000013
0.4635
0.4574999999999999
0.4724999999999999
0.44999999999999996
0.45425000000000004
0.4700000000000001
0.4392499999999999
0.43525
0.45099999999999996
0.47150000000000003
0.44525000000000003
0.4392499999999999
0.4517500000000001
0.45399999999999996
0.40675000000000017
0.47224999999999995
0.45475
0.43799999999999994
0.46299999999999997
0.45925000000000005
0.4275
0.46975
0.47375
0.4734999999999999
0.45525000000000004
0.44575
0.4457500000000001
0.4564999999999999
0.44599999999999995
0.4505000000000001
0.4570000000000001
0.4182500000000001
0.45899999999999985
0.4537500000000001
0.42899999999999994
0.4584999999999999
0.4577499999999999
0.46325000000000005
0.4415
0.4595
0.47025000000000006
0.475
0.43674999999999997
0.4547499999999999
0.46824999999999994
0.46124999999999994
0.44425000000000014
0.4507500000000001
0.45299999999999996
0.4395000000000001
0.47125000000000006
0.45200000000000007
0.46125000000000005
0.4385
0.46025000000000005
0.4544999999999999
0.4374999999999999
0.41574999999999995
0.4285000000000001
0.4032499999999999
0.40075000000000005
0.4145
0.39449999999999996
0.42099999999999993
0.40574999999999994
0.3534999999999999
0.372
0.41274999999999995
0.4022500000000001
0.3480000000000001
0.34275
0.37050000000000005
0.37049999999999994
0.35050000000000014
0.37925
0.3214999999999999
0.3177500000000001
0.35925000000000007
0.33425000000000005
0.351
0.3477499999999999
0.3407500000000001
0.33225000000000005
0.37624999999999986
0.3507500000000001
0.3255
0.34375
0.34324999999999994
0.32875
0.3174999999999999
0.36924999999999997
0.33624999999999994
0.3632500000000001
0.3275
0.3524999999999998
0.3527499999999999
0.37375000000000014
0.3639999999999999
0.35825000000000007
0.37450000000000006
0.40349999999999997
0.35625000000000007
0.36550000000000005
0.41549999999999987
0.4285000000000001
0.35424999999999984
0.39074999999999993
0.38375000000000004
0.40475000000000005
0.3862500000000001
0.4065000000000001
0.3920000000000001
0.42325
0.38675000000000004
0.4079999999999999
0.3969999999999999
0.406
0.4377500000000001
0.41000000000000003
0.42574999999999996
0.41925
0.46099999999999997
0.4125
0.43300000000000005
0.4600000000000001
0.4717499999999999
0.45375
0.45475
0.45299999999999985
0.45999999999999996
0.46475
0.42375000000000007
0.4790000000000001
0.4405000000000001
0.42375000000000007
0.49149999999999994
0.4407500000000001
0.4125
0.46150000000000013
0.44775
0.46024999999999994
0.4647500000000001
0.47625000000000006
0.4537499999999999
0.47450000000000003
0.44275
0.47724999999999995
0.43400000000000005
0.43500000000000005
0.4620000000000001
0.44325000000000003
0.44225000000000003
0.44500000000000006
0.4625
0.44025000000000014
0.4377500000000001
0.4294999999999999
0.4312499999999999
0.4527500000000001
0.45975
0.4279999999999998
0.4407500000000001
0.45075
0.45375
0.45325000000000004
0.4534999999999999
0.43125000000000013
0.42425
0.46424999999999994
0.4515
0.45499999999999985
0.4445
0.4675
0.42900000000000005
0.43125
0.43599999999999994
0.45199999999999996
0.4585
0.4600000000000002
0.44475
0.4302499999999999
0.45275
0.45600000000000007
0.472
0.4554999999999999
0.44825000000000004
0.45600000000000007
0.4315000000000001
0.4455
0.44325000000000014
0.4525
0.45975
0.45425000000000004
0.46525000000000005
0.4032499999999999
0.469
0.4800000000000001
0.4312499999999999
0.43074999999999986
0.4225
0.45625000000000004
0.46375
0.47424999999999995
0.45199999999999996
0.43925000000000003
0.46725000000000005
0.4292499999999999
0.4305
0.44374999999999987
0.4750000000000001
0.47125000000000006
0.45650000000000013
0.47324999999999995
0.48125000000000007
0.44974999999999987
0.42600000000000005
0.475
0.45025000000000004
0.41800000000000004
0.4454999999999999
0.4515
0.4764999999999998
0.44900000000000007
0.4434999999999999
0.43074999999999997
0.4494999999999999
0.44575
0.4437500000000002
0.4325
0.43325
0.4385
0.43425000000000014
0.45875
0.4637500000000001
0.43225
0.41725
0.4707499999999999
0.4590000000000001
0.4570000000000001
0.46024999999999994
0.4387500000000001
0.42725
0.4402499999999999
0.45424999999999993
0.40800000000000003
0.4555
0.4545000000000001
0.47824999999999984
0.44774999999999987
0.4670000000000001
0.46275
0.4342499999999999
0.45299999999999996
0.4375000000000001
0.45600000000000007
0.4475000000000001
0.46799999999999997
0.44774999999999987
0.43125
0.4425000000000001
0.4465
0.4185000000000001
0.44099999999999995
0.45950000000000013
0.4625
0.4465
0.42000000000000004
0.42225
0.45975
0.4175
0.43725
0.4407500000000001
0.44000000000000006
0.399
0.41149999999999987
0.44725000000000004
0.4267500000000002
0.3892500000000001
0.4257500000000001
0.4015000000000001
0.4139999999999999
0.3949999999999999
0.38
0.3767499999999999
0.35824999999999996
0.35550000000000004
0.37424999999999997
0.37350000000000005
0.3227500000000001
0.356
0.3657499999999999
0.2809999999999999
0.32925000000000004
0.367
0.3354999999999999
0.32199999999999984
0.3324999999999999
0.3354999999999999
0.3560000000000001
0.3364999999999999
0.38349999999999995
0.3155
0.35924999999999996
0.37575000000000003
0.39700000000000013
0.4099999999999998
0.39475000000000016
0.4244999999999999
0.40974999999999995
0.3972500000000001
0.42699999999999994
0.4365000000000001
0.4375000000000001
0.39849999999999997
0.43725000000000014
0.48724999999999996
0.44699999999999984
0.44574999999999987
0.44375
0.42925
0.44100000000000017
0.45625000000000004
0.46950000000000003
0.48975000000000013
0.4374999999999999
0.4547500000000001
0.4485
0.33625000000000005
0.5252499999999999
0.4570000000000001
0.4175
0.43074999999999997
0.4322499999999999
0.45524999999999993
0.44399999999999995
0.4394999999999999
0.46024999999999994
0.4640000000000001
0.46175
0.4424999999999999
0.4375
0.45799999999999996
0.4504999999999999
0.4402499999999998
0.43825000000000003
0.42075000000000007
0.4075000000000001
0.46325000000000005
0.4365000000000001
0.4215
0.4042499999999999
0.4177500000000002
0.43299999999999994
0.4305000000000001
0.4132500000000001
0.46050000000000013
0.45024999999999993
0.39174999999999993
0.4665
0.43700000000000006
0.44000000000000017
0.4305
0.43500000000000005
0.4392499999999999
0.3922500000000001
0.4172499999999999
0.45424999999999993
0.4445
0.4139999999999999
0.42774999999999996
0.4225000000000002
0.4179999999999999
0.4402499999999999
0.4327500000000002
0.42899999999999994
0.4305
0.4415
0.42874999999999996
0.4394999999999999
0.41625
0.45000000000000007
0.42600000000000005
0.44625000000000004
0.4202500000000001
0.46775
0.44700000000000006
0.4212499999999999
0.43800000000000006
0.4514999999999999
0.44525000000000003
0.43900000000000006
0.4507499999999999
0.45075
0.4305000000000001
0.43099999999999994
0.4312499999999999
0.4297500000000001
0.4194999999999999
0.4577500000000001
0.46075
0.4640000000000001
0.40800000000000003
0.43274999999999997
0.4482499999999999
0.42625
0.45775
0.4635
0.4357500000000001
0.4437500000000001
0.4525000000000001
0.43325
0.43725
0.42125
0.45100000000000007
0.4295
0.45275
0.4277500000000002
0.43499999999999994
0.45925000000000005
0.4610000000000001
0.41025
0.44625000000000015
0.4477500000000001
0.42374999999999996
0.46099999999999997
0.45424999999999993
0.4235
0.44300000000000017
0.4495000000000001
0.4517500000000001
0.4394999999999999
0.4587500000000001
0.4287500000000001
0.4515000000000001
0.4155000000000001
0.4265
0.4497500000000001
0.4600000000000001
0.4364999999999999
0.46024999999999994
0.42600000000000005
0.4244999999999999
0.4505
0.41900000000000004
0.45200000000000007
0.42925
0.4620000000000001
0.45299999999999996
0.45200000000000007
0.4155000000000001
0.4377500000000001
0.4264999999999999
0.4342499999999999
0.41800000000000015
0.4285
0.4275
0.43225
0.4364999999999999
0.43499999999999994
0.4302499999999999
0.43700000000000006
0.42899999999999994
0.43900000000000006
0.43025
0.45199999999999996
0.45299999999999996
0.4527499999999999
0.4222500000000001
0.41625
0.4342499999999999
0.42374999999999996
0.43325
0.4634999999999999
0.42600000000000005
0.43225
0.44275
0.4265
0.42674999999999996
0.44000000000000006
0.45399999999999996
0.4345
0.45224999999999993
0.45199999999999996
0.4432499999999999
0.4192499999999999
0.43299999999999994
0.4262499999999999
0.4405
0.4514999999999999
0.45299999999999996
0.42274999999999996
0.42725000000000013
0.46425000000000016
0.46350000000000013
0.44499999999999995
0.4387500000000001
0.42025
0.4324999999999999
0.47175
0.4215
0.4675
0.45999999999999996
0.40274999999999994
0.44775
0.4285000000000001
0.3965000000000001
0.4042499999999999
0.41674999999999995
0.39449999999999985
0.37349999999999994
0.3869999999999999
0.38650000000000007
0.37024999999999986
0.345
0.3717499999999999
0.3340000000000001
0.37725
0.3315
0.31174999999999997
0.35525000000000007
0.33224999999999993
0.3175
0.32900000000000007
0.3889999999999999
0.31800000000000006
0.32025000000000003
0.33875
0.33850000000000013
0.3072499999999999
0.32875
0.28775000000000006
0.369
0.391
0.36050000000000004
0.3930000000000001
0.40774999999999995
0.37
0.396
0.4052500000000001
0.3985000000000001
0.41700000000000004
0.45999999999999996
0.4192500000000001
0.4382499999999999
0.43000000000000016
0.46499999999999997
0.43574999999999997
0.46324999999999994
0.4627500000000002
0.5125
0.44575
0.44399999999999995
0.46499999999999997
0.41700000000000004
0.47650000000000003
0.43074999999999986
0.41999999999999993
0.48924999999999985
0.43674999999999986
0.43300000000000016
0.4367500000000001
0.4415000000000001
0.44125000000000003
0.4245
0.42274999999999996
0.42925
0.4524999999999999
0.4597499999999999
0.4375000000000001
0.39375000000000004
0.43900000000000006
0.41200000000000003
0.384
0.4152499999999999
0.4055000000000002
0.4025000000000001
0.4267500000000001
0.43699999999999994
0.41825
0.4215000000000001
0.43074999999999997
0.42125
0.41200000000000014
0.3925000000000002
0.4185000000000001
0.42000000000000004
0.406
0.39275000000000004
0.39849999999999997
0.4095000000000001
0.4347500000000001
0.43574999999999997
0.41925
0.4292499999999999
0.43025000000000013
0.4199999999999998
0.42100000000000015
0.43074999999999986
0.4275
0.41674999999999995
0.4284999999999999
0.392
0.3997499999999998
0.41475000000000006
0.40774999999999995
0.3890000000000001
0.43500000000000005
0.42275000000000007
0.4145
0.4192499999999999
0.41825
0.4265000000000001
0.42925
0.4172499999999999
0.42399999999999993
0.41675000000000006
0.43049999999999977
0.378
0.40774999999999995
0.42000000000000004
0.42200000000000004
0.42125
0.4155
0.37975000000000003
0.40674999999999994
0.4235000000000001
0.42699999999999994
0.42574999999999985
0.41974999999999996
0.41374999999999995
0.42674999999999996
0.4335
0.4185000000000002
0.4152500000000001
0.4162500000000001
0.40025
0.4185
0.41999999999999993
0.4105
0.41974999999999985
0.3985000000000001
0.3857499999999999
0.40674999999999994
0.4282499999999999
0.40674999999999994
0.42275000000000007
0.43100000000000016
0.4265
0.4302499999999999
0.43500000000000005
0.41525
0.4225
0.42874999999999996
0.4172500000000001
0.4145000000000001
0.40274999999999994
0.42900000000000016
0.4075000000000001
0.389
0.39674999999999994
0.39349999999999996
0.42474999999999996
0.4222500000000001
0.42475000000000007
0.37475
0.4215
0.42000000000000004
0.4275
0.4314999999999999
0.41349999999999987
0.42900000000000005
0.4169999999999999
0.41574999999999984
0.42674999999999985
0.40849999999999986
0.42900000000000005
0.40825
0.40874999999999995
0.41774999999999995
0.38124999999999987
0.41725
0.39674999999999994
0.4269999999999998
0.40375000000000005
0.4175000000000001
0.3972500000000001
0.41174999999999995
0.41825
0.401
0.4312499999999999
0.39549999999999996
0.39475000000000005
0.4175
0.42200000000000004
0.3999999999999999
0.4225
0.39675000000000005
0.40649999999999986
0.3867499999999999
0.41575000000000006
0.37450000000000006
0.40500000000000014
0.40874999999999995
0.4332499999999998
0.42825000000000013
0.41675000000000006
0.3922500000000001
0.37275
0.36975
0.38249999999999995
0.3624999999999998
0.374
0.35924999999999996
0.3759999999999999
0.3817499999999999
0.3202499999999999
0.3520000000000001
0.38850000000000007
0.34524999999999995
0.2885
0.32675
0.34725000000000006
0.3207500000000001
0.3267500000000001
0.32775
0.3242499999999999
0.3075
0.3305000000000001
0.38249999999999984
0.3112499999999999
0.29699999999999993
0.29974999999999985
0.251
0.272
0.27949999999999986
0.24475000000000002
0.26549999999999996
0.278
0.3095
0.3102499999999999
0.32725000000000004
0.2912500000000001
0.31975
0.3305000000000001
0.3267499999999999
0.3425
0.3335
0.34950000000000003
0.35475
0.34175
0.31975
0.37775000000000003
0.3919999999999999
0.35350000000000015
0.39949999999999997
0.3842500000000001
0.37675000000000003
0.39675000000000005
0.36249999999999993
0.38149999999999984
0.39625
0.38450000000000006
0.39425
0.4085000000000001
0.42800000000000005
0.42299999999999993
0.4660000000000001
0.40425
0.37349999999999994
0.43474999999999997
0.4072499999999999
0.4204999999999999
0.4175
0.39575000000000005
0.4042499999999999
0.42674999999999996
0.40575000000000006
0.4457500000000001
0.4159999999999999
0.4259999999999998
0.4242499999999999
0.4195000000000001
0.40374999999999994
0.42400000000000004
0.39675000000000005
0.3777499999999999
0.3942500000000001
0.46799999999999986
0.3849999999999999
0.3995000000000001
0.41925
0.42000000000000004
0.4105000000000001
0.4169999999999999
0.42799999999999994
0.42899999999999994
0.39875000000000005
0.40774999999999983
0.4022499999999999
0.4172499999999999
0.43775
0.42174999999999996
0.39949999999999997
0.3949999999999999
0.39674999999999994
0.3999999999999998
0.38175000000000003
0.41875000000000007
0.4125
0.4165
0.43274999999999986
0.40775000000000006
0.40800000000000003
0.4232500000000001
0.41574999999999995
0.42075000000000007
0.4225
0.42674999999999985
0.42799999999999994
0.4212499999999999
0.44299999999999995
0.39349999999999985
0.39374999999999993
0.42499999999999993
0.397
0.39525
0.42125
0.41400000000000003
0.4307500000000001
0.41974999999999985
0.42175000000000007
0.40174999999999994
0.42925
0.43225
0.4169999999999999
0.4132500000000001
0.4225
0.42499999999999993
0.40774999999999995
0.42225
0.39925
0.38649999999999995
0.41849999999999987
0.3959999999999999
0.4202499999999999
0.41874999999999984
0.4069999999999999
0.4185000000000001
0.4202499999999998
0.40649999999999986
0.42174999999999996
0.4152499999999999
0.43300000000000016
0.39949999999999997
0.4317500000000001
0.4222499999999999
0.41875000000000007
0.4334999999999999
0.41775000000000007
0.40425
0.3835000000000002
0.4335
0.41774999999999984
0.4214999999999999
0.3989999999999999
0.40874999999999995
0.42599999999999993
0.42025
0.40900000000000003
0.41200000000000003
0.4225
0.4252499999999999
0.385
0.40900000000000003
0.42099999999999993
0.42225
0.40474999999999994
0.3849999999999999
0.41999999999999993
0.3859999999999999
0.43674999999999997
0.41525
0.4202499999999999
0.39475000000000005
0.4122499999999999
0.41899999999999993
0.41375000000000006
0.41000000000000003
0.40900000000000003
0.41974999999999996
0.41674999999999995
0.385
0.4099999999999999
0.4275000000000001
0.41649999999999987
0.42175000000000007
0.4175
0.44500000000000006
0.4035000000000001
0.4135
0.42025
0.39049999999999985
0.41874999999999984
0.4275000000000001
0.4199999999999998
0.4059999999999999
0.39249999999999996
0.4222499999999999
0.4322499999999999
0.43199999999999994
0.4185000000000001
0.4099999999999999
0.4095
0.41474999999999995
0.4075000000000001
0.40575000000000006
0.41625
0.38375000000000004
0.40675000000000017
0.41775000000000007
0.38449999999999995
0.40349999999999997
0.3962500000000001
0.39949999999999986
0.4165000000000001
0.4069999999999999
0.3889999999999998
0.3760000000000001
0.3899999999999999
0.40974999999999995
0.39049999999999996
0.37550000000000006
0.39175000000000004
0.36575000000000013
0.33975
0.32225000000000015
0.36150000000000004
0.365
0.3082499999999999
0.33024999999999993
0.30374999999999996
0.31625000000000014
0.3002499999999999
0.2952499999999999
0.259
0.29674999999999996
0.2902500000000001
0.28700000000000003
0.2839999999999998
0.28475000000000006
0.2992499999999999
0.25549999999999995
0.30425
0.28449999999999986
0.28800000000000003
0.25675000000000003
0.3019999999999998
0.29525
0.3005000000000001
0.29925
0.2872499999999999
0.2879999999999999
0.3284999999999999
0.32025000000000003
0.31725000000000014
0.3185
0.355
0.3457499999999999
0.38150000000000006
0.34524999999999995
0.32500000000000007
0.4152499999999999
0.36324999999999985
0.38774999999999993
0.3807499999999999
0.4272499999999999
0.3772500000000001
0.39549999999999996
0.43074999999999997
0.42125
0.42925
0.42899999999999994
0.4264999999999999
0.41849999999999987
0.41625
0.4125
0.3879999999999999
0.3642500000000002
0.4342499999999999
0.4192499999999999
0.42200000000000015
0.41975000000000007
0.41475000000000006
0.41425
0.41925
0.42275000000000007
0.42174999999999996
0.40800000000000003
0.41700000000000004
0.39500000000000013
0.4245000000000001
0.41074999999999995
0.43799999999999994
0.41674999999999995
0.38149999999999984
0.4447500000000001
0.40800000000000003
0.41600000000000015
0.3952500000000001
0.41000000000000014
0.4307500000000001
0.4202500000000001
0.40549999999999997
0.388
0.41974999999999996
0.41574999999999984
0.4032500000000001
0.403
0.41974999999999996
0.43599999999999994
0.38825
0.41800000000000004
0.39525
0.44000000000000006
0.4135000000000001
0.39925
0.3992499999999999
0.40875000000000006
0.39525
0.3949999999999999
0.42174999999999985
0.39025
0.4182499999999999
0.42925000000000013
0.4012499999999999
0.4322499999999999
0.4352499999999999
0.4235
0.4002499999999999
0.40274999999999994
0.3939999999999999
0.37250000000000005
0.43125
0.3985000000000001
0.39949999999999997
0.42774999999999996
0.4255000000000001
0.41675000000000006
0.41700000000000004
0.38475000000000004
0.4105
0.43499999999999994
0.43025000000000013
0.39575000000000005
0.41475000000000006
0.41825
0.40925
0.4222499999999999
0.41474999999999995
0.3827499999999999
0.41774999999999995
0.44800000000000006
0.39875000000000005
0.40025
0.4345
0.4275
0.4132500000000001
0.4302499999999999
0.4205
0.4125000000000001
0.4252499999999999
0.4035000000000001
0.40449999999999986
0.43525
0.41900000000000004
0.41925
0.42000000000000004
0.38675000000000004
0.393
0.4344999999999999
0.40674999999999983
0.3962499999999999
0.3932499999999999
0.42825000000000013
0.41474999999999995
0.41574999999999995
0.40975000000000006
0.39425
0.4202499999999999
0.39275000000000004
0.396
0.42799999999999994
0.39749999999999985
0.4172499999999999
0.4029999999999999
0.39700000000000013
0.3889999999999999
0.40425
0.4195
0.40149999999999997
0.37750000000000006
0.42125
0.4002499999999999
0.38149999999999995
0.38324999999999987
0.39649999999999996
0.4052500000000001
0.41674999999999995
0.39775000000000005
0.38949999999999996
0.4029999999999999
0.3999999999999999
0.3887499999999998
0.40149999999999997
0.40575000000000006
0.42725
0.4072499999999999
0.3912500000000001
0.3697499999999999
0.389
0.3907499999999998
0.39974999999999994
0.3989999999999999
0.3869999999999999
0.4095
0.38775000000000004
0.385
0.38575000000000015
0.39
0.3817499999999999
0.35150000000000015
0.33175
0.34325000000000006
0.37475
0.34575
0.3357500000000001
0.3294999999999999
0.30499999999999994
0.33125000000000004
0.3024999999999999
0.31225
0.3842500000000001
0.25149999999999995
0.3195
0.28674999999999995
0.2729999999999999
0.25049999999999994
0.30300000000000016
0.29275000000000007
0.32500000000000007
0.33250000000000013
0.27025
0.2702499999999999
0.3375
0.31999999999999984
0.2865000000000001
0.32200000000000006
0.33075
0.33999999999999997
0.31775
0.3320000000000001
0.33224999999999993
0.36449999999999994
0.36125000000000007
0.31775
0.35425000000000006
0.38449999999999984
0.37149999999999994
0.32000000000000006
0.3792500000000001
0.38249999999999995
0.37850000000000006
0.3430000000000001
0.39
0.36824999999999997
0.4019999999999999
0.35750000000000004
0.35950000000000004
0.3589999999999999
0.41000000000000003
0.39874999999999994
0.4019999999999998
0.26750000000000007
0.36650000000000005
0.404
0.36524999999999996
0.38775000000000004
0.42199999999999993
0.42474999999999996
0.38449999999999995
0.40049999999999997
0.42574999999999996
0.41500000000000004
0.40975000000000006
0.42999999999999994
0.4079999999999999
0.4005000000000001
0.4125
0.4199999999999998
0.41300000000000014
0.43100000000000016
0.38325
0.4415
0.41925
0.4235
0.4125
0.43025
0.41825
0.4352499999999999
0.42900000000000005
0.44300000000000006
0.4235000000000001
0.42399999999999993
0.42175000000000007
0.42725
0.42325
0.4322499999999999
0.4109999999999999
0.42300000000000015
0.3982500000000001
0.41775000000000007
0.40475000000000005
0.4222499999999999
0.4015000000000001
0.42475000000000007
0.43025000000000013
0.42500000000000016
0.41975000000000007
0.42499999999999993
0.42525
0.4085
0.42075000000000007
0.41975000000000007
0.41074999999999995
0.4065
0.41600000000000004
0.40949999999999986
0.4132500000000001
0.3732500000000001
0.42625
0.4132500000000001
0.4165000000000001
0.42099999999999993
0.4122499999999999
0.42400000000000015
0.4112499999999999
0.4165
0.4427500000000002
0.42974999999999997
0.40949999999999986
0.4255
0.4225
0.42399999999999993
0.43700000000000006
0.4265
0.4457500000000001
0.4204999999999999
0.3919999999999999
0.4475
0.4055000000000001
0.43199999999999994
0.42274999999999996
0.41474999999999995
0.42525
0.41074999999999995
0.43875
0.4495000000000001
0.4245000000000001
0.43574999999999997
0.41900000000000004
0.4219999999999998
0.42425
0.41900000000000004
0.4022499999999999
0.4242499999999999
0.39149999999999996
0.43799999999999994
0.4245
0.42025
0.40625
0.42999999999999994
0.42200000000000004
0.4234999999999999
0.41225
0.42199999999999993
0.4392499999999999
0.40625
0.44225000000000003
0.44500000000000006
0.4079999999999998
0.4345
0.4219999999999998
0.42799999999999994
0.4195
0.4069999999999999
0.42725000000000013
0.40025
0.4252499999999999
0.41374999999999995
0.4315
0.41900000000000004
0.42374999999999996
0.4224999999999999
0.4295
0.41425
0.42525
0.42374999999999996
0.4175000000000002
0.41449999999999987
0.43500000000000005
0.4079999999999999
0.4464999999999999
0.3902500000000001
0.4614999999999999
0.42874999999999996
0.4175
0.43674999999999997
0.43374999999999997
0.42100000000000004
0.4257500000000001
0.42725
0.41400000000000003
0.43574999999999997
0.4217500000000002
0.4245000000000001
0.4447500000000001
0.4069999999999998
0.43299999999999994
0.40825
0.4129999999999999
0.41349999999999987
0.41000000000000003
0.40175000000000005
0.4195
0.4232500000000001
0.4089999999999999
0.41325
0.4102499999999999
0.42375000000000007
0.4259999999999998
0.40900000000000003
0.40675000000000017
0.37650000000000006
0.3857499999999999
0.38449999999999984
0.386
0.4002499999999999
0.3674999999999998
0.35950000000000004
0.37875000000000003
0.36850000000000005
0.3427499999999999
0.35024999999999995
0.3217500000000001
0.3384999999999999
0.30999999999999994
0.3247500000000001
0.3085
0.3102499999999999
0.3132499999999999
0.3054999999999999
0.30325
0.33925000000000016
0.37649999999999995
0.30125
0.29800000000000004
0.3407500000000001
0.34099999999999986
0.2905
0.3165000000000001
0.33899999999999986
0.3235
0.32700000000000007
0.3932500000000001
0.34424999999999994
0.3467499999999999
0.3617499999999999
0.3514999999999999
0.3849999999999999
0.41574999999999995
0.41700000000000015
0.4095000000000002
0.4265
0.44800000000000006
0.39449999999999996
0.4055000000000001
0.40900000000000003
0.4322499999999999
0.45675
0.40449999999999986
0.4405000000000001
0.42625000000000013
0.4215000000000002
0.4242500000000001
0.4155
0.4665
0.47550000000000014
0.45424999999999993
0.4045000000000002
0.44675
0.45199999999999996
0.406
0.4305
0.4787499999999999
0.4505
0.4367500000000001
0.4354999999999999
0.46450000000000014
0.53675
0.42800000000000016
0.41500000000000004
0.4392499999999999
0.4159999999999999
0.4029999999999999
0.42725000000000013
0.4052500000000001
0.4474999999999999
0.43074999999999997
0.4237500000000002
0.4149999999999999
0.41574999999999995
0.42774999999999996
0.40374999999999994
0.43525
0.43674999999999997
0.40974999999999984
0.41425
0.39749999999999996
0.43600000000000005
0.41074999999999995
0.4367500000000001
0.4155
0.39025
0.45999999999999996
0.42899999999999994
0.42674999999999996
0.42699999999999994
0.43775
0.4275
0.40900000000000003
0.4035000000000001
0.41400000000000003
0.4315
0.41374999999999995
0.43225
0.41049999999999986
0.43525
0.4069999999999999
0.43975
0.4374999999999999
0.4089999999999999
0.40774999999999995
0.41400000000000003
0.4175000000000001
0.4175000000000001
0.4495
0.4235000000000001
0.4139999999999999
0.4355000000000001
0.4347500000000001
0.40975000000000006
0.41000000000000003
0.45099999999999985
0.4132499999999999
0.43700000000000017
0.43900000000000006
0.40249999999999997
0.4139999999999999
0.4404999999999999
0.41625
0.4437500000000001
0.41825
0.43374999999999997
0.4252499999999999
0.41225
0.4507500000000001
0.4325000000000001
0.4375
0.43300000000000005
0.44974999999999987
0.43600000000000005
0.43500000000000005
0.4315
0.4495000000000001
0.42999999999999994
0.3982500000000001
0.45300000000000007
0.4315000000000002
0.41200000000000003
0.39575000000000005
0.4295
0.4297500000000001
0.42900000000000005
0.4455000000000001
0.44725000000000004
0.4372499999999999
0.41249999999999987
0.42425
0.4105000000000001
0.4362499999999999
0.4169999999999999
0.41474999999999995
0.41899999999999993
0.40725
0.4312499999999999
0.42099999999999993
0.39975000000000005
0.41400000000000003
0.4335000000000001
0.398
0.43325
0.4462499999999999
0.41474999999999995
0.41349999999999987
0.4264999999999999
0.44499999999999995
0.43700000000000006
0.41549999999999987
0.43225
0.44899999999999995
0.3957499999999998
0.44725000000000015
0.42425
0.41174999999999995
0.3955000000000001
0.4155000000000001
0.41474999999999995
0.41825
0.4495
0.41575000000000006
0.41999999999999993
0.42599999999999993
0.42499999999999993
0.4139999999999999
0.4372499999999999
0.41225
0.40375000000000005
0.4172499999999998
0.4597499999999999
0.4342499999999999
0.4192500000000001
0.4225000000000001
0.43800000000000006
0.43399999999999994
0.4035000000000001
0.44825000000000004
0.44599999999999995
0.41574999999999995
0.41400000000000015
0.42899999999999994
0.4242499999999999
0.41500000000000015
0.42074999999999985
0.42525
0.3919999999999998
0.4159999999999999
0.4507500000000001
0.3769999999999999
0.40475000000000005
0.37625
0.40674999999999994
0.40200000000000014
0.38250000000000006
0.4135000000000001
0.41074999999999995
0.395
0.394
0.34925000000000006
0.38349999999999995
0.37750000000000017
0.3420000000000001
0.3487500000000001
0.3480000000000001
0.3364999999999999
0.3380000000000002
0.3082499999999999
0.32125000000000004
0.30825
0.473
0.43299999999999994
0.35299999999999987
0.34125000000000016
0.33975
0.32375
0.38575000000000015
0.3865000000000002
0.32675
0.3477500000000001
0.38649999999999984
0.33125000000000004
0.36125000000000007
0.37575000000000014
0.3819999999999999
0.366
0.38024999999999987
0.36650000000000005
0.3649999999999999
0.37250000000000005
0.38874999999999993
0.3504999999999999
0.39474999999999993
0.381
0.39174999999999993
0.37324999999999997
0.42699999999999994
0.4245
0.40900000000000014
0.3869999999999999
0.44600000000000006
0.4215000000000001
0.43400000000000005
0.43000000000000005
0.4485
0.45575
0.4305
0.45600000000000007
0.4505000000000001
0.42300000000000015
0.45799999999999996
0.4684999999999999
0.43299999999999983
0.47175
0.41400000000000003
0.4257500000000001
0.4555
0.43125000000000013
0.4397500000000002
0.4115
0.4620000000000001
0.42899999999999994
0.4297500000000001
0.4387500000000001
0.42800000000000005
0.4364999999999999
0.4267500000000001
0.42525
0.42525
0.4442499999999999
0.38625
0.4600000000000001
0.4275
0.4457500000000001
0.41449999999999987
0.42000000000000004
0.4507500000000001
0.4375
0.42825
0.43525
0.45675
0.42599999999999993
0.41900000000000004
0.4287500000000001
0.4334999999999999
0.4527499999999999
0.4235000000000001
0.40449999999999997
0.4285000000000001
0.41475000000000006
0.4272499999999999
0.43174999999999997
0.4195
0.41674999999999995
0.42774999999999996
0.4272499999999999
0.4254999999999999
0.41800000000000015
0.4610000000000001
0.46025000000000005
0.42900000000000005
0.4152499999999999
0.45600000000000007
0.45799999999999985
0.4392499999999999
0.4089999999999998
0.44325000000000003
0.4315
0.43100000000000005
0.40574999999999994
0.43100000000000005
0.42925000000000013
0.41400000000000015
0.4169999999999999
0.4375000000000001
0.41874999999999996
0.42425
0.4245000000000001
0.4079999999999999
0.39149999999999996
0.38650000000000007
0.4039999999999999
0.38625
0.37775000000000003
0.39475000000000016
0.37850000000000006
0.3435
0.3597500000000001
0.35024999999999995
0.3657499999999999
0.3727499999999999
0.3384999999999999
0.26475000000000004
0.36750000000000005
0.37675000000000014
0.32175
0.30999999999999994
0.357
0.34750000000000003
0.29600000000000004
0.3425
0.32299999999999984
0.3437499999999999
0.3440000000000001
0.42199999999999993
0.4245
0.394
0.3850000000000001
0.39125
0.37925
0.41900000000000004
0.4450000000000002
0.40775000000000006
0.37250000000000005
0.44625000000000004
0.4455
0.42925
0.44625000000000015
0.4385000000000001
0.45099999999999996
0.4492499999999999
0.4849999999999999
0.47875
0.46725000000000005
0.5147499999999999
0.514
0.45850000000000013
0.44625000000000004
0.45825000000000005
0.4635
0.4655
0.4442499999999999
0.4717499999999999
0.44725000000000004
0.4577500000000001
0.43825000000000003
0.46224999999999994
0.4727499999999999
0.45925000000000005
0.4565
0.45799999999999985
0.4635
0.45699999999999996
0.4527499999999999
0.4704999999999999
0.45200000000000007
0.4819999999999999
0.4565
0.4445
0.4640000000000001
0.4849999999999999
0.46325000000000016
0.47025000000000006
0.4597499999999999
0.4590000000000001
0.47350000000000003
0.472
0.4594999999999999
0.4467500000000001
0.45675
0.46299999999999997
0.4607500000000001
0.45875
0.4670000000000001
0.47
0.4554999999999999
0.44775
0.48025000000000007
0.48649999999999993
0.4665
0.47624999999999995
0.479
0.474
0.46825000000000006
0.4587499999999999
0.4575
0.45799999999999996
0.45724999999999993
0.4585
0.46299999999999986
0.4507500000000001
0.46425000000000005
0.46924999999999994
0.46424999999999994
0.4697500000000001
0.4604999999999999
0.50625
0.48424999999999996
0.4900000000000001
0.4747500000000001
0.4604999999999999
0.4667500000000001
0.4575
0.4594999999999999
0.44925000000000004
0.4565
0.45399999999999985
0.47125000000000006
0.44675
0.4484999999999999
0.4597500000000001
0.4967499999999999
0.4580000000000001
0.45399999999999996
0.4744999999999998
0.46199999999999997
0.4555000000000001
0.45299999999999996
0.46799999999999997
0.4727500000000001
0.48924999999999985
0.47975
0.469
0.48
0.46724999999999983
0.4620000000000001
0.4580000000000001
0.49475
0.48550000000000004
0.43699999999999994
0.45399999999999996
0.4455000000000001
0.46724999999999994
0.48575
0.46299999999999997
0.46225000000000005
0.45399999999999996
0.4724999999999998
0.44700000000000006
0.47275
0.4717500000000001
0.4879999999999999
0.47024999999999995
0.4714999999999999
0.48425000000000007
0.4507500000000001
0.4882500000000002
0.4757500000000001
0.477
0.4357500000000001
0.4552499999999998
0.48350000000000015
0.4635
0.4427500000000001
0.46099999999999985
0.46825000000000006
0.4645
0.4684999999999999
0.48249999999999993
0.4615
0.49349999999999994
0.4547499999999999
0.469
0.46724999999999994
0.45175
0.4425
0.44000000000000006
0.45625000000000016
0.4555
0.482
0.44000000000000017
0.43474999999999997
0.46099999999999997
0.4507500000000001
0.46599999999999997
0.44825000000000015
0.45724999999999993
0.47150000000000003
0.46824999999999994
0.4614999999999999
0.47425000000000006
0.47975
0.4917499999999999
0.4892500000000001
0.4660000000000001
0.4435
0.4859999999999999
0.46975
0.46699999999999986
0.45324999999999993
0.4605
0.44799999999999995
0.4384999999999999
0.49124999999999996
0.44975
0.4710000000000001
0.44574999999999987
0.44075
0.45924999999999994
0.4527500000000001
0.45024999999999993
0.4282499999999999
0.38649999999999984
0.41875000000000007
0.4385
0.39849999999999997
0.37250000000000016
0.39274999999999993
0.40625
0.4405
0.43999999999999984
0.37049999999999994
0.3739999999999999
0.38949999999999996
0.3770000000000001
0.3557499999999999
0.42825
0.4404999999999999
0.4165000000000001
0.41574999999999984
0.39075000000000004
0.40874999999999995
0.39374999999999993
0.40449999999999997
0.4535
0.4342499999999999
0.4555
0.4145000000000002
0.42174999999999985
0.42425
0.45775
0.45499999999999996
0.4744999999999999
0.48175
0.4435
0.47824999999999995
0.47825000000000006
0.47924999999999995
0.47325000000000017
0.5164999999999998
0.51825
0.48975000000000013
0.49050000000000005
0.5427500000000001
0.47499999999999987
0.49650000000000005
0.522
0.4640000000000001
0.47050000000000003
0.5017499999999999
0.5095000000000001
0.4784999999999999
0.49475
0.4890000000000001
0.5002499999999999
0.496
0.5107499999999999
0.4972500000000001
0.48024999999999995
0.47575
0.496
0.4384999999999999
0.48324999999999996
0.4707500000000001
0.5024999999999998
0.4849999999999999
0.48824999999999985
0.45699999999999985
0.4650000000000001
0.47425000000000006
0.4687500000000001
0.48849999999999993
0.47475
0.45300000000000007
0.45599999999999985
0.46299999999999997
0.4635
0.45525000000000004
0.4525
0.46750000000000014
0.4594999999999999
0.47424999999999995
0.48
0.4697500000000001
0.49575000000000014
0.47950000000000004
0.4939999999999999
0.45825000000000005
0.49924999999999997
0.472
0.44899999999999984
0.4640000000000001
0.48249999999999993
0.47050000000000003
0.4724999999999999
0.4475
0.47550000000000014
0.46250000000000013
0.4842500000000002
0.4555
0.47475
0.47375
0.44675
0.48724999999999996
0.483
0.4810000000000001
0.49124999999999985
0.4494999999999999
0.46325000000000005
0.4777500000000001
0.48149999999999993
0.47050000000000003
0.47725000000000006
0.45525000000000004
0.47299999999999986
0.4610000000000001
0.45525000000000015
0.4690000000000001
0.4497500000000001
0.46799999999999997
0.4644999999999999
0.481
0.46025000000000016
0.48075
0.48625000000000007
0.4485000000000001
0.46099999999999997
0.4952500000000001
0.47175
0.4857499999999999
0.46475
0.45225000000000004
0.4914999999999998
0.4989999999999999
0.4690000000000001
0.48224999999999996
0.45775
0.4392499999999998
0.49224999999999997
0.48450000000000004
0.47350000000000003
0.4547499999999999
0.474
0.48775
0.47899999999999987
0.4750000000000001
0.4594999999999999
0.47150000000000003
0.48950000000000005
0.45099999999999996
0.4475
0.4892500000000001
0.45999999999999996
0.4517499999999999
0.4215000000000001
0.4952500000000001
0.4640000000000001
0.4415000000000001
0.43174999999999997
0.44900000000000007
0.44325000000000003
0.47099999999999986
0.46599999999999997
0.4797500000000001
0.45299999999999996
0.4465
0.44875
0.48575
0.46224999999999994
0.4415
0.44699999999999995
0.473
0.484
0.4615
0.4394999999999999
0.47850000000000004
0.4930000000000001
0.4495
0.48875
0.48149999999999993
0.4979999999999999
0.4932500000000001
0.49150000000000005
0.49149999999999994
0.4545
0.48224999999999985
0.46299999999999997
0.42375000000000007
0.47750000000000004
0.4557500000000001
0.46324999999999994
0.4757500000000001
0.48575
0.48449999999999993
0.4900000000000001
0.485
0.48450000000000004
0.47150000000000003
0.48124999999999996
0.47025000000000006
0.48250000000000015
0.4554999999999999
0.47450000000000003
0.4827499999999999
0.44000000000000006
0.49049999999999994
0.4820000000000001
0.48050000000000015
0.4932500000000001
0.49175000000000013
0.47650000000000003
0.48975000000000013
0.49475
0.48725000000000007
0.48175
0.47799999999999987
0.4912500000000001
0.4770000000000001
0.4707499999999999
0.4737500000000002
0.46699999999999997
0.481
0.4455
0.499
0.45775
0.492
0.48099999999999987
0.4717500000000001
0.475
0.48150000000000004
0.4942500000000001
0.48450000000000004
0.4807500000000001
0.4960000000000001
0.4784999999999999
0.46725000000000005
0.4535
0.4952500000000002
0.48450000000000004
0.4770000000000001
0.4644999999999999
0.4817499999999999
0.4580000000000001
0.49575
0.48124999999999996
0.4860000000000001
0.49275
0.48375
0.48125000000000007
0.48225000000000007
0.48025000000000007
0.494
0.48350000000000004
0.49675
0.47125000000000017
0.482
0.4677500000000001
0.4959999999999999
0.45399999999999996
0.478
0.4930000000000001
0.4747500000000001
0.495
0.47050000000000003
0.49975000000000014
0.4837499999999999
0.48175
0.4882500000000002
0.4939999999999999
0.49250000000000005
0.48
0.49324999999999997
0.4724999999999999
0.49824999999999997
0.4587500000000001
0.4800000000000001
0.48124999999999984
0.4817500000000001
0.4740000000000002
0.48450000000000004
0.49524999999999997
0.47125000000000017
0.493
0.49575000000000014
0.48375
0.49549999999999994
0.49175000000000013
0.49375
0.4804999999999999
0.4730000000000002
0.4697500000000001
0.481
0.497
0.46299999999999997
0.46825000000000006
0.4800000000000001
0.46024999999999994
0.479
0.4740000000000001
0.48875000000000013
0.49524999999999997
0.4740000000000001
0.4472499999999999
0.4587499999999999
0.4304999999999999
0.4375
0.46199999999999986
0.4427500000000001
0.4065
0.4537500000000002
0.44125000000000003
0.4049999999999999
0.4405
0.4335000000000001
0.4235000000000001
0.40625
0.4012500000000001
0.37449999999999983
0.34125000000000005
0.33950000000000014
0.3840000000000001
0.35050000000000003
0.35325000000000006
0.3285
0.35550000000000004
0.3092499999999999
0.3497500000000001
0.33225000000000005
0.32400000000000007
0.34025000000000005
0.59175
0.44400000000000006
0.4205000000000001
0.4079999999999999
0.4225000000000001
0.36675000000000013
0.4102500000000001
0.4065
0.43225
0.42525000000000013
0.41374999999999995
0.43274999999999997
0.4590000000000001
0.4307500000000001
0.42725
0.39349999999999985
0.4847499999999999
0.4475
0.45575
0.4645
0.47675
0.50075
0.497
0.478
0.49549999999999994
0.47925000000000006
0.51175
0.4860000000000001
0.4555000000000001
0.595
0.46525000000000005
0.4892500000000001
0.4790000000000001
0.49424999999999986
0.5095000000000001
0.47750000000000004
0.4777499999999998
0.49424999999999997
0.504
0.4902500000000001
0.5142499999999999
0.49249999999999994
0.48750000000000004
0.49550000000000005
0.4850000000000001
0.47299999999999986
0.4655
0.5005000000000001
0.45075
0.51275
0.4889999999999999
0.4547500000000001
0.48650000000000004
0.5025
0.5082499999999999
0.4962500000000001
0.5159999999999999
0.5139999999999999
0.485
0.49275
0.50875
0.4880000000000001
0.473
0.47924999999999984
0.4754999999999999
0.483
0.53225
0.5089999999999999
0.4774999999999999
0.48850000000000005
0.4997499999999999
0.5095000000000001
0.47899999999999987
0.5035
0.50425
0.5115
0.48250000000000004
0.50975
0.486
0.48450000000000004
0.5045
0.48324999999999996
0.46675
0.4877499999999999
0.46924999999999994
0.5145000000000001
0.47624999999999995
0.4922500000000002
0.5099999999999999
0.46575
0.49250000000000016
0.5015000000000001
0.5045
0.4902500000000001
0.4977499999999998
0.4977499999999998
0.49624999999999997
0.49449999999999994
0.5195000000000001
0.47724999999999984
0.46075
0.48650000000000004
0.47024999999999983
0.5072499999999999
0.4767499999999999
0.4870000000000001
0.5112499999999999
0.49675
0.4909999999999999
0.5007499999999999
0.5072500000000001
0.4787500000000001
0.4987499999999999
0.4977499999999999
0.48924999999999985
0.50775
0.51725
0.49724999999999997
0.4545000000000001
0.46475
0.4772500000000002
0.49149999999999994
0.483
0.48524999999999996
0.51025
0.50875
0.5025000000000001
0.5157499999999999
0.4887499999999999
0.4992500000000001
0.51025
0.50275
0.5007499999999999
0.5057499999999999
0.5
0.4960000000000001
0.45075
0.4757500000000001
0.5032500000000001
0.5055
0.475
0.484
0.5179999999999999
0.49749999999999994
0.5
0.50275
0.49475
0.4999999999999999
0.49550000000000005
0.5015
0.5012500000000001
0.50775
0.503
0.49549999999999994
0.4747499999999999
0.4882500000000001
0.49550000000000005
0.508
0.48050000000000004
0.49050000000000005
0.50175
0.47825000000000006
0.4902500000000001
0.5045
0.4987499999999998
0.47725000000000006
0.50775
0.5
0.505
0.48975
0.52475
0.4819999999999999
0.475
0.47025000000000017
