0.851
0.8347500000000001
0.8687499999999999
0.8297500000000001
0.8370000000000001
0.82675
0.8147499999999999
0.8425
0.8125
0.7939999999999999
0.8052499999999999
0.81225
0.8177500000000001
0.817
0.77875
0.8042499999999999
0.8257500000000001
0.8215000000000001
0.8130000000000001
0.8145
0.8002499999999999
0.82925
0.8007500000000001
0.8245
0.8142499999999999
0.8184999999999999
0.79925
0.8214999999999999
0.7995
0.8057499999999999
0.78
0.7775000000000001
0.77475
0.7657499999999999
0.76675
0.7379999999999999
0.7347500000000001
0.78025
0.7369999999999999
0.748
0.7477499999999999
0.7397499999999999
0.72425
0.7135
0.7132499999999999
0.73
0.7012499999999999
0.744
0.7137500000000001
0.7335
0.7422499999999999
0.7409999999999999
0.72925
0.76575
0.7275
0.71425
0.73925
0.7355
0.733
0.743
0.72125
0.7185
0.7549999999999999
0.7235
0.7170000000000001
0.7529999999999999
0.7555000000000001
0.7765
0.7125
0.7720000000000001
0.76275
0.74325
0.7349999999999999
0.7765
0.7384999999999999
0.769
0.7542500000000001
0.7717499999999999
0.7367499999999999
0.7555000000000001
0.777
0.7785
0.77525
0.7809999999999999
0.7497499999999999
0.7597499999999999
0.7462500000000001
0.73425
0.7755
0.776
0.7742500000000001
0.7617499999999999
0.75675
0.78825
0.7479999999999999
0.7337500000000001
0.7654999999999998
0.77925
0.7775
0.7714999999999999
0.7517499999999999
0.7375
0.7725000000000001
0.7282500000000001
0.778
0.7815000000000001
0.7812499999999999
0.7712500000000001
0.7527499999999999
0.7522500000000001
0.7674999999999998
0.7897500000000002
0.77125
0.7602500000000001
0.776
0.7462500000000001
0.7225000000000001
0.7495
0.7572500000000002
0.729
0.7530000000000001
0.7557500000000001
0.7775000000000001
0.729
0.76125
0.7289999999999999
0.7785
0.7337499999999999
0.7774999999999999
0.7329999999999999
0.7527499999999998
0.76
0.75125
0.7409999999999999
0.78175
0.7780000000000001
0.75725
0.75725
0.774
0.7552500000000001
0.7569999999999999
0.72725
0.76275
0.7569999999999999
0.7555
0.7557500000000001
0.77725
0.7570000000000001
0.76
0.731
0.758
0.75775
0.7565000000000001
0.738
0.776
0.7522499999999999
0.788
0.7442500000000001
0.7457500000000001
0.7385000000000002
0.7750000000000001
0.7747499999999999
0.7444999999999998
0.7407500000000001
0.7250000000000001
0.78
0.752
0.7777500000000002
0.7535000000000001
0.77575
0.74125
0.7802499999999999
0.7345
0.7582500000000001
0.7339999999999999
0.7657499999999999
0.75225
0.729
0.71275
0.7390000000000001
0.71625
0.73425
0.7325
0.7337499999999999
0.7522500000000001
0.7695000000000001
0.7590000000000001
0.754
0.75275
0.7767499999999999
0.7827500000000001
0.7827500000000001
0.76375
0.7617500000000001
0.7824999999999999
0.7662500000000001
0.7602500000000001
0.76125
0.7540000000000001
0.763
0.7602499999999999
0.7642500000000001
0.77125
0.76325
0.7647500000000003
0.7885
0.7737499999999999
0.7565
0.7805
0.75625
0.78225
0.7662499999999999
0.7865
0.7705000000000001
0.7690000000000001
0.774
0.7574999999999998
0.7402499999999999
0.7264999999999999
0.73725
0.6960000000000001
0.71275
0.692
0.67025
0.667
0.6739999999999999
0.67875
0.65825
0.63825
0.6350000000000001
0.6087500000000001
0.6437499999999999
0.641
0.624
0.64575
0.6430000000000001
0.65075
0.68725
0.6435
0.6872499999999999
0.66425
0.7149999999999999
0.6914999999999999
0.6884999999999999
0.66425
0.6637500000000001
0.69075
0.6635
0.6875
0.6997499999999999
0.6542500000000001
0.63775
0.64975
0.639
0.64525
0.623
0.6705000000000001
0.63825
0.6395
0.641
0.6392499999999999
0.6420000000000001
0.666
0.6535000000000002
0.6565000000000001
0.6472500000000001
0.6415
0.642
0.6567500000000002
0.66225
0.6545000000000001
0.631
0.65425
0.6845000000000001
0.6962500000000001
0.6572500000000001
0.67775
0.6705000000000001
0.6535
0.6672500000000001
0.6975
0.67675
0.6797500000000001
0.6732500000000001
0.67025
0.67375
0.63875
0.6104999999999999
0.6484999999999999
0.651
0.641
0.63375
0.6609999999999999
0.645
0.6480000000000001
0.6065
0.6295
0.6315
0.66025
0.6577500000000001
0.6432499999999999
0.6565000000000001
0.6435
0.6362500000000001
0.6285000000000001
0.6382499999999999
0.6472500000000001
0.64925
0.6367499999999999
0.6135000000000002
0.6355
0.65825
0.6595000000000001
0.63425
0.6335000000000001
0.625
0.651
0.64025
0.679
0.6409999999999999
0.6319999999999999
0.6435
0.6152500000000001
0.646
0.65425
0.6202499999999999
0.6279999999999999
0.6432500000000001
0.6765
0.6375000000000002
0.63325
0.6347499999999999
0.6342499999999999
0.6180000000000001
0.65175
0.6395000000000002
0.65425
0.64775
0.6552500000000001
0.6369999999999998
0.655
0.6407499999999999
0.6225
0.609
0.6560000000000001
0.6325000000000001
0.63575
0.6495
0.6545000000000001
0.654
0.6099999999999999
0.6457500000000002
0.6299999999999999
0.6835000000000001
0.6385000000000001
0.6337500000000001
0.6265000000000001
0.6397499999999999
0.624
0.60825
0.651
0.60725
0.65625
0.6132500000000001
0.6240000000000001
0.6227499999999999
0.6039999999999999
0.6275000000000001
0.6375000000000002
0.661
0.63575
0.6325
0.6432500000000001
0.6355
0.6307499999999999
0.65075
0.6252499999999999
0.61575
0.6389999999999998
0.6637500000000001
0.604
0.6387499999999999
0.63575
0.6380000000000001
0.60775
0.6315
0.6114999999999999
0.5967499999999999
0.64175
0.611
0.605
0.6277499999999999
0.6427499999999999
0.617
0.6120000000000001
0.6365
0.6352500000000001
0.64425
0.6154999999999999
0.6455
0.6544999999999999
0.6547500000000002
0.66925
0.62125
0.6207499999999999
0.6192500000000001
0.6157499999999999
0.63
0.61375
0.6179999999999999
0.6330000000000001
0.6134999999999999
0.633
0.6275
0.6085
0.64975
0.6227500000000001
0.6137499999999999
0.6265000000000001
0.6397499999999999
0.65325
0.62125
0.6027499999999999
0.6064999999999998
0.62725
0.5772499999999999
0.5947499999999999
0.6257499999999999
0.61325
0.636
0.62575
0.6042500000000002
0.6034999999999999
0.6367499999999999
0.6339999999999999
0.6372499999999999
0.6335
0.64875
0.6292499999999999
0.6697499999999998
0.6639999999999999
0.67625
0.6815
0.6517499999999998
0.6929999999999998
0.6779999999999999
0.696
0.658
0.685
0.6795000000000002
0.7
0.681
0.7044999999999999
0.6997500000000001
0.6972500000000001
0.6417499999999999
0.67
0.672
0.6990000000000001
0.689
0.6992500000000001
0.6895
0.6652500000000001
0.70025
0.6095
0.6080000000000001
0.62175
0.5842499999999999
0.5865000000000001
0.5869999999999999
0.55125
0.49075000000000013
0.48549999999999993
0.49275
0.5020000000000001
0.46975
0.4634999999999999
0.4982500000000001
0.4552499999999998
0.48149999999999993
0.47625000000000006
0.53825
0.50475
0.51725
0.5105000000000001
0.5624999999999999
0.5375000000000002
0.5545000000000001
0.5515000000000001
0.5527500000000001
0.55925
0.5595000000000002
0.549
0.5485000000000001
0.5557500000000001
0.5519999999999999
0.5855
0.5457500000000001
0.5619999999999999
0.6014999999999999
0.5684999999999999
0.55575
0.573
0.5924999999999999
0.5935
0.55825
0.57475
0.6159999999999999
0.5515
0.5695
0.57575
0.5755000000000001
0.5972499999999998
0.5897500000000001
0.636
0.5904999999999999
0.5549999999999999
0.5970000000000001
0.5692499999999999
0.5872499999999999
0.5915
0.5627500000000001
0.57925
0.5860000000000001
0.5782499999999999
0.6007500000000001
0.5824999999999999
0.5882499999999999
0.585
0.573
0.5877499999999999
0.6144999999999999
0.5675
0.5867499999999999
0.6
0.5990000000000001
0.5757499999999999
0.5999999999999999
0.59425
0.571
0.5782499999999999
0.5825
0.59875
0.59425
0.611
0.5894999999999999
0.5837499999999999
0.5909999999999999
0.6220000000000001
0.59875
0.58825
0.6295
0.6087499999999999
0.5695000000000001
0.595
0.5904999999999999
0.6132499999999999
0.5790000000000001
0.59425
0.5975000000000001
0.5907499999999999
0.60875
0.5947499999999999
0.61625
0.6032499999999998
0.5827500000000001
0.5957499999999999
0.5797500000000001
0.6192499999999999
0.5885
0.60425
0.61675
0.59275
0.6154999999999999
0.6379999999999999
0.64625
0.6152500000000001
0.6279999999999999
0.63175
0.6647500000000001
0.66025
0.6585000000000001
0.665
0.6565000000000001
0.6615
0.661
0.658
0.66025
0.6595000000000001
0.6625000000000001
0.6380000000000001
0.6400000000000001
0.6382500000000001
0.66
0.66125
0.652
0.6315
0.65475
0.6154999999999999
0.6139999999999999
0.5987499999999999
0.5462499999999999
0.5424999999999999
0.4942500000000001
0.47099999999999986
0.4819999999999999
0.48
0.46525000000000005
0.47175
0.41500000000000004
0.45499999999999996
0.4787499999999999
0.4720000000000001
0.4475
0.45799999999999996
0.484
0.48149999999999993
0.52625
0.5434999999999999
0.5045
0.5399999999999999
0.5022500000000001
0.49675
0.542
0.54275
0.5255000000000001
0.54325
0.56825
0.513
0.5185000000000001
0.53525
0.53375
0.5397500000000002
0.5505000000000001
0.50425
0.5245
0.5242499999999999
0.53325
0.5425000000000001
0.5615
0.5305
0.5660000000000002
0.552
0.5484999999999999
0.5435
0.5175
0.54375
0.5680000000000001
0.5625
0.5687500000000001
0.5612499999999999
0.55025
0.517
0.5582499999999999
0.5549999999999999
0.5662500000000001
0.5654999999999999
0.5325
0.54375
0.5624999999999999
0.57375
0.5402499999999999
0.5452499999999999
0.5532499999999999
0.5555
0.5677500000000002
0.5670000000000001
0.57675
0.5655
0.5587499999999999
0.5494999999999999
0.5675
0.5642499999999999
0.56825
0.55175
0.5819999999999999
0.57325
0.5465
0.5655
0.5627500000000001
0.5552499999999999
0.5577500000000001
0.5524999999999999
0.5525
0.5487500000000001
0.568
0.5650000000000001
0.5545
0.556
0.5565000000000001
0.5772499999999999
0.5895
0.5427500000000001
0.557
0.54625
0.554
0.544
0.5675
0.5259999999999999
0.5707499999999999
0.5417500000000001
0.5577500000000002
0.5575
0.5442499999999999
0.5299999999999998
0.53
0.5615
0.5532499999999999
0.56575
0.5474999999999999
0.56825
0.5515000000000001
0.5515
0.5672499999999999
0.5692499999999999
0.5582499999999999
0.54775
0.5555000000000001
0.5334999999999999
0.5507500000000001
0.54
0.5635
0.5467500000000001
0.5505
0.5467500000000001
0.5319999999999999
0.5447500000000001
0.5602500000000001
0.5680000000000002
0.5602500000000001
0.5475000000000001
0.5472500000000001
0.58525
0.5575000000000001
0.5695
0.5722499999999999
0.5514999999999999
0.55625
0.5592499999999999
0.5795
0.5842499999999999
0.5602499999999999
0.55675
0.5425
0.55375
0.53775
0.5234999999999999
0.5567500000000001
0.552
0.57725
0.56
0.5419999999999999
0.5945
0.58425
0.5275
0.55225
0.5619999999999999
0.55675
0.54175
0.5337500000000001
0.5612499999999999
0.6014999999999999
0.5495000000000001
0.58475
0.57575
0.6234999999999999
0.5905
0.601
0.5945
0.619
0.6072500000000001
0.61375
0.5922499999999999
0.6065
0.6207499999999999
0.593
0.633
0.6182500000000001
0.6035000000000001
0.5967500000000001
0.595
0.60125
0.599
0.6079999999999999
0.6325000000000001
0.6515
0.5925
0.6144999999999999
0.6272500000000001
0.619
0.6207500000000001
0.5925
0.6495
0.6027499999999999
0.5999999999999999
0.6317499999999998
0.5947500000000001
0.60975
0.647
0.626
0.61975
0.6295
0.59175
0.61725
0.6130000000000001
0.6377499999999999
0.5922499999999998
0.63625
0.61375
0.6012499999999998
0.6272500000000001
0.62975
0.62975
0.6555
0.635
0.61975
0.6475
0.6287500000000001
0.6457499999999998
0.61375
0.64675
0.60125
0.6507499999999999
0.6045
0.6240000000000001
0.6015
0.6485000000000001
0.6234999999999999
0.61925
0.6080000000000001
0.607
0.61
0.62625
0.62975
0.603
0.605
0.6275
0.62775
0.6120000000000001
0.651
0.6052500000000001
0.62975
0.6305
0.62475
0.6052500000000001
0.6512499999999999
0.601
0.6292500000000001
0.60625
0.6062500000000002
0.6295
0.6242500000000001
0.6042500000000001
0.6504999999999999
0.60275
0.6057499999999999
0.6277499999999999
0.6252500000000001
0.647
0.62375
0.6082500000000002
0.649
0.6152500000000001
0.6022499999999998
0.6079999999999999
0.60375
0.6047500000000001
0.6084999999999998
0.5822499999999999
0.605
0.6485000000000001
0.5907499999999999
0.6042500000000001
0.6040000000000001
0.64775
0.6055
0.631
0.6117499999999999
0.63025
0.63125
0.6069999999999999
0.6087500000000001
0.5985
0.5830000000000001
0.6004999999999998
0.6094999999999999
0.6040000000000001
0.6270000000000001
0.6050000000000001
0.6479999999999999
0.6212499999999999
0.6302500000000001
0.6134999999999999
0.6267500000000001
0.6072499999999998
0.6082500000000001
0.603
0.5912499999999998
0.5814999999999999
0.6234999999999999
0.6255000000000001
0.6159999999999999
0.60825
0.5895000000000001
0.6289999999999999
0.6044999999999999
0.6489999999999999
0.6145
0.64025
0.6065
0.60375
0.64325
0.6284999999999998
0.6137500000000001
0.5992499999999998
0.64825
0.6012500000000001
0.6275000000000001
0.6240000000000001
0.5927500000000001
0.6142500000000001
0.6512500000000001
0.6224999999999999
0.6332500000000001
0.60625
0.6072500000000001
0.6112500000000001
0.6080000000000001
0.64475
0.6030000000000001
0.6262500000000001
0.6255000000000001
0.645
0.62575
0.6134999999999999
0.589
0.62575
0.611
0.611
0.6492499999999999
0.6105
0.6500000000000001
0.6269999999999998
0.6229999999999999
0.6194999999999999
0.6462500000000001
0.6194999999999999
0.6265
0.62375
0.628
0.6042500000000001
0.651
0.6024999999999999
0.6152500000000001
0.613
0.6134999999999999
0.58175
0.52925
0.522
0.48775
0.4787500000000001
0.44325000000000003
0.4442499999999999
0.43925000000000003
0.43025
0.43600000000000005
0.4079999999999999
0.44575
0.4275
0.44700000000000006
0.4317500000000001
0.44075
0.4435
0.4362499999999999
0.4665
0.4405
0.4615
0.4637499999999999
0.47050000000000003
0.49775000000000014
0.49375
0.5435
0.5115000000000001
0.52
0.5642499999999999
0.5265
0.5409999999999999
0.54925
0.5845
0.5972500000000001
0.55925
0.566
0.5965
0.589
0.5990000000000001
0.5665
0.5967499999999999
0.6227499999999999
0.57475
0.594
0.59725
0.5835
0.58825
0.6005
0.59325
0.58775
0.5962500000000002
0.629
0.5767499999999999
0.58875
0.6142500000000001
0.59425
0.5917499999999999
0.6167500000000001
0.59525
0.6124999999999998
0.58175
0.5942500000000001
0.59125
0.58275
0.62675
0.6140000000000001
0.574
0.579
0.6162500000000001
0.60325
0.5897499999999999
0.5995
0.5910000000000002
0.6015
0.5954999999999999
0.5947499999999999
0.5887499999999999
0.6045
0.5944999999999999
0.6212500000000001
0.597
0.58175
0.5822499999999999
0.6152500000000001
0.60825
0.58525
0.5995
0.6125
0.6020000000000001
0.60375
0.6032499999999998
0.6065
0.59425
0.6014999999999999
0.5855
0.59925
0.5735
0.59975
0.5862499999999999
0.59175
0.60075
0.60875
0.6020000000000001
0.55675
0.607
0.5867499999999999
0.5914999999999999
0.5987500000000001
0.6195
0.6032500000000001
0.594
0.58825
0.582
0.6094999999999999
0.5985
0.62225
0.6167500000000001
0.5934999999999999
0.6027499999999999
0.6072500000000001
0.5947500000000001
0.5914999999999999
0.60775
0.5947499999999999
0.587
0.6000000000000001
0.5882499999999999
0.5949999999999999
0.5884999999999999
0.60775
0.59725
0.5897500000000001
0.59675
0.59825
0.61875
0.58425
0.5982500000000001
0.6087500000000001
0.5849999999999999
0.60625
0.5904999999999999
0.5992500000000001
0.593
0.5854999999999999
0.6060000000000001
0.61575
0.59725
0.6062500000000001
0.6050000000000001
0.61725
0.5899999999999999
0.6074999999999999
0.60975
0.6075000000000002
0.6255
0.582
0.58375
0.585
0.62325
0.6040000000000001
0.6222500000000002
0.58475
0.6070000000000002
0.6212499999999999
0.5799999999999998
0.5967499999999999
0.6054999999999999
0.59575
0.59025
0.593
0.6000000000000001
0.6040000000000001
0.5522500000000001
0.56325
0.57375
0.5837499999999999
0.5954999999999999
0.55175
0.55825
0.589
0.5732500000000001
0.52925
0.5772499999999999
0.5412499999999999
0.5457500000000001
0.5644999999999999
0.54875
0.5719999999999998
0.549
0.58625
0.5810000000000001
0.59825
0.6127500000000001
0.5750000000000001
0.5967499999999999
0.5800000000000001
0.61875
0.582
0.6252500000000001
0.60975
0.5930000000000002
0.56275
0.6090000000000001
0.5850000000000001
0.6115
0.6035000000000001
0.5937499999999999
0.6042500000000001
0.63225
0.5732499999999999
0.5927500000000001
0.5857500000000001
0.565
0.5730000000000001
0.5672499999999999
0.5599999999999999
0.586
0.556
0.54
0.551
0.5635
0.55625
0.5485000000000001
0.58075
0.56825
0.56775
0.54525
0.5187499999999999
0.5592499999999999
0.55375
0.545
0.5380000000000001
0.538
0.6059999999999999
0.5594999999999999
0.5372499999999999
0.59825
0.55475
0.585
0.5612499999999999
0.567
0.58
0.566
0.60075
0.5609999999999999
0.5820000000000001
0.535
0.53225
0.5787500000000001
0.5500000000000002
0.58875
0.5792499999999999
0.542
0.562
0.5660000000000001
0.5820000000000001
0.5529999999999999
0.55425
0.5742499999999999
0.5595
0.57875
0.5667499999999999
0.5807500000000001
0.5635
0.5680000000000001
0.5544999999999999
0.55375
0.5915000000000001
0.5562499999999999
0.57975
0.5435000000000001
0.5694999999999999
0.55225
0.5525000000000001
0.5844999999999999
0.5652500000000001
0.5615
0.5495000000000001
0.5570000000000002
0.55875
0.55875
0.59175
0.566
0.578
0.55875
0.5599999999999999
0.5787500000000001
0.5834999999999999
0.60575
0.55425
0.5912500000000002
0.57475
0.5705000000000001
0.60025
0.5795000000000001
0.5782499999999999
0.5505
0.5930000000000001
0.597
0.5575
0.60725
0.5922499999999999
0.62025
0.73
0.8225
0.90625
0.95275
0.9745
0.9825
1
0.98825
0.9947499999999999
0.9727500000000001
0.9974999999999998
1.01475
1.0230000000000001
1.00975
0.9980000000000001
1.01725
1.0295
1.0125
1.0047499999999998
1.002
0.99
0.99275
0.9932499999999999
0.9904999999999999
1.01375
1.01925
0.998
0.9960000000000001
1.0150000000000001
1.0180000000000002
1
1.0105
0.9925000000000002
1.01225
1.02
1.0190000000000001
1.022
1.04075
0.9994999999999998
1.0070000000000001
0.9829999999999999
0.9817500000000001
0.8965000000000001
0.84975
0.7879999999999999
0.7515
0.7154999999999998
0.71925
0.6147499999999999
0.6504999999999999
0.6287500000000001
0.6235000000000002
0.6012500000000001
0.6257500000000001
0.6192500000000001
0.617
0.6280000000000001
0.63825
0.629
0.5967499999999999
0.607
0.64025
0.6197499999999999
0.6312500000000001
0.5960000000000001
0.62975
0.6779999999999999
0.627
0.603
0.6040000000000001
0.6082500000000001
0.6132500000000001
0.606
0.6090000000000001
0.63425
0.6415000000000002
0.6552500000000001
0.6489999999999999
0.6420000000000001
0.62025
0.6540000000000001
0.6490000000000001
0.622
0.6412499999999999
0.6332500000000001
0.6495
0.6145
0.63775
0.63375
0.63575
0.6585000000000001
0.6570000000000001
0.6585000000000001
0.656
0.64975
0.6440000000000001
0.6739999999999999
0.6330000000000001
0.6590000000000001
0.6537499999999998
0.6660000000000001
0.6452500000000001
0.6319999999999999
0.6497499999999998
0.6895
0.65475
0.6457499999999998
0.6639999999999999
0.65625
0.6522499999999999
0.6639999999999999
0.6352500000000001
0.6525000000000001
0.6495000000000002
0.64825
0.67575
0.6825000000000001
0.62275
0.6835000000000002
0.61775
0.637
0.6479999999999999
0.6320000000000001
0.6369999999999999
0.6447500000000002
0.6600000000000001
0.6247499999999999
0.6525000000000001
0.6315
0.6655
0.6552500000000001
0.6650000000000001
0.65825
0.6380000000000001
0.6565000000000001
0.64525
0.6600000000000001
0.65425
0.6792499999999999
0.6795
0.6705
0.68125
0.6925000000000001
0.6567500000000002
0.6877500000000001
0.661
0.685
0.69475
0.68475
0.6865000000000001
0.72475
0.6749999999999999
0.6945
0.71825
0.69875
0.6995
0.7097500000000001
0.7004999999999999
0.7190000000000001
0.72475
0.6817500000000001
0.6995
0.7220000000000001
0.7232499999999998
0.7250000000000001
0.71625
0.70075
0.70075
0.7110000000000001
0.7225000000000001
0.746
0.696
0.7035
0.7115
0.7029999999999998
0.7285
0.7160000000000001
0.7252500000000002
0.7137500000000001
0.69825
0.7185000000000001
0.70075
0.7237499999999999
0.7277500000000001
0.7135
0.71925
0.6727500000000001
0.7189999999999999
0.725
0.7117500000000001
0.72725
0.7315
0.6969999999999998
0.7245000000000001
0.7265000000000001
0.7200000000000002
0.7165
0.7242500000000001
0.7257500000000001
0.6935
0.7057500000000001
0.7005
0.7064999999999999
0.6665000000000001
0.67725
0.6390000000000001
0.6045
0.6005
0.5989999999999999
0.57675
0.5742500000000001
0.579
0.5217499999999999
0.5855000000000001
0.56225
0.5764999999999999
0.5752500000000002
0.6097499999999999
0.6279999999999999
0.6115
0.63625
0.6514999999999999
0.6267499999999999
0.6797500000000001
0.6645000000000001
0.6575000000000002
0.6597500000000002
0.6849999999999999
0.66225
0.67625
0.6604999999999999
0.6864999999999999
0.671
0.7184999999999999
0.7117499999999999
0.7105
0.7192500000000002
0.6925000000000001
0.7015
0.70475
0.7292500000000001
0.696
0.7254999999999999
0.7055
0.7192500000000002
0.7
0.7262500000000002
0.72875
0.6945
0.7237500000000001
0.71075
0.726
0.714
0.7337500000000001
0.7025000000000001
0.7214999999999999
0.7154999999999998
0.70875
0.71425
0.7235
0.719
0.694
0.7254999999999999
0.7085
0.7124999999999999
0.7100000000000001
0.7232499999999998
0.7124999999999999
0.6895
0.7132499999999999
0.7224999999999999
0.7260000000000001
0.71325
0.7220000000000001
0.75075
0.70675
0.72525
0.7164999999999999
0.7275
0.7017499999999999
0.739
0.7514999999999998
0.73925
0.7210000000000001
0.7275
0.7275000000000001
0.7174999999999999
0.7302500000000001
0.7255
0.718
0.711
0.70075
0.73075
0.724
0.70875
0.7202500000000001
0.738
0.7142500000000002
0.7127499999999999
0.7402500000000001
0.7245
0.7130000000000001
0.7297500000000001
0.71275
0.7202499999999998
0.7175
0.7284999999999999
0.7172499999999999
0.7285000000000001
0.7507499999999999
0.7149999999999999
0.7250000000000001
0.727
0.7110000000000001
0.7150000000000001
0.7302500000000002
0.7245000000000001
0.728
0.7214999999999999
0.73325
0.7135000000000001
0.71925
0.716
0.7270000000000001
0.7382500000000001
0.7122499999999999
0.7245000000000001
0.7172500000000002
0.7174999999999999
0.7144999999999999
0.72525
0.7444999999999999
0.7007500000000002
0.7057499999999999
0.7205000000000001
0.71025
0.683
0.6372500000000001
0.61625
0.6192499999999999
0.6497499999999998
0.6479999999999999
0.62975
0.6455
0.6735000000000001
0.6629999999999999
0.629
0.65225
0.6495000000000002
0.67725
0.635
0.6625000000000001
0.6610000000000001
0.6932500000000001
0.678
0.6745000000000001
0.5905
0.632
0.607
0.5700000000000001
0.5900000000000001
0.5912499999999999
0.58925
0.6064999999999999
0.6032500000000001
0.6135000000000002
0.6010000000000001
0.64975
0.65925
0.6120000000000001
0.6507499999999999
0.6379999999999999
0.6832499999999999
0.6304999999999998
0.6947500000000001
0.6897500000000001
0.7025000000000001
0.6977500000000001
0.6942499999999999
0.6739999999999999
0.6972499999999999
0.6985
0.68275
0.6622499999999999
0.6807500000000002
0.69075
0.6665
0.6912500000000001
0.67
0.645
0.6809999999999998
0.68125
0.7092499999999999
0.6955000000000001
0.713
0.7007499999999999
0.7050000000000001
0.7265000000000001
0.732
0.72525
0.7122500000000002
0.7
0.7255
0.7095
0.7030000000000001
0.7335
0.7344999999999999
0.72825
0.6975
0.72225
0.7217500000000001
0.7405
0.7055
0.7197499999999999
0.722
0.71775
0.7004999999999999
0.72225
0.7207500000000002
0.7407499999999998
0.6792499999999999
0.70825
0.69675
0.69875
0.73875
0.7047500000000001
0.7117499999999999
0.7397499999999999
0.69875
0.68175
0.69825
0.7144999999999999
0.7142499999999999
0.7022499999999999
0.6784999999999999
0.7044999999999999
0.7220000000000002
0.68825
0.7279999999999999
0.7227500000000002
0.7212500000000001
0.70425
0.6980000000000002
0.7059999999999998
0.71675
0.701
0.7087500000000001
0.7202500000000001
0.7217500000000001
0.6602499999999998
0.7095
0.72875
0.70775
0.7
0.7237499999999999
0.7245
0.6624999999999999
0.7080000000000002
0.7055
0.7084999999999999
0.7189999999999999
0.67725
0.7237500000000001
0.7095
0.6944999999999999
0.7262500000000001
0.7157500000000001
0.70325
0.7085000000000001
0.7152499999999999
0.7442500000000001
0.738
0.7299999999999999
0.7322499999999998
0.7295
0.7337500000000001
0.71075
0.7165000000000001
0.73725
0.7465
0.7382500000000001
0.731
0.75325
0.7749999999999999
0.75475
0.79125
0.7092499999999999
0.76275
0.8387500000000001
0.699
0.74175
0.731
0.7889999999999999
0.7862500000000001
0.7227500000000001
0.78
0.79325
0.7552500000000002
0.7177500000000001
0.7370000000000001
0.7745
0.763
0.71025
0.7555000000000002
0.7637499999999999
0.7822500000000001
0.75075
0.7310000000000001
0.7497499999999999
0.7505
0.7429999999999999
0.7602499999999999
0.7535000000000001
0.7435
0.7547499999999999
0.7317500000000001
0.7324999999999999
0.7090000000000001
0.7424999999999999
0.6967500000000002
0.677
0.66625
0.65725
0.6487499999999999
0.645
0.6327500000000001
0.63675
0.6517499999999999
0.6140000000000001
0.60625
0.6240000000000001
0.6552500000000001
0.6185
0.64425
0.6340000000000001
0.65575
0.618
0.663
0.6442500000000001
0.6467499999999999
0.6220000000000001
0.63125
0.6545
0.6552500000000001
0.6415
0.6637500000000001
0.63625
0.6519999999999999
0.663
0.6365
0.657
0.626
0.6725
0.6477499999999999
0.665
0.6395
0.6385000000000001
0.6572500000000001
0.64925
0.675
0.6525000000000001
0.675
0.6280000000000001
0.68975
0.6612499999999999
0.65375
0.6725000000000001
0.679
0.69225
0.6709999999999999
0.6412499999999999
0.6649999999999999
0.6509999999999999
0.6472499999999999
0.6737500000000001
0.655
0.6970000000000001
0.6779999999999999
0.6605000000000001
0.6515
0.7017500000000001
0.6737500000000001
0.69625
0.6737500000000001
0.6745
0.6495
0.6905000000000001
0.6570000000000003
0.6970000000000001
0.6917499999999999
0.67125
0.69675
0.6795
0.6585
0.6365000000000001
0.6912499999999999
0.698
0.7052500000000002
0.6964999999999999
0.6567500000000001
0.6637500000000001
0.67175
0.69075
0.6677500000000001
0.68875
0.69475
0.6895
0.70025
0.6779999999999999
0.70475
0.6977500000000001
0.70475
0.6819999999999999
0.6989999999999998
0.70825
0.6657500000000001
0.6804999999999999
0.7010000000000001
0.6847500000000002
0.71175
0.6772500000000001
0.6960000000000001
0.6930000000000001
0.6467499999999999
0.6935
0.6945
0.68075
0.71475
0.69425
0.6712500000000001
0.698
0.66875
0.6745
0.6685000000000001
0.6925000000000001
0.6809999999999999
0.7140000000000001
0.70375
0.6897500000000001
0.67475
0.7105000000000001
0.6952499999999999
0.7194999999999999
0.702
0.6967500000000001
0.6964999999999999
0.6619999999999999
0.7050000000000001
0.6880000000000002
0.6605
0.72075
0.68525
0.6867500000000001
0.702
0.6815
0.6852499999999999
0.6855
0.6697500000000001
0.6852500000000001
0.6525000000000001
0.689
0.6787500000000002
0.6785
0.6632499999999999
0.6747500000000002
0.69075
0.7055
0.6765
0.698
0.7464999999999999
0.7135000000000001
0.7137499999999999
0.7212500000000002
0.7297500000000001
0.7449999999999999
0.728
0.7284999999999999
0.70875
0.7110000000000001
0.7409999999999999
0.72075
0.7342500000000001
0.7227499999999999
0.74525
0.7477499999999999
0.72375
0.73625
0.7227500000000001
0.726
0.72275
0.7335000000000002
0.7230000000000001
0.73925
0.7459999999999999
0.7462500000000001
0.7310000000000001
0.75275
0.7369999999999999
0.7702499999999999
0.74325
0.7505
0.7442500000000001
0.7665
0.7717499999999999
0.776
0.7825000000000002
0.7677500000000002
0.7527499999999999
0.7747499999999999
0.7442500000000001
0.7184999999999999
0.7232500000000001
0.6930000000000001
0.68225
0.6772500000000001
0.67675
0.67575
0.65625
0.68025
0.664
0.648
0.66075
0.6615
0.62575
0.6599999999999999
0.6472500000000001
0.6465
0.68925
0.627
0.641
0.6257499999999999
0.6244999999999998
0.6132500000000001
0.6192500000000001
0.6279999999999999
0.63975
0.6317499999999998
0.6255
0.6110000000000001
0.63175
0.6349999999999999
0.64425
0.6349999999999999
0.6445000000000001
0.6394999999999998
0.6615
0.6212499999999999
0.62075
0.6345000000000001
0.6399999999999999
0.649
0.6709999999999998
0.66625
0.63575
0.6400000000000001
0.64775
0.6427499999999999
0.6202500000000002
0.6382500000000001
0.6632499999999999
0.652
0.67675
0.64675
0.63175
0.6649999999999998
0.6855
0.6395
0.6609999999999999
0.6629999999999998
0.6464999999999999
0.6500000000000001
0.6545
0.64575
0.6617500000000001
0.67625
0.65875
0.6779999999999999
0.691
0.6807500000000002
0.6930000000000001
0.67725
0.698
0.70425
0.664
0.6925000000000001
0.6904999999999999
0.702
0.70025
0.6862499999999999
0.6957500000000001
0.7029999999999998
0.7065
0.68275
0.68225
0.6705
0.66675
0.6812500000000001
0.6792499999999999
0.6955000000000001
0.6815
0.70775
0.6787500000000001
0.6914999999999999
0.73375
0.7175
0.70775
0.6955000000000002
0.69475
0.7075
0.708
0.6910000000000001
0.6532499999999999
0.70325
0.6962500000000001
0.7092500000000002
0.70225
0.718
0.69675
0.7167499999999999
0.7135000000000001
0.7114999999999998
0.6867500000000001
0.71025
0.6815
0.7102499999999999
0.7072499999999999
0.7
0.6837500000000001
0.68075
0.698
0.71675
0.7035
0.6715000000000002
0.681
0.6585000000000001
0.7030000000000001
0.69325
0.6752500000000001
0.6612500000000001
0.7170000000000001
0.6812499999999999
0.69
0.6835
0.68075
0.7090000000000001
0.7162499999999999
0.6745000000000001
0.6809999999999999
0.68175
0.6992499999999999
0.7077499999999999
0.6904999999999999
0.6974999999999999
0.6684999999999999
0.7024999999999999
0.72025
0.6719999999999999
0.6930000000000001
0.67675
0.6712500000000001
0.695
0.7142499999999999
0.698
0.7225000000000001
0.6857499999999999
0.70775
0.679
0.7335
0.7325000000000002
0.7237500000000001
0.7344999999999999
0.7100000000000002
0.7090000000000001
0.7007499999999999
0.6835000000000001
0.70725
0.7330000000000001
0.7115
0.71625
0.6935
0.7030000000000001
0.7202499999999998
0.72125
0.7330000000000001
0.69475
0.7104999999999999
0.7130000000000001
0.7264999999999999
0.7235
0.73525
0.7134999999999999
0.7210000000000001
0.7209999999999999
0.7230000000000001
0.6992500000000001
0.7262499999999998
0.70575
0.7072499999999999
0.7257499999999999
0.726
0.74
0.7204999999999999
0.724
0.72525
0.7112499999999999
0.692
0.7152499999999999
0.7154999999999999
0.7414999999999998
0.702
0.72425
0.72675
0.7204999999999999
0.7117500000000001
0.7122499999999998
0.7270000000000001
0.7249999999999999
0.71625
0.7109999999999999
0.7232500000000001
0.7464999999999999
0.7085000000000001
0.7197500000000001
0.74
0.7172500000000002
0.71275
0.7052499999999999
0.7217500000000001
0.7147500000000001
0.74325
0.71025
0.7174999999999998
0.716
0.7172499999999999
0.7090000000000001
0.7297499999999999
0.7254999999999999
0.704
0.714
0.72375
0.6777499999999999
0.68075
0.6552499999999999
0.62625
0.6519999999999999
0.5734999999999999
0.56175
0.5449999999999999
0.5685
0.55975
0.56125
0.533
0.5259999999999999
0.5189999999999999
0.51625
0.5695
0.5895000000000001
0.5154999999999998
0.5329999999999999
0.5532499999999999
0.5734999999999999
0.55925
0.5892499999999999
0.5872499999999998
0.5704999999999999
0.5795
0.61025
0.578
0.6087499999999999
0.5577500000000001
0.58925
0.61225
0.5984999999999999
0.5677500000000001
0.593
0.63325
0.5717499999999999
0.585
0.58875
0.5912499999999999
0.5822499999999999
0.59175
0.6024999999999999
0.6362499999999999
0.597
0.6340000000000001
0.6134999999999999
0.5979999999999999
0.6119999999999999
0.6145
0.61875
0.5892500000000002
0.5627500000000001
0.6184999999999999
0.61725
0.607
0.6047500000000001
0.5965
0.635
0.6072499999999998
0.59475
0.5985
0.6192499999999999
0.60075
0.61375
0.6134999999999999
0.6265000000000001
0.6004999999999999
0.58825
0.60775
0.5934999999999999
0.6092500000000001
0.6005
0.6025
0.6194999999999999
0.6609999999999999
0.58875
0.6045
0.619
0.60575
0.5944999999999999
0.5922499999999999
0.6007499999999999
0.6365000000000001
0.5917499999999999
0.6147499999999999
0.61525
0.604
0.60775
0.609
0.5875
0.61175
0.6012500000000001
0.5839999999999999
0.6037499999999999
0.5997500000000001
0.597
0.6347500000000001
0.6167499999999999
0.60275
0.6194999999999999
0.60875
0.6197499999999999
0.6004999999999999
0.60625
0.6165
0.6375
0.6129999999999999
0.59675
0.5885000000000001
0.6077499999999999
0.5937499999999999
0.6094999999999999
0.602
0.645
0.5915
0.61375
0.616
0.589
0.5944999999999999
0.6382500000000001
0.6014999999999999
0.6115
0.6027499999999999
0.5907500000000001
0.5909999999999999
0.5934999999999999
0.6050000000000001
0.6080000000000001
0.6214999999999999
0.6007499999999999
0.6275000000000002
0.6180000000000001
0.59475
0.6515
0.58625
0.5960000000000001
0.5937500000000001
0.5967499999999999
0.6192500000000001
0.5922499999999999
0.6175
0.5815
0.5967499999999999
0.641
0.61175
0.593
0.5952500000000001
0.6192499999999999
0.647
0.59275
0.593
0.6017500000000001
0.6174999999999999
0.6102500000000001
0.5967499999999999
0.65225
0.59375
0.6107500000000001
0.6144999999999999
0.5967499999999999
0.6179999999999999
0.61725
0.6122500000000001
0.5947500000000001
0.617
0.6175
0.5905
0.61925
0.60225
0.617
0.5952500000000001
0.594
0.61625
0.5972500000000001
0.6285000000000001
0.5744999999999999
0.5885
0.6349999999999999
0.6132500000000002
0.6164999999999999
0.5964999999999998
0.6172500000000001
0.59925
0.5892499999999999
0.6162500000000001
0.6144999999999998
0.63975
0.595
0.61825
0.6035
0.625
0.5925
0.59125
0.6159999999999999
0.5914999999999999
0.6192499999999999
0.619
0.60025
0.61225
0.6184999999999999
0.5925
0.5915000000000001
0.62
0.6097499999999998
0.58775
0.6047500000000001
0.6025000000000001
0.6252499999999999
0.61175
0.6005
0.5955000000000001
0.6134999999999999
0.5804999999999999
0.61025
0.6382500000000001
0.6327499999999999
0.61825
0.5955000000000001
0.627
0.6090000000000002
0.63775
0.6079999999999999
0.6075000000000002
0.6255000000000001
0.5930000000000001
0.6467499999999999
0.631
0.645
0.5997499999999999
0.5979999999999999
0.6142500000000001
0.5980000000000001
0.6152500000000001
0.6192500000000001
0.59975
0.6135
0.641
0.6194999999999999
0.6034999999999999
0.6027499999999999
0.5977500000000001
0.5840000000000001
0.6180000000000001
0.6080000000000001
0.6052499999999998
0.59575
0.59375
0.6222500000000002
0.629
0.6355
0.62625
0.5962500000000001
0.5887499999999999
0.5927500000000001
0.603
0.6005
0.6032500000000001
0.6235
0.6192500000000001
0.6302500000000001
0.6442500000000001
0.625
0.62475
0.597
0.6415
0.61025
0.63775
0.6234999999999999
0.66875
0.661
0.6949999999999998
0.6435
0.6905000000000001
0.6985000000000001
0.7052499999999999
0.6849999999999998
0.7175
0.7055
0.7024999999999999
0.6884999999999999
0.722
0.6917499999999999
0.704
0.7084999999999999
0.7342499999999998
0.6772500000000001
0.69575
0.7045
0.7244999999999999
0.716
0.7270000000000001
0.7165
0.72125
0.7017500000000001
0.741
0.7157499999999999
0.7462499999999999
0.751
0.7264999999999999
0.7582500000000001
0.7302500000000001
0.744
0.7292500000000002
0.7034999999999999
0.7565000000000001
0.7115
0.6964999999999999
0.7217499999999999
0.7244999999999999
0.7272500000000001
0.7000000000000001
0.7434999999999999
0.7424999999999999
0.712
0.70025
0.6962499999999998
0.6985
0.7194999999999999
0.72575
0.73925
0.7035
0.7012499999999999
0.73875
0.71625
0.718
0.6925
0.679
0.70675
0.64875
0.62625
0.6207500000000001
0.5929999999999999
0.6045
0.52125
0.533
0.5327500000000001
0.48824999999999996
0.5377500000000001
0.5117499999999999
0.509
0.5207499999999998
0.5509999999999999
0.5594999999999999
0.54925
0.5392499999999999
0.53775
0.55425
0.5535
0.6085
0.5864999999999999
0.6032500000000001
0.6107500000000001
0.5914999999999999
0.58725
0.61425
0.6092500000000001
0.63775
0.601
0.58775
0.6007499999999999
0.6107500000000001
0.5945
0.601
0.6200000000000001
0.59275
0.6027500000000001
0.6295000000000002
0.5987499999999999
0.63175
0.6024999999999998
0.6064999999999999
0.6175
0.5939999999999999
0.6135
0.62175
0.61575
0.61825
0.5935
0.6372500000000001
0.62825
0.6572500000000001
0.621
0.60825
0.593
0.6002500000000001
0.6225
0.6225
0.6555
0.6267500000000001
0.5909999999999999
0.59975
0.6185
0.622
0.623
0.655
0.5915
0.60475
0.6299999999999999
0.5952500000000001
0.6345000000000001
0.58875
0.6022500000000001
0.6415
0.6307499999999999
0.6247499999999999
0.619
0.64375
0.6182500000000001
0.5975000000000001
0.6160000000000001
0.5900000000000002
0.6190000000000001
0.6227499999999999
0.5995
0.5974999999999999
0.6247499999999999
0.6237499999999998
0.64675
0.5955
0.629
0.6364999999999998
0.643
0.6012499999999998
0.6455
0.621
0.6257499999999999
0.6347500000000001
0.60625
0.6065
0.61125
0.5925
0.614
0.5895
0.604
0.6025
0.607
0.6245
0.6265000000000001
0.6047499999999999
0.599
0.6360000000000001
0.6152500000000001
0.639
0.5955
0.61075
0.6447499999999999
0.6072499999999998
0.605
0.5950000000000001
0.6175000000000002
0.62625
0.6012500000000001
0.59825
0.6207499999999999
0.6162499999999999
0.61975
0.5907500000000001
0.6145
0.5795000000000001
0.6007499999999999
0.6005
0.6287499999999999
0.6427499999999999
0.6029999999999999
0.63225
0.61775
0.6245
0.6029999999999998
0.6105
0.5869999999999999
0.6267500000000001
0.6074999999999999
0.5980000000000001
0.6210000000000001
0.5995000000000001
0.60375
0.6065000000000002
0.6132500000000001
0.62225
0.59025
0.6047499999999999
0.5907499999999999
0.60075
0.6067500000000001
0.6085
0.66025
0.5924999999999999
0.6000000000000001
0.6005
0.60475
0.59375
0.6100000000000001
0.6559999999999999
0.5767499999999999
0.6257499999999999
0.6017499999999998
0.59
0.619
0.60625
0.58225
0.6062500000000001
0.6345000000000001
0.6047500000000001
0.5895
0.6037499999999999
0.6150000000000001
0.6240000000000001
0.64725
0.6110000000000001
0.6047499999999999
0.5959999999999999
0.5972499999999998
0.5955
0.59025
0.60425
0.64175
0.59325
0.61625
0.60425
0.6030000000000001
0.596
0.6107499999999999
0.6062500000000001
0.6227499999999999
0.6002500000000001
0.59125
0.59225
0.6047499999999999
0.6155
0.6284999999999998
0.60075
0.6127500000000001
0.6245
0.6052500000000001
0.59825
0.60575
0.6275000000000001
0.6259999999999999
0.6179999999999999
0.5867499999999999
0.6387499999999999
0.61825
0.6004999999999998
0.6419999999999999
0.6160000000000001
0.6267499999999999
0.6549999999999999
0.6082499999999998
0.594
0.59825
0.6479999999999999
0.6355
0.6065
0.6259999999999999
0.60425
0.62775
0.59775
0.6152500000000001
0.60875
0.6167499999999999
0.6077499999999999
0.5912499999999999
0.6435
0.631
0.6402500000000001
0.6429999999999998
0.62175
0.6185
0.66525
0.65475
0.61925
0.6465000000000001
0.6555
0.6417499999999999
0.635
0.6509999999999999
0.6420000000000001
0.62425
0.6464999999999999
0.6397500000000002
0.64825
0.64125
0.64075
0.6544999999999999
0.6197499999999999
0.6499999999999999
0.6472500000000001
0.6517499999999998
0.67075
0.6692500000000001
0.6527499999999999
0.66125
0.64625
0.63625
0.6605
0.68675
0.6580000000000001
0.64975
0.6677499999999998
0.6287499999999999
0.6852500000000001
0.69225
0.6839999999999999
0.6945000000000001
0.6852499999999999
0.6845000000000001
0.69
0.6905000000000001
0.6842499999999998
0.6795
0.6674999999999999
0.7062499999999999
0.6880000000000002
0.6972499999999999
0.7345000000000002
0.70625
0.729
0.6860000000000002
0.7149999999999999
0.72675
0.7157500000000001
0.7515000000000001
0.729
0.7137499999999999
0.7327499999999999
0.7444999999999999
0.735
0.6962499999999998
0.7262500000000001
0.7037499999999999
0.704
0.6985000000000001
0.6950000000000001
0.701
0.7342500000000001
0.6952500000000001
0.6957500000000001
0.7092499999999999
0.6912499999999999
0.677
0.6785000000000001
0.68375
0.6472500000000001
0.64425
0.6575
0.5997499999999999
0.58925
0.5922499999999999
0.6139999999999999
0.6242500000000001
0.5950000000000001
0.6125
0.6379999999999999
0.6509999999999999
0.6412500000000001
0.6287500000000001
0.6465000000000001
0.63425
0.69225
0.67375
0.7044999999999999
0.667
0.6837499999999999
0.6825000000000001
0.6709999999999999
0.66675
0.68075
0.67975
0.66275
0.6555
0.6404999999999998
0.60725
0.594
0.6024999999999998
0.56875
0.57775
0.599
0.5544999999999999
0.5247500000000002
0.5765
0.5472499999999999
0.60825
0.5985
0.57575
0.63225
0.6122500000000001
0.6160000000000001
0.63625
0.6327499999999999
0.642
0.6507499999999999
0.67575
0.6902500000000001
0.69075
0.6637500000000001
0.6712500000000001
0.7037499999999999
0.6792500000000001
0.67825
0.6657499999999998
0.6635000000000001
0.6685000000000001
0.6532499999999999
0.6815
0.6425
0.60875
0.6094999999999999
0.56475
0.5929999999999999
0.58075
0.5437500000000001
0.5182499999999999
0.5670000000000001
0.5257499999999999
0.5585000000000001
0.5657500000000001
0.5710000000000001
0.52925
0.5832500000000002
0.5862500000000002
0.6225
0.6095
0.5830000000000002
0.659
0.6379999999999999
0.6420000000000001
0.6475
0.67475
0.6627499999999998
0.661
0.7004999999999999
0.6639999999999999
0.6872499999999999
0.6972499999999999
0.6955
0.6907500000000001
0.6872500000000001
0.695
0.69425
0.69375
0.6885
0.6719999999999999
0.7035
0.6497499999999999
0.61
0.5889999999999999
0.5910000000000001
0.59
0.5592499999999999
0.5489999999999999
0.5682500000000001
0.56975
0.5735
0.551
0.5672499999999999
0.5882500000000002
0.6099999999999999
0.627
0.61225
0.6555
0.6480000000000001
0.655
0.6412500000000001
0.6635
0.6527499999999998
0.6764999999999999
0.651
0.664
0.6902499999999999
0.69425
0.67925
0.67825
0.6910000000000001
0.6827500000000001
0.6575000000000002
0.6597500000000001
0.662
0.62425
0.651
0.6052500000000001
0.593
0.5845
0.59325
0.5399999999999999
0.5682500000000001
0.5614999999999999
0.595
0.6012500000000001
0.61825
0.6099999999999999
0.6207500000000001
0.6462499999999999
0.6575
0.61175
0.6499999999999999
0.6607500000000002
0.6730000000000002
0.6947500000000001
0.6739999999999999
0.6755
0.6845000000000001
0.69275
0.69225
0.6995
0.695
0.6742499999999999
0.68225
0.6835000000000001
0.7187499999999999
0.6820000000000002
0.6995
0.6587499999999998
0.63325
0.6285
0.5992500000000001
0.6042500000000001
0.5667500000000001
0.5752499999999999
0.5655
0.5905000000000001
0.5952500000000001
0.59825
0.5860000000000001
0.64625
0.644
0.6200000000000001
0.6567500000000002
0.6592499999999999
0.639
0.6515
0.65625
0.6499999999999999
0.6877499999999999
0.67025
0.6624999999999999
0.6697499999999998
0.7025000000000001
0.69375
0.67825
0.6857500000000001
0.7030000000000001
0.6982499999999999
0.691
0.6997500000000001
0.695
0.6884999999999999
0.69225
0.675
0.6857499999999999
0.6975
0.6905000000000001
0.70475
0.69825
0.6840000000000002
0.6727500000000001
0.7027500000000001
0.6797500000000001
0.7132499999999999
0.6762499999999999
0.7017499999999999
0.71475
0.69425
0.6812500000000001
0.7057499999999999
0.69675
0.7002499999999999
0.69025
0.702
0.70625
0.6985000000000001
0.70675
0.68325
0.6895
0.7052499999999999
0.7025000000000001
0.68175
0.692
0.6955000000000001
0.7009999999999998
0.6699999999999999
0.68625
0.704
0.70525
0.6952499999999999
0.7057500000000001
0.6917500000000001
0.6675
0.67625
0.7010000000000001
0.6957500000000001
0.6932500000000001
0.6787499999999999
0.70875
0.70675
0.6789999999999999
0.69525
0.72125
0.7152499999999999
0.6839999999999999
0.7175
0.7052499999999999
0.7195
0.706
0.6744999999999999
0.6982499999999999
0.7157500000000001
0.69575
0.6967499999999999
0.7005000000000001
0.6934999999999999
0.7065000000000001
0.6817500000000001
0.686
0.6677500000000001
0.70275
0.70675
0.6950000000000001
0.67275
0.7169999999999999
0.72375
0.6700000000000002
0.677
0.69575
0.69525
0.6905
0.719
0.71225
0.6475
0.68875
0.7190000000000001
0.6990000000000001
0.659
0.68225
0.684
0.6917499999999999
0.71625
0.66375
0.66825
0.69275
0.68275
0.6717499999999998
0.675
0.6742499999999999
0.69325
0.662
0.6657500000000001
0.692
0.6697500000000001
0.67975
0.6787500000000001
0.6897500000000001
0.696
0.66725
0.6535000000000001
0.69225
0.6599999999999999
0.6752499999999999
0.6654999999999999
0.6835
0.6950000000000002
0.677
0.6665
0.683
0.6655
0.6719999999999999
0.6772499999999999
0.6912500000000001
0.7017500000000001
0.6757500000000001
0.6812499999999999
0.686
0.663
0.65975
0.68275
0.6785000000000001
0.6837500000000001
0.6585
0.6665
0.6847500000000001
0.68875
0.6755
0.6805
0.69525
0.6967500000000002
0.684
0.6539999999999999
0.657
0.7082499999999998
0.65875
0.6572499999999999
0.6604999999999999
0.6617499999999998
0.6859999999999999
0.6852499999999999
0.6575000000000001
0.69175
0.6710000000000002
0.6935
0.6587500000000001
0.6795
0.6857499999999999
0.6775
0.6645
0.6837499999999999
0.7037500000000001
0.6602500000000001
0.6837500000000001
0.6697500000000001
0.6915
0.67125
0.6737500000000001
0.6400000000000001
0.60425
0.59875
0.59425
0.5780000000000001
0.55825
0.5517500000000001
0.5580000000000002
0.55975
0.5269999999999999
0.5280000000000001
0.52
0.51575
0.572
0.55075
0.56725
0.5465
0.5115000000000001
0.5485
0.5425000000000001
0.5677500000000001
0.577
0.6015
0.604
0.5745000000000001
0.5847499999999999
0.60775
0.5902499999999999
0.60275
0.6347499999999999
0.6507500000000002
0.6482500000000002
0.63025
0.64425
0.64625
0.6367499999999999
0.6375
0.639
0.6547499999999999
0.6335
0.6405000000000001
0.65925
0.6452499999999999
0.6392499999999999
0.6327500000000001
0.64
0.6599999999999999
0.657
0.64225
0.6152500000000001
0.61375
0.59925
0.609
0.5445
0.5910000000000001
0.569
0.52625
0.5740000000000001
0.5235000000000001
0.5539999999999999
0.5284999999999999
0.52325
0.53525
0.5607500000000001
0.6065
0.5835
0.6054999999999999
0.5904999999999999
0.6397499999999999
0.61425
0.6365
0.6312499999999999
0.6649999999999998
0.6564999999999999
0.6619999999999999
0.63325
0.6505
0.6945
0.6607500000000001
0.672
0.6804999999999999
0.69625
0.67675
0.6712500000000001
0.6835000000000001
0.6775
0.6715
0.6327499999999999
0.6110000000000001
0.6265000000000001
0.5655000000000001
0.5784999999999999
0.576
0.55775
0.54575
0.5465
0.53025
0.5462499999999999
0.5439999999999999
0.5565
0.5377499999999998
0.57475
0.5557500000000001
0.58475
0.58325
0.59325
0.6194999999999999
0.604
0.61025
0.6152500000000001
0.6224999999999998
0.6165
0.6345000000000001
0.61575
0.66225
0.6304999999999998
0.64775
0.6522500000000001
0.6725
0.6569999999999999
0.6970000000000001
0.6632500000000001
0.65975
0.6539999999999999
0.6515
0.63775
0.66275
0.6214999999999999
0.58575
0.5922499999999999
0.57325
0.5175
0.5460000000000002
0.5564999999999999
0.5475000000000001
0.5402500000000001
0.53175
0.5435
0.5517500000000001
0.57575
0.5737499999999999
0.60475
0.6019999999999999
0.5935000000000001
0.6417499999999998
0.64525
0.6245
0.6462500000000002
0.6622500000000001
0.6579999999999999
0.61825
0.665
0.65825
0.6545
0.6735
0.6639999999999999
0.6705000000000001
0.659
0.6580000000000001
0.6604999999999999
0.6855000000000001
0.6815000000000001
0.6837500000000001
0.6857500000000001
0.6432500000000001
0.6695
0.6244999999999999
0.6415
0.6144999999999999
0.5720000000000001
0.5762499999999999
0.5730000000000002
0.54925
0.5290000000000001
0.534
0.54175
0.5345000000000001
0.52675
0.5472499999999999
0.5725
0.5587500000000001
0.5762499999999999
0.5690000000000001
0.5920000000000001
0.5955000000000001
0.61625
0.617
0.6172500000000001
0.6405
0.6225
0.6265000000000001
0.63625
0.6545000000000001
0.6697500000000001
0.6555000000000001
0.6575
0.6672500000000001
0.64225
0.6695000000000001
0.6865000000000001
0.6815
0.66925
0.6657500000000001
0.6675
0.6675
0.66475
0.667
0.639
0.61725
0.6050000000000001
0.5855000000000001
0.577
0.57025
0.552
0.5614999999999999
0.5547499999999999
0.5489999999999999
0.5449999999999999
0.5342499999999999
0.5937500000000001
0.5810000000000001
0.62175
0.59975
0.6135
0.61025
0.6192500000000001
0.6132500000000001
0.64325
0.6239999999999999
0.6325000000000001
0.6147499999999999
0.661
0.6375
0.65125
0.65775
0.6480000000000001
0.6639999999999999
0.6425000000000001
0.65725
0.6560000000000001
0.6794999999999999
0.6597500000000001
0.683
0.6402500000000001
0.6567500000000002
0.6415000000000001
0.6409999999999999
0.6205
0.5780000000000001
0.601
0.5707500000000001
0.5910000000000002
0.58375
0.5757500000000001
0.5579999999999999
0.58325
0.5930000000000001
0.5715
0.5922499999999999
0.6159999999999999
0.6045
0.6355000000000001
0.624
0.6142500000000001
0.6435
0.6382499999999999
0.64625
0.6492499999999999
0.6447499999999999
0.63975
0.6619999999999999
0.6367499999999999
0.6564999999999999
0.63525
0.6577500000000001
0.65925
0.6677500000000001
0.636
0.6567500000000001
0.6560000000000001
0.65975
0.64625
0.61875
0.6214999999999999
0.6130000000000001
0.5999999999999999
0.6134999999999999
0.59725
0.6100000000000001
0.5655
0.54675
0.61325
0.5900000000000001
0.6182500000000001
0.555
0.58825
0.5752500000000002
0.5805
0.607
0.60375
0.5980000000000001
0.5955
0.5922499999999999
0.6019999999999999
0.629
0.5919999999999999
0.6305
0.6200000000000001
0.5965
0.6287499999999999
0.61425
0.6430000000000001
0.6532500000000001
0.6325000000000001
0.621
0.625
0.6500000000000001
0.6335000000000002
0.61975
0.6312500000000001
0.6544999999999999
0.621
0.5907500000000001
0.5805
0.5965
0.6127500000000001
0.61625
0.5887499999999999
0.5525000000000001
0.617
0.59375
0.62225
0.57625
0.5545000000000001
0.59625
0.58825
0.5950000000000001
0.6052499999999998
0.61725
0.5675000000000001
0.5860000000000001
0.61
0.5874999999999999
0.6072500000000001
0.5907500000000001
0.6052500000000001
0.607
0.61375
0.6020000000000001
0.61225
0.5865
0.5927499999999999
0.5755
0.5770000000000001
0.5955
0.58175
0.593
0.5775000000000001
0.5692499999999999
0.55425
0.5592499999999999
0.54
0.5369999999999999
0.5335
0.579
0.5645000000000001
0.5637500000000001
0.5632500000000001
0.5482500000000001
0.5822499999999999
0.6052500000000001
0.5862499999999999
0.5964999999999999
0.6072499999999998
0.6010000000000001
0.6092500000000001
0.6245
0.6272500000000001
0.64625
0.6305000000000001
0.6465000000000001
0.6425
0.6122500000000001
0.6517499999999998
0.63875
0.655
0.65425
0.6400000000000001
0.6415
0.63025
0.63825
0.6502499999999999
0.6515
0.6447499999999999
0.6639999999999999
0.62775
0.6575000000000002
0.6559999999999999
0.64775
0.6457499999999999
0.6275000000000001
0.6192499999999999
0.63775
0.6425000000000001
0.64375
0.6037499999999999
0.5890000000000001
0.575
0.5745
0.55875
0.5090000000000001
0.571
0.5422499999999999
0.52875
0.54475
0.5597500000000001
0.601
0.5740000000000001
0.5920000000000001
0.6477499999999998
0.63375
0.65225
0.6265000000000001
0.6545000000000001
0.6575
0.6479999999999999
0.6339999999999999
0.6375
0.6330000000000001
0.6447500000000002
0.6489999999999998
0.6550000000000001
0.6487499999999999
0.6335000000000002
0.6457499999999998
0.6529999999999999
0.6699999999999999
0.661
0.63425
0.6367499999999999
0.623
0.6392499999999999
0.6475
0.6107499999999999
0.5690000000000002
0.5820000000000001
0.5655
0.5175000000000001
0.5257499999999999
0.52425
0.5485000000000001
0.56225
0.5395000000000001
0.5685
0.5955
0.5932499999999999
0.61225
0.6145
0.6064999999999998
0.6325000000000001
0.61375
0.63125
0.61175
0.643
0.6459999999999999
0.6287499999999999
0.6512500000000001
0.6357500000000001
0.6332500000000001
0.6455000000000002
0.6155
0.6369999999999999
0.6427499999999999
0.6485000000000001
0.6472499999999999
0.6327499999999999
0.64725
0.6515
0.6512499999999999
0.63275
0.6287499999999999
0.6214999999999999
0.6222499999999999
0.5867499999999999
0.5577500000000001
0.5925
0.543
0.5594999999999999
0.5644999999999999
0.5539999999999999
0.5785000000000001
0.547
0.5920000000000001
0.5907499999999999
0.5957499999999999
0.588
0.5987499999999999
0.6195000000000002
0.6087500000000001
0.5990000000000001
0.6487499999999999
0.61775
0.5960000000000001
0.65225
0.6180000000000001
0.64575
0.6495
0.619
0.6412499999999999
0.647
0.63275
0.6325
0.65825
0.6512499999999999
0.6459999999999999
0.6102499999999998
0.6395000000000001
0.6285000000000001
0.6427499999999999
0.65575
0.6295
0.635
0.6539999999999999
0.63475
0.6455
0.647
0.618
0.6449999999999999
0.629
0.6285
0.6320000000000001
0.63475
0.6360000000000001
0.6292499999999999
0.6347499999999999
0.6469999999999999
0.6452499999999999
0.6322500000000002
0.625
0.6367499999999999
0.6459999999999999
0.6499999999999999
0.64825
0.631
0.6415
0.655
0.647
0.6440000000000001
0.6572500000000001
0.6210000000000002
0.629
0.64275
0.64525
0.63525
0.66225
0.6445
0.6399999999999999
0.65125
0.6592500000000001
0.6589999999999999
0.6449999999999999
0.66875
0.64175
0.6517499999999999
0.6374999999999998
0.6422499999999999
0.643
0.6445
0.6685000000000001
0.63275
0.65425
0.63625
0.6352500000000001
0.647
0.6472499999999999
0.669
0.6140000000000001
0.64575
0.6462499999999999
0.627
0.63625
0.63325
0.6437499999999999
0.619
0.637
0.63875
0.6525
0.6580000000000001
0.6452500000000001
0.63625
0.61025
0.6355000000000001
0.6527499999999999
0.6375
0.6567500000000002
0.6315000000000001
0.6340000000000001
0.64525
0.6405000000000001
0.6507499999999999
0.625
0.63425
0.64675
0.633
0.6435
0.6712499999999999
0.6532499999999999
0.6445000000000001
0.63225
0.6439999999999999
0.6332500000000001
0.6452500000000001
0.65825
0.6507499999999999
0.6350000000000001
0.6307499999999999
0.645
0.6315000000000001
0.6352499999999999
0.6620000000000001
0.6515
0.6247499999999999
0.6452499999999999
0.6315
0.6450000000000001
0.6390000000000001
0.6355
0.638
0.6695
0.6597500000000001
0.65175
0.64975
0.6595
0.642
0.6462500000000001
0.65575
0.6339999999999999
0.6487499999999999
0.65575
0.63975
0.6677499999999998
0.6305000000000001
0.64175
0.6397499999999999
0.63475
0.6492499999999999
0.6350000000000001
0.6359999999999999
0.6192500000000001
0.6367499999999999
0.64975
0.6435000000000001
0.629
0.6477499999999999
0.6372500000000001
0.6542500000000001
0.65975
0.658
0.6349999999999999
0.6375
0.64775
0.6415
0.6507500000000002
0.657
0.64225
0.63075
0.6325000000000001
0.64575
0.65025
0.6660000000000001
0.641
0.6580000000000001
0.6497499999999998
0.64625
0.6365
0.649
0.6325
0.62175
0.6339999999999999
0.65175
0.6085
0.58775
0.5707500000000001
0.52125
0.5384999999999999
0.52525
0.4634999999999999
0.48824999999999996
0.48424999999999985
0.4770000000000001
0.50775
0.483
0.4767500000000001
0.4870000000000001
0.478
0.47299999999999986
0.46799999999999997
0.48025000000000007
0.5012500000000002
0.4787499999999999
0.4655
0.4959999999999999
0.4764999999999999
0.49924999999999997
0.489
0.48749999999999993
0.51575
0.5099999999999999
0.49875
0.5040000000000001
0.493
0.5525000000000001
0.546
0.5437500000000001
0.524
0.5045
0.5595
0.5295000000000001
0.5502499999999999
0.5352499999999999
0.5285
0.5685
0.546
0.54525
0.55025
0.5479999999999999
0.5535
0.558
0.5579999999999999
0.5870000000000002
0.55025
0.5485
0.5687499999999999
0.6279999999999999
0.587
0.5660000000000001
0.5975
0.56225
0.5955
0.652
0.6070000000000001
0.5962500000000001
0.627
0.6332499999999999
0.62775
0.61425
0.6144999999999998
0.62025
0.6247499999999999
0.625
0.5972500000000001
0.6120000000000001
0.6272500000000001
0.6152500000000001
0.6192499999999999
0.6272500000000001
0.6217499999999999
0.6187499999999999
0.6172500000000001
0.6319999999999999
0.62375
0.6117499999999999
0.6147500000000001
0.6175
0.6135
0.6152500000000001
0.62875
0.5994999999999999
0.6244999999999998
0.6145
0.6347499999999999
0.5964999999999999
0.6112500000000001
0.6035000000000001
0.6635
0.5822499999999999
0.5914999999999999
0.536
0.52125
0.4889999999999999
0.49449999999999983
0.47150000000000003
0.47350000000000003
0.5065000000000001
0.45924999999999994
0.47575
0.48424999999999996
0.48850000000000005
0.4917499999999999
0.48524999999999985
0.45324999999999993
0.482
0.47575
0.47425000000000006
0.47275
0.47625000000000006
0.4900000000000001
0.4982500000000001
0.504
0.5082499999999999
0.5025
0.4959999999999999
0.5289999999999999
0.53
0.5109999999999999
0.5069999999999999
0.5475
0.52075
0.52225
0.511
0.5282499999999999
0.5484999999999999
0.5115
0.4877499999999999
0.49850000000000005
0.49949999999999994
0.5442499999999999
0.5115
0.54325
0.5267499999999999
0.5312499999999999
0.5312500000000001
0.5467500000000001
0.5272499999999999
0.5477499999999998
0.5412500000000001
0.5280000000000001
0.5235000000000001
0.5472499999999999
0.5532499999999999
0.53175
0.5464999999999999
0.545
0.55175
0.5465000000000001
0.5025
0.5459999999999999
0.553
0.57275
0.5730000000000001
0.5365000000000001
0.56175
0.5559999999999999
0.52525
0.5337500000000001
0.52425
0.55325
0.5755
0.6067499999999999
0.6099999999999999
0.5577500000000001
0.57725
0.56875
0.54825
0.5652500000000001
0.55175
0.5555
0.559
0.5465000000000001
0.56425
0.5462500000000001
0.566
0.5557500000000001
0.5599999999999999
0.5655
0.5622499999999999
0.582
0.5687499999999999
0.5915000000000001
0.55575
0.553
0.5555000000000001
0.56925
0.5287499999999999
0.5105000000000001
0.5072500000000001
0.5150000000000001
0.50675
0.4890000000000001
0.543
0.5067499999999999
0.5302499999999999
0.54025
0.52275
0.5360000000000001
0.51425
0.5372500000000001
0.5544999999999999
0.5544999999999999
0.524
0.5362500000000001
0.53775
0.53325
0.5632500000000001
0.5225
0.5255000000000001
0.54625
0.5602499999999999
0.55425
0.5497500000000001
0.5542499999999999
0.5262500000000001
0.5517500000000001
0.5355000000000001
0.5515
0.538
0.5387500000000001
0.5505000000000001
0.52525
0.55125
0.55775
0.57025
0.5449999999999999
0.525
0.50225
0.4839999999999999
0.49975000000000014
0.46524999999999994
0.5097499999999999
0.48850000000000005
0.48024999999999995
0.45775
0.48025000000000007
0.47324999999999984
0.4565
0.42000000000000004
0.45399999999999996
0.4347500000000001
0.43474999999999986
0.49149999999999994
0.48525000000000007
0.5087499999999999
0.4794999999999999
0.52375
0.51625
0.54625
0.5415
0.5087499999999999
0.5565
0.533
0.5289999999999999
0.5355
0.5325
0.5344999999999999
0.5190000000000001
0.5425000000000001
0.51975
0.55275
0.5355
0.537
0.5317500000000001
0.52275
0.497
0.5242500000000001
0.53625
0.5202500000000001
0.5264999999999999
0.5139999999999999
0.5524999999999999
0.53125
0.558
0.5195
0.56025
0.50775
0.55475
0.5419999999999999
0.5279999999999999
0.5165000000000002
0.554
0.554
0.514
0.5474999999999999
0.5549999999999999
0.5467499999999998
0.53025
0.5297499999999999
0.52175
0.524
0.55575
0.5425000000000001
0.53725
0.5480000000000002
0.5655
0.5269999999999999
0.5397500000000001
0.5439999999999998
0.5605
0.5774999999999999
0.5795
0.5807500000000001
0.5715
0.598
0.59175
0.595
0.5965
0.5872500000000002
0.59825
0.5882500000000002
0.6144999999999998
0.6245
0.60675
0.61025
0.60975
0.60725
0.58975
0.61225
0.5947499999999999
0.6132500000000001
0.60175
0.607
0.62375
0.607
0.6235
0.594
0.60175
0.58625
0.5889999999999999
0.5605
0.5495
0.522
0.49924999999999986
0.5105
0.4817499999999999
0.4724999999999999
0.5047499999999999
0.489
0.45899999999999996
0.4877499999999999
0.47650000000000003
0.4677500000000001
0.48349999999999993
0.48650000000000004
0.51775
0.5249999999999999
0.50325
0.5370000000000001
0.5622500000000001
0.5659999999999998
0.5782499999999999
0.5665
0.5892500000000002
0.5895
0.6207500000000001
0.5760000000000001
0.5895
0.6122500000000001
0.5895000000000001
0.6092500000000001
0.6252500000000001
0.6094999999999999
0.6360000000000001
0.5942500000000001
0.6395
0.6332500000000001
0.6369999999999999
0.6287499999999999
0.63575
0.6365000000000001
0.622
0.6245
0.6265000000000001
0.5652499999999999
0.6052499999999998
0.6224999999999998
0.63125
0.6232499999999999
0.627
0.5939999999999999
0.5974999999999999
0.62
0.62225
0.6299999999999999
0.6260000000000001
0.6307499999999999
0.61025
0.6074999999999999
0.6219999999999999
0.6232499999999999
0.6265000000000001
0.623
0.6047499999999999
0.6279999999999999
0.6072500000000001
0.6327499999999999
0.6167500000000001
0.60375
0.6225
0.6239999999999999
0.6182499999999999
0.5955000000000001
0.5945
0.6039999999999999
0.6255
0.6405000000000001
0.646
0.584
0.62725
0.62825
0.62025
0.6232500000000001
0.6360000000000001
0.6257500000000001
0.6305000000000001
0.6024999999999999
0.60775
0.63175
0.6249999999999999
0.6275
0.5834999999999999
0.6202500000000001
0.62775
0.62775
0.5927500000000001
0.6267499999999999
0.6310000000000001
0.6005
0.5990000000000001
0.64575
0.6272500000000001
0.6299999999999999
0.62425
0.6027499999999999
0.5920000000000001
0.6032500000000001
0.62725
0.604
0.6134999999999999
0.6024999999999999
0.625
0.58025
0.6325
0.625
0.6042500000000002
0.62575
0.60575
0.6244999999999999
0.6045
0.6155
0.6047499999999999
0.6280000000000001
0.606
0.6024999999999998
0.6425000000000001
0.6377500000000002
0.61625
0.6005000000000001
0.60875
0.6219999999999999
0.6265
0.62675
0.61175
0.6080000000000001
0.6087500000000001
0.6265
0.6235000000000002
0.6315
0.6027500000000001
0.6124999999999999
0.6140000000000001
0.6
0.6282500000000001
0.6020000000000001
0.6299999999999999
0.629
0.6277499999999999
0.5905
0.62375
0.62575
0.59975
0.5960000000000001
0.59375
0.57625
0.52475
0.5065
0.5075
0.4979999999999999
0.492
0.44225000000000003
0.4232500000000001
0.469
0.44425000000000003
0.4604999999999999
0.4460000000000002
0.4720000000000001
0.4624999999999999
0.49275000000000013
0.4445
0.4620000000000001
0.47350000000000003
0.48025000000000007
0.4707499999999999
0.48625000000000007
0.486
0.4997499999999999
0.49775
0.50825
0.47725000000000006
0.4727499999999999
0.523
0.47750000000000004
0.5095000000000001
0.46724999999999983
0.5272500000000001
0.4880000000000001
0.4987499999999999
0.47899999999999987
0.47924999999999984
0.5365
0.5205
0.5135000000000001
0.51075
0.4980000000000001
0.48324999999999996
0.505
0.5182500000000001
0.5127499999999998
0.50875
0.5375
0.5285000000000001
0.5247499999999999
0.47775
0.5302500000000001
0.5029999999999999
0.5049999999999999
0.521
0.49949999999999994
0.5135000000000001
0.495
0.517
0.52225
0.50875
0.50175
0.50775
0.5032499999999999
0.4952500000000001
0.49775
0.5029999999999999
0.528
0.5065000000000001
0.4917499999999999
0.50775
0.5174999999999998
0.5262500000000001
0.50275
0.5062500000000001
0.529
0.49749999999999994
0.496
0.49924999999999997
0.49524999999999997
0.519
0.518
0.50975
0.50925
0.54075
0.4937499999999999
0.504
0.504
0.504
0.5052500000000001
0.5097499999999999
0.504
0.54075
0.51775
0.48624999999999996
0.49475
0.5092500000000001
0.49575
0.5365
0.5307500000000002
0.485
0.4929999999999999
0.509
0.5105000000000001
0.5045
0.53175
0.5592499999999999
0.50075
0.51375
0.5247499999999999
0.4934999999999998
0.5164999999999998
0.51
0.5337500000000001
0.50875
0.506
0.53025
0.49575000000000014
0.52325
0.488
0.5270000000000001
0.5089999999999999
0.507
0.5147499999999999
0.49650000000000005
0.52875
0.48624999999999996
0.51825
0.5115
0.49824999999999997
0.5275
0.521
0.5309999999999999
0.4807499999999999
0.49224999999999997
0.51175
0.49749999999999994
0.504
0.4947499999999999
0.5295
0.48349999999999993
0.5445
0.527
0.49449999999999994
0.5229999999999999
0.49724999999999997
0.547
0.4837500000000001
0.5035
0.5334999999999999
0.5305000000000002
0.5337500000000001
0.509
0.5215000000000001
0.52925
0.5339999999999999
0.5105
0.48850000000000005
0.51575
0.5005000000000001
0.523
0.5467500000000001
0.54125
0.5290000000000001
0.5065000000000002
0.5050000000000001
0.5015
0.5259999999999999
0.525
0.5277499999999999
0.50375
0.50275
0.52325
0.5010000000000001
0.5177499999999999
0.5032500000000001
0.4879999999999999
0.5162500000000001
0.5519999999999999
0.5017499999999999
0.5460000000000002
0.5389999999999999
0.5517500000000001
0.48150000000000015
0.4949999999999999
0.50475
0.49875
0.5242500000000001
0.49949999999999994
0.5525
0.5295
0.547
0.51025
0.4922500000000001
0.511
0.5035
0.5405
0.5095
0.5225
0.5037499999999999
0.54225
0.5015
0.522
0.52125
0.54025
0.5035
0.5427500000000001
0.5122500000000001
0.5127499999999999
0.52
0.4977499999999999
0.50275
0.53175
0.5522499999999999
0.5215
0.4989999999999999
0.4992500000000001
0.5197499999999999
0.5349999999999999
0.5145000000000001
0.53025
0.5830000000000001
0.5652500000000001
0.5795
0.57325
0.5707500000000001
0.61025
0.6077499999999999
0.57525
0.6070000000000001
0.6140000000000001
0.6120000000000001
0.5942500000000001
0.6319999999999999
0.6160000000000001
0.5877500000000001
0.62575
0.629
0.6107500000000001
0.6027499999999999
0.629
0.6335
0.61825
0.6204999999999998
0.634
0.6080000000000001
0.63475
0.6147499999999999
0.5992500000000002
0.60825
0.6180000000000001
0.591
0.6232499999999999
0.631
0.6295
0.62225
0.6285000000000001
0.63475
0.6200000000000001
0.637
0.6104999999999999
0.6140000000000001
0.6167499999999999
0.6085
0.6194999999999999
0.6139999999999999
0.6365000000000001
0.6120000000000001
0.6345000000000001
0.6095
0.6359999999999999
0.6187499999999999
0.5994999999999999
0.61625
0.6090000000000001
0.6149999999999999
0.5680000000000001
0.5974999999999999
0.5555
0.5635
0.5367500000000002
0.5012500000000001
0.5009999999999999
0.5305000000000001
0.49324999999999997
0.4867500000000001
0.499
0.4737499999999999
0.4650000000000001
0.4982500000000001
0.49824999999999997
0.4982500000000001
0.47875
0.5189999999999999
0.5177500000000002
0.5445000000000001
0.5509999999999999
0.5335000000000001
0.5687500000000001
0.5950000000000001
0.574
0.5730000000000001
0.5724999999999999
0.5965
0.5975000000000001
0.6095000000000002
0.6050000000000001
0.5887500000000001
0.61575
0.606
0.6089999999999999
0.61925
0.6102500000000001
0.6325000000000001
0.61175
0.63525
0.6405
0.6387500000000002
0.605
0.6207500000000001
0.6382500000000001
0.61825
0.60275
0.6212499999999999
0.5945
0.5725
0.57025
0.5525
0.5435000000000001
0.5397500000000001
0.5035000000000001
0.50775
0.51375
0.54675
0.494
0.5225000000000001
0.48125000000000007
0.47924999999999995
0.531
0.5267499999999999
0.541
0.5514999999999999
0.5665
0.5685000000000001
0.5914999999999999
0.5952500000000001
0.59625
0.56375
0.54625
0.6192500000000001
0.6295000000000001
0.6255
0.618
0.64625
0.6250000000000001
0.6545000000000001
0.6445
0.6222500000000001
0.6157500000000001
0.6224999999999999
0.61575
0.6067500000000001
0.574
0.57225
0.5877499999999999
0.5915
0.5655
0.55275
0.5057500000000001
0.50225
0.5135
0.5245000000000001
0.52475
0.51325
0.49749999999999994
0.51425
0.52775
0.5165
0.5122500000000001
0.5197499999999999
0.50925
0.4767499999999999
0.52225
0.49475
0.52
0.5035000000000002
0.5317500000000001
0.5
0.5185000000000001
0.52125
0.4859999999999999
0.513
0.5079999999999999
0.5057499999999999
0.5117499999999999
0.54275
0.5274999999999999
0.5372499999999999
0.5152500000000001
0.555
0.5485
0.537
0.53675
0.5075
0.5175
0.533
0.558
0.531
0.5594999999999999
0.54475
0.54075
0.54425
0.5345
0.5297499999999999
0.5475
0.56
0.5704999999999999
0.5549999999999999
0.5397500000000001
0.5555
0.5445000000000001
0.5167499999999999
0.5612500000000001
0.5595
0.5505
0.56225
0.539
0.53325
0.54425
0.5505
0.546
0.5492499999999999
0.543
0.5594999999999999
0.52125
0.57525
0.5255
0.5452499999999999
0.5259999999999999
0.5335000000000001
0.5519999999999999
0.54575
0.589
0.5435
0.55375
0.55525
0.5332500000000001
0.55375
0.5377500000000001
0.55475
0.57
0.548
0.5474999999999999
0.5389999999999999
0.54475
0.5637499999999999
0.52525
0.5475
0.5559999999999999
0.54125
0.5482499999999999
0.5272500000000001
0.548
0.5525
0.54875
0.57325
0.5267499999999999
0.5770000000000001
0.592
0.5247499999999999
0.5642499999999999
0.5525
0.5362499999999999
0.57075
0.54975
0.5669999999999998
0.5325
0.5595
0.5735
0.5485000000000001
0.5399999999999999
0.5439999999999999
0.5457500000000001
0.57125
0.54325
0.544
0.538
0.537
0.5252500000000001
0.5707500000000001
0.5684999999999999
0.588
0.5687500000000001
0.5652500000000001
0.5870000000000001
0.6015
0.597
0.6105
0.6110000000000001
0.6395000000000002
0.6129999999999999
0.58825
0.5997500000000001
0.63025
0.6335
0.6154999999999999
0.62775
0.6199999999999999
0.6335
0.5964999999999998
0.6234999999999999
0.6110000000000001
0.611
0.59275
0.5814999999999999
0.5584999999999999
0.5422499999999999
0.5567500000000001
0.51175
0.5027500000000001
0.5087499999999999
0.49875000000000014
0.50225
0.525
0.48875000000000013
0.5179999999999999
0.50025
0.48075
0.532
0.5489999999999999
0.5294999999999999
0.54175
0.552
0.55375
0.5935000000000001
0.5740000000000002
0.57125
0.5964999999999999
0.6160000000000001
0.617
0.6212500000000001
0.6362500000000001
0.6140000000000001
0.6155000000000002
0.618
0.62775
0.6095
0.60275
0.6385000000000001
0.6185
0.6054999999999999
0.6139999999999999
0.614
0.6225
0.5830000000000001
0.5854999999999999
0.54875
0.5427500000000001
0.55525
0.53475
0.51425
0.5184999999999998
0.5075000000000001
0.50075
0.5095
0.5179999999999999
0.5355000000000001
0.5319999999999999
0.5535
0.567
0.57225
0.60575
0.5697500000000001
0.599
0.6089999999999999
0.617
0.6345000000000001
0.6104999999999999
0.62
0.6389999999999999
0.623
0.6245
0.627
0.6410000000000001
0.6127499999999999
0.6237499999999999
0.615
0.6312499999999999
0.6275000000000001
0.6327500000000001
0.5950000000000001
0.607
0.62175
0.56925
0.58925
0.5665000000000001
0.5407500000000002
0.5635000000000001
0.5255
0.5057499999999999
0.53125
0.5415000000000001
0.5595
0.54
0.52025
0.5465
0.566
0.5522499999999999
0.5762499999999999
0.569
0.57625
0.5415
0.56275
0.5864999999999999
0.59625
0.6157499999999999
0.5850000000000001
0.56675
0.5915
0.61575
0.6085
0.5917499999999999
0.634
0.5999999999999999
0.6305000000000001
0.613
0.602
0.6232500000000001
0.6187499999999999
0.6135
0.5755
0.6092500000000001
0.5795000000000001
0.5722499999999999
0.5482499999999999
0.5615000000000001
0.5885000000000001
0.554
0.5405
0.5154999999999998
0.5432500000000001
0.5475000000000001
0.5245
0.534
0.5455
0.5447500000000001
0.55525
0.55825
0.5645000000000001
0.5690000000000001
0.53925
0.5587500000000001
0.5512499999999999
0.5309999999999999
0.5489999999999998
0.5545000000000001
0.5715000000000001
0.5377499999999998
0.5627500000000001
0.59225
0.54825
0.5987499999999999
0.5652499999999999
0.61225
0.5967499999999999
0.5992500000000001
0.61125
0.61625
0.58225
0.6025
0.5750000000000001
0.58075
0.5825000000000001
0.59325
0.54775
0.58
0.5619999999999999
0.548
0.5232499999999999
0.5472499999999999
0.5055
0.5032500000000001
0.4989999999999999
0.52625
0.5087499999999999
0.5175000000000001
0.52425
0.535
0.5145000000000001
0.5355
0.5237499999999999
0.55675
0.5524999999999999
0.5450000000000002
0.5725
0.58825
0.6184999999999999
0.5890000000000001
0.5872499999999999
0.5899999999999999
0.5894999999999999
0.58875
0.6112500000000001
0.6077499999999998
0.6132500000000001
0.6000000000000001
0.618
0.6114999999999999
0.6134999999999999
0.6039999999999999
0.6162500000000002
0.6027500000000001
0.599
0.62375
0.6079999999999999
0.5952500000000001
0.602
0.6165
0.5952499999999998
0.621
0.63175
0.6140000000000001
0.5927499999999999
0.6355
0.589
0.6125000000000002
0.6377499999999999
0.6292500000000001
0.619
0.6400000000000001
0.63625
0.61775
0.6207500000000001
0.5992500000000001
0.542
0.55725
0.5645
0.545
0.54825
0.52925
0.5365000000000001
0.5489999999999999
0.5507500000000001
0.53875
0.5365
0.55475
0.548
0.5644999999999999
0.5484999999999999
0.5465
0.5845
0.57025
0.5999999999999999
0.6055000000000001
0.5912499999999998
0.577
0.59875
0.586
0.6105
0.5860000000000001
0.6020000000000001
0.5935
0.5927499999999999
0.6022500000000002
0.6110000000000001
0.62
0.5842499999999999
0.60075
0.5890000000000002
0.5915
0.6060000000000001
0.6032500000000001
0.58925
0.6105
0.6122500000000001
0.5974999999999999
0.599
0.5900000000000001
0.6447499999999999
0.5852499999999998
0.6012500000000001
0.5902499999999999
0.6014999999999999
0.61775
0.5947500000000001
0.59125
0.61625
0.621
0.5957500000000001
0.599
0.6134999999999999
0.6010000000000001
0.6102500000000002
0.6084999999999998
0.6145
0.6047499999999999
0.603
0.5815000000000001
0.57925
0.62575
0.59575
0.5805
0.603
0.6164999999999999
0.6244999999999999
0.5935000000000001
0.5994999999999999
0.60425
0.6152499999999999
0.6037500000000001
0.5925
0.6050000000000001
0.6045
0.6234999999999999
0.6047499999999999
0.59875
0.5900000000000001
0.5940000000000001
0.60125
0.59175
0.6035000000000001
0.60625
0.6015000000000001
0.5945
0.5942500000000001
0.5909999999999999
0.605
0.6055000000000001
0.6352499999999999
0.5895
0.56425
0.5389999999999999
0.51725
0.4947499999999999
0.4595
0.493
0.47324999999999995
0.485
0.4215000000000001
0.4654999999999999
0.4507499999999999
0.46575
0.42299999999999993
0.46625000000000005
0.4580000000000001
0.4819999999999999
0.49375
0.53775
0.504
0.5049999999999999
0.5085000000000001
0.525
0.55575
0.5542500000000001
0.5527500000000001
0.5597500000000001
0.5984999999999999
0.5732499999999999
0.6025
0.5985
0.5902499999999999
0.5995000000000001
0.58925
0.5984999999999999
0.5892499999999999
0.6092500000000001
0.59825
0.5824999999999998
0.55475
0.57825
0.5444999999999999
0.5027499999999999
0.5095000000000001
0.51275
0.4564999999999999
0.4577500000000001
0.48875
0.46224999999999994
0.49275
0.4750000000000001
0.4584999999999999
0.4605
0.4869999999999999
0.49450000000000005
0.5165000000000001
0.5445
0.5457500000000001
0.55025
0.554
0.5642499999999999
0.56375
0.5665
0.56575
0.57875
0.5945
0.567
0.59375
0.5972499999999998
0.57975
0.5845
0.60825
0.59775
0.5934999999999999
0.5925
0.5895
0.5754999999999999
0.5562499999999999
0.55375
0.5409999999999999
0.5529999999999999
0.5339999999999999
0.5162500000000001
0.50575
0.47375
0.486
0.46699999999999997
0.4585
0.4675
0.43225
0.46475
0.4615
0.47999999999999987
0.4882500000000001
0.5057500000000001
0.4620000000000001
0.5299999999999999
0.5277499999999999
0.55825
0.5362499999999999
0.5542499999999999
0.54875
0.55
0.571
0.5472499999999999
0.57475
0.5529999999999999
0.6010000000000001
0.5880000000000001
0.5835
0.57475
0.59425
0.58475
0.58725
0.5874999999999999
0.5932499999999999
0.6005
0.6047500000000001
0.595
0.5780000000000001
0.5259999999999999
0.5369999999999999
0.5365
0.483
0.5125000000000001
0.48575
0.4704999999999999
0.4817500000000001
0.49349999999999994
0.47775
0.50075
0.48075
0.48249999999999993
0.5205
0.5065
0.52325
0.541
0.5622499999999999
0.579
0.5685
0.5555
0.5905
0.572
0.59775
0.595
0.571
0.6104999999999999
0.5902499999999999
0.617
0.5754999999999999
0.5824999999999999
0.607
0.591
0.5980000000000001
0.6110000000000001
0.5954999999999999
0.5732499999999999
0.5369999999999999
0.5742500000000001
0.5410000000000001
0.5329999999999999
0.5354999999999999
0.49049999999999994
0.48350000000000004
0.485
0.4757500000000001
0.47275
0.47399999999999987
0.4584999999999999
0.4949999999999999
0.46725000000000005
0.45124999999999993
0.46224999999999994
0.481
0.49350000000000016
0.5125
0.5217499999999999
0.494
0.51575
0.5165000000000001
0.5107499999999999
0.47525000000000006
0.4777500000000001
0.5234999999999999
0.48975
0.48024999999999995
0.492
0.5189999999999999
0.5137499999999999
0.48524999999999996
0.53225
0.4979999999999999
0.4790000000000001
0.507
0.5165
0.491
0.51625
0.512
0.5195000000000001
0.5105
0.5112500000000001
0.5307499999999999
0.5209999999999999
0.531
0.5245000000000001
0.5065
0.5287499999999999
0.5162500000000001
0.50775
0.5189999999999999
0.5030000000000001
0.5025
0.5192500000000001
0.50725
0.5030000000000001
0.5475
0.49924999999999997
0.52175
0.5169999999999999
0.5185
0.533
0.56775
0.516
0.5312499999999999
0.50075
0.5005000000000001
0.52475
0.5102500000000001
0.5535000000000001
0.5175000000000001
0.5315000000000001
0.51975
0.5622499999999999
0.5295
0.5207499999999999
0.5117499999999999
0.50625
0.5474999999999999
0.5044999999999998
0.5059999999999999
0.5039999999999999
0.52075
0.4952500000000001
0.5080000000000001
0.57
0.5435000000000001
0.5460000000000002
0.5497499999999998
0.53575
0.4837499999999999
0.50475
0.553
0.5254999999999999
0.5279999999999999
0.505
0.55275
0.487
0.54525
0.5205000000000001
0.5065000000000001
0.5665000000000001
0.5025000000000002
0.5377500000000001
0.545
0.5840000000000001
0.5015
0.53
0.5472499999999999
0.5247499999999999
0.5565
0.5637500000000001
0.5429999999999998
0.52525
0.5322499999999999
0.51825
0.5497500000000001
0.4977499999999999
0.5169999999999999
0.472
0.5042500000000001
0.5055
0.5739999999999998
0.46975
0.45600000000000007
0.4992500000000001
0.49624999999999997
0.5282499999999999
0.51975
0.5190000000000001
0.5037499999999998
0.522
0.5179999999999999
0.51175
0.50675
0.481
0.51275
0.47
0.48425000000000007
0.516
0.48075
0.48349999999999993
0.49849999999999994
0.50725
0.52725
0.5212500000000001
0.5067499999999998
0.5082500000000001
0.496
0.503
0.501
0.48675
0.525
0.4707499999999999
0.52325
0.5112500000000001
0.49549999999999994
0.45799999999999996
0.48625000000000007
0.46499999999999997
0.5067499999999999
0.49875000000000014
0.51575
0.5090000000000001
0.48824999999999996
0.47975
0.4874999999999998
0.49
0.47675
0.48449999999999993
0.5110000000000001
0.49675000000000014
0.49950000000000006
0.51125
0.494
0.48525000000000007
0.47625000000000006
0.4950000000000001
0.49375
0.47350000000000003
0.49249999999999994
0.48750000000000004
0.49149999999999994
0.487
0.5062500000000001
0.5099999999999999
0.4794999999999999
0.5117499999999999
0.5132500000000001
0.5139999999999999
0.51925
0.5105000000000001
0.48224999999999996
0.49924999999999997
0.5055
0.5105000000000001
0.49224999999999997
0.53325
0.5362499999999999
0.492
0.5275
0.51975
0.4977499999999999
0.4605
0.49449999999999994
0.54125
0.49724999999999997
0.5100000000000001
0.52625
0.5392499999999999
0.50225
0.547
0.49875000000000014
0.48249999999999993
0.50925
0.5162500000000001
0.5397500000000001
0.5060000000000001
0.50625
0.5002500000000001
0.5209999999999999
0.5282499999999999
0.5245
0.505
0.514
0.49224999999999997
0.523
0.5100000000000001
0.49449999999999994
0.5045000000000001
0.487
0.53825
0.5015000000000001
0.48325000000000007
0.5085
0.53075
0.5072500000000001
0.5289999999999998
0.5395000000000001
0.545
0.5095000000000001
0.5077499999999999
0.5025
0.50975
0.5095
0.5080000000000001
0.51125
0.50875
0.5167499999999999
0.5329999999999999
0.49875
0.47850000000000004
0.5257499999999999
0.5067500000000001
0.5295
0.4922500000000002
0.495
0.5
0.5347500000000001
0.5115
0.5249999999999999
0.5077499999999999
0.49975
0.50475
0.5215
0.5197499999999999
0.49075
0.48750000000000004
0.48625000000000007
0.5472500000000001
0.5155000000000001
0.5495
0.49950000000000006
0.4877499999999999
0.4867500000000001
0.5012500000000001
0.5262499999999999
0.5165000000000001
0.4670000000000001
0.47950000000000004
0.522
0.4992500000000001
0.5200000000000001
0.52425
0.518
0.49724999999999997
0.5299999999999999
0.48950000000000005
0.5039999999999999
0.5367500000000001
0.51775
0.54025
0.53175
0.5527500000000001
0.57425
0.5895
0.60925
0.5892499999999998
0.5967500000000001
0.59725
0.5674999999999999
0.59775
0.59975
0.617
0.621
0.6307499999999999
0.634
0.586
0.62325
0.6155000000000002
0.615
0.6167500000000001
0.6180000000000001
0.6235000000000002
0.623
0.6052499999999998
0.6239999999999999
0.5997499999999999
0.56925
0.57875
0.578
0.5272499999999999
0.5239999999999999
0.5145
0.5117499999999998
0.45324999999999993
0.46799999999999997
0.48975
0.483
0.48349999999999993
0.5070000000000001
0.5895000000000001
0.5147500000000002
0.5032500000000001
0.5385
0.5152499999999999
0.5447500000000001
0.5437500000000001
0.5720000000000001
0.5677500000000001
0.5670000000000001
0.5665
0.585
0.57975
0.6012500000000001
0.6044999999999998
0.6220000000000001
0.6035
0.6250000000000001
0.6347499999999999
0.6547499999999999
0.65875
0.65225
0.6420000000000001
0.6315
0.6452500000000001
0.656
0.6147500000000001
0.6557500000000002
0.62825
0.60775
0.59375
0.5777500000000001
0.5609999999999999
0.5695000000000001
0.52575
0.53725
0.52875
0.4859999999999999
0.49349999999999994
0.48775000000000013
0.5015000000000001
0.5045000000000001
0.48525000000000007
0.46950000000000014
0.5145
0.5195000000000001
0.5325
0.5262500000000001
0.5655000000000001
0.53975
0.5409999999999998
0.5997499999999999
0.59425
0.59475
0.6014999999999999
0.6112499999999998
0.5992500000000001
0.62625
0.6512499999999999
0.613
0.6385000000000001
0.64625
0.6192500000000001
0.655
0.6405000000000001
0.64625
0.6482499999999999
0.64675
0.67025
0.639
0.65625
0.65575
0.6340000000000001
0.5930000000000001
0.5887499999999999
0.5857499999999999
0.5314999999999999
0.57175
0.54375
0.5362499999999999
0.497
0.5357499999999998
0.4927499999999999
0.4947499999999999
0.48649999999999993
0.48624999999999985
0.51475
0.5269999999999999
0.50925
0.52
0.5337500000000001
0.526
0.5315
0.58875
0.5635000000000001
0.5775
0.5977500000000001
0.5984999999999999
0.5794999999999999
0.64625
0.59775
0.5992500000000002
0.6230000000000001
0.6199999999999999
0.6395
0.61575
0.6407499999999999
0.6114999999999999
0.6417499999999999
0.6459999999999999
0.6359999999999999
0.6485000000000001
0.6459999999999999
0.62425
0.656
0.6437499999999999
0.6287499999999999
0.6257500000000001
0.6074999999999999
0.58425
0.564
0.564
0.565
0.5407500000000002
0.5585000000000001
0.5305000000000001
0.49824999999999986
0.5607500000000001
0.52825
0.526
0.5397500000000001
0.5769999999999998
0.53875
0.5459999999999999
0.5612500000000001
0.5907500000000001
0.5910000000000001
0.59775
0.6074999999999999
0.6114999999999999
0.59575
0.5997500000000001
0.621
0.6347499999999999
0.629
0.6319999999999999
0.6415000000000002
0.6455000000000001
0.6475000000000001
0.6349999999999999
0.6425000000000001
0.6462500000000001
0.6175
0.6205
0.6465000000000001
0.63375
0.6234999999999999
0.6519999999999999
0.6195
0.6074999999999999
0.62275
0.63625
0.5957500000000001
0.5842499999999999
0.61425
0.5757499999999999
0.5899999999999999
0.54075
0.5135
0.5347500000000001
0.5582500000000001
0.54375
0.5279999999999999
0.551
0.55175
0.55375
0.5640000000000001
0.56725
0.5875000000000001
0.5852499999999999
0.6004999999999999
0.5954999999999999
0.60625
0.623
0.6225
0.6207499999999999
0.61875
0.5910000000000001
0.63825
0.6344999999999998
0.64025
0.64375
0.6467499999999999
0.6447499999999999
0.6452500000000001
0.6400000000000001
0.6347499999999999
0.6385
0.6445
0.61625
0.614
0.6032499999999998
0.59075
0.6220000000000001
0.5857500000000001
0.6180000000000001
0.5782499999999999
0.55125
0.5662499999999999
0.5372499999999999
0.5385
0.5285
0.5402499999999999
0.5525000000000001
0.5024999999999998
0.5315
0.54525
0.5717500000000001
0.5765
0.6045
0.6149999999999999
0.605
0.6019999999999999
0.61125
0.6077499999999999
0.61425
0.6200000000000001
0.6317499999999999
0.5915000000000001
0.63625
0.62825
0.6537499999999999
0.6424999999999998
0.64425
0.64075
0.6397499999999998
0.6607500000000002
0.6379999999999999
0.6470000000000001
0.63625
0.6405000000000001
0.6387500000000002
0.6132500000000001
0.6157500000000001
0.6355
0.6029999999999999
0.60175
0.58025
0.6054999999999999
0.5635000000000001
0.542
0.514
0.537
0.55
0.52125
0.546
0.522
0.55675
0.5895
0.5734999999999999
0.59625
0.593
0.6045
0.6209999999999999
0.5960000000000001
0.622
0.6052500000000001
0.6212499999999999
0.6392500000000001
0.641
0.632
0.6405000000000001
0.6435000000000001
0.6325000000000001
0.65375
0.6520000000000001
0.6522500000000002
0.6367500000000001
0.6325000000000001
0.6652499999999999
0.63575
0.6347500000000001
0.65675
0.66625
0.6577500000000001
0.6415
0.666
0.63425
0.637
0.671
0.6417499999999999
0.6384999999999998
0.6302499999999999
0.6597500000000002
0.6615
0.6372500000000001
0.6595
0.62175
0.6395000000000001
0.6575
0.6700000000000002
0.63625
0.6489999999999998
0.657
0.64025
0.6575
0.6369999999999999
0.6389999999999999
0.6372499999999999
0.65875
0.6592499999999999
0.6415
0.6252499999999999
0.6367499999999999
0.6355
0.65675
0.6275000000000002
0.64175
0.6595
0.6335000000000001
0.6549999999999999
0.657
0.6400000000000001
0.64025
0.65025
0.65375
0.6395
0.6519999999999999
0.6355000000000002
0.6362500000000001
0.6475
0.6407499999999999
0.661
0.6134999999999999
0.6685000000000001
0.6432499999999999
0.6399999999999999
0.6387499999999999
0.6339999999999999
0.661
0.64625
0.65025
0.63925
0.6357499999999998
0.6495
0.6319999999999999
0.6582499999999999
0.6452499999999999
0.6344999999999998
0.63425
0.65425
0.66075
0.6385000000000001
0.6612499999999999
0.6645
0.62575
0.6787500000000001
0.63675
0.66025
0.6525000000000001
0.6467499999999999
0.64375
0.683
0.6355
0.65575
0.6475000000000001
0.6555
0.63975
0.6392499999999999
0.6545000000000001
0.63975
0.63725
0.63425
0.6539999999999999
0.6542500000000001
0.6652499999999999
0.6387500000000002
0.6575
0.63975
0.6407499999999999
0.63775
0.61625
0.6464999999999999
0.6560000000000001
0.657
0.6404999999999998
0.6584999999999999
0.6352499999999999
0.6362500000000001
0.65025
0.6580000000000001
0.63375
0.6435
0.6265000000000001
0.6127500000000001
0.6395
0.6565000000000001
0.64325
0.6667500000000002
0.6495
0.6322500000000002
0.6367500000000001
0.641
0.6360000000000001
0.637
0.638
0.639
0.6490000000000001
0.6467500000000002
0.64125
0.651
0.6167500000000001
0.6615
0.625
0.6495
0.6350000000000001
0.6112500000000001
0.6322499999999999
0.6142500000000001
0.6355
0.6420000000000001
0.6614999999999999
0.6312500000000001
0.6412499999999999
0.6695
0.6209999999999999
0.6394999999999998
0.6437500000000002
0.6675
0.6292499999999999
0.6562500000000001
0.6522500000000001
0.6062500000000001
0.61175
0.555
0.535
0.5435
0.51975
0.4757500000000001
0.4764999999999999
0.5375
0.5375
0.5892499999999999
0.5957500000000001
0.5875
0.6239999999999999
0.5885
0.5745
0.63725
0.62175
0.57375
0.6065
0.60775
0.5914999999999999
0.6115000000000002
0.609
0.6147499999999999
0.61675
0.6027500000000001
0.59725
0.6067499999999999
0.5880000000000001
0.58025
0.5374999999999999
0.5625
0.5299999999999999
0.562
0.5950000000000001
0.5830000000000001
0.59025
0.5697500000000001
0.59875
0.5795000000000001
0.57425
0.60275
0.5820000000000001
0.5922499999999999
0.5954999999999999
0.6095
0.6365000000000001
0.61825
0.62475
0.60025
0.671
0.6565000000000001
0.6602500000000001
0.6572500000000001
0.6595000000000002
0.649
0.6725
0.6712499999999999
0.65625
0.65575
0.6375
0.6127500000000001
0.6522499999999999
0.573
0.57925
0.5385000000000001
0.531
0.55275
0.5097499999999999
0.48624999999999996
0.50075
0.5179999999999999
0.4979999999999999
0.5147499999999999
0.5550000000000002
0.562
0.5402500000000001
0.57425
0.5752499999999999
0.6014999999999999
0.6179999999999999
0.60275
0.6067499999999999
0.5947499999999999
0.6372500000000001
0.617
0.5955
0.6257500000000001
0.6255
0.61375
0.60625
0.62175
0.603
0.6090000000000001
0.5740000000000002
0.5762499999999999
0.57975
0.5775
0.55575
0.5347500000000001
0.5379999999999999
0.527
0.5235
0.5065000000000001
0.5222500000000001
0.5527500000000001
0.52825
0.5067499999999999
0.5337499999999998
0.54175
0.52825
0.5345
0.513
0.5617500000000001
0.54275
0.5820000000000002
0.55075
0.60875
0.5734999999999999
0.5670000000000001
0.5697500000000001
0.5907500000000001
0.63225
0.608
0.6194999999999999
0.6047499999999999
0.6175000000000002
0.6244999999999999
0.62575
0.6052500000000001
0.6255000000000002
0.60375
0.625
0.605
0.61125
0.6094999999999999
0.63675
0.6047500000000001
0.623
0.6174999999999999
0.5667499999999999
0.54075
0.58575
0.59
0.5325000000000001
0.5322500000000001
0.5625
0.5592499999999999
0.54675
0.549
0.5477499999999998
0.5475
0.5850000000000001
0.5760000000000001
0.593
0.5765
0.5952500000000001
0.607
0.6064999999999999
0.6100000000000001
0.632
0.6382500000000002
0.6299999999999999
0.6385000000000001
0.6265
0.6225000000000002
0.6174999999999999
0.6310000000000001
0.63625
0.6350000000000001
0.6255000000000001
0.615
0.6295
0.6207500000000001
0.6272499999999999
0.61225
0.6140000000000001
0.5685000000000001
0.5647500000000001
0.5665000000000001
0.5902499999999999
0.545
0.5404999999999999
0.5312500000000001
0.5464999999999999
0.52775
0.52825
0.5445000000000001
0.552
0.5397500000000001
0.5385
0.58125
0.5565
0.58375
0.55925
0.572
0.6100000000000001
0.606
0.6025
0.6362500000000001
0.6335
0.6387499999999999
0.604
0.6022500000000002
0.6235
0.62575
0.64125
0.6299999999999999
0.62775
0.61975
0.6425000000000001
0.62375
0.64025
0.6132500000000001
0.60825
0.5732499999999999
0.59925
0.5885
0.5580000000000002
0.552
0.5435
0.5645000000000001
0.5525
0.5367500000000001
0.5647500000000001
0.5455000000000001
0.5752500000000002
0.567
0.5852499999999999
0.5702499999999999
0.5900000000000001
0.6152500000000001
0.6145
0.6137500000000001
0.6357500000000001
0.6207499999999999
0.6099999999999999
0.6272500000000001
0.63125
0.6245
0.6292500000000001
0.6187500000000001
0.6302500000000001
0.6234999999999999
0.6267499999999999
0.6339999999999999
0.6102500000000001
0.6207500000000001
0.6192499999999999
0.6215000000000002
0.6052499999999998
0.64425
0.6202500000000001
0.6655
0.6325000000000001
0.6075000000000002
0.6375000000000001
0.6104999999999999
0.6444999999999999
0.6225
0.6132500000000001
0.645
