0.18624999999999992
0.18799999999999994
0.14849999999999997
0.15600000000000003
0.15175000000000005
0.13775000000000004
0.15625
0.16449999999999998
0.16849999999999998
0.1652499999999999
0.13824999999999998
0.14125
0.15349999999999997
0.14350000000000007
0.15350000000000008
0.1622499999999999
0.123
0.12874999999999992
0.14674999999999994
0.17199999999999993
0.12950000000000006
0.136
0.12650000000000006
0.16700000000000004
0.15124999999999988
0.08600000000000008
0.12475000000000003
0.21024999999999994
0.17874999999999996
0.08150000000000002
0.1017499999999999
0.13750000000000007
0.12450000000000006
0.11675000000000002
0.1894999999999999
0.16274999999999995
0.14400000000000002
0.18600000000000005
0.1662499999999999
0.17100000000000004
0.16875000000000007
0.14300000000000002
0.15700000000000003
0.18299999999999994
0.18175000000000008
0.15325
0.15999999999999992
0.18374999999999997
0.16099999999999992
0.19424999999999992
0.15725
0.15399999999999991
0.1399999999999999
0.14074999999999993
0.14650000000000007
0.16674999999999995
0.18475000000000008
0.16274999999999995
0.1692499999999999
0.15474999999999994
0.18099999999999994
0.1745
0.1705000000000001
0.17774999999999996
0.19024999999999992
0.17225000000000001
0.18499999999999994
0.16349999999999998
0.15300000000000002
0.1825
0.18399999999999994
0.18500000000000005
0.16000000000000003
0.16874999999999996
0.16549999999999998
0.13524999999999998
0.15699999999999992
0.18574999999999997
0.17799999999999994
0.19725000000000004
0.17474999999999996
0.1822499999999999
0.13075000000000003
0.11924999999999997
0.18600000000000005
0.17200000000000004
0.1399999999999999
0.14549999999999996
0.14300000000000002
0.11850000000000005
0.14900000000000002
0.1712499999999999
0.14875000000000005
0.17549999999999988
0.15174999999999994
0.12849999999999995
0.13624999999999987
0.17499999999999993
0.14950000000000008
0.13249999999999995
0.16249999999999998
0.16574999999999995
0.18225000000000002
0.15225
0.18725000000000003
0.1685000000000001
0.17675000000000007
0.17000000000000004
0.20574999999999988
0.19199999999999995
0.20599999999999996
0.19125000000000003
0.1725
0.1805
0.18625000000000003
0.18125000000000002
0.21749999999999992
0.21175
0.16500000000000004
0.1875
0.19424999999999992
0.18325000000000002
0.21575
0.19624999999999992
0.1842499999999999
0.19700000000000006
0.22275
0.23424999999999996
0.21299999999999997
0.21750000000000003
0.22499999999999998
0.17975000000000008
0.22075
0.18774999999999997
0.23224999999999996
0.22975
0.21399999999999997
0.18100000000000005
0.19025000000000003
0.20799999999999996
0.21725000000000005
0.20199999999999996
0.24150000000000005
0.1815
0.16025
0.22725000000000006
0.22250000000000003
0.18800000000000006
0.21750000000000003
0.19474999999999998
0.20875
0.1795
0.20074999999999998
0.18525000000000014
0.15125
0.1672499999999999
0.1429999999999999
0.16599999999999993
0.1915
0.16375000000000006
0.13575000000000004
0.15224999999999989
0.17399999999999993
0.17975000000000008
0.15075000000000005
0.17500000000000004
0.15374999999999994
0.15925
0.15649999999999997
0.17999999999999994
0.18600000000000005
0.15425
0.17025
0.17274999999999996
0.1835
0.1622499999999999
0.19900000000000007
0.16749999999999998
0.16800000000000004
0.21224999999999994
0.21599999999999997
0.23575000000000002
0.16475000000000006
0.15825
0.1965
0.23624999999999996
0.1802499999999999
0.16499999999999992
0.20224999999999993
0.20950000000000013
0.20750000000000002
0.16925
0.18500000000000005
0.16200000000000003
0.19825000000000004
0.22100000000000009
0.19099999999999995
0.17525000000000002
0.18925000000000003
0.20950000000000002
0.21324999999999994
0.18625000000000003
0.20699999999999996
0.1752499999999999
0.18774999999999997
0.20500000000000007
0.19900000000000007
0.20624999999999993
0.18599999999999994
0.18924999999999992
0.18599999999999994
0.1602499999999999
0.18025000000000002
0.21124999999999994
0.17974999999999997
0.11750000000000005
0.15074999999999994
0.16374999999999995
0.1735
0.16074999999999995
0.14075000000000004
0.14174999999999993
0.1715000000000001
0.12924999999999998
0.14200000000000002
0.3007500000000001
0.11375000000000002
0.15925
0.14275000000000004
0.14900000000000002
0.12650000000000006
0.11325000000000007
0.11524999999999996
0.124
0.08675
0.11550000000000005
0.10450000000000004
0.13074999999999992
0.09649999999999992
0.08274999999999999
0.08025000000000004
0.06725000000000003
0.07850000000000001
0.3107500000000001
0.08000000000000007
0.09050000000000002
0.06699999999999995
0.05899999999999994
0.03949999999999987
0.06699999999999995
0.059250000000000025
0.07950000000000002
0.02400000000000002
0.04149999999999998
0.046499999999999986
0.04475000000000007
0.037250000000000005
0.03575000000000006
0.038000000000000034
0.023749999999999938
0.03200000000000003
0.07400000000000007
0.024499999999999966
0.03699999999999992
0.03949999999999998
0.036250000000000004
0.015750000000000042
0.027000000000000024
0.039000000000000035
0.032749999999999946
0.018750000000000044
0.024249999999999994
0.04325000000000001
0.054750000000000076
0.04949999999999999
0.04499999999999993
0.05399999999999994
0.058499999999999996
0.0635
0.05249999999999999
0.02949999999999997
0.15399999999999991
0.02574999999999994
0.04325000000000001
0.03649999999999998
0.06299999999999994
0.02949999999999997
0.06899999999999995
0.08625000000000005
0.03699999999999992
0.06824999999999992
0.06399999999999995
0.04749999999999999
0.08250000000000002
0.10524999999999995
0.0605
0.08324999999999994
0.08750000000000002
0.05675000000000008
0.09550000000000003
0.07374999999999998
0.10599999999999998
0.09549999999999992
0.07124999999999992
0.05899999999999994
0.10150000000000003
0.08550000000000002
0.1050000000000001
0.08499999999999996
0.06525000000000003
0.07524999999999993
0.08100000000000007
0.09424999999999994
0.09899999999999998
0.0724999999999999
0.06274999999999997
0.09225000000000005
0.10325000000000006
0.08749999999999991
0.08925000000000005
0.0774999999999999
0.09075000000000011
0.08500000000000008
0.08499999999999996
0.08699999999999997
0.07324999999999993
0.12274999999999991
0.0675
0.09525000000000006
0.09575
0.09199999999999997
0.07700000000000007
0.08750000000000002
0.06500000000000006
0.07474999999999998
0.09125000000000005
0.08025000000000004
0.08850000000000002
0.08599999999999997
0.11575000000000002
0.09824999999999995
0.06800000000000006
0.08850000000000002
0.09200000000000008
0.10924999999999996
0.07274999999999998
0.07850000000000001
0.05625000000000002
0.06125000000000003
0.07024999999999992
0.08400000000000007
0.07074999999999998
0.08824999999999994
0.10849999999999993
0.08499999999999996
0.11375000000000013
0.09099999999999997
0.07774999999999999
0.09075
0.09949999999999992
0.09724999999999995
0.0997499999999999
0.09724999999999995
0.10625000000000007
0.06599999999999995
0.10699999999999987
0.10849999999999993
0.08800000000000008
0.0685
0.10424999999999995
0.04949999999999999
0.09849999999999992
0.08174999999999999
0.07874999999999999
0.057499999999999996
0.0777500000000001
0.10124999999999995
0.09224999999999994
0.09125000000000005
0.08850000000000002
0.10999999999999999
0.09050000000000002
0.09124999999999994
0.07225000000000004
0.11275000000000002
0.11499999999999988
0.0987499999999999
0.09824999999999995
0.07299999999999995
0.08899999999999997
0.09374999999999989
0.10899999999999999
0.09649999999999992
0.06725000000000003
0.10199999999999998
0.08650000000000002
0.07650000000000001
0.10875000000000001
0.09750000000000003
0.07824999999999993
0.08950000000000002
0.09525000000000006
0.09899999999999998
0.10499999999999998
0.07025000000000003
0.06250000000000011
0.10999999999999988
0.04774999999999996
0.07974999999999999
0.052000000000000046
0.04200000000000004
0.05049999999999999
0.038250000000000006
0.04349999999999987
0.04400000000000004
0.05449999999999988
0.028000000000000025
0.05999999999999994
0.03249999999999997
0.018000000000000016
0.008750000000000036
0.013249999999999984
0.01849999999999996
0.03925000000000001
0.034250000000000114
0.013000000000000012
0.021499999999999964
0.007499999999999951
0.026499999999999968
0.008500000000000063
0.009000000000000119
0.02024999999999999
0.006750000000000034
0.024500000000000077
0.021500000000000075
0.004749999999999921
0.0019999999999998908
0.05999999999999994
0.0050000000000000044
0.03775000000000006
0.01550000000000007
0.018749999999999933
0.003249999999999975
0.004250000000000087
0.01674999999999993
0.010499999999999954
0.011249999999999982
0.010000000000000009
0.013249999999999984
0.016750000000000043
0.0017500000000000293
0.030750000000000055
0.006000000000000005
0.008000000000000007
0.02850000000000008
0.0040000000000000036
0.03425
0.020499999999999963
0.01849999999999996
0.031749999999999945
0.0040000000000000036
0.03400000000000003
0.03400000000000003
0.012249999999999983
0.019000000000000017
0.04849999999999988
0.055749999999999966
0.026249999999999996
0.022249999999999992
0.044749999999999956
0.031750000000000056
0.01650000000000007
0.05025000000000002
0.04249999999999998
0.03524999999999989
0.03749999999999987
0.03300000000000003
0.038250000000000006
0.038249999999999895
0.012249999999999872
0.017000000000000015
0.05699999999999994
0.037249999999999894
0.03374999999999995
0.014000000000000012
0.026499999999999968
0.06774999999999998
0.02024999999999999
0.01100000000000001
0.017249999999999988
0.030999999999999917
0.04399999999999993
0.03749999999999998
0.017749999999999932
0.00374999999999992
0.03774999999999995
0.024500000000000077
0.03700000000000003
0.052749999999999964
0.040000000000000036
0.03199999999999992
0.04349999999999998
0.02949999999999997
0.06174999999999997
0.0017500000000000293
0.04349999999999998
0.040000000000000036
0.02674999999999994
0.004999999999999893
0.014499999999999957
0.019000000000000017
0.048250000000000015
0.04200000000000004
0.02574999999999994
0.025000000000000022
0.02124999999999999
0.05599999999999994
0.028749999999999942
0.030500000000000083
0.004750000000000032
0.03125
0.03149999999999997
0.013250000000000095
0.06174999999999997
0.01674999999999993
0.022499999999999964
0.04200000000000004
0.01674999999999993
0.03650000000000009
0.038999999999999924
0.02100000000000002
0.03275000000000006
0.006500000000000061
0.015249999999999986
0.055499999999999994
0.02949999999999997
0.019750000000000045
0.027250000000000107
0.028000000000000025
0.0015000000000000568
0.009750000000000036
0.05025000000000013
0.00374999999999992
0.023249999999999882
0.04149999999999998
0.02849999999999997
0.03325
0.026000000000000023
0.035499999999999976
0.01100000000000012
0.03874999999999995
0.03700000000000003
0.03649999999999998
0.030749999999999944
0.026249999999999996
0.03200000000000003
0.05125000000000002
0.00275000000000003
0.035250000000000115
0.05799999999999994
0.016249999999999987
0.04149999999999998
0.03225
0.03974999999999995
0.03300000000000003
0.02650000000000008
0.03874999999999995
0.019500000000000073
0.004749999999999921
0.03749999999999987
0.058250000000000024
0.025249999999999995
0.03324999999999989
0.040999999999999925
0.05699999999999994
0.05975000000000008
0.020000000000000018
0.05874999999999997
0.02749999999999997
0.012749999999999928
0.0009999999999998899
0.03149999999999997
0.04774999999999996
0.021500000000000075
0.043749999999999956
0.04149999999999998
0.03500000000000003
0.04399999999999993
0.03500000000000003
0.02949999999999997
0.02849999999999997
0.028249999999999997
0.03550000000000009
0.07299999999999995
0.0012500000000000844
0.07250000000000001
0.015249999999999986
0.013499999999999956
0.025249999999999884
0.03674999999999995
0.03774999999999995
0.021750000000000047
0.02774999999999994
0.04875000000000007
0.045499999999999985
0.037250000000000005
0.03749999999999998
0.042749999999999955
0.016750000000000043
0.03149999999999997
0.03574999999999995
0.0665
0.042749999999999955
0.03974999999999995
0.07950000000000002
0.03849999999999998
0.010750000000000037
0.028000000000000025
0.02849999999999997
0.03974999999999995
0.03474999999999995
0.05025000000000002
0.027750000000000052
0.041999999999999926
0.028999999999999915
0.03524999999999989
0.029999999999999916
0.028749999999999942
0.028000000000000025
0.034500000000000086
0.027249999999999996
0.046499999999999986
0.04200000000000004
0.010750000000000037
0.04400000000000004
0.02675000000000005
0.0625
0.04999999999999993
0.031749999999999945
0.052000000000000046
0.07299999999999995
0.07124999999999992
0.04675000000000007
0.025499999999999967
0.03950000000000009
0.03600000000000003
0.06825000000000003
0.0665
0.018000000000000016
0.010750000000000037
0.06974999999999998
0.06550000000000011
0.038250000000000006
0.04299999999999993
0.05399999999999994
0.07824999999999993
0.06525000000000014
0.09225000000000005
0.08424999999999994
0.07925000000000004
0.0674999999999999
0.07550000000000012
0.06674999999999998
0.07450000000000001
0.06225000000000003
0.09275
0.08774999999999988
0.051750000000000074
0.10425000000000006
0.07400000000000007
0.07399999999999995
0.07874999999999999
0.08374999999999999
0.07525000000000004
0.07899999999999996
0.0787500000000001
0.11749999999999994
0.09850000000000003
0.07599999999999996
0.07750000000000001
0.09199999999999997
0.1060000000000001
0.07599999999999996
0.07225000000000004
0.08775
0.11349999999999993
0.09925000000000006
0.05349999999999988
0.07499999999999996
0.09699999999999998
0.08124999999999993
0.09599999999999997
0.09850000000000003
0.08299999999999996
0.09800000000000009
0.07925000000000004
0.08150000000000002
0.060250000000000026
0.05499999999999994
0.10124999999999995
0.11349999999999993
0.0804999999999999
0.05999999999999994
0.08975
0.10525000000000007
0.05549999999999988
0.07925000000000004
0.08124999999999993
0.10050000000000003
0.07399999999999995
0.09299999999999997
0.08125000000000004
0.07450000000000001
0.08525000000000005
0.08925000000000005
0.08250000000000002
0.08999999999999997
0.06999999999999995
0.04774999999999996
0.052749999999999964
0.008500000000000063
0.061000000000000054
0.018999999999999906
0.013249999999999873
0.020499999999999963
0.012000000000000122
0.0172500000000001
0.008500000000000063
0.04625000000000001
0.04049999999999998
0.035499999999999976
0.0002500000000000835
0.06399999999999995
0.06574999999999998
0.008000000000000007
0.019499999999999962
0.00649999999999995
0.04349999999999998
0.0007499999999999174
0.0129999999999999
0.02300000000000002
0
0.01750000000000007
0.027249999999999996
0.011499999999999955
0.015750000000000042
0.013000000000000012
0.011499999999999955
0.018749999999999933
0.0007500000000000284
0.009749999999999925
0.008000000000000007
0.011499999999999955
0.03325
0.005499999999999949
0.014249999999999985
0.0182500000000001
0.012249999999999983
0.005249999999999977
0.025249999999999995
0.00550000000000006
0.020749999999999935
0.020750000000000046
0.007499999999999951
0.044499999999999984
0.0119999999999999
0.021749999999999936
0.038000000000000034
0.00924999999999998
0.038250000000000006
0.020750000000000046
0.048250000000000015
0.03499999999999992
0.04025000000000001
0.033499999999999974
0.04500000000000004
0.035499999999999976
0.038250000000000006
0.016249999999999876
0.03649999999999998
0.03125
0.03325
0.03974999999999995
0.01824999999999999
0.03400000000000003
0.025249999999999995
0.05599999999999994
0.04975000000000007
0.027250000000000107
0.03749999999999987
0.07350000000000001
0.044749999999999956
0.029000000000000026
0.03600000000000003
0.0695
0.019000000000000017
0.055499999999999994
0.040999999999999925
0.02375000000000005
0.05499999999999994
0.03500000000000003
0.02400000000000002
0.03925000000000001
0.07599999999999996
0.0807500000000001
0.04400000000000004
0.041750000000000065
0.02124999999999988
0.029249999999999998
0.057499999999999996
0.04125000000000001
0.016750000000000043
0.07074999999999998
0.044500000000000095
0.03500000000000003
0.07474999999999998
0.07425000000000004
0.0784999999999999
0.07125000000000004
0.051999999999999935
0.03925000000000001
0.07399999999999995
0.0777500000000001
0.0635
0.05899999999999994
0.0695
0.029750000000000054
0.06925000000000003
0.038999999999999924
0.03300000000000003
0.023250000000000104
0.052000000000000046
0.06099999999999994
0.05624999999999991
0.05724999999999991
0.0645
0.052999999999999936
0.05700000000000005
0.07324999999999993
0.07274999999999998
0.07599999999999996
0.0754999999999999
0.07224999999999993
0.07725000000000004
0.06999999999999995
0.03149999999999997
0.02200000000000002
0.061999999999999944
0.05449999999999999
0.016249999999999987
0.0665
0.08100000000000007
0.060250000000000026
0.06250000000000011
0.0774999999999999
0.07699999999999996
0.07450000000000001
0.05624999999999991
0.054750000000000076
0.07550000000000001
0.07599999999999996
0.06425000000000003
0.03599999999999992
0.031000000000000028
0.060250000000000026
0.015249999999999986
0.06074999999999997
0.0615
0.018750000000000044
0.05025000000000002
0.06299999999999994
0.044499999999999984
0.07174999999999998
0.07625000000000004
0.07899999999999996
0.07724999999999993
0.07674999999999998
0.07625000000000004
0.07424999999999993
0.0674999999999999
0.07600000000000007
0.07950000000000013
0.04975000000000007
0.0625
0.007249999999999979
0.06599999999999995
0.07199999999999995
0.03325000000000011
0.038250000000000006
0.04249999999999998
0.04225000000000001
0.06400000000000006
0.07025000000000003
0.07924999999999993
0.041750000000000065
0.07724999999999993
0.07350000000000001
0.07325000000000004
0.07874999999999999
0.07674999999999998
0.045499999999999985
0.07225000000000004
0.08050000000000002
0.013749999999999929
0.07874999999999999
0.06474999999999986
0.05425000000000002
0.06374999999999997
0.04125000000000001
0.039000000000000035
0.07299999999999995
0.06350000000000011
0.07924999999999993
0.062000000000000055
0.06474999999999986
0.0754999999999999
0.07324999999999993
0.0744999999999999
0.06524999999999992
0.034499999999999975
0.06499999999999995
0.05500000000000005
0.03700000000000003
0.06399999999999995
0.07174999999999987
0.0172500000000001
0.0485000000000001
0.08050000000000002
0.07925000000000004
0.06974999999999998
0.07674999999999998
0.061249999999999916
0.07650000000000001
0.057499999999999996
0.07299999999999995
0.07599999999999996
0.07950000000000002
0.06724999999999992
0.0625
0.0655
0.04299999999999993
0.062000000000000055
0.07374999999999998
0.021250000000000102
0.0605
0.055749999999999966
0.044749999999999956
0.0695
0.08299999999999996
0.07625000000000004
0.07599999999999996
0.07999999999999996
0.07199999999999995
0.0615
0.06674999999999998
0.059499999999999886
0.07399999999999995
0.05775000000000008
0.05274999999999985
0.06399999999999995
0.07499999999999996
0.052749999999999964
0.03774999999999995
0.04250000000000009
0.07674999999999998
0.06974999999999998
0.07999999999999996
0.06099999999999994
0.0695
0.07499999999999996
0.07699999999999996
0.07924999999999993
0.03874999999999995
0.052999999999999936
0.08650000000000002
0.03300000000000003
0.07774999999999999
0.06374999999999997
0.05449999999999999
0.06099999999999994
0.04125000000000001
0.03249999999999997
0.0665
0.06475000000000009
0.07850000000000001
0.06525000000000003
0.05599999999999994
0.07824999999999993
0.07924999999999993
0.07350000000000001
0.07699999999999996
0.05575000000000008
0.060249999999999915
0.033500000000000085
0.055500000000000105
0.07224999999999993
0.041000000000000036
0.037250000000000005
0.06925000000000003
0.07524999999999993
0.06724999999999992
0.07924999999999993
0.07674999999999998
0.07924999999999993
0.07624999999999993
0.07950000000000002
0.08299999999999996
0.03749999999999998
0.05074999999999996
0.059250000000000025
0.04774999999999996
0.09675
0.06924999999999992
0.05674999999999997
0.01574999999999993
0.08350000000000002
0.04475000000000007
0.06174999999999997
0.06674999999999998
0.04425000000000001
0.06574999999999998
0.04849999999999999
0.06125000000000003
0.08724999999999994
0.045500000000000096
0.03600000000000003
0.07825000000000004
0.03775000000000006
0.038250000000000006
0.07150000000000001
0.06599999999999995
0.058250000000000024
0.055499999999999994
0.07100000000000006
0.07825000000000004
0.038000000000000034
0.07300000000000006
0.052000000000000046
0.0887500000000001
0.05799999999999994
0.07150000000000001
0.05625000000000002
0.09375
0.08499999999999996
0.06225000000000003
0.04300000000000004
0.08574999999999999
0.07650000000000001
0.031750000000000056
0.08024999999999993
0.03849999999999998
0.0535000000000001
0.04575000000000007
0.056499999999999995
0.0605
0.05049999999999999
0.05349999999999999
0.011750000000000038
0.08724999999999994
0.07874999999999999
0.027750000000000052
0.04249999999999998
0.006000000000000005
0.03799999999999992
0.022499999999999964
0.03374999999999995
0.03474999999999995
0.045499999999999874
0.01474999999999993
0.011749999999999927
0.03649999999999998
0.030749999999999944
0.018500000000000072
0.007749999999999924
0.00924999999999998
0.011750000000000038
0.0010000000000000009
0.028249999999999997
0.048250000000000015
0.006999999999999895
0.03300000000000003
0.010750000000000037
0.03249999999999997
0.037250000000000005
0.037250000000000005
0.04699999999999993
0.032500000000000084
0.048250000000000015
0.04500000000000004
0.0605
0.059249999999999914
0.07574999999999998
0.05425000000000002
0.07500000000000007
0.04625000000000001
0.08825000000000005
0.05674999999999997
0.05774999999999997
0.06699999999999995
0.08949999999999991
0.05499999999999994
0.060249999999999915
0.06399999999999995
0.09424999999999994
0.04375000000000007
0.05974999999999997
0.06824999999999992
0.03025
0.013250000000000095
0.15049999999999997
0.010749999999999926
0.06049999999999989
0.03249999999999997
0.007500000000000062
0.024250000000000105
0.02750000000000008
0.025000000000000022
0.058250000000000024
0.04225000000000001
0.06399999999999995
0.059250000000000025
0.05174999999999996
0.041999999999999926
0.04525000000000012
0.05625000000000002
0.06274999999999997
0.014250000000000096
0.07650000000000001
0.06524999999999992
0.053750000000000075
0.05425000000000002
0.07025000000000003
0.05424999999999991
0.03325
0.04625000000000001
0.041000000000000036
0.044749999999999956
0.042750000000000066
0.05400000000000005
0.03049999999999997
0.0655
0.04949999999999999
0.06800000000000006
0.03700000000000003
0.03149999999999997
0.0044999999999999485
0.06900000000000006
0.039000000000000035
0.052999999999999936
0.05300000000000005
0.09124999999999994
0.029749999999999943
0.04875000000000007
0.05700000000000005
0.044500000000000095
0.05999999999999994
0.044499999999999984
0.048249999999999904
0.04475000000000007
0.047250000000000014
0.046250000000000124
0.054749999999999965
0.045499999999999985
0.052999999999999936
0.06474999999999997
0.0827500000000001
0.04300000000000004
0.03474999999999995
0.06775000000000009
0.06475000000000009
0.04999999999999993
0.047250000000000014
0.04975000000000007
0.061000000000000054
0.03649999999999998
0.04799999999999993
0.041749999999999954
0.047250000000000125
0.04949999999999999
0.06425000000000003
0.04125000000000001
0.0685
0.022750000000000048
0.06400000000000006
0.06000000000000005
0.04049999999999998
0.05349999999999999
0.03624999999999989
0.04675000000000007
0.04400000000000004
0.049000000000000044
0.022250000000000103
0.028000000000000025
0.06075000000000008
0.06700000000000006
0.025499999999999967
0.0465000000000001
0.04975000000000007
0.04749999999999999
0.026000000000000023
0.04675000000000007
0.03249999999999997
0.03749999999999998
0.08299999999999996
0.06075000000000008
0.041000000000000036
0.045499999999999985
0.08649999999999991
0.05725000000000002
0.06674999999999998
0.0525000000000001
0.06425000000000003
0.04425000000000001
0.06800000000000006
0.04349999999999998
0.08599999999999997
0.06625000000000003
0.02650000000000008
0.06074999999999997
0.041000000000000036
0.07200000000000006
0.0044999999999999485
0.04749999999999999
0.04775000000000007
0.039000000000000035
0.07150000000000001
0.08124999999999993
0.05425000000000002
0.04974999999999996
0.06774999999999998
0.06525000000000003
0.04349999999999998
0.04475000000000007
0.04599999999999993
0.06700000000000006
0.02825000000000011
0.028000000000000025
0.0635
0.04699999999999993
0.05149999999999999
0.02749999999999997
0.07574999999999998
0.04475000000000007
0.06699999999999995
0.07474999999999998
0.08950000000000014
0.059250000000000025
0.08699999999999997
0.07024999999999992
0.062000000000000055
0.06299999999999994
0.04400000000000004
0.04425000000000001
0.04625000000000001
0.049250000000000016
0.04525000000000001
0.030749999999999944
0.057499999999999996
0.05525000000000002
0.0045000000000000595
0.07650000000000001
0.06525000000000003
0.05525000000000002
0.05174999999999996
0.08849999999999991
0.05225000000000002
0.0665
0.0694999999999999
0.04599999999999993
0.04349999999999998
0.027249999999999996
0.0645
0.06725000000000003
0.04974999999999996
0.04800000000000004
0.04250000000000009
0.045499999999999985
0.06599999999999995
0.04200000000000004
0.08274999999999988
0.06974999999999998
0.04799999999999993
0.041749999999999954
0.07600000000000007
0.07824999999999993
0.06624999999999992
0.05225000000000002
0.0685
0.04500000000000004
0.06400000000000006
0.06374999999999997
0.07100000000000006
0.04325000000000001
0.06325000000000003
0.06725000000000014
0.0655
0.06399999999999995
0.027750000000000052
0.09324999999999994
0.08675
0.04525000000000001
0.04225000000000001
0.08024999999999993
0.05600000000000005
0.07175000000000009
0.06974999999999998
0.07325000000000015
0.03700000000000003
0.04300000000000004
0.0412499999999999
0.04799999999999993
0.034250000000000114
0.044500000000000095
0.031500000000000083
0.0035000000000000586
0.03400000000000014
0.03974999999999995
0.03700000000000003
0.030249999999999888
0.028750000000000053
0.02849999999999997
0.05249999999999999
0.05174999999999985
0.08299999999999996
0.057499999999999996
0.07774999999999999
0.06649999999999989
0.04400000000000004
0.06575000000000009
0.03599999999999992
0.03950000000000009
0.04249999999999998
0.06399999999999995
0.043749999999999956
0.01750000000000007
0.07099999999999995
0.11550000000000005
0.019750000000000045
0.026499999999999968
0.04574999999999996
0.03500000000000003
0.03849999999999998
0.04574999999999996
0.07124999999999992
0.021499999999999964
0.05900000000000005
0.051000000000000045
0.0495000000000001
0.04475000000000007
0.04625000000000001
0.07874999999999988
0.05699999999999994
0.040750000000000064
0.08224999999999993
0.05399999999999994
0.009000000000000008
0.04774999999999996
0.02675000000000005
0.03225
0.031500000000000083
0.007500000000000062
0.009750000000000036
0.011500000000000066
0.020999999999999908
0.008000000000000007
0.0010000000000000009
0.0050000000000000044
0.01375000000000004
0.0465000000000001
0.015750000000000042
0.05674999999999997
0.01475000000000004
0.03949999999999998
0.059250000000000025
0.08199999999999996
0.04675000000000007
0.07374999999999998
0.10375000000000001
0.021500000000000075
0.07325000000000004
0.0625
0.06650000000000011
0.08699999999999997
0.05399999999999994
0.06825000000000003
0.09999999999999998
0.08100000000000007
0.07325000000000004
0.030000000000000027
0.05249999999999999
0.06050000000000011
0.0685
0.06600000000000006
0.0665
0.06600000000000006
0.05349999999999999
0.02200000000000013
0.052749999999999964
0.036250000000000004
0.07025000000000003
0.024249999999999994
0.009000000000000008
0.03925000000000001
0.006249999999999978
0.003750000000000031
0.01474999999999993
0.08825000000000005
0.00275000000000003
0.033499999999999974
0.03699999999999992
0.02400000000000002
0.027750000000000052
0.000500000000000056
0.047499999999999876
0.022749999999999937
0.04749999999999999
0.025250000000000106
0.05425000000000002
0.023749999999999938
0.032500000000000084
0.02825000000000011
0.03974999999999995
0.04050000000000009
0.027249999999999885
0.02574999999999994
0.025999999999999912
0.027249999999999996
0.052999999999999936
0.026499999999999968
0.05025000000000002
0.04699999999999993
0.024499999999999966
0.03825000000000012
0.02949999999999986
0.06824999999999992
0.012249999999999983
0.050999999999999934
0.05174999999999996
0.05725000000000002
0.03500000000000003
0.010750000000000037
0.048250000000000015
0.031750000000000056
0.01375000000000004
0.04425000000000001
0.027249999999999996
0.05674999999999997
0.020749999999999935
0.059250000000000025
0.04200000000000004
0.030000000000000027
0.04400000000000004
0.03249999999999997
0.029999999999999916
0.05449999999999999
0.048250000000000015
0.07350000000000001
0.029999999999999916
0.03575000000000006
0.06924999999999992
0.05174999999999985
0.05449999999999999
0.05174999999999996
0.052999999999999936
0.057499999999999996
0.0625
0.07550000000000001
0.02749999999999997
0.0747500000000001
0.052999999999999936
0.028249999999999997
0.03249999999999997
0.0615
0.06274999999999997
0.04400000000000004
0.04400000000000004
0.058250000000000024
0.042749999999999955
0.07474999999999998
0.054750000000000076
0.059499999999999886
0.024249999999999994
0.050999999999999934
0.03925000000000001
0.05049999999999999
0.08374999999999999
0.03325000000000011
0.03774999999999995
0.044500000000000095
0.052749999999999964
0.05999999999999994
0.05624999999999991
0.05500000000000005
0.05524999999999991
0.045499999999999985
0.05349999999999988
0.04999999999999993
0.05524999999999991
0.05874999999999986
0.07474999999999998
0.05249999999999999
0.05599999999999994
0.0605
0.04300000000000004
0.0724999999999999
0.03500000000000003
0.07225000000000004
0.057499999999999996
0.06924999999999992
0.041749999999999954
0.03949999999999998
0.027249999999999996
0.0475000000000001
0.04775000000000007
0.04899999999999993
0.05899999999999994
0.07299999999999995
0.058499999999999996
0.04300000000000004
0.0462499999999999
0.031749999999999945
0.04849999999999999
0.07450000000000001
0.043749999999999845
0.06825000000000003
0.038250000000000006
0.07024999999999992
0.047250000000000014
0.05599999999999994
0.026999999999999913
0.0615
0.04674999999999996
0.04349999999999998
0.04525000000000001
0.05399999999999994
0.055499999999999994
0.04500000000000004
0.05149999999999999
0.05774999999999997
0.051999999999999935
0.05125000000000002
0.029249999999999998
0.030750000000000055
0.08150000000000002
0.03575000000000006
0.06499999999999995
0.07724999999999993
0.06574999999999998
0.0422499999999999
0.1937500000000001
0.06700000000000006
0.0694999999999999
0.07199999999999995
0.05549999999999988
0.06649999999999989
0.019750000000000045
0.027000000000000024
0.07625000000000004
0.05699999999999994
0.01000000000000012
0.044499999999999984
0.035250000000000115
0.06874999999999998
0.05725000000000002
0.032749999999999946
0.07874999999999999
0.04625000000000001
0.07774999999999999
0.08625
0.02024999999999988
0.053749999999999964
0.06825000000000003
0.06274999999999997
0.050000000000000155
0.06674999999999998
0.046499999999999986
0.05725000000000002
0.035499999999999976
0.027249999999999996
0.05049999999999999
0.03325
0.04625000000000001
0.03649999999999998
0.014249999999999985
0.017249999999999988
0.004250000000000087
0.0007500000000000284
0.005749999999999922
0.003750000000000031
0.010000000000000009
0.009500000000000064
0.017000000000000015
0.01749999999999996
0.0724999999999999
0.025000000000000022
0.14400000000000002
0.04975000000000007
0.06099999999999994
0.08699999999999997
0.06574999999999998
0.06074999999999997
0.03149999999999997
0.044749999999999956
0.07374999999999998
0.036250000000000004
0.05075000000000007
0.10949999999999993
0.06374999999999997
0.019499999999999962
0.06324999999999992
0.07000000000000006
0.05874999999999997
0.08724999999999994
0.08024999999999993
0.07024999999999992
0.034250000000000114
0.01750000000000007
0.0024999999999999467
0.010499999999999954
0.02199999999999991
0.025249999999999995
0.0022499999999999742
1.1102230246251565e-16
0.08224999999999993
0.05424999999999991
0.004249999999999976
0.016000000000000014
0.0025000000000000577
0.006249999999999978
0.016249999999999987
0.057499999999999996
0.013000000000000012
0.03375000000000006
0.017749999999999932
0.03225000000000011
0.02674999999999994
0.050000000000000044
0.055749999999999966
0.04049999999999998
0.012000000000000122
0.06475000000000009
0.053749999999999964
0.04800000000000004
0.03600000000000003
0.052999999999999936
0.03500000000000003
0.0674999999999999
0.05424999999999991
0.06774999999999998
0.0645
0.06999999999999995
0.04425000000000001
0.06699999999999995
0.06125000000000003
0.04849999999999999
0.03300000000000003
0.06850000000000012
0.06574999999999998
0.056499999999999995
0.055749999999999966
0.0747500000000001
0.07999999999999996
0.09399999999999986
0.0724999999999999
0.07499999999999996
0.07125000000000004
0.07050000000000001
0.06625000000000003
0.05999999999999994
0.05125000000000002
0.04749999999999999
0.10849999999999993
0.04149999999999998
0.08174999999999999
0.07250000000000012
0.08975
0.07374999999999998
0.07950000000000013
0.05500000000000005
0.04875000000000007
0.04975000000000007
0.07250000000000012
0.039000000000000035
0.05774999999999997
0.06325000000000003
0.05225000000000013
0.08325000000000005
0.046499999999999986
0.0495000000000001
0.08500000000000008
0.07275000000000009
0.056500000000000106
0.09549999999999992
0.08000000000000007
0.07350000000000001
0.056499999999999884
0.07274999999999998
0.07899999999999996
0.05675000000000008
0.054750000000000076
0.07299999999999995
0.0655
0.06399999999999995
0.07000000000000006
0.08424999999999994
0.06574999999999998
0.061999999999999944
0.058250000000000135
0.05974999999999997
0.09299999999999997
0.05500000000000005
0.09899999999999998
0.05125000000000002
0.09299999999999997
0.03850000000000009
0.09199999999999997
0.0747500000000001
0.05525000000000002
0.06500000000000006
0.06275000000000008
0.07074999999999998
0.06475000000000009
0.060249999999999915
0.052999999999999936
0.05674999999999997
0.05800000000000005
0.037250000000000116
0.05674999999999997
0.06000000000000005
0.09175
0.08199999999999996
0.05725000000000002
0.07274999999999998
0.1067499999999999
0.06325000000000003
0.06400000000000006
0.07699999999999996
0.0665
0.08400000000000007
0.06574999999999986
0.05500000000000005
0.051999999999999935
0.054750000000000076
0.05125000000000002
0.0675
0.06350000000000011
0.08924999999999994
0.06499999999999995
0.09675
0.06274999999999997
0.07074999999999998
0.06074999999999997
0.06000000000000005
0.040000000000000036
0.07425000000000004
0.05424999999999991
0.06674999999999998
0.07050000000000001
0.06700000000000006
0.06400000000000006
0.055499999999999994
0.05224999999999991
0.1057499999999999
0.06975000000000009
0.09775
0.046499999999999986
0.10799999999999998
0.07974999999999988
0.09049999999999991
0.057499999999999996
0.07874999999999999
0.061249999999999916
0.0754999999999999
0.059250000000000025
0.07250000000000001
0.06625000000000003
0.0635
0.0475000000000001
0.09324999999999994
0.053749999999999964
0.10525000000000007
0.06299999999999994
0.08975
0.03650000000000009
0.11775000000000002
0.10224999999999995
0.0495000000000001
0.08225000000000005
0.07025000000000003
0.08650000000000002
0.08350000000000002
0.12125000000000008
0.10650000000000004
0.12075000000000002
0.05899999999999994
0.21475
0.039999999999999925
0.09449999999999992
0.08474999999999999
0.08125000000000004
0.05500000000000005
0.06374999999999997
0.06899999999999995
0.0615
0.05225000000000002
0.0605
0.05999999999999994
0.08024999999999993
0.06474999999999997
0.049250000000000016
0.05975000000000008
0.07700000000000007
0.057499999999999996
0.06225000000000003
0.054750000000000076
0.06425000000000003
0.05774999999999997
0.09250000000000014
0.049000000000000155
0.05500000000000005
0.07100000000000006
0.08000000000000007
0.04150000000000009
0.06674999999999998
0.04125000000000001
0.05225000000000002
0.03125000000000011
0.02124999999999999
0.024499999999999966
0.013999999999999901
0.024499999999999966
0.018000000000000016
0.01674999999999993
0.043749999999999956
0.017249999999999988
0.010000000000000009
0.05125000000000002
0.014000000000000012
0.0024999999999999467
0.02574999999999994
0.0044999999999999485
0.008499999999999952
0.036250000000000115
0.04949999999999999
0.041000000000000036
0.041000000000000036
0.0019999999999998908
0.07774999999999999
0.01750000000000007
0.05249999999999999
0.07000000000000006
0.039000000000000035
0.11124999999999996
0.07150000000000001
0.07550000000000012
0.09824999999999995
0.040999999999999925
0.133
0.127
0.07324999999999993
0.07899999999999996
0.07399999999999995
0.10124999999999995
0.08775
0.0665
0.08099999999999996
0.05800000000000005
0.04625000000000001
0.06924999999999992
0.09150000000000003
0.08174999999999999
0.0635
0.07999999999999996
0.05975000000000008
0.02299999999999991
0.03200000000000003
0.045499999999999985
0.031000000000000028
0.020750000000000046
0.02750000000000008
0.03949999999999998
0.0017500000000000293
0.01649999999999996
0.014500000000000068
0.008499999999999952
0.005999999999999894
0.05249999999999999
0.008000000000000118
0.03574999999999995
0.03649999999999998
0.009500000000000064
0.027750000000000052
0.015499999999999958
0.03225
0.015000000000000013
0.057499999999999996
0.013000000000000012
0.08200000000000007
0.04150000000000009
0.04749999999999999
0.042749999999999955
0.07074999999999998
0.030500000000000083
0.03849999999999998
0.038250000000000006
0.028000000000000025
0.040000000000000036
0.020000000000000018
0.054750000000000076
0.04125000000000001
0.049000000000000044
0.045499999999999985
0.07124999999999992
0.052000000000000046
0.0472499999999999
0.0635
0.054749999999999965
0.05700000000000005
0.07100000000000006
0.05524999999999991
0.017249999999999988
0.04299999999999993
0.049000000000000044
0.03300000000000003
0.06799999999999995
0.047250000000000014
0.037249999999999894
0.056499999999999995
0.047250000000000014
0.04300000000000004
0.08424999999999994
0.04225000000000001
0.05875000000000008
0.029249999999999998
0.05425000000000002
0.07175000000000009
0.040750000000000064
0.07600000000000007
0.08424999999999994
0.045499999999999985
0.06725000000000003
0.04800000000000004
0.07024999999999992
0.08274999999999999
0.0714999999999999
0.03374999999999995
0.057499999999999885
0.05225000000000002
0.06225000000000003
0.060249999999999915
0.07624999999999993
0.04574999999999996
0.04525000000000012
0.08274999999999999
0.031000000000000028
0.01750000000000007
0.0767500000000001
0.05625000000000002
0.06574999999999998
0.09075
0.055499999999999994
0.06374999999999997
0.06374999999999997
0.04625000000000001
0.03200000000000003
0.05425000000000002
0.07050000000000001
0.07624999999999993
0.05349999999999999
0.053749999999999964
0.029000000000000026
0.058250000000000024
0.059250000000000025
0.042749999999999955
0.041749999999999954
0.048250000000000015
0.0744999999999999
0.05049999999999999
0.08824999999999994
0.05724999999999991
0.0695
0.04625000000000001
0.05349999999999999
0.06375000000000008
0.09124999999999994
0.08749999999999991
0.08424999999999994
0.06874999999999987
0.07050000000000001
0.05325000000000002
0.07374999999999998
0.07225000000000004
0.04775000000000007
0.03649999999999998
0.08325000000000005
0.03475000000000006
0.06925000000000003
0.07624999999999993
0.07274999999999998
0.0737500000000001
0.0814999999999999
0.08799999999999997
0.08875
0.09499999999999997
0.06799999999999995
0.0475000000000001
0.05174999999999996
0.04599999999999993
0.06999999999999995
0.08050000000000002
0.04425000000000001
0.07325000000000004
0.06974999999999998
0.06500000000000006
0.09024999999999994
0.06525000000000003
0.07225000000000004
0.06799999999999995
0.07500000000000007
0.08825000000000005
0.0685
0.08024999999999993
0.09675
0.06550000000000011
0.10349999999999993
0.10475000000000001
0.04874999999999996
0.09925000000000006
0.08399999999999996
0.0615
0.06800000000000006
0.07299999999999995
0.05824999999999991
0.017999999999999905
0.13275000000000003
0.04600000000000004
0.06574999999999998
0.05724999999999991
0.06075000000000008
0.07999999999999985
0.05775000000000008
0.07000000000000006
0.07899999999999996
0.029000000000000026
0.04499999999999993
0.07074999999999987
0.07850000000000001
0.06425000000000003
0.06299999999999994
0.07524999999999993
0.06899999999999995
0.09375
0.01824999999999999
0.0655
0.08474999999999999
0.08349999999999991
0.09525000000000006
0.051000000000000045
0.0704999999999999
0.05900000000000005
0.0807500000000001
0.058499999999999996
0.034499999999999975
0.08750000000000002
0.05975000000000008
0.02499999999999991
0.06225000000000003
0.03775000000000006
0.03875000000000006
0.043749999999999956
0.04875000000000007
0.08800000000000008
0.05975000000000008
0.061000000000000054
0.049250000000000016
0.060250000000000026
0.041750000000000065
0.06424999999999992
0.02200000000000002
0.04049999999999998
0.031749999999999945
0.03699999999999992
0.019000000000000017
0.051000000000000045
0.026999999999999913
0.049000000000000044
0.03700000000000003
0.0020000000000000018
0.016000000000000014
0.00824999999999998
0.003249999999999975
0.0050000000000000044
0.018000000000000016
0.014500000000000068
0.009749999999999925
0.010750000000000037
0.04074999999999995
0.040000000000000036
0.07100000000000006
0.06674999999999998
0.02199999999999991
0.05149999999999999
0.07550000000000001
0.07300000000000006
0.07825000000000004
0.10350000000000004
0.08174999999999999
0.10199999999999998
0.08574999999999988
0.04999999999999993
0.10675000000000001
0.07874999999999999
0.11224999999999996
0.06275000000000008
0.1180000000000001
0.05725000000000002
0.07750000000000001
0.09575
0.05674999999999997
0.04475000000000007
0.05225000000000002
0.07474999999999998
0.06799999999999995
0.05049999999999999
0.00824999999999998
0.12675000000000003
0.0025000000000000577
0.005499999999999949
0.02024999999999999
0.0020000000000000018
0.014000000000000012
0.0129999999999999
0.03600000000000003
0.03750000000000009
0.05174999999999996
0.03225
0.035499999999999976
0.07374999999999998
0.0737500000000001
0.050000000000000044
0.043749999999999956
0.04325000000000001
0.06274999999999997
0.06000000000000005
0.03475000000000006
0.052999999999999936
0.05349999999999999
0.04375000000000007
0.056500000000000106
0.03849999999999998
0.04200000000000004
0.05525000000000002
0.04149999999999998
0.0734999999999999
0.03750000000000009
0.054749999999999965
0.06725000000000003
0.0635
0.04250000000000009
0.06474999999999997
0.045499999999999985
0.05899999999999994
0.05874999999999997
0.05249999999999999
0.07074999999999998
0.05775000000000008
0.03974999999999995
0.04575000000000007
0.0535000000000001
0.06074999999999997
0.07350000000000012
0.029000000000000026
0.06599999999999995
0.04699999999999993
0.07025000000000003
0.07650000000000001
0.040750000000000064
0.041000000000000036
0.052749999999999964
0.04025000000000001
0.07025000000000003
0.043500000000000094
0.06825000000000003
0.06750000000000012
0.05775000000000008
0.05125000000000002
0.07025000000000003
0.06800000000000006
0.0737500000000001
0.037250000000000005
0.0655
0.03674999999999995
0.07150000000000001
0.07124999999999992
0.0645
0.0635
0.041749999999999954
0.039000000000000035
0.050000000000000044
0.07650000000000001
0.03975000000000006
0.06650000000000011
0.05325000000000002
0.04349999999999998
0.07574999999999987
0.04249999999999998
0.08574999999999999
0.015999999999999903
0.08724999999999994
0.06074999999999986
0.07524999999999993
0.04300000000000004
0.06525000000000003
0.08550000000000002
0.038000000000000034
0.06225000000000003
0.04625000000000001
0.06074999999999997
0.059249999999999914
0.05300000000000005
0.0744999999999999
0.08250000000000002
0.07150000000000001
0.08624999999999994
0.0625
0.07799999999999996
0.05349999999999988
0.07774999999999999
0.03925000000000001
0.05799999999999994
0.0635
0.06799999999999995
0.058250000000000024
0.0605
0.041749999999999954
0.0784999999999999
0.061249999999999916
0.05874999999999997
0.05874999999999997
0.058499999999999996
0.057499999999999996
0.08374999999999999
0.050000000000000044
0.09300000000000008
0.02200000000000002
0.07399999999999995
0.08649999999999991
0.035499999999999976
0.06999999999999995
0.07625000000000004
0.06574999999999998
0.04149999999999998
0.0695
0.062000000000000055
0.060250000000000026
0.061999999999999944
0.05724999999999991
0.05700000000000005
0.08050000000000002
0.054749999999999965
0.06425000000000003
0.06074999999999997
0.049249999999999905
0.06374999999999997
0.09975
0.061000000000000054
0.06574999999999998
0.0625
0.09175
0.06874999999999998
0.06550000000000011
0.04400000000000004
0.07325000000000004
0.0655
0.05899999999999994
0.04149999999999998
0.06049999999999989
0.06125000000000003
0.060250000000000026
0.04600000000000004
0.10899999999999987
0.04249999999999998
0.052000000000000046
0.11024999999999996
0.04125000000000001
0.05174999999999996
0.08849999999999991
0.062000000000000055
0.041000000000000036
0.08374999999999999
0.08199999999999996
0.055499999999999994
0.08399999999999996
0.0635
0.06674999999999998
0.08224999999999993
0.08349999999999991
0.08474999999999999
0.06724999999999992
0.09125000000000005
0.05149999999999999
0.06475000000000009
0.07325000000000004
0.040000000000000036
0.06800000000000006
0.07550000000000001
0.06674999999999998
0.08024999999999993
0.10150000000000003
0.06825000000000003
0.0475000000000001
0.08225000000000005
0.0625
0.06399999999999995
0.0635
0.06799999999999995
0.0867500000000001
0.09250000000000003
0.09000000000000008
0.04600000000000004
0.10250000000000004
0.08399999999999985
0.05624999999999991
0.06325000000000003
0.0787500000000001
0.04700000000000004
0.07474999999999998
0.08899999999999997
0.05324999999999991
0.06225000000000003
0.06225000000000003
0.07924999999999993
0.08199999999999996
0.07699999999999996
0.08324999999999994
0.06300000000000006
0.10375000000000001
0.07450000000000001
0.06724999999999992
0.10350000000000004
0.07599999999999996
0.07924999999999993
0.05249999999999999
0.09849999999999992
0.06174999999999997
0.07325000000000004
0.08599999999999997
0.05300000000000005
0.0635
0.06274999999999997
0.08374999999999999
0.08874999999999988
0.0685
0.08374999999999988
0.08724999999999994
0.06925000000000003
0.0777500000000001
0.07674999999999998
0.09875
0.07825000000000004
0.042750000000000066
0.07999999999999996
0.11150000000000004
0.07374999999999998
0.07500000000000007
0.06725000000000003
0.06075000000000008
0.12
0.09699999999999998
0.08600000000000008
0.11049999999999993
0.08875
0.09224999999999994
0.09300000000000008
0.08074999999999999
0.08050000000000002
0.08250000000000002
0.10299999999999998
0.14074999999999993
0.09425000000000006
0.07374999999999998
0.0035000000000000586
0.0635
0.07674999999999998
0.09575000000000011
0.125
0.08350000000000002
0.11049999999999993
0.08174999999999999
0.09775
0.09674999999999989
0.07400000000000007
0.0857500000000001
0.07574999999999998
0.06974999999999998
0.06475000000000009
0.05725000000000002
0.08875
0.06925000000000003
0.0422499999999999
0.062000000000000055
0.08374999999999999
0.061999999999999944
0.09425000000000006
0.11125000000000007
0.0804999999999999
0.06750000000000012
0.05700000000000005
0.09175
0.08850000000000002
0.058499999999999996
0.0807500000000001
0.10049999999999992
0.08400000000000007
0.0675
0.07224999999999993
0.07674999999999998
0.055749999999999966
0.053749999999999964
0.05174999999999996
0.05675000000000008
0.048250000000000015
0.05300000000000005
0.015999999999999903
0.041000000000000036
0.03125
0.00374999999999992
0.008500000000000063
0.0022499999999999742
0.021749999999999936
0.036250000000000004
0.003249999999999975
0.03675000000000006
0.055499999999999994
0.0857500000000001
0.08474999999999999
0.09600000000000009
0.08499999999999996
0.08650000000000002
0.06474999999999997
0.06974999999999998
0.03025
0.09674999999999989
0.061000000000000054
0.07024999999999992
0.08775
0.02024999999999999
0.07250000000000001
0.045499999999999985
0.05699999999999994
0.048250000000000015
0.0505000000000001
0.04049999999999998
0.03025
0.02400000000000002
0.011249999999999982
0.022249999999999992
0.014500000000000068
0.004750000000000032
0.011499999999999955
0.029249999999999998
0.044500000000000095
0.01824999999999999
0.0605
0.05074999999999996
0.020000000000000018
0.055500000000000105
0.04250000000000009
0.06900000000000006
0.04525000000000001
0.08450000000000002
0.054749999999999965
0.08299999999999996
0.08850000000000002
0.07525000000000015
0.06125000000000003
0.0615
0.07725000000000004
0.027999999999999914
0.06675000000000009
0.056499999999999995
0.049000000000000155
0.08799999999999997
0.08574999999999988
0.050999999999999934
0.0704999999999999
0.056499999999999884
0.049250000000000016
0.05899999999999994
0.07150000000000001
0.07274999999999998
0.0635
0.06050000000000011
0.05600000000000005
0.03949999999999998
0.05149999999999988
0.10075
0.07299999999999995
0.05725000000000002
0.05775000000000008
0.09899999999999998
0.0675
0.05675000000000008
0.07174999999999998
0.07174999999999998
0.15825
0.03700000000000003
0.048249999999999904
0.06475000000000009
0.01824999999999999
0.04700000000000004
0.004249999999999865
0.031749999999999945
0.03425
0.041750000000000065
0.015999999999999903
0.019749999999999934
0.05225000000000002
0.037250000000000005
0.10625000000000007
0.013500000000000068
0.0034999999999999476
0.026499999999999968
0.03049999999999997
0.039999999999999925
0.026249999999999996
0.03025
0.007249999999999979
0.006000000000000005
0.008500000000000063
0.01574999999999993
0.028000000000000025
0.05349999999999999
0.026999999999999913
0.01474999999999993
0.05249999999999999
0.023249999999999993
0.04674999999999996
0.055499999999999994
0.07450000000000001
0.008750000000000036
0.043749999999999956
0.04375000000000007
0.02675000000000005
0.031000000000000028
0.02300000000000002
0.007249999999999979
0.04299999999999993
0.009749999999999925
0.018999999999999906
0.047250000000000014
0.02674999999999994
0.01674999999999993
0.03774999999999995
0.01100000000000001
0.049250000000000016
0.04200000000000004
0.020000000000000018
0.015499999999999958
0.03874999999999995
0.029749999999999943
0.06825000000000003
0.07524999999999993
0.05349999999999999
0.05075000000000007
0.059250000000000025
0.0515000000000001
0.07550000000000001
0.09375
0.08250000000000002
0.13749999999999996
0.08250000000000002
0.1292500000000001
0.052750000000000075
0.12175000000000002
0.13924999999999987
0.118
0.08050000000000002
0.12024999999999997
0.10450000000000004
0.03674999999999995
0.46725
0.09074999999999989
0.09274999999999989
0.09399999999999997
0.11399999999999988
0.1117499999999999
0.09275000000000011
0.09325000000000006
0.09825000000000006
0.11350000000000005
0.09699999999999998
0.04999999999999993
0.09175
0.11124999999999996
0.10250000000000004
0.07624999999999993
0.09300000000000008
0.08999999999999997
0.05525000000000013
0.07999999999999996
0.0625
0.08674999999999988
0.08650000000000002
0.07150000000000001
0.0857500000000001
0.09550000000000003
0.07499999999999996
0.08850000000000002
0.08100000000000007
0.04800000000000004
0.07500000000000007
0.08125000000000004
0.04849999999999999
0.06799999999999995
0.08274999999999999
0.06574999999999998
0.033500000000000085
0.04749999999999999
0.01849999999999996
0.034499999999999975
0.04149999999999987
0.010249999999999981
0.00824999999999998
0.0039999999999998925
0.0050000000000000044
0.02024999999999999
0.050999999999999934
0.02675000000000005
0.06375000000000008
0.06225000000000003
0.049250000000000016
0.09600000000000009
0.05774999999999997
0.08425000000000005
0.10925000000000007
0.08474999999999999
0.07099999999999995
0.09875
0.0605
0.052000000000000046
0.0695
0.07599999999999996
0.08749999999999991
0.06574999999999998
0.08425000000000005
0.0595
0.04700000000000004
0.06600000000000006
0.057250000000000134
0.08825000000000005
0.04025000000000001
0.05149999999999999
0.02949999999999997
0.048250000000000015
0.04675000000000007
0.020500000000000074
0.022750000000000048
0.013500000000000068
0.010499999999999954
0.026249999999999996
0.0412499999999999
0.04499999999999993
0.07150000000000001
0.055500000000000105
0.0695
0.03875000000000006
0.05500000000000005
0.08025000000000004
0.06274999999999997
0.09975
0.06000000000000005
0.07299999999999995
0.04700000000000004
0.09000000000000008
0.048249999999999904
0.06675000000000009
0.04049999999999998
0.0837500000000001
0.03500000000000003
0.057499999999999996
0.05049999999999999
0.0655
0.06524999999999992
0.06799999999999995
0.06300000000000006
0.05325000000000002
0.059250000000000025
0.10875000000000001
0.058499999999999996
0.05074999999999996
0.09924999999999995
0.05075000000000007
0.03649999999999998
0.07174999999999998
0.07850000000000001
0.05499999999999994
0.06399999999999995
0.06874999999999998
0.08024999999999993
0.08099999999999996
0.07050000000000001
0.0615
0.08124999999999993
0.05900000000000005
0.08374999999999999
0.06549999999999989
0.08324999999999994
0.06399999999999995
0.06874999999999998
0.06624999999999992
0.0615
0.08425000000000005
0.10899999999999999
0.05974999999999997
0.0665
0.07125000000000004
0.08574999999999988
0.0784999999999999
0.08549999999999991
0.06600000000000006
0.07025000000000003
0.09799999999999998
0.08099999999999985
0.07850000000000001
0.03500000000000003
0.06624999999999992
0.061999999999999944
0.07150000000000001
0.10549999999999993
0.06325000000000014
0.09249999999999992
0.10149999999999992
0.05900000000000005
0.10725000000000007
0.04975000000000007
0.08474999999999988
0.0804999999999999
0.07525000000000004
0.05174999999999996
0.07274999999999998
0.10649999999999993
0.08875
0.08675
0.07174999999999998
0.11449999999999994
0.04774999999999996
0.10249999999999992
0.054749999999999965
0.060250000000000026
0.08299999999999996
0.10749999999999993
0.08374999999999999
0.09099999999999997
0.07124999999999992
0.08274999999999999
0.08449999999999991
0.08950000000000002
0.07200000000000006
0.07074999999999998
0.08450000000000002
0.06700000000000006
0.08024999999999993
0.051000000000000045
0.08550000000000002
0.04574999999999996
0.08550000000000013
0.06474999999999997
0.03500000000000014
0.09075
0.07974999999999988
0.08624999999999994
0.08225000000000005
0.0827500000000001
0.054500000000000104
0.09675
0.08699999999999997
0.09700000000000009
0.09875000000000012
0.13175000000000003
0.07725000000000004
0.05575000000000002
0.07150000000000001
0.07325000000000004
0.07750000000000001
0.12449999999999994
0.11425000000000007
0.09750000000000003
0.11124999999999996
0.09899999999999998
0.11224999999999996
0.11724999999999997
0.09100000000000008
0.09250000000000014
0.09499999999999997
0.08425000000000005
0.08875
0.11524999999999996
0.09575
0.06724999999999992
0.14200000000000002
0.09299999999999997
0.08025000000000004
0.14300000000000002
0.10850000000000004
0.13174999999999992
0.09399999999999997
0.09225000000000005
0.08299999999999996
0.07324999999999993
0.1077499999999999
0.11724999999999997
0.07725000000000004
0.08800000000000008
0.10099999999999998
0.09950000000000003
0.07650000000000001
0.08549999999999991
0.08074999999999999
0.11150000000000004
0.08524999999999994
0.09975
0.06699999999999995
0.06699999999999995
0.12275000000000003
0.07550000000000001
0.07300000000000006
0.07625000000000004
0.056499999999999995
0.08524999999999994
0.06674999999999998
0.03774999999999995
0.06724999999999992
0.03275000000000006
0.05225000000000002
0.004749999999999921
0.03249999999999997
0.006249999999999978
0.0020000000000000018
0.02100000000000002
0.04349999999999998
0.021499999999999964
0.03325000000000011
0.04774999999999996
0.0665
0.04475000000000007
0.05700000000000005
0.02950000000000008
0.08525000000000005
0.055749999999999966
0.05625000000000013
0.059250000000000025
0.06900000000000006
0.05125000000000002
0.06800000000000006
0.08425000000000005
0.058499999999999996
0.032749999999999946
0.07174999999999998
0.07124999999999992
0.03200000000000014
0.05800000000000005
0.042750000000000066
0.04400000000000004
0.029750000000000054
0.044499999999999984
0.040000000000000036
0.12450000000000006
0.03474999999999995
0.027249999999999996
0.017000000000000015
0.0034999999999999476
0.10350000000000004
0.02124999999999999
0.042750000000000066
0.06475000000000009
0.07525000000000004
0.05500000000000005
0.05300000000000005
0.05974999999999997
0.035250000000000004
0.2147500000000001
0.03974999999999995
0.04974999999999996
0.058499999999999996
0.052749999999999964
0.0674999999999999
0.07150000000000001
0.09450000000000003
0.07474999999999998
0.04249999999999998
0.05675000000000008
0.07399999999999995
0.08725000000000005
0.06874999999999998
0.07074999999999998
0.022249999999999992
0.10725000000000007
0.07025000000000003
0.06800000000000006
0.04300000000000004
0.07250000000000001
0.04775000000000007
0.06050000000000011
0.06000000000000005
0.08425000000000005
0.058250000000000024
0.0605
0.06525000000000003
0.06425000000000003
0.058250000000000024
0.09424999999999994
0.0655
0.09125000000000005
0.043749999999999956
0.1087499999999999
0.0724999999999999
0.04125000000000001
0.03700000000000003
0.11099999999999988
0.06325000000000003
0.06475000000000009
0.04774999999999996
0.08574999999999988
0.059250000000000025
0.06525000000000003
0.06500000000000006
0.054749999999999965
0.04574999999999996
0.05449999999999999
0.056499999999999995
0.05900000000000005
0.12299999999999989
0.06299999999999994
0.06674999999999998
0.09599999999999997
0.04974999999999996
0.05399999999999994
0.10799999999999998
0.06274999999999997
0.06300000000000006
0.05449999999999999
0.06475000000000009
0.08125000000000004
0.08399999999999985
0.05449999999999999
0.055499999999999994
0.05399999999999994
0.07625000000000004
0.05149999999999999
0.04325000000000001
0.09725000000000006
0.0495000000000001
0.04025000000000012
0.12224999999999986
0.0472499999999999
0.0605
0.08975
0.07325000000000004
0.07300000000000006
0.08199999999999996
0.07874999999999999
0.07100000000000006
0.08599999999999997
0.06000000000000005
0.07550000000000001
0.07450000000000001
0.10799999999999998
0.08724999999999994
0.0655
0.07500000000000007
0.08824999999999994
0.06574999999999998
0.10475000000000001
0.05625000000000002
0.07650000000000001
0.08849999999999991
0.07650000000000001
0.06725000000000003
0.09100000000000008
0.05750000000000011
0.07174999999999998
0.08650000000000002
0.06175000000000008
0.07674999999999998
0.07425000000000004
0.0744999999999999
0.09399999999999997
0.0595
0.0814999999999999
0.061000000000000054
0.07899999999999996
0.10250000000000004
0.07174999999999998
0.05874999999999997
0.11149999999999993
0.08699999999999997
0.07525000000000004
0.09800000000000009
0.05974999999999997
0.08849999999999991
0.08899999999999997
0.0615
0.07524999999999993
0.07774999999999999
0.0757500000000001
0.10850000000000004
0.08025000000000004
0.09425000000000006
0.058250000000000024
0.08724999999999994
0.10499999999999998
0.055499999999999994
0.08350000000000002
0.10000000000000009
0.10875000000000001
0.08424999999999994
0.06000000000000005
0.07999999999999996
0.08850000000000002
0.07250000000000001
0.07725000000000004
0.07900000000000007
0.09175
0.11175000000000002
0.08199999999999996
0.11124999999999996
0.06674999999999998
0.10299999999999998
0.08625000000000005
0.055749999999999966
0.08600000000000008
0.10349999999999993
0.08324999999999994
0.08599999999999997
0.0774999999999999
0.09775
0.08750000000000002
0.10175000000000001
0.0767500000000001
0.11175000000000002
0.11199999999999988
0.05974999999999997
0.07324999999999993
0.07524999999999993
0.049250000000000016
0.09100000000000008
0.09549999999999992
0.07174999999999998
0.10424999999999995
0.08299999999999996
0.07799999999999996
0.08724999999999994
0.06874999999999998
0.08850000000000002
0.128
0.07899999999999996
0.08950000000000002
0.10175000000000001
0.10525000000000007
0.10149999999999992
0.11475000000000002
0.07099999999999995
0.09850000000000003
0.08050000000000013
0.08750000000000013
0.10124999999999995
0.136
0.07425000000000004
0.07725000000000004
0.08200000000000007
0.032749999999999946
0.10750000000000004
0.10449999999999993
0.09474999999999989
0.10375000000000001
0.10250000000000004
0.13224999999999987
0.05500000000000005
0.07150000000000001
0.09699999999999998
0.10475000000000001
0.08825000000000005
0.09525000000000006
0.11649999999999994
0.11849999999999994
0.06400000000000006
0.04674999999999996
0.11625000000000008
0.12224999999999997
0.07325000000000004
0.09750000000000014
0.07300000000000006
0.11725000000000008
0.03599999999999992
0.07550000000000001
0.10025000000000006
0.07899999999999996
0.05974999999999997
0.05074999999999996
0.06099999999999994
0.08450000000000002
0.040000000000000036
0.07150000000000012
0.07950000000000013
0.053749999999999964
0.0685
0.06399999999999995
0.02299999999999991
0.004250000000000087
0.025499999999999967
0.026249999999999996
0.026499999999999968
0.06674999999999998
0.024249999999999994
0.0695
0.018500000000000072
0.040000000000000036
0.03499999999999992
0.05349999999999999
0.03425
0.06800000000000006
0.05300000000000005
0.05425000000000002
0.07324999999999993
0.050000000000000044
0.06149999999999989
0.04874999999999996
0.029999999999999916
0.030000000000000027
0.03774999999999995
0.038999999999999924
0.01574999999999993
0.037250000000000005
0.05499999999999994
0.03700000000000003
0.012750000000000039
0.025249999999999995
0.011249999999999982
0.0040000000000000036
0.0040000000000000036
0.00024999999999997247
0.06874999999999998
0.01924999999999999
0.04300000000000004
0.07625000000000004
0.12725000000000009
0.13124999999999998
0.07074999999999998
0.11175000000000002
0.0645
0.10375000000000001
0.08924999999999994
0.12174999999999991
0.09199999999999997
0.07325000000000004
0.08699999999999997
0.10550000000000004
0.08850000000000002
0.07974999999999999
0.09599999999999997
0.09774999999999989
0.10424999999999995
0.07974999999999999
0.09699999999999998
0.05600000000000005
0.08499999999999996
0.10124999999999995
0.08050000000000002
0.07125000000000004
0.11225000000000007
0.07725000000000004
0.053750000000000075
0.08225000000000005
0.07899999999999996
0.08899999999999997
0.09950000000000003
0.11324999999999996
0.09375
0.08474999999999999
0.07799999999999996
0.07650000000000001
0.07650000000000001
0.11475000000000002
0.1117499999999999
0.09199999999999997
0.129
0.06500000000000006
0.07725000000000004
0.10999999999999999
0.07525000000000004
0.06374999999999997
0.09225000000000005
0.0764999999999999
0.07599999999999996
0.07650000000000001
0.09724999999999995
0.08650000000000002
0.08624999999999994
0.07650000000000001
0.10599999999999998
0.0675
0.11224999999999996
0.07674999999999987
0.10499999999999998
0.10299999999999998
0.11199999999999999
0.04475000000000007
0.09799999999999998
0.09524999999999995
0.09550000000000003
0.08100000000000007
0.10175000000000001
0.07774999999999999
0.11275000000000002
0.09525000000000006
0.0685
0.07150000000000001
0.07825000000000004
0.10024999999999984
0.08925000000000005
0.11574999999999991
0.06500000000000006
0.10050000000000003
0.08150000000000002
0.08599999999999997
0.09975000000000012
0.09499999999999986
0.07374999999999998
0.10524999999999995
0.08850000000000002
0.08250000000000002
0.08724999999999994
0.09724999999999995
0.08775
0.08299999999999996
0.11149999999999993
0.11249999999999993
0.10475000000000001
0.11275000000000002
0.09824999999999995
0.10499999999999998
0.09875
0.058499999999999996
0.11750000000000005
0.11349999999999993
0.0757500000000001
0.08850000000000002
0.06799999999999995
0.07750000000000001
0.10699999999999998
0.09999999999999998
0.08799999999999997
0.10475000000000001
0.10224999999999995
0.11349999999999993
0.08799999999999997
0.10224999999999995
0.07350000000000001
0.09325000000000006
0.1097499999999999
0.05174999999999996
0.10299999999999998
0.08374999999999988
0.08224999999999993
0.06825000000000003
0.06875000000000009
0.11299999999999999
0.09824999999999995
0.08150000000000002
0.04599999999999993
0.08425000000000005
0.06425000000000003
0.07074999999999998
0.08099999999999996
0.09650000000000003
0.11650000000000005
0.11124999999999996
0.08199999999999996
0.06499999999999995
0.13924999999999998
0.09899999999999998
0.08625000000000005
0.09175
0.11199999999999999
0.10875000000000001
0.11199999999999999
0.010999999999999899
0.08825000000000005
0.10149999999999992
0.07999999999999996
0.0837500000000001
0.09999999999999998
0.09125000000000005
0.11424999999999996
0.0595
0.06525000000000003
0.09225000000000005
0.12349999999999994
0.08825000000000005
0.07974999999999999
0.09950000000000003
0.10324999999999995
0.0665
0.07150000000000001
0.10925000000000007
0.09550000000000003
0.07450000000000001
0.07574999999999998
0.09950000000000003
0.08950000000000002
0.07600000000000007
0.09599999999999997
0.07850000000000001
0.09525000000000006
0.057499999999999996
0.05974999999999997
0.048250000000000015
0.04149999999999998
0.046499999999999986
0.0412499999999999
0.04025000000000001
0.03200000000000003
0.03700000000000003
0.033499999999999974
0.06325000000000003
0.03374999999999995
0.052999999999999936
0.06425000000000003
0.04899999999999993
0.056499999999999995
0.035250000000000004
0.03200000000000003
0.013999999999999901
0.01000000000000012
0.00275000000000003
0.029000000000000026
0.008500000000000063
0.031749999999999945
0.014250000000000096
0.03875000000000006
0.019000000000000017
0.0020000000000000018
0.0014999999999999458
0.03649999999999998
0.0422499999999999
0.0022499999999999742
0.05025000000000002
0.05874999999999997
0.07250000000000001
0.03749999999999998
0.048249999999999904
0.03225
0.02925000000000011
0.06374999999999997
0.01200000000000001
0.06699999999999995
0.010000000000000009
0.031500000000000083
0.053749999999999964
0.0452499999999999
0.03500000000000003
0.06300000000000006
0.0015000000000000568
0.02124999999999999
0.011249999999999982
0.04125000000000001
0.017000000000000015
0.015499999999999958
0.007750000000000035
0.015000000000000013
0.010749999999999926
0.03649999999999998
0.0044999999999999485
0.038999999999999924
0.03799999999999992
0.02499999999999991
0.007499999999999951
0.023500000000000076
0.0635
0.044500000000000095
0.10450000000000004
0.04325000000000012
0.0695
0.07450000000000001
0.06975000000000009
0.05725000000000002
0.05524999999999991
0.038250000000000006
0.05900000000000005
0.05174999999999996
0.04800000000000004
0.05049999999999999
0.07050000000000012
0.05025000000000002
0.06925000000000003
0.06900000000000006
0.09275000000000011
0.0787500000000001
0.07925000000000004
0.08324999999999994
0.09150000000000014
0.08024999999999993
0.06000000000000005
0.06374999999999997
0.07174999999999998
0.07499999999999996
0.10524999999999995
0.10275000000000001
0.07374999999999998
0.05874999999999997
0.06174999999999997
0.0737500000000001
0.04125000000000001
0.07750000000000001
0.07100000000000006
0.07000000000000006
0.07399999999999995
0.05600000000000005
0.07050000000000001
0.07599999999999996
0.09350000000000003
0.11275000000000002
0.05449999999999999
0.09950000000000003
0.0675
0.09724999999999995
0.09549999999999992
0.05525000000000002
0.08500000000000008
0.09024999999999994
0.07125000000000004
0.07224999999999993
0.10099999999999998
0.09624999999999995
0.07399999999999995
0.07874999999999999
0.08000000000000007
0.07824999999999993
0.10249999999999992
0.10075
0.08725000000000005
0.08849999999999991
0.06550000000000011
0.09775
0.11675000000000002
0.0754999999999999
0.07400000000000007
0.07274999999999998
0.10349999999999993
0.06400000000000006
0.08875
0.09950000000000003
0.10025000000000006
0.08074999999999999
0.08024999999999993
0.08024999999999993
0.08199999999999996
0.10324999999999995
0.11575000000000002
0.10649999999999993
0.10550000000000004
0.07274999999999998
0.10950000000000004
0.10349999999999993
0.07250000000000001
0.10675000000000001
0.09575
0.09624999999999995
0.09899999999999998
0.10400000000000009
0.09300000000000008
0.06825000000000003
0.08174999999999999
0.07724999999999993
0.09849999999999992
0.09800000000000009
0.10424999999999995
0.07925000000000004
0.10049999999999992
0.08900000000000008
0.07025000000000015
0.10225000000000006
0.09574999999999989
0.07625000000000004
0.07574999999999998
0.0787500000000001
0.08875
0.09699999999999986
0.09350000000000003
0.10349999999999993
0.10250000000000004
0.07499999999999996
0.10125000000000006
0.08925000000000005
0.09299999999999997
0.09224999999999994
0.11024999999999996
0.12274999999999991
0.043500000000000094
0.07199999999999995
0.09150000000000003
0.07924999999999993
0.07299999999999995
0.10699999999999998
0.121
0.06774999999999998
0.07800000000000007
0.10375000000000001
0.09225000000000005
0.10000000000000009
0.10275000000000001
0.08150000000000002
0.09175
0.09175
0.09925000000000006
0.127
0.08399999999999996
0.10999999999999999
0.07674999999999998
0.0997499999999999
0.10875000000000001
0.10550000000000004
0.08250000000000002
0.08349999999999991
0.08850000000000002
0.08050000000000002
0.08925000000000005
0.09224999999999994
0.12124999999999997
0.08724999999999994
0.11399999999999999
0.09375
0.08274999999999999
0.11675000000000002
0.05674999999999997
0.14374999999999993
0.08675
0.06375000000000008
0.08400000000000007
0.12924999999999998
0.08950000000000002
0.10624999999999996
0.10399999999999998
0.08300000000000007
0.1299999999999999
0.26449999999999996
0.06575000000000009
0.10124999999999995
0.08699999999999997
0.09675
0.1120000000000001
0.09750000000000003
0.08725000000000005
0.12524999999999997
0.12824999999999998
0.11099999999999999
0.11150000000000004
0.11974999999999991
0.1090000000000001
0.11050000000000004
0.13549999999999995
0.12475000000000003
0.13324999999999998
0.12324999999999997
0.10875000000000001
0.14550000000000007
0.11075000000000002
0.14474999999999993
0.138
0.16074999999999995
0.14525
0.14075000000000004
0.11675000000000002
0.15449999999999997
0.14100000000000001
0.132
0.13250000000000006
0.09524999999999995
0.13675000000000004
0.12049999999999994
0.12275000000000003
0.10849999999999993
0.09450000000000003
0.11774999999999991
0.10299999999999998
0.11850000000000005
0.11950000000000005
0.07350000000000001
0.08174999999999999
0.10125000000000006
0.09975
0.06574999999999998
0.062249999999999917
0.04149999999999998
0.08899999999999997
0.07999999999999996
0.0685
0.07724999999999993
0.04399999999999993
0.05399999999999994
0.03400000000000003
0.029999999999999916
0.003750000000000031
0.024249999999999883
0.02675000000000005
0.005750000000000033
0.041749999999999954
0.013000000000000012
0.07100000000000006
0.01550000000000007
0.04975000000000007
0.02200000000000002
0.03799999999999992
0.026249999999999996
0.0014999999999999458
0.022749999999999937
0.00550000000000006
0.017249999999999988
0.009250000000000091
0.010000000000000009
0.029749999999999943
0.022499999999999964
0.036250000000000004
0.04600000000000004
0.041749999999999954
0.05124999999999991
0.043500000000000094
0.019499999999999962
0.020750000000000046
0.05600000000000005
0.031749999999999945
0.025999999999999912
0.01375000000000004
0.020000000000000018
0.037250000000000005
0.023499999999999965
0.16299999999999992
0.016999999999999904
0.07799999999999996
0.054750000000000076
0.05599999999999994
0.026499999999999968
0.03750000000000009
0.05725000000000002
0.007500000000000062
0.036250000000000004
0.06925000000000014
0.05800000000000005
0.08050000000000002
0.027000000000000024
0.0734999999999999
0.06325000000000003
0.019499999999999962
0.009000000000000008
0.028749999999999942
0.026999999999999913
0.027249999999999996
0.04300000000000004
0.13224999999999998
0.4232500000000001
0.5927500000000001
0.04150000000000009
0.24774999999999991
0.07974999999999999
0.16474999999999984
0.37
0.42625
0.31400000000000006
0.23399999999999999
0.022500000000000075
0.21275
0.22650000000000003
0.1917500000000001
0.14075000000000004
0.09574999999999989
0.08225000000000005
0.02124999999999999
0.007749999999999924
0.025499999999999967
0.14150000000000007
0.22499999999999998
0.25125
0.27375000000000005
0.2104999999999999
0.29699999999999993
0.2560000000000001
0.48875
0.2752500000000001
0.24325000000000008
0.18125000000000002
0.16874999999999996
0.14549999999999996
0.16599999999999993
0.08899999999999997
0.14375000000000004
0.15700000000000003
0.119
0.11924999999999997
0.14325
0.15700000000000014
0.17525000000000002
0.1935
0.1977500000000001
0.21875
0.22250000000000014
0.22324999999999995
0.20750000000000002
0.23150000000000004
0.2154999999999999
0.21975
0.24249999999999994
0.26274999999999993
0.2330000000000001
0.22424999999999995
0.24850000000000005
0.22549999999999992
0.20800000000000007
0.2562500000000001
0.2094999999999999
0.24424999999999997
0.25949999999999995
0.21724999999999994
0.25824999999999987
0.25624999999999987
0.23575000000000002
0.237
0.24775000000000003
0.24099999999999988
0.23225000000000007
0.25350000000000006
0.21999999999999997
0.2580000000000001
0.26249999999999996
0.22350000000000014
0.23875000000000002
0.24624999999999997
0.24725000000000008
0.28300000000000003
0.26025
0.23475000000000001
0.2467499999999999
0.2659999999999999
0.25650000000000006
0.22999999999999998
0.26525
0.23549999999999993
0.2297499999999999
0.23324999999999996
0.25850000000000006
0.23199999999999998
0.2307499999999999
0.235
0.239
0.2507499999999999
0.24650000000000005
0.22899999999999998
0.2549999999999999
0.25875000000000004
0.26625
0.25075000000000014
0.24624999999999997
0.24550000000000005
0.23350000000000004
0.26774999999999993
0.24649999999999994
0.22025000000000006
0.25625
0.2629999999999999
0.25875000000000004
0.2397499999999999
0.21150000000000002
0.23775000000000002
0.23399999999999999
0.23875000000000002
0.279
0.278
0.22599999999999998
0.28174999999999994
0.2832499999999999
0.28525
0.26325
0.26674999999999993
0.28125
0.2865
0.26575000000000004
0.25175000000000014
0.28725
0.25825
0.24775000000000003
0.2562500000000001
0.28400000000000003
0.29100000000000004
0.27575000000000005
0.26325
0.269
0.26475000000000004
0.27574999999999994
0.2782499999999999
0.2649999999999999
0.2602500000000001
0.2662499999999999
0.27649999999999997
0.249
0.25950000000000006
0.273
0.28025
0.31299999999999994
0.29100000000000004
0.3074999999999999
0.29874999999999996
0.29575000000000007
0.261
0.29474999999999996
0.2692500000000001
0.272
0.252
0.2819999999999999
0.2912499999999999
0.2859999999999999
0.2629999999999999
0.25875000000000004
0.3082499999999999
0.3162499999999999
0.277
0.3075
0.26874999999999993
0.29774999999999996
0.27274999999999994
0.27949999999999986
0.3097500000000001
0.281
0.29375000000000007
0.3144999999999999
0.27974999999999994
0.26775000000000004
0.25250000000000006
0.28700000000000003
0.2782500000000001
0.26549999999999996
0.27475000000000005
0.29575000000000007
0.26125
0.30625
0.2842499999999999
0.2925
0.2909999999999999
0.272
0.2779999999999999
0.275
0.29425
0.30300000000000005
0.26874999999999993
0.2929999999999999
0.261
0.29274999999999995
0.29175000000000006
0.24249999999999994
0.3085
0.30200000000000005
0.27049999999999996
0.2869999999999999
0.2955
0.29000000000000004
0.3072499999999999
0.28900000000000003
0.2899999999999999
0.2915
0.29200000000000004
0.28
0.2549999999999999
0.29575000000000007
0.29100000000000004
0.3047500000000001
0.25525
0.30399999999999994
0.29325
0.2955
0.26550000000000007
0.30125
0.28525
0.30425
0.2895
0.29325
0.2985
0.28700000000000003
0.28975000000000006
0.29674999999999996
0.29174999999999995
0.3045
0.29874999999999996
0.30425
0.29575000000000007
0.30174999999999996
0.28874999999999995
0.32125000000000004
0.3115
0.2889999999999999
0.27325
0.30474999999999997
0.28325
0.2889999999999999
0.3052499999999999
0.31475
0.30325
0.30300000000000005
0.26
0.26149999999999995
0.2925000000000001
0.29025
0.29774999999999996
0.28474999999999995
0.27925
0.26
0.29525
0.29800000000000004
0.28900000000000003
0.2849999999999999
0.30525
0.2902499999999999
0.29525
0.2862499999999999
0.29300000000000004
0.28
0.29900000000000004
0.30074999999999996
0.2845000000000001
0.263
0.2885
0.3005
0.28500000000000003
0.276
0.3105000000000001
0.2845000000000001
0.26274999999999993
0.26275000000000004
0.2795000000000001
0.28675000000000006
0.31699999999999995
0.31825000000000003
0.3127500000000001
0.30499999999999994
0.3042499999999999
0.2855
0.3067500000000001
0.2825000000000001
0.28674999999999995
0.3157500000000001
0.2922499999999999
0.2955000000000001
0.31999999999999995
0.2762500000000001
0.3025
0.248
0.29674999999999996
0.30125
0.2865
0.27225
0.29900000000000004
0.2975
0.3015
0.3055
0.29500000000000004
0.2912499999999999
0.2607499999999999
0.26875000000000004
0.29599999999999993
0.27475000000000005
0.2819999999999999
0.26849999999999996
0.3135000000000001
0.3175
0.2945
0.30774999999999997
0.28074999999999994
0.2935
0.274
0.2739999999999999
0.28875000000000006
0.2759999999999999
0.28025
0.26274999999999993
0.29325
0.28725
0.27275000000000005
0.2984999999999999
0.2905
0.2825
0.28200000000000003
0.26649999999999996
0.273
0.273
0.2915
0.2859999999999999
0.2835
0.27025
0.27274999999999994
0.28625
0.30825
0.28974999999999995
0.27874999999999994
0.29474999999999996
0.29574999999999996
0.27849999999999997
0.267
0.2925
0.29149999999999987
0.27525
0.28425
0.28774999999999995
0.29025
0.28325
0.30625
0.3195
0.3095
0.30999999999999994
0.28575000000000006
0.28475000000000006
0.3025
0.3205
0.3305
0.30800000000000005
0.30899999999999994
0.3205
0.31299999999999994
0.30525
0.3125000000000001
0.29974999999999996
0.30725
0.30899999999999994
0.32975
0.31599999999999995
0.3075000000000001
0.30000000000000004
0.28825
0.3135
0.3085000000000001
0.3115
0.27475000000000005
0.31225
0.31699999999999995
0.28674999999999995
0.2895000000000001
0.2975
0.3285
0.31125
0.3007500000000001
0.3075
0.3092499999999999
0.30525
0.29574999999999996
0.32900000000000007
0.29725
0.30199999999999994
0.2849999999999999
0.29174999999999995
0.31125
0.3065
0.27625
0.30499999999999994
0.30725
0.3195
0.28625
0.3232499999999999
0.29875000000000007
0.2845
0.2972499999999999
0.30974999999999997
0.3185
0.27549999999999997
0.31925000000000003
0.2862499999999999
0.29074999999999995
0.278
0.2752500000000001
0.30525
0.31475
0.28274999999999995
0.3015
0.29625
0.30799999999999994
0.28900000000000003
0.30225
0.32599999999999996
0.29974999999999996
0.3052499999999999
0.2865
0.30625
0.3082499999999999
0.32375
0.28575000000000006
0.28500000000000003
0.31399999999999995
0.29774999999999996
0.3057500000000001
0.3162499999999999
0.30174999999999996
0.31825000000000003
0.29375000000000007
0.33199999999999996
0.30974999999999997
0.30299999999999994
0.2972499999999999
0.3284999999999999
0.31275
0.31325000000000003
0.33375
0.31975
0.30400000000000005
0.28674999999999995
0.3380000000000001
0.32975
0.33224999999999993
0.30825
0.31125
0.2915
0.30474999999999997
0.32575
0.31700000000000006
0.31675
0.2982499999999999
0.3125000000000001
0.3022499999999999
0.30999999999999994
0.31074999999999997
0.32975
0.31100000000000005
0.31975
0.28574999999999995
0.2775000000000001
0.3075000000000001
0.3095
0.2809999999999999
0.2995000000000001
0.3085
0.29625
0.30425
0.3165
0.29525
0.30125
0.27525
0.2825
0.2832499999999999
0.30399999999999994
0.2905000000000001
0.2975
0.29275000000000007
0.26049999999999995
0.26625
0.2945
0.276
0.2902500000000001
0.274
0.29874999999999996
0.30925
0.29574999999999996
0.2805000000000001
0.3005
0.29574999999999996
0.3075000000000001
0.32075
0.2945
0.3295
0.28900000000000003
0.31625000000000003
0.3047500000000001
0.31225
0.31799999999999995
0.29399999999999993
0.30574999999999997
0.3320000000000001
0.3265000000000001
0.27975000000000005
0.2962500000000001
0.3225
0.28300000000000003
0.3065
0.28974999999999995
0.31000000000000005
0.31174999999999997
0.2905
0.25125
0.26525
0.28
0.29625
0.28500000000000003
0.29500000000000004
0.31825000000000003
0.28374999999999995
0.27849999999999997
0.30900000000000005
0.3167500000000001
0.3185
0.25949999999999995
0.29500000000000004
0.30525
0.28800000000000003
0.28300000000000003
0.2699999999999999
0.28574999999999995
0.28674999999999995
0.2932499999999999
0.31875
0.27875000000000005
0.30000000000000004
0.29325
0.2815
0.3034999999999999
0.3405
0.35025000000000006
0.30325
0.3185
0.3095
0.30974999999999997
0.3115
0.31675
0.33275
0.2915
0.30525
0.31499999999999995
0.2985
0.31999999999999995
0.3185000000000001
0.3095
0.32425000000000004
0.33925000000000005
0.3084999999999999
0.3315
0.3004999999999999
0.32300000000000006
0.30825
0.32375
0.32799999999999996
0.32725000000000004
0.32600000000000007
0.3365
0.33299999999999996
0.3235
0.32225000000000004
0.33025000000000004
0.32624999999999993
0.30399999999999994
0.32924999999999993
0.31500000000000006
0.3247500000000001
0.3355
0.29275000000000007
0.29499999999999993
0.3145
0.3335
0.2855
0.29400000000000004
0.2945
0.29475000000000007
0.29825
0.31725000000000003
0.2955
0.3145
0.31825000000000003
0.31199999999999994
0.30625
0.32900000000000007
0.35025000000000006
0.33875
0.3504999999999999
0.34575
0.32399999999999995
0.32875
0.34575
0.3275
0.35225000000000006
0.3045000000000001
0.351
0.3255
0.35150000000000003
0.3434999999999999
0.3357500000000001
0.31599999999999995
0.32675
0.355
0.3395
0.32100000000000006
0.356
0.34924999999999995
0.3377499999999999
0.3245
0.32525000000000015
0.35
0.32999999999999996
0.34225000000000005
0.34325000000000006
0.3330000000000001
0.2972499999999999
0.3285
0.3435
0.354
0.33699999999999997
0.353
0.3350000000000001
0.30874999999999997
0.32899999999999996
0.3275000000000001
0.33550000000000013
0.3375
0.33525000000000005
0.31025
0.33799999999999997
0.32799999999999996
0.344
0.34075
0.32199999999999995
0.35
0.3435
0.32375
0.33375
0.31675
0.34725000000000006
0.31600000000000006
0.34124999999999994
0.30199999999999994
0.3145
0.32875
0.3357500000000001
0.32375
0.3490000000000001
0.33124999999999993
0.3247500000000001
0.30225
0.30374999999999996
0.3334999999999999
0.32225000000000004
0.30025000000000013
0.31899999999999995
0.32300000000000006
0.3117500000000001
0.3357500000000001
0.3147500000000001
0.27475000000000005
0.2709999999999999
0.32025000000000003
0.274
0.27874999999999994
0.27
0.27649999999999997
0.25949999999999995
0.25625
0.254
0.26075000000000004
0.25825
0.27474999999999994
0.2597499999999999
0.31400000000000006
0.31025
0.3135
0.31174999999999997
0.30425
0.27975000000000005
0.3295000000000001
0.2975
0.30100000000000005
0.31174999999999997
0.2782500000000001
0.28925
0.29775000000000007
0.2885
0.30174999999999996
0.3075
0.3135000000000001
0.3105
0.28874999999999995
0.3305
0.32775
0.32075
0.28525
0.3267500000000001
0.31999999999999995
0.33024999999999993
0.28375000000000006
0.3075
0.32075
0.33525000000000005
0.3435
0.30074999999999996
0.31100000000000005
0.31899999999999995
0.3172499999999999
0.3257500000000001
0.32425000000000004
0.3175
0.34125000000000005
0.32499999999999996
0.3405
0.36025000000000007
0.3125
0.34025000000000005
0.3192499999999999
0.32225000000000004
0.29700000000000004
0.29374999999999996
0.31975
0.2965
0.3430000000000001
0.2982500000000001
0.31799999999999995
0.31600000000000006
0.31775
0.35750000000000004
0.3275
0.2905
0.33325000000000005
0.3015000000000001
0.32499999999999996
0.3235
0.3235
0.32275
0.3055
0.3395
0.32225000000000004
0.3095000000000001
0.33325000000000005
0.32925000000000004
0.3105
0.29049999999999987
0.3095
0.33225000000000005
0.29900000000000004
0.3335
0.3477500000000001
0.3340000000000001
0.32100000000000006
0.35050000000000003
0.32525000000000004
0.32575
0.3152499999999999
0.3365
0.32825000000000004
0.34624999999999995
0.31500000000000006
0.31275
0.31375
0.29725
0.33725000000000005
0.31499999999999995
0.35275
0.32125000000000004
0.3234999999999999
0.30500000000000005
0.33325000000000005
0.3367500000000001
0.3145000000000001
0.32000000000000006
0.31725000000000003
0.3125
0.2985
0.32700000000000007
0.29175000000000006
0.34125000000000005
0.31875
0.32099999999999995
0.28674999999999995
0.3095000000000001
0.3385
0.3335
0.30525
0.32625000000000004
0.3125
0.34425000000000006
0.29725
0.31625000000000003
0.3325
0.33599999999999997
0.2935
0.34075
0.3195
0.31775
0.3360000000000001
0.30800000000000005
0.35
0.33425000000000005
0.31800000000000006
0.3440000000000001
0.33925000000000005
0.30974999999999997
0.32599999999999996
0.3405
0.3205
0.31675
0.33899999999999997
0.29774999999999996
0.3410000000000001
0.3320000000000001
0.33799999999999997
0.3155000000000001
0.32375
0.33925000000000005
0.35124999999999995
0.29374999999999996
0.33275
0.32875
0.33875
0.32999999999999996
0.32200000000000006
0.33025000000000004
0.32800000000000007
0.34825000000000006
0.32125000000000004
0.2975
0.31100000000000005
0.33975
0.31500000000000006
0.32525000000000004
0.31925000000000003
0.3207500000000001
0.31775
0.31325000000000014
0.3347500000000001
0.3365
0.3184999999999999
0.3304999999999999
0.30800000000000005
0.3107500000000001
0.30574999999999997
0.28074999999999994
0.31000000000000005
0.28725
0.27025
0.2855
0.29200000000000004
0.2825
0.27874999999999994
0.3164999999999999
0.2712499999999999
0.29674999999999996
0.29475000000000007
0.3147500000000001
0.2809999999999999
0.32575
0.33725000000000005
0.27875000000000005
0.29325
0.27874999999999994
0.30325000000000013
0.28275000000000006
0.28700000000000003
0.29500000000000004
0.2845
0.28200000000000003
