0.30600000000000005
0.3065
0.32899999999999996
0.3567499999999999
0.3305
0.3054999999999999
0.3225000000000001
0.33599999999999997
0.3265
0.33275
0.3075
0.32475
0.35525000000000007
0.35199999999999987
0.365
0.34575
0.36024999999999996
0.32200000000000006
0.3025
0.32799999999999996
0.3175
0.32275
0.36624999999999996
0.33725000000000005
0.357
0.36650000000000005
0.33675
0.33624999999999994
0.3235
0.34475
0.29625
0.34424999999999994
0.34199999999999986
0.32300000000000006
0.32325000000000004
0.3135000000000001
0.3335
0.31975
0.30725
0.36049999999999993
0.3454999999999999
0.3642500000000001
0.33724999999999994
0.36749999999999994
0.31700000000000006
0.3827499999999999
0.35650000000000004
0.30600000000000005
0.31325000000000003
0.31725000000000003
0.3205
0.34275
0.32275
0.2602500000000001
0.27474999999999994
0.263
0.27725
0.3045
0.29100000000000004
0.29174999999999995
0.278
0.30425
0.29225
0.28500000000000003
0.31575
0.35524999999999995
0.3364999999999999
0.3397499999999999
0.3135
0.3047500000000001
0.3045000000000001
0.35225000000000006
0.35024999999999995
0.32875
0.33525000000000005
0.3232499999999999
0.3095
0.32575
0.3235
0.26475000000000004
0.3434999999999999
0.3417499999999999
0.3094999999999999
0.31699999999999995
0.32599999999999996
0.346
0.32800000000000007
0.33499999999999985
0.29000000000000015
0.3165
0.31499999999999995
0.3335
0.32299999999999995
0.3487499999999999
0.3235
0.4205
0.3035
0.28374999999999995
0.29700000000000004
0.3362499999999998
0.32325000000000004
0.3132499999999999
0.31799999999999995
0.3347500000000001
0.33725000000000005
0.32400000000000007
0.32875
0.33199999999999996
0.34575
0.35324999999999995
0.29374999999999996
0.2995
0.3484999999999999
0.31874999999999987
0.32499999999999996
0.33424999999999994
0.3102499999999999
0.3097500000000001
0.33575
0.35075
0.32499999999999996
0.3095
0.30825
0.33899999999999997
0.33499999999999996
0.3782500000000001
0.31599999999999995
0.2975
0.33275
0.31625000000000003
0.3277500000000001
0.31899999999999995
0.32025000000000003
0.32200000000000006
0.31475
0.31400000000000006
0.3135
0.3025
0.3107500000000001
0.3125
0.28200000000000003
0.3172499999999999
0.27849999999999997
0.25325
0.32425000000000004
0.268
0.25
0.27174999999999994
0.27675000000000005
0.27125
0.27574999999999994
0.25950000000000006
0.26050000000000006
0.26125
0.23324999999999996
0.244
0.25349999999999995
0.25825
0.24850000000000005
0.23424999999999996
0.23625000000000007
0.23050000000000004
0.22425000000000006
0.3165
0.41000000000000014
0.262
0.24025000000000007
0.25025
0.27825
0.24149999999999994
0.2689999999999999
0.2509999999999999
0.30300000000000005
0.24
0.29499999999999993
0.25125
0.24649999999999994
0.235
0.25125
0.247
0.2769999999999999
0.23475000000000001
0.25625
0.27375000000000005
0.24449999999999994
0.27025
0.24475000000000002
0.25649999999999995
0.29025
0.2825
0.27125
0.21750000000000003
0.29000000000000004
0.23675000000000002
0.23950000000000005
0.27275000000000005
0.27649999999999986
0.28325
0.26325
0.27675000000000005
0.24824999999999997
0.28325
0.2572500000000001
0.31899999999999995
0.3244999999999999
0.31074999999999997
0.3095
0.344
0.33575
0.29825
0.32824999999999993
0.3015
0.35075
0.34075
0.3590000000000001
0.34550000000000003
0.35949999999999993
0.36449999999999994
0.36275
0.3444999999999999
0.3827499999999999
0.32775
0.27275000000000005
0.3507500000000001
0.367
0.3370000000000001
0.38625
0.34650000000000003
0.47675
0.349
0.367
0.32875
0.34075
0.3215000000000001
0.35925000000000007
0.33775
0.2682499999999999
0.35775
0.33724999999999994
0.31399999999999983
0.31525000000000003
0.3237500000000001
0.31100000000000005
0.29325
0.3135
0.32999999999999996
0.31725000000000003
0.31499999999999995
0.31599999999999995
0.3035000000000001
0.31574999999999986
0.2935
0.33775
0.2919999999999999
0.30199999999999994
0.33725000000000005
0.3085
0.32375
0.3285
0.31325000000000003
0.30525
0.3407500000000001
0.2982499999999999
0.31900000000000006
0.274
0.29700000000000004
0.32000000000000006
0.29625
0.31199999999999994
0.26575000000000004
0.2695000000000001
0.30100000000000005
0.2895
0.253
0.258
0.26124999999999987
0.25350000000000006
0.20799999999999996
0.22025000000000006
0.21399999999999997
0.22775
0.20950000000000002
0.28774999999999995
0.2802500000000001
0.22799999999999998
0.21824999999999994
0.20099999999999996
0.2287499999999999
0.21350000000000002
0.19874999999999998
0.22624999999999995
0.25450000000000006
0.23824999999999996
0.24075000000000002
0.23249999999999993
0.25425
0.2845
0.28600000000000014
0.25050000000000006
0.26849999999999996
0.2669999999999999
0.2662500000000001
0.24874999999999992
0.27125
0.3357500000000001
0.3085
0.28025
0.29725
0.32400000000000007
0.30325
0.33375
0.3142499999999999
0.3187500000000001
0.3192499999999999
0.33999999999999997
0.32624999999999993
0.34199999999999997
0.32775
0.358
0.3005000000000001
0.3144999999999999
0.36450000000000005
0.34299999999999986
0.3204999999999999
0.32575
0.32725000000000004
0.33624999999999994
0.29974999999999996
0.32275
0.33799999999999997
0.3017500000000001
0.32875
0.3242499999999999
0.33725000000000005
0.28874999999999995
0.33475
0.3065
0.33025000000000004
0.3205
0.32699999999999996
0.3390000000000001
0.34524999999999995
0.33499999999999996
0.32275
0.32775
0.34625000000000006
0.34824999999999995
0.3037500000000001
0.33075
0.3360000000000001
0.34299999999999997
0.31375
0.3517499999999999
0.3327499999999999
0.28225
0.3420000000000001
0.35499999999999987
0.3135
0.31625000000000003
0.33324999999999994
0.3255
0.31325000000000003
0.3507499999999999
0.3264999999999999
0.32599999999999996
0.31499999999999995
0.3474999999999999
0.32624999999999993
0.32725000000000004
0.3025
0.33775
0.3072499999999999
0.3257500000000001
0.31625000000000014
0.3144999999999999
0.29825
0.3277500000000001
0.33475
0.32575
0.35424999999999995
0.34724999999999984
0.31425000000000003
0.31575
0.3135
0.3132499999999999
0.32825000000000004
0.31299999999999994
0.3185
0.3142499999999999
0.31800000000000006
0.34775
0.3370000000000001
0.32825000000000004
0.32800000000000007
0.32200000000000006
0.3125
0.33675
0.3474999999999999
0.31799999999999995
0.30700000000000005
0.349
0.3175
0.3367500000000001
0.31375
0.34450000000000003
0.31900000000000006
0.30899999999999994
0.32325000000000004
0.3394999999999999
0.32525000000000004
0.30125
0.33675
0.31100000000000005
0.3145
0.3390000000000001
0.3185
0.3430000000000001
0.33825000000000005
0.3285
0.32799999999999996
0.3105
0.32800000000000007
0.3275
0.3032499999999999
0.31925000000000003
0.31525000000000003
0.33575
0.32975
0.31899999999999995
0.3075
0.33075
0.344
0.31325000000000003
0.29999999999999993
0.3155000000000001
0.3265
0.32325000000000004
0.3222499999999999
0.33525000000000005
0.29399999999999993
0.31899999999999995
0.31600000000000006
0.30700000000000005
0.30625
0.33199999999999996
0.29600000000000004
0.28125
0.3147500000000001
0.29699999999999993
0.28175000000000006
0.27775000000000005
0.26325
0.274
0.2875
0.24724999999999997
0.2617499999999999
0.28525
0.26125
0.251
0.28049999999999997
0.2915000000000001
0.29900000000000004
0.30125
0.27025
0.2865
0.2802500000000001
0.3197500000000001
0.3057500000000001
0.33199999999999996
0.29599999999999993
0.30325
0.31125
0.2965
0.30500000000000005
0.33524999999999994
0.32499999999999996
0.33575
0.3265
0.32299999999999984
0.3287500000000001
0.3345
0.31200000000000006
0.3125000000000001
0.34324999999999994
0.32600000000000007
0.3114999999999999
0.30325
0.34675
0.33375
0.3105
0.3175000000000001
0.32724999999999993
0.32875
0.34975
0.31325000000000003
0.3192499999999999
0.3175
0.33699999999999997
0.33224999999999993
0.3364999999999999
0.33925000000000005
0.31875
0.3155
0.34224999999999994
0.32475
0.33325000000000005
0.35324999999999995
0.31699999999999995
0.3484999999999999
0.33424999999999994
0.31825000000000003
0.31775
0.3374999999999999
0.31600000000000006
0.3435
0.29325
0.347
0.2945
0.3234999999999999
0.3305
0.3245
0.3107500000000001
0.33425000000000005
0.33825000000000005
0.30899999999999994
0.35075
0.32899999999999996
0.30900000000000005
0.31799999999999995
0.33599999999999997
0.31074999999999997
0.3242499999999999
0.2992499999999999
0.31400000000000006
0.25575000000000003
0.28725
0.278
0.274
0.25725
0.2752500000000001
0.24925000000000008
0.26825
0.26674999999999993
0.15975000000000006
0.24124999999999996
0.28675000000000006
0.23475000000000001
0.24249999999999994
0.27525
0.27525
0.242
0.24325000000000008
0.24
0.24399999999999988
0.22825000000000006
0.24249999999999994
0.23475000000000001
0.19374999999999998
0.2337499999999999
0.22924999999999995
0.22024999999999995
0.22075
0.20024999999999993
0.20224999999999993
0.23224999999999985
0.18400000000000005
0.20725000000000005
0.17700000000000005
0.19325000000000003
0.1925
0.1755
0.17075000000000007
0.18525000000000003
0.16500000000000004
0.1925
0.16349999999999998
0.18725000000000003
0.17925000000000013
0.1745
0.15600000000000003
0.17299999999999993
0.15650000000000008
0.19800000000000006
0.11924999999999997
0.20350000000000001
0.19974999999999998
0.2547499999999999
0.1895
0.19925000000000004
0.26749999999999996
0.2227499999999999
0.21500000000000008
0.21925000000000006
0.2310000000000001
0.20675
0.20924999999999994
0.20750000000000002
0.22100000000000009
0.251
0.25825
0.2067500000000001
0.21625000000000005
0.251
0.21775
0.21475
0.22050000000000003
0.2320000000000001
0.20875
0.22100000000000009
0.21525000000000005
0.24
0.24349999999999994
0.24449999999999994
0.20775
0.23175000000000012
0.22925000000000006
0.23975000000000002
0.23825000000000007
0.17425000000000002
0.22324999999999995
0.238
0.22799999999999998
0.19724999999999993
0.24649999999999994
0.2277499999999999
0.19325000000000003
0.20875
0.24349999999999994
0.24650000000000005
0.24175000000000002
0.24025000000000007
0.22275
0.23325000000000007
0.24125000000000008
0.24949999999999994
0.22450000000000003
0.22225000000000006
0.21050000000000002
0.24450000000000005
0.21299999999999997
0.21499999999999986
0.239
0.25125
0.21925000000000006
0.22125000000000006
0.2297499999999999
0.24449999999999994
0.24824999999999986
0.2317499999999999
0.22125000000000006
0.24950000000000006
0.25950000000000006
0.246
0.25275000000000003
0.24649999999999994
0.22100000000000009
0.248
0.2695000000000001
0.22024999999999995
0.21550000000000002
0.22975
0.256
0.24250000000000005
0.2715000000000001
0.23424999999999996
0.241
0.24275000000000002
0.23750000000000004
0.23325000000000007
0.25075000000000003
0.24049999999999994
0.22624999999999995
0.252
0.24224999999999985
0.22450000000000003
0.2715000000000001
0.23250000000000015
0.21000000000000008
0.22699999999999998
0.257
0.24325000000000008
0.23449999999999993
0.23750000000000004
0.22750000000000004
0.23325000000000007
0.23249999999999993
0.23349999999999993
0.24449999999999994
0.22349999999999992
0.2607499999999999
0.26875000000000004
0.28375000000000006
0.23150000000000004
0.29325
0.24675000000000014
0.23550000000000004
0.21950000000000003
0.244
0.23299999999999998
0.22925000000000006
0.26900000000000013
0.22150000000000003
0.22925000000000006
0.259
0.23550000000000015
0.24475000000000002
0.26749999999999996
0.24449999999999994
0.23225000000000007
0.26825
0.23375
0.242
0.268
0.2417499999999999
0.23975000000000002
0.24775000000000003
0.2729999999999999
0.27475000000000005
0.27849999999999997
0.3055
0.263
0.2875000000000001
0.29925
0.2972500000000001
0.29025
0.34424999999999994
0.34550000000000003
0.33799999999999997
0.34975
0.32799999999999996
0.37725
0.35399999999999987
0.29674999999999996
0.29275000000000007
0.29100000000000004
0.31575
0.32999999999999996
0.2885
0.31099999999999994
0.3104999999999999
0.30200000000000005
0.29825
0.29699999999999993
0.3095
0.2935
0.30700000000000005
0.31300000000000006
0.2985
0.244
0.23275
0.29275000000000007
0.2985
0.31825000000000003
0.30874999999999997
0.29500000000000004
0.3065
0.3205000000000001
0.3172499999999999
0.30699999999999994
0.29400000000000004
0.29725
0.29874999999999996
0.2982499999999999
0.3005
0.31700000000000006
0.32599999999999996
0.2832499999999999
0.2692499999999999
0.32399999999999995
0.31400000000000006
0.30174999999999996
0.2995
0.29799999999999993
0.29674999999999996
0.31074999999999997
0.2775000000000001
0.2974999999999999
0.29300000000000004
0.3085
0.3054999999999999
0.2849999999999999
0.29275000000000007
0.3067500000000001
0.2935
0.28925
0.26849999999999996
0.30599999999999994
0.29999999999999993
0.2570000000000001
0.28400000000000003
0.2562500000000001
0.25875000000000004
0.22625000000000006
0.23324999999999996
0.24024999999999996
0.246
0.2397499999999999
0.21749999999999992
0.258
0.13324999999999998
0.32075
0.21700000000000008
0.17700000000000005
0.21350000000000002
0.20650000000000002
0.19350000000000012
0.15900000000000003
0.19474999999999998
0.18999999999999995
0.19424999999999992
0.18574999999999997
0.1745
0.21399999999999997
0.15200000000000002
0.18374999999999997
0.1885
0.19074999999999998
0.1352500000000001
0.15149999999999997
0.16325
0.18775000000000008
0.16000000000000014
0.1259999999999999
0.13175000000000003
0.14374999999999993
0.14749999999999996
0.11399999999999988
0.12675000000000003
0.12774999999999992
0.13650000000000007
0.15975000000000006
0.15875000000000006
0.14525
0.13275000000000003
0.15925
0.1605000000000001
0.16725
0.13474999999999993
0.16725
0.1875000000000001
0.17125
0.16799999999999993
0.25025
0.21675
0.1885
0.17700000000000005
0.1422500000000001
0.27774999999999994
0.18525000000000003
0.17100000000000004
0.19824999999999993
0.20550000000000013
0.20374999999999988
0.20575
0.22349999999999992
0.17674999999999996
0.22524999999999995
0.20350000000000013
0.22524999999999995
0.25225
0.21024999999999994
0.21775
0.20950000000000002
0.24324999999999997
0.15649999999999997
0.27025
0.23925000000000007
0.19800000000000006
0.20499999999999996
0.22549999999999992
0.1967500000000001
0.19524999999999992
0.22525000000000006
0.24475000000000002
0.25275000000000003
0.24075000000000002
0.24775000000000003
0.22975
0.2094999999999999
0.2370000000000001
0.1865
0.25775000000000003
0.248
0.2114999999999999
0.22325000000000006
0.242
0.2502500000000001
0.23975000000000002
0.22099999999999997
0.25350000000000006
0.23450000000000004
0.25775000000000003
0.25
0.24749999999999994
0.26649999999999996
0.24975000000000014
0.24525000000000008
0.21850000000000003
0.22675
0.26049999999999995
0.22299999999999998
0.20025000000000004
0.2479999999999999
0.23875000000000002
0.253
0.242
0.23875000000000002
0.22749999999999992
0.23349999999999993
0.244
0.24475000000000002
0.23624999999999996
0.23675000000000013
0.24524999999999997
0.22050000000000003
0.2599999999999999
0.1865
0.24424999999999997
0.24625000000000008
0.20625000000000004
0.2267499999999999
0.26425
0.24449999999999994
0.23850000000000005
0.22375
0.2592500000000001
0.2400000000000001
0.246
0.255
0.24850000000000005
0.24150000000000005
0.22425000000000006
0.2317499999999999
0.25249999999999995
0.20550000000000002
0.22350000000000003
0.26325
0.22050000000000003
0.20699999999999996
0.22224999999999995
0.24924999999999997
0.253
0.24425000000000008
0.24850000000000005
0.238
0.21999999999999997
0.244
0.24849999999999994
0.23125000000000007
0.22250000000000003
0.21775
0.2639999999999999
0.18400000000000005
0.26175000000000004
0.273
0.22750000000000004
0.237
0.26350000000000007
0.25650000000000006
0.2427499999999999
0.243
0.2467499999999999
0.22199999999999998
0.24324999999999997
0.23099999999999998
0.2510000000000001
0.23825000000000007
0.2410000000000001
0.28049999999999997
0.22199999999999998
0.23549999999999993
0.245
0.2410000000000001
0.20575
0.24725000000000008
0.26149999999999995
0.2510000000000001
0.25549999999999995
0.26574999999999993
0.24275000000000002
0.25050000000000006
0.243
0.2547499999999999
0.263
0.29774999999999996
0.26
0.29175000000000006
0.24975000000000003
0.2582500000000001
0.28274999999999995
0.29875000000000007
0.259
0.31275
0.2745000000000001
0.2672499999999999
0.29275000000000007
0.2895
0.32125000000000004
0.30325
0.3407499999999999
0.31500000000000006
0.33799999999999997
0.3277500000000001
0.33124999999999993
0.34399999999999986
0.27175000000000005
0.21975
0.32525000000000004
0.30074999999999996
0.28574999999999995
0.31325000000000003
0.3085000000000001
0.2855
0.3117500000000001
0.3055
0.31325000000000003
0.33275
0.30100000000000005
0.30199999999999994
0.30174999999999996
0.31099999999999994
0.30174999999999996
0.31199999999999994
0.27325
0.27474999999999994
0.27875000000000005
0.278
0.3025
0.31299999999999994
0.28025
0.2855000000000001
0.2865000000000001
0.3005
0.3027500000000001
0.2835
0.3027500000000001
0.30425
0.30325
0.2695000000000001
0.29025
0.2662500000000001
0.24775000000000003
0.28200000000000003
0.251
0.23225000000000007
0.22850000000000004
0.21200000000000008
0.25325
0.2357499999999999
0.19225000000000003
0.19600000000000006
0.20650000000000002
0.21725000000000005
0.18299999999999994
0.1845
0.19825000000000004
0.1865
0.1905
0.1755
0.10399999999999998
0.1854999999999999
0.17825000000000002
0.16375000000000006
0.22150000000000003
0.19100000000000006
0.17049999999999998
0.15049999999999997
0.15250000000000008
0.15974999999999995
0.16449999999999998
0.2044999999999999
0.1372500000000001
0.14849999999999997
0.15025
0.18600000000000005
0.15349999999999997
0.14600000000000002
0.139
0.16325
0.15574999999999994
0.12424999999999997
0.14100000000000001
0.15200000000000002
0.15074999999999994
0.15549999999999997
0.11949999999999994
0.1469999999999999
0.08374999999999999
0.13349999999999995
0.08949999999999991
0.15200000000000002
0.12674999999999992
0.11624999999999996
0.08799999999999997
0.15225
0.12474999999999992
0.13024999999999998
0.1582500000000001
0.137
0.16000000000000003
0.15475000000000005
0.14800000000000002
0.08374999999999999
0.16900000000000004
0.11675000000000002
0.14374999999999993
0.1562499999999999
0.15224999999999989
0.16500000000000004
0.1815
0.1885
0.20750000000000002
0.16799999999999993
0.16600000000000004
0.17374999999999996
0.18074999999999997
0.17700000000000005
0.2025
0.16325
0.18700000000000006
0.18925000000000003
0.23249999999999993
0.15625
0.19125000000000003
0.22575
0.21649999999999991
0.21999999999999997
0.20700000000000007
0.20024999999999993
0.20350000000000001
0.24649999999999994
0.20299999999999996
0.20775
0.23349999999999993
0.23250000000000004
0.24850000000000005
0.24775000000000014
0.25225
0.24224999999999997
0.22750000000000004
0.25325
0.18425000000000014
0.24224999999999997
0.26049999999999995
0.22650000000000003
0.21625000000000005
0.25275000000000014
0.27025
0.2499999999999999
0.248
0.24624999999999997
0.22975000000000012
0.23424999999999996
0.24675000000000002
0.25375000000000003
0.25349999999999995
0.24075000000000002
0.24349999999999994
0.26225
0.25725
0.21200000000000008
0.28474999999999995
0.26725
0.25
0.25275000000000003
0.24249999999999994
0.235
0.23224999999999996
0.253
0.2400000000000001
0.24075000000000002
0.23975000000000002
0.253
0.25
0.26574999999999993
0.25775000000000003
0.2437499999999999
0.27174999999999994
0.23299999999999998
0.241
0.2872499999999999
0.2512500000000001
0.24524999999999997
0.23925000000000007
0.27825
0.23049999999999993
0.26075000000000004
0.254
0.25975000000000004
0.24
0.24050000000000005
0.23649999999999993
0.28074999999999994
0.26649999999999996
0.249
0.24825000000000008
0.26425
0.22899999999999998
0.2552500000000001
0.29000000000000004
0.24925000000000008
0.22075
0.24524999999999997
0.27549999999999997
0.2270000000000001
0.25325
0.24124999999999985
0.28075000000000006
0.28025
0.2539999999999999
0.2360000000000001
0.2822500000000001
0.26825
0.26649999999999996
0.23550000000000004
0.24549999999999994
0.23925000000000007
0.2527499999999999
0.25975000000000004
0.24350000000000005
0.23525000000000007
0.24149999999999994
0.26049999999999995
0.2327499999999999
0.26
0.26149999999999995
0.2875000000000001
0.251
0.23575000000000002
0.25575000000000003
0.27525
0.2682500000000001
0.26175000000000004
0.23324999999999996
0.261
0.19074999999999998
0.29325
0.25349999999999995
0.23025000000000007
0.24325000000000008
0.278
0.258
0.23675000000000002
0.253
0.26975000000000005
0.28074999999999994
0.27775000000000005
0.2965
0.28800000000000003
0.2965000000000001
0.30499999999999994
0.29774999999999996
0.2875000000000001
0.29775000000000007
0.25749999999999995
0.3065
0.29574999999999996
0.30474999999999997
0.29899999999999993
0.3147500000000001
0.32099999999999995
0.31225
0.2945
0.2919999999999999
0.3325
0.31200000000000006
0.31500000000000006
0.3065
0.3125
0.31625000000000003
0.28675000000000006
0.3222499999999999
0.24950000000000006
0.2929999999999999
0.30525
0.27975000000000005
0.28
0.3032499999999999
0.3025000000000001
0.27375000000000005
0.2815000000000001
0.2839999999999999
0.3025
0.30699999999999994
0.32125000000000004
0.28074999999999994
0.30400000000000005
0.30299999999999994
0.30025
0.29475000000000007
0.27525
0.244
0.30774999999999997
0.277
0.2785000000000001
0.29075000000000006
0.31575
0.28200000000000003
0.29125
0.31775
0.28625
0.3085000000000001
0.31625000000000003
0.279
0.31800000000000006
0.30300000000000005
0.3075
0.271
0.27825
0.29925
0.261
0.2895
0.26249999999999996
0.2785000000000001
0.265
0.25625
0.2640000000000001
0.28625
0.2397499999999999
0.2397499999999999
0.2377499999999999
0.23675000000000002
0.23724999999999996
0.20375
0.2015
0.23099999999999998
0.19799999999999995
0.19625000000000004
0.18925000000000003
0.19274999999999998
0.1974999999999999
0.23924999999999996
0.20125000000000004
0.1835
0.17300000000000004
0.18274999999999997
0.19199999999999995
0.17999999999999994
0.17199999999999993
0.14574999999999994
0.13924999999999998
0.19374999999999998
0.1655000000000001
0.14425
0.13575000000000004
0.16349999999999998
0.14949999999999997
0.13424999999999998
0.12175000000000014
0.11149999999999993
0.1060000000000001
0.13449999999999995
0.11049999999999993
0.12850000000000006
0.14600000000000002
0.12075000000000002
0.1552500000000001
0.09349999999999992
0.13449999999999995
0.10275000000000001
0.13849999999999996
0.13524999999999998
0.13224999999999987
0.12125000000000008
0.14700000000000002
0.12924999999999998
0.13475000000000004
0.13124999999999998
0.11599999999999999
0.13674999999999993
0.13724999999999998
0.1655000000000001
0.11450000000000005
0.19900000000000007
0.14475000000000005
0.16325
0.26450000000000007
0.1735
0.18524999999999991
0.1925
0.19125000000000003
0.1735
0.21975
0.21775
0.1985
0.2015
0.20450000000000002
0.23949999999999994
0.18125000000000002
0.24625000000000008
0.2097500000000001
0.20699999999999996
0.257
0.23124999999999996
0.21999999999999997
0.23324999999999996
0.24824999999999997
0.21125000000000005
0.23249999999999993
0.21024999999999994
0.25449999999999995
0.23925000000000007
0.21075
0.2280000000000001
0.25349999999999995
0.25949999999999995
0.24775000000000003
0.26050000000000006
0.243
0.2074999999999999
0.30100000000000005
0.27025
0.23299999999999998
0.23525000000000007
0.28474999999999995
0.21099999999999997
0.23250000000000004
0.2337499999999999
0.27449999999999997
0.25975000000000004
0.2569999999999999
0.22399999999999998
0.23824999999999996
0.28675000000000006
0.2592500000000001
0.2357499999999999
0.22725000000000006
0.2367499999999999
0.2005
0.3025
0.26050000000000006
0.23949999999999994
0.2317499999999999
0.27749999999999997
0.22000000000000008
0.21924999999999994
0.25925
0.25949999999999995
0.26025
0.25675000000000003
0.23749999999999993
0.23875000000000002
0.28075000000000006
0.22275
0.2765000000000001
0.23450000000000004
0.3037500000000001
0.2067500000000001
0.27349999999999997
0.29274999999999995
0.21525000000000005
0.22349999999999992
0.2772500000000001
0.26775000000000004
0.25375000000000003
0.24775000000000003
0.25749999999999995
0.27249999999999996
0.28275000000000006
0.24175000000000002
0.25625
0.2822499999999999
0.276
0.264
0.23824999999999996
0.27725
0.25
0.2024999999999999
0.30700000000000005
0.27125
0.21099999999999997
0.21524999999999994
0.30425
0.25275000000000003
0.25849999999999995
0.28325
0.27774999999999994
0.2835
0.2602500000000001
0.2590000000000001
0.281
0.28575000000000006
0.276
0.28300000000000003
0.26575000000000004
0.30425
0.19624999999999992
0.276
0.29574999999999996
0.21900000000000008
0.22449999999999992
0.2762500000000001
0.26075000000000004
0.23450000000000004
0.26125
0.26049999999999995
0.24974999999999992
0.28125
0.2779999999999999
0.27925
0.278
0.264
0.27149999999999996
0.237
0.29975000000000007
0.20524999999999993
0.30074999999999996
0.29425
0.21675
0.22199999999999998
0.27249999999999996
0.2652500000000001
0.249
0.262
0.21825000000000006
0.26474999999999993
0.26375000000000004
0.2577499999999999
0.26350000000000007
0.2899999999999999
0.29475000000000007
0.28575000000000006
0.27449999999999997
0.3165
0.2895
0.29074999999999995
0.3154999999999999
0.29225
0.29874999999999996
0.31900000000000006
0.32724999999999993
0.3045
0.29699999999999993
0.3215
0.30274999999999996
0.32199999999999995
0.30825
0.2729999999999999
0.31074999999999997
0.3265
0.3232499999999999
0.30600000000000005
0.32499999999999996
0.30425
0.28874999999999995
0.32799999999999996
0.2985000000000001
0.2580000000000001
0.30600000000000005
0.31100000000000005
0.30174999999999996
0.30674999999999997
0.2905
0.29025
0.33475
0.31199999999999994
0.2915
0.30825
0.30825
0.33625000000000005
0.26725
0.30474999999999997
0.2905
0.2735000000000001
0.32524999999999993
0.31275
0.24949999999999994
0.2347499999999999
0.27149999999999996
0.254
0.24475000000000002
0.21999999999999986
0.21000000000000008
0.21100000000000008
0.21450000000000002
0.19599999999999995
0.20599999999999985
0.1635000000000001
0.18274999999999997
0.1825
0.15100000000000002
0.16849999999999998
0.21699999999999997
0.18125000000000002
0.16149999999999998
0.14350000000000007
0.14375000000000004
0.124
0.137
0.11875000000000002
0.13075000000000003
0.09124999999999994
0.10475000000000001
0.08674999999999988
0.09024999999999994
0.10025000000000006
0.0817500000000001
0.12324999999999997
0.07450000000000012
0.08399999999999996
0.08024999999999993
0.06624999999999992
0.061999999999999944
0.05950000000000011
0.05999999999999994
0.06225000000000003
0.07625000000000004
0.06924999999999992
0.09875
0.07874999999999999
0.08225000000000005
0.10875000000000001
0.10424999999999995
0.07025000000000003
0.09725000000000006
0.06649999999999989
0.1572500000000001
0.13575000000000004
0.15349999999999997
0.14274999999999993
0.1685000000000001
0.13624999999999998
0.14250000000000007
0.1472500000000001
0.12
0.1745000000000001
0.19474999999999998
0.1572500000000001
0.16474999999999995
0.17499999999999993
0.17375000000000007
0.15699999999999992
0.16575000000000006
0.21275
0.16525
0.14700000000000002
0.18625000000000003
0.1722499999999999
0.16600000000000004
0.18425000000000014
0.19524999999999992
0.17225000000000013
0.19700000000000006
0.16349999999999998
0.19074999999999998
0.16625
0.2007500000000001
0.1735000000000001
0.17474999999999996
0.1735
0.21424999999999994
0.19999999999999996
0.18000000000000005
0.17574999999999996
0.21500000000000008
0.21575
0.17100000000000004
0.19799999999999995
0.20650000000000002
0.21424999999999994
0.21075
0.21375
0.19825000000000004
0.2037500000000001
0.21924999999999994
0.21075
0.1775
0.22199999999999998
0.13049999999999995
0.23025000000000007
0.23824999999999996
0.19525000000000003
0.19099999999999995
0.20750000000000013
0.2064999999999999
0.19574999999999998
0.2154999999999999
0.18925000000000003
0.1995
0.21300000000000008
0.21199999999999997
0.21324999999999994
0.22550000000000014
0.20524999999999993
0.20925000000000005
0.22724999999999995
0.19325000000000003
0.19525000000000003
0.2240000000000001
0.21274999999999988
0.19574999999999998
0.22050000000000003
0.22799999999999998
0.20299999999999996
0.21299999999999997
0.21675
0.2067500000000001
0.1945
0.20625000000000004
0.22250000000000003
0.22925000000000006
0.20325000000000004
0.2087500000000001
0.20775
0.21975
0.1935
0.21575
0.2220000000000001
0.17899999999999994
0.1977500000000001
0.237
0.19700000000000006
0.20174999999999998
0.22425000000000006
0.2207500000000001
0.20850000000000013
0.21225000000000005
0.22625000000000006
0.1945
0.21750000000000014
0.19900000000000007
0.1977500000000001
0.1905
0.18924999999999992
0.17675000000000007
0.25249999999999995
0.236
0.22050000000000003
0.1835000000000001
0.24025000000000007
0.21399999999999997
0.22099999999999997
0.23375
0.20400000000000007
0.20924999999999994
0.21899999999999997
0.21299999999999997
0.2307499999999999
0.21899999999999997
0.22124999999999995
0.20300000000000007
0.2107500000000001
0.19874999999999998
0.24850000000000005
0.2290000000000001
0.20500000000000007
0.20300000000000007
0.23950000000000005
0.20725000000000005
0.21599999999999997
0.22199999999999998
0.22425000000000006
0.25449999999999995
0.248
0.21824999999999994
0.23175
0.2377499999999999
0.23099999999999998
0.2015
0.21150000000000002
0.18974999999999997
0.25649999999999995
0.24575000000000002
0.24
0.21024999999999994
0.251
0.25449999999999995
0.20300000000000007
0.23724999999999996
0.22775
0.2519999999999999
0.24175000000000002
0.23824999999999996
0.21375
0.2812500000000001
0.23024999999999995
0.23349999999999993
0.27649999999999997
0.21850000000000003
0.2835000000000001
0.24424999999999997
0.2965
0.25450000000000006
0.27049999999999996
0.2995000000000001
0.28725
0.3025000000000001
0.2670000000000001
0.3320000000000001
0.30000000000000004
0.2994999999999999
0.3072499999999999
0.33499999999999996
0.30300000000000005
0.33975
0.3235
0.24024999999999996
0.31074999999999997
0.29325
0.3015000000000001
0.30025
0.31300000000000006
0.27200000000000013
0.27325
0.31074999999999997
0.3135
0.31300000000000006
0.3085
0.3097500000000001
0.27325
0.29874999999999996
0.31225000000000014
0.2975
0.26875000000000004
0.28325
0.31299999999999994
0.28375000000000006
0.2772499999999999
0.28725
0.3047500000000001
0.28
0.28375000000000006
0.31800000000000006
0.30999999999999994
0.28825
0.30499999999999994
0.29775000000000007
0.2975
0.29425
0.28625
0.265
0.28125
0.31025
0.27449999999999997
0.24475000000000002
0.25225
0.27075000000000005
0.274
0.24424999999999997
0.22899999999999998
0.22150000000000003
0.22425000000000006
0.21725000000000005
0.2114999999999999
0.21375
0.2114999999999999
0.19299999999999995
0.16175000000000006
0.2134999999999999
0.13675000000000004
0.17800000000000005
0.14800000000000002
0.16849999999999998
0.16175000000000006
0.16700000000000004
0.15025
0.1605000000000001
0.18174999999999997
0.15325
0.18500000000000005
0.12474999999999992
0.13575000000000004
0.13124999999999998
0.14250000000000007
0.15499999999999992
0.12849999999999995
0.08424999999999994
0.11049999999999993
0.09624999999999995
0.09475
0.1070000000000001
0.08100000000000007
0.12224999999999997
0.10524999999999995
0.11350000000000005
0.11224999999999996
0.10450000000000004
0.08274999999999999
0.13124999999999998
0.13624999999999998
0.08675
0.09625000000000006
0.12299999999999989
0.10050000000000003
0.11224999999999996
0.15825
0.14774999999999994
0.135
0.13850000000000007
0.14200000000000002
0.18025000000000002
0.139
0.2719999999999999
0.16300000000000003
0.20199999999999996
0.18724999999999992
0.19325000000000003
0.17200000000000004
0.1775000000000001
0.17400000000000004
0.21949999999999992
0.22250000000000003
0.21199999999999997
0.20025000000000004
0.22950000000000004
0.18874999999999997
0.2177500000000001
0.20300000000000007
0.19925000000000004
0.22275
0.23975000000000002
0.21650000000000003
0.23899999999999988
0.25425
0.21150000000000002
0.23024999999999995
0.254
0.25575000000000003
0.239
0.2607499999999999
0.26025
0.26
0.26050000000000006
0.23049999999999993
0.24875000000000003
0.21624999999999994
0.3005000000000001
0.25875000000000004
0.24249999999999994
0.2527499999999999
0.2815
0.2795000000000001
0.21924999999999994
0.2592500000000001
0.28300000000000003
0.27925
0.28074999999999994
0.259
0.24824999999999997
0.27049999999999996
0.2895
0.23350000000000004
0.27749999999999997
0.20499999999999996
0.28825
0.2752500000000001
0.25449999999999995
0.21225000000000005
0.28300000000000003
0.27175000000000005
0.23875000000000002
0.252
0.26150000000000007
0.25450000000000006
0.2789999999999999
0.23624999999999996
0.28125
0.2855000000000001
0.2825000000000001
0.24449999999999994
0.27674999999999994
0.22575000000000012
0.26525
0.2845000000000001
0.235
0.24750000000000005
0.29125
0.2839999999999999
0.237
0.24950000000000006
0.277
0.28800000000000003
0.28400000000000003
0.24324999999999997
0.26849999999999996
0.264
0.3015
0.21625000000000005
0.27449999999999997
0.19799999999999995
0.278
0.29100000000000004
0.258
0.2074999999999999
0.2802500000000001
0.273
0.25950000000000006
0.2512500000000001
0.28274999999999995
0.2632499999999999
0.27775000000000005
0.26249999999999996
0.27925
0.28974999999999995
0.27775000000000005
0.23649999999999993
0.28175000000000006
0.23850000000000005
0.26349999999999996
0.30874999999999997
0.23175
0.23125000000000007
0.28200000000000003
0.272
0.27575000000000005
0.23349999999999993
0.26550000000000007
0.27549999999999997
0.28900000000000003
0.242
0.2855000000000001
0.278
0.26549999999999996
0.29474999999999996
0.2782500000000001
0.21399999999999986
0.29574999999999996
0.2885000000000001
0.27500000000000013
0.2617499999999999
0.2909999999999999
0.2599999999999999
0.25475000000000003
0.26850000000000007
0.26675000000000004
0.26425
0.267
0.27025
0.29499999999999993
0.27325
0.2719999999999999
0.26975000000000005
0.23449999999999993
0.264
0.3245
0.29174999999999995
0.272
0.2855
0.3152499999999999
0.28325
0.32199999999999995
0.2995
0.29875000000000007
0.3244999999999999
0.32700000000000007
0.3347500000000001
0.29725
0.29374999999999996
0.29674999999999996
0.25525
0.27049999999999996
0.2915
0.31325000000000014
0.3115
0.31025
0.278
0.29300000000000004
0.2952499999999999
0.30000000000000004
0.31275
0.3085
0.30174999999999996
0.28125
0.31525000000000003
0.32800000000000007
0.28600000000000003
0.3045000000000001
0.32225000000000004
0.27625
0.2855
0.32724999999999993
0.25925
0.3147500000000001
0.28925
0.27925
0.2632500000000001
0.2662500000000001
0.25225
0.25725
0.25575000000000014
0.25449999999999995
0.23124999999999996
0.267
0.22424999999999995
0.1645000000000001
0.27325
0.2014999999999999
0.13174999999999992
0.1805
0.19474999999999998
0.21625000000000005
0.20325000000000004
0.21450000000000002
0.19874999999999998
0.1645000000000001
0.14174999999999993
0.16249999999999998
0.18799999999999994
0.14175000000000004
0.11375000000000002
0.11949999999999994
0.11199999999999999
0.12375000000000014
0.14150000000000007
0.10375000000000001
0.13224999999999998
0.09375
0.09399999999999997
0.10924999999999996
0.07174999999999998
0.09124999999999994
0.12375000000000003
0.12250000000000005
0.08324999999999994
0.08074999999999999
0.09799999999999998
0.09899999999999998
0.11050000000000004
0.08374999999999999
0.10050000000000003
0.12324999999999997
0.11375000000000002
0.11925000000000008
0.07874999999999999
0.11050000000000004
0.12749999999999995
0.13449999999999995
0.13524999999999998
0.14300000000000002
0.14975000000000005
0.14174999999999993
0.12424999999999997
0.14125
0.16125
0.1602499999999999
0.18425000000000002
0.18775000000000008
0.20174999999999998
0.16725
0.15625
0.19200000000000006
0.19525000000000003
0.16600000000000004
0.19399999999999995
0.21050000000000002
0.20125000000000004
0.18700000000000006
0.1815000000000001
0.20699999999999996
0.22675
0.23199999999999998
0.2317499999999999
0.23849999999999993
0.20675
0.2729999999999999
0.23175000000000012
0.23199999999999998
0.27725
0.2277499999999999
0.22075
0.258
0.2607499999999999
0.23275
0.26350000000000007
0.239
0.26325
0.26025
0.258
0.259
0.25949999999999995
0.2732500000000001
0.244
0.28200000000000003
0.19524999999999992
0.253
0.2812500000000001
0.23399999999999999
0.22624999999999995
0.254
0.243
0.23750000000000016
0.23024999999999995
0.2612500000000001
0.25450000000000006
0.24975000000000003
0.26375000000000004
0.257
0.26674999999999993
0.26049999999999995
0.26625
0.28375000000000006
0.19524999999999992
0.27125
0.28400000000000003
0.25875000000000004
0.24250000000000005
0.26225
0.26274999999999993
0.23475000000000001
0.24774999999999991
0.25249999999999995
0.27574999999999994
0.2509999999999999
0.25725
0.26124999999999987
0.27475000000000005
0.2427499999999999
0.24124999999999996
0.27249999999999996
0.27525
0.25075000000000003
0.27975000000000005
0.28025
0.24824999999999997
0.26025
0.26775000000000004
0.24525000000000008
0.2490000000000001
0.24949999999999994
0.26475000000000004
0.25949999999999995
0.28575000000000006
0.24675000000000002
0.276
0.2457499999999999
0.29600000000000004
0.25249999999999995
0.2672500000000001
0.28374999999999995
0.2144999999999999
0.28700000000000003
0.25824999999999987
0.2450000000000001
0.2592500000000001
0.2705000000000001
0.24575000000000002
0.26849999999999996
0.25425
0.24175000000000002
0.26
0.2552500000000001
0.24874999999999992
0.24350000000000005
0.2629999999999999
0.28425
0.2340000000000001
0.29175000000000006
0.2617499999999999
0.2805000000000001
0.2835000000000001
0.2567499999999999
0.22950000000000004
0.26274999999999993
0.275
0.26250000000000007
0.27549999999999997
0.241
0.24525000000000008
0.26549999999999996
0.264
0.24975000000000003
0.26925
0.26849999999999996
0.24874999999999992
0.242
0.28
0.21899999999999997
0.26650000000000007
0.3265
0.28975000000000006
0.27575000000000005
0.30600000000000005
0.3255
0.29674999999999996
0.30074999999999996
0.31200000000000006
0.32399999999999995
0.32225000000000004
0.32075
0.31475
0.27875000000000005
0.3002499999999999
0.3077500000000001
0.29799999999999993
0.32525000000000004
0.20225000000000004
0.33024999999999993
0.3185
0.28175000000000006
0.2662500000000001
0.30574999999999997
0.30674999999999997
0.3055
0.3055
0.30600000000000005
0.32624999999999993
0.28800000000000003
0.3035
0.28425
0.3065
0.3265
0.29500000000000004
0.3187500000000001
0.28974999999999995
0.30700000000000005
0.3185
0.30325
0.28874999999999995
0.27825
0.26749999999999996
0.2815
0.28374999999999995
0.29100000000000004
0.258
0.28974999999999995
0.23650000000000004
0.26425
0.22949999999999993
0.23099999999999998
0.21400000000000008
0.24325000000000008
0.18774999999999997
0.19899999999999995
0.22924999999999995
0.17125
0.08550000000000002
0.15749999999999997
0.18225000000000002
0.19624999999999992
0.18924999999999992
0.1985
0.19524999999999992
0.17074999999999996
0.20174999999999998
0.16149999999999998
0.1907500000000001
0.12
0.1482500000000001
0.1127499999999999
0.15774999999999995
0.10450000000000004
0.0824999999999999
0.09025000000000005
0.08324999999999994
0.07224999999999993
0.1047499999999999
0.0645
0.07874999999999999
0.07500000000000007
0.06899999999999995
0.05400000000000005
0.08849999999999991
0.024249999999999994
0.05449999999999999
0.04149999999999998
0.04475000000000007
0.06099999999999994
0.06325000000000003
0.042750000000000066
0.03500000000000003
0.10625000000000007
0.05149999999999999
0.07824999999999993
0.10199999999999998
0.11750000000000005
0.05874999999999997
0.12150000000000005
0.09975
0.15525
0.12024999999999997
0.12075000000000002
0.15574999999999994
0.1795000000000001
0.15150000000000008
0.12450000000000006
0.17275000000000007
0.17999999999999994
0.19424999999999992
0.17000000000000004
0.18075000000000008
0.16125
0.1835
0.16525
0.1945
0.20450000000000002
0.1915
0.1782499999999999
0.18600000000000005
0.21525000000000005
0.18999999999999995
0.18325000000000002
0.20624999999999993
0.22050000000000003
0.21800000000000008
0.24050000000000005
0.268
0.25925
0.22675
0.2769999999999999
0.26974999999999993
0.23025000000000007
0.29025
0.275
0.27174999999999994
0.24649999999999994
0.2712499999999999
0.25450000000000006
0.268
0.27
0.26949999999999996
0.28975000000000006
0.246
0.26825
0.26874999999999993
0.2965000000000001
0.3045
0.25325
0.29425
0.23199999999999998
0.31400000000000006
0.33425000000000016
0.24949999999999994
0.25075000000000003
0.28049999999999997
0.28225
0.24849999999999994
0.25449999999999995
0.261
0.27974999999999994
0.30274999999999996
0.2719999999999999
0.2879999999999999
0.2822500000000001
0.2739999999999999
0.2719999999999999
0.27025
0.3022499999999999
0.24824999999999997
0.28874999999999995
0.32200000000000006
0.27425
0.239
0.2865
0.26949999999999996
0.266
0.257
0.2875
0.30225000000000013
0.30974999999999997
0.2709999999999999
0.2745000000000001
0.31425000000000003
0.28125
0.2812500000000001
0.241
0.30274999999999996
0.24224999999999997
0.27175000000000005
0.32899999999999996
0.2669999999999999
0.26275000000000004
0.30000000000000004
0.2822500000000001
0.2469999999999999
0.265
0.262
0.2929999999999999
0.31499999999999995
0.26049999999999995
0.26725
0.29799999999999993
0.29499999999999993
0.30774999999999997
0.27025
0.32975
0.22224999999999995
0.3075
0.30625000000000013
0.24724999999999997
0.25725
0.28175000000000006
0.29974999999999996
0.25925
0.2607499999999999
0.28675000000000006
0.30700000000000005
0.28
0.26749999999999985
0.27175000000000005
0.28700000000000003
0.28700000000000003
0.28300000000000003
0.2550000000000001
0.3245
0.23725000000000007
0.3047500000000001
0.32775
0.26474999999999993
0.25925
0.28974999999999995
0.2845
0.29400000000000004
0.30525
0.2855000000000001
0.30200000000000005
0.31725000000000003
0.281
0.278
0.272
0.31325000000000003
0.33550000000000013
0.25075000000000003
0.28425
0.29275000000000007
0.28074999999999994
0.29274999999999995
0.29100000000000004
0.30600000000000005
0.30225
0.32200000000000006
0.31799999999999995
0.28700000000000003
0.32225000000000004
0.3365
0.28325
0.33625000000000005
0.30925
0.29725
0.31399999999999995
0.28800000000000003
0.32799999999999996
0.3224999999999999
0.23849999999999993
0.29500000000000004
0.28825
0.30874999999999997
0.2825
0.26349999999999996
0.30474999999999997
0.30700000000000005
0.28925
0.28049999999999997
0.2835
0.32399999999999995
0.2835
0.265
0.2845000000000001
0.26375000000000004
0.25725
0.2935000000000001
0.25650000000000006
0.24024999999999996
0.29699999999999993
0.31000000000000005
0.23925000000000007
0.24425000000000008
0.23649999999999993
0.20725000000000005
0.22849999999999993
0.21399999999999997
0.20675
0.22199999999999998
0.21175
0.18225000000000002
0.2015
0.29974999999999996
0.19599999999999995
0.14725
0.18674999999999997
0.14750000000000008
0.15749999999999997
0.14275000000000004
0.139
0.12300000000000011
0.13249999999999995
0.11450000000000005
0.08224999999999993
0.11199999999999999
0.12924999999999998
0.09524999999999995
0.13175000000000003
0.08499999999999996
0.11075000000000002
0.07774999999999987
0.10649999999999993
0.09775
0.07999999999999996
0.07199999999999995
0.05074999999999996
0.06524999999999992
0.06424999999999992
0.033499999999999974
0.07774999999999999
0.06499999999999995
0.1120000000000001
0.08899999999999997
0.11499999999999999
0.060250000000000026
0.09399999999999997
0.12149999999999994
0.07500000000000007
0.10299999999999998
0.14625
0.15025
0.14400000000000002
0.14049999999999996
0.15774999999999995
0.16499999999999992
0.16175000000000006
0.10325000000000006
0.125
0.15949999999999986
0.137
0.1735000000000001
0.18325000000000002
0.16649999999999998
0.14675000000000005
0.20875
0.17425000000000002
0.19925000000000004
0.18300000000000005
0.20274999999999999
0.18800000000000006
0.2057500000000001
0.20799999999999996
0.22625000000000006
0.22924999999999995
0.261
0.20325000000000004
0.2440000000000001
0.252
0.24349999999999994
0.27
0.24849999999999994
0.267
0.236
0.25325
0.29174999999999995
0.25649999999999995
0.2587499999999999
0.24050000000000005
0.263
0.25149999999999995
0.25150000000000006
0.25249999999999995
0.20899999999999996
0.2795000000000001
0.24525000000000008
0.253
0.27249999999999996
0.26075000000000004
0.239
0.23549999999999993
0.27825
0.26774999999999993
0.2695000000000001
0.23875000000000002
0.26449999999999996
0.25825
0.2597499999999999
0.26249999999999996
0.2500000000000001
0.25025
0.25925
0.235
0.26325
0.25250000000000006
0.26249999999999996
0.26425
0.269
0.21475
0.25
0.26449999999999996
0.24524999999999997
0.26025
0.25075000000000003
0.24675000000000002
0.26175000000000004
0.26475000000000004
0.26725
0.23950000000000005
0.23749999999999993
0.27075000000000005
0.23475000000000001
0.2792500000000001
0.24850000000000005
0.2367499999999999
0.26
0.267
0.23949999999999994
0.26275000000000004
0.27549999999999997
0.2557499999999999
0.26025
0.26149999999999995
0.24675000000000002
0.2619999999999999
0.25325
0.26475000000000004
0.2739999999999999
0.27625
0.24924999999999997
0.2522500000000001
0.22675
0.25475000000000003
0.22999999999999998
0.26849999999999996
0.26225
0.2640000000000001
0.24925000000000008
0.2789999999999999
0.25775000000000003
0.255
0.27625
0.24924999999999997
0.27725
0.24774999999999991
0.25
0.2507499999999999
0.2709999999999999
0.25824999999999987
0.2527499999999999
0.25349999999999995
0.28725
0.27949999999999997
0.22049999999999992
0.28325
0.28049999999999997
0.267
0.24874999999999992
0.272
0.25724999999999987
0.251
0.28300000000000003
0.2739999999999999
0.27725
0.24224999999999997
0.247
0.2529999999999999
0.2755000000000001
0.26050000000000006
0.24924999999999997
0.25675000000000003
0.24175000000000013
0.281
0.25249999999999995
0.27249999999999996
0.27925
0.26449999999999996
0.244
0.25775000000000003
0.30600000000000005
0.25949999999999995
0.27774999999999994
0.27325
0.25525
0.264
0.27074999999999994
0.258
0.27875000000000005
0.2885
0.256
0.25549999999999995
0.24924999999999997
0.27700000000000014
0.22250000000000003
0.30199999999999994
0.274
0.24349999999999994
0.23524999999999996
0.28375000000000006
0.29174999999999995
0.24524999999999986
0.26849999999999996
0.2660000000000001
0.28800000000000003
0.27475000000000005
0.3027500000000001
0.28775000000000006
0.28049999999999997
0.30374999999999996
0.28625
0.30000000000000004
0.25125
0.30425
0.22224999999999995
0.271
0.3285
0.28175000000000006
0.2617499999999999
0.27825
0.30125
0.25975000000000004
0.24975000000000003
0.035499999999999976
0.25225
0.2550000000000001
0.22649999999999992
0.24450000000000005
0.23475000000000001
0.23575000000000002
0.23550000000000004
0.26125
0.20024999999999993
0.2307499999999999
0.19174999999999998
0.23675000000000002
0.24950000000000006
0.23349999999999993
0.20975
0.22024999999999995
0.23375000000000012
0.24575000000000002
0.21724999999999994
0.20624999999999993
0.21350000000000002
0.20074999999999998
0.1985
0.1995
0.1985
0.1775000000000001
0.15825
0.17175000000000007
0.15325
0.16399999999999992
0.20525000000000004
0.03425
0.14824999999999988
0.18899999999999995
0.13375000000000004
0.1602499999999999
0.27874999999999994
0.20799999999999996
0.17900000000000005
0.1482500000000001
0.14125
0.1419999999999999
0.16725
0.17900000000000005
0.18375000000000008
0.20000000000000007
0.1592500000000001
0.14349999999999996
0.1200000000000001
0.14775000000000005
0.15650000000000008
0.14475000000000005
0.1077499999999999
0.11974999999999991
0.10625000000000007
0.09650000000000003
0.11575000000000013
0.07724999999999993
0.11524999999999996
0.11724999999999997
0.09524999999999995
0.09424999999999994
0.058499999999999996
0.10199999999999998
0.05025000000000013
0.08449999999999991
0.08274999999999999
0.059250000000000025
0.05824999999999991
0.04074999999999995
0.06724999999999992
0.1057499999999999
0.06600000000000006
0.05750000000000011
0.09450000000000003
0.09600000000000009
0.08350000000000002
0.07699999999999996
0.08599999999999997
0.10575000000000001
0.03974999999999995
0.12149999999999994
0.06325000000000014
0.12824999999999998
0.10550000000000004
0.08800000000000008
0.11124999999999996
0.15799999999999992
0.10375000000000001
0.13574999999999993
0.16049999999999998
0.21299999999999997
0.14924999999999988
0.12549999999999994
0.12775000000000003
0.14575000000000005
0.15625
0.15725
0.11325000000000007
0.11774999999999991
0.19374999999999998
0.15600000000000003
0.13149999999999995
0.18025000000000013
0.16625
0.15325
0.16525
0.1885000000000001
0.17374999999999996
0.1662499999999999
0.18249999999999988
0.18925000000000003
0.18025000000000002
0.17100000000000004
0.18075000000000008
0.1985
0.1745000000000001
0.14400000000000002
0.21899999999999997
0.2005
0.14374999999999993
0.16925
0.18625000000000014
0.18274999999999997
0.18274999999999997
0.18299999999999994
0.19524999999999992
0.17774999999999996
0.17525000000000002
0.18375000000000008
0.1947500000000001
0.21550000000000002
0.16225
0.19599999999999995
0.16649999999999998
0.1795
0.17049999999999998
0.20775
0.1822499999999999
0.18474999999999997
0.16974999999999996
0.1875
0.22424999999999995
0.18025000000000002
0.19725000000000004
0.19874999999999998
0.20725000000000005
0.2240000000000001
0.19374999999999998
0.17725000000000013
0.19924999999999993
0.20425000000000015
0.16200000000000014
0.19100000000000006
0.16649999999999998
0.15125
0.21799999999999997
0.18999999999999995
0.18100000000000016
0.16849999999999998
0.21150000000000002
0.19774999999999998
0.19474999999999998
0.18625000000000003
0.22275
0.20950000000000002
0.20524999999999993
0.20025000000000004
0.20575
0.20174999999999998
0.1935
0.17899999999999994
0.18199999999999994
0.18900000000000006
0.15425
0.22125000000000006
0.20024999999999993
0.1685000000000001
0.18974999999999986
0.21825000000000006
0.19124999999999992
0.18075000000000008
0.19425000000000003
0.20724999999999993
0.20174999999999998
0.19774999999999998
0.20250000000000012
0.22199999999999998
0.20174999999999998
0.20899999999999996
0.21374999999999988
0.18174999999999997
0.2247499999999999
0.1512500000000001
0.22425000000000006
0.20024999999999993
0.16825
0.18274999999999997
0.21775
0.21925000000000006
0.1965
0.20725000000000005
0.22624999999999995
0.2015
0.1967500000000001
0.19374999999999998
0.19674999999999987
0.1885
0.19874999999999998
0.17800000000000005
0.21724999999999994
0.19424999999999992
0.17400000000000004
0.19574999999999998
0.20725000000000005
0.1915
0.1815
0.20324999999999993
0.2290000000000001
0.17999999999999994
0.19799999999999995
0.21224999999999994
0.20125000000000004
0.1935
0.20399999999999996
0.19500000000000006
0.20300000000000007
0.22550000000000003
0.20450000000000002
0.20975
0.21750000000000003
0.22050000000000003
0.1832499999999999
0.19399999999999995
0.21725000000000005
0.19499999999999995
0.17375000000000007
0.22449999999999992
0.21550000000000002
0.22625000000000006
0.21175
0.23825000000000007
0.19124999999999992
0.19400000000000006
0.20624999999999993
0.23875000000000002
0.22975000000000012
0.20774999999999988
0.20225000000000004
0.2154999999999999
0.22199999999999998
0.22624999999999995
0.21275
0.1895000000000001
0.24350000000000005
0.22375
0.22199999999999998
0.25
0.21275
0.22099999999999986
0.22975
0.26050000000000006
0.23875000000000002
0.26725
0.24175000000000002
0.27174999999999994
0.2609999999999999
0.26549999999999996
0.26900000000000013
0.3005
0.27575000000000005
0.2899999999999999
0.2915000000000001
0.28974999999999995
0.27675000000000005
0.3105000000000001
0.2925
0.28874999999999995
0.3025
0.29274999999999995
0.30200000000000005
0.29500000000000004
0.28900000000000003
0.2882499999999999
0.29975000000000007
0.28500000000000003
0.28874999999999995
0.30300000000000005
0.26475000000000004
0.30799999999999994
0.25775000000000015
0.31800000000000006
0.2732500000000001
0.24025000000000007
0.28825
0.29175000000000006
0.26575000000000004
0.26150000000000007
0.266
0.26124999999999987
0.26349999999999996
0.2735000000000001
0.26075000000000004
0.29425
0.2815
0.27149999999999996
0.27275000000000005
0.29200000000000004
0.27775000000000005
0.22525000000000006
0.24424999999999997
0.20599999999999996
0.22825000000000006
0.24675000000000002
0.23824999999999996
0.20124999999999993
0.22750000000000004
0.21299999999999997
0.1954999999999999
0.2057500000000001
0.16849999999999998
0.16699999999999993
0.17175000000000007
0.15574999999999994
0.1645000000000001
0.13775000000000004
0.18300000000000005
0.12549999999999994
0.129
0.11474999999999991
0.11125000000000007
0.08799999999999986
0.09675
0.11399999999999999
0.08350000000000002
0.05525000000000002
0.08700000000000008
0.08024999999999993
0.04749999999999999
0.09749999999999992
0.05724999999999991
0.05500000000000005
0.051000000000000045
0.08625000000000005
0.033500000000000085
0.04250000000000009
0.06425000000000003
0.04200000000000004
0.026000000000000023
0.05575000000000008
0.0505000000000001
0.0475000000000001
0.04499999999999993
0.044499999999999984
0.037249999999999894
0.05149999999999999
0.08050000000000002
0.05999999999999994
0.07525000000000004
0.06075000000000008
0.08399999999999996
0.03749999999999998
0.07674999999999998
0.07899999999999996
0.133
0.10949999999999993
0.10875000000000001
0.15425
0.20899999999999996
0.09524999999999995
0.14800000000000002
0.15325
0.12125000000000008
0.15375000000000005
0.12824999999999998
0.13649999999999995
0.16800000000000004
0.13849999999999996
0.12424999999999997
0.1642499999999999
0.17775000000000007
0.15600000000000003
0.18699999999999994
0.17275000000000007
0.14600000000000002
0.18499999999999994
0.17675000000000007
0.138
0.15300000000000002
0.17375000000000007
0.14825
0.19025000000000003
0.18674999999999997
0.1342500000000001
0.22549999999999992
0.18025000000000013
0.13824999999999998
0.17825000000000002
0.2217499999999999
0.16149999999999998
0.1615000000000001
0.15225
0.19399999999999995
0.1915
0.1735000000000001
0.15400000000000003
0.16975000000000007
0.19925000000000004
0.17274999999999996
0.1947500000000001
0.17900000000000005
0.19624999999999992
0.15275000000000005
0.21225000000000005
0.24050000000000005
0.16725
0.15575000000000006
0.21624999999999994
0.21499999999999997
0.16999999999999993
0.1975
0.19500000000000006
0.20625000000000004
0.21975
0.19899999999999995
0.20224999999999993
0.20000000000000007
0.22299999999999998
0.21675
0.17825000000000002
0.22450000000000003
0.13549999999999995
0.21949999999999992
0.244
0.21599999999999997
0.15974999999999995
0.21175
0.18325000000000002
0.1925
0.16749999999999998
0.20699999999999996
0.20124999999999993
0.22125000000000006
0.19099999999999995
0.21949999999999992
0.20875
0.21475
0.20624999999999993
0.17775000000000007
0.21750000000000003
0.22175
0.13950000000000007
0.22275
0.22125000000000006
0.1735
0.1755
0.25
0.18625000000000003
0.19099999999999995
0.20999999999999996
0.19125000000000003
0.20650000000000013
0.21424999999999994
0.20800000000000007
0.21250000000000002
0.20400000000000007
0.19699999999999995
0.21475
0.17575000000000007
0.24524999999999997
0.1785000000000001
0.21499999999999997
0.2992499999999999
0.22075
0.22175
0.24675000000000002
0.25550000000000006
0.22350000000000003
0.20750000000000002
0.25450000000000006
0.21275
0.21675
0.22975
0.20325000000000004
0.19025000000000003
0.19774999999999998
0.23124999999999996
0.22449999999999992
0.23599999999999988
0.26
0.20975
0.21324999999999994
0.264
0.25025
0.24350000000000005
0.25075000000000003
0.25725
0.25475000000000003
0.2682500000000001
0.29100000000000004
0.2852499999999999
0.31525000000000003
0.27374999999999994
0.32275
0.2782499999999999
0.3277500000000001
0.31599999999999995
0.28600000000000003
0.32875
0.28025
0.272
0.3145
0.28700000000000014
0.2552500000000001
0.279
0.267
0.27649999999999997
0.259
0.26475000000000004
0.27475000000000005
0.26075000000000004
0.29275000000000007
0.27274999999999994
0.2360000000000001
0.256
0.30100000000000005
0.22975
0.31000000000000005
0.25850000000000006
0.25975000000000004
0.2995000000000001
0.2502500000000001
0.249
0.27749999999999997
0.265
0.24775000000000003
0.27225
0.27525
0.2755000000000001
0.28574999999999995
0.27774999999999994
0.27949999999999997
0.2689999999999999
0.2587499999999999
0.24949999999999994
0.25125
0.22450000000000003
0.24350000000000005
0.23575000000000002
0.21599999999999997
0.19824999999999993
0.22399999999999998
0.23525000000000007
0.1532500000000001
0.19399999999999995
0.13475000000000004
0.1625000000000001
0.13175000000000003
0.13950000000000007
0.18699999999999994
0.16675000000000006
0.13124999999999998
0.133
0.11749999999999994
0.10575000000000001
0.09999999999999998
0.07174999999999987
0.09475
0.09224999999999994
0.06375000000000008
0.09349999999999992
0.04974999999999996
0.08050000000000002
0.05125000000000002
0.05225000000000002
0.050249999999999906
0.03474999999999984
0.05125000000000002
0.08225000000000005
0.04049999999999998
0.03675000000000006
0.03400000000000003
0.04774999999999996
0.03874999999999995
0.07250000000000001
0.06774999999999998
0.07725000000000004
0.08975000000000011
0.10975000000000001
0.07800000000000007
0.15225
0.08749999999999991
0.10350000000000015
0.136
0.14675000000000005
0.06824999999999992
0.15374999999999994
0.14049999999999996
0.12475000000000003
0.135
0.139
0.13375000000000004
0.138
0.15000000000000002
0.13350000000000006
0.1399999999999999
0.11724999999999997
0.1845
0.16125
0.13000000000000012
0.13850000000000007
0.1795
0.124
0.12750000000000006
0.15675000000000006
0.14250000000000007
0.16700000000000004
0.18825000000000003
0.14075000000000004
0.16875000000000007
0.14275000000000004
0.19000000000000006
0.10749999999999993
0.17874999999999996
0.18125000000000013
0.11475000000000002
0.134
0.17525000000000013
0.1805
0.16125
0.18824999999999992
0.18825000000000003
0.17300000000000004
0.18325000000000002
0.18975000000000009
0.17375000000000007
0.16900000000000004
0.18374999999999997
0.1915
0.1805
0.1875
0.14774999999999994
0.20700000000000007
0.17699999999999994
0.12324999999999997
0.17100000000000004
0.18700000000000006
0.16549999999999998
0.1905000000000001
0.19325000000000003
0.16775000000000007
0.1895
0.17625000000000002
0.18999999999999995
0.18199999999999994
0.1765
0.18375000000000008
0.1765
0.18674999999999997
0.20475
0.1855
0.13675000000000004
0.22299999999999986
0.20399999999999996
0.14250000000000007
0.18925000000000003
0.19124999999999992
0.1765
0.17675000000000007
0.1875
0.18925000000000003
0.18074999999999997
0.19124999999999992
0.16700000000000004
0.17900000000000005
0.2197499999999999
0.15649999999999997
0.1965
0.15775000000000006
0.1995
0.13849999999999996
0.23425000000000007
0.21525000000000005
0.1795
0.18025000000000002
0.20525000000000004
0.20750000000000002
0.15325
0.19699999999999995
0.19524999999999992
0.18099999999999994
0.1855000000000001
0.21850000000000003
0.22575
0.22749999999999992
0.22924999999999995
0.2327499999999999
0.21625000000000005
0.25925
0.22350000000000003
0.2537499999999999
0.268
0.27200000000000013
0.24575000000000002
0.2752499999999999
0.2905
0.277
0.28775000000000006
0.3007500000000001
0.2630000000000001
0.3075
0.2895
0.2852499999999999
0.28575000000000006
0.2865
0.31025
0.26774999999999993
0.28875000000000006
0.28225
0.17775000000000007
0.28449999999999986
0.29725
0.28075000000000006
0.25449999999999995
0.2815000000000001
0.26925
0.26825
0.27375000000000005
0.256
0.26625
0.2812499999999999
0.25825
0.2715000000000001
0.3135000000000001
0.29375000000000007
0.26275000000000004
0.29325
0.2520000000000001
0.26325
0.25750000000000006
0.249
0.252
0.24650000000000005
0.21225000000000005
0.21675
0.20050000000000012
0.21275
0.21499999999999997
0.2117500000000001
0.18474999999999997
0.20824999999999994
0.17674999999999996
0.17449999999999988
0.1935
0.19374999999999998
0.15750000000000008
0.135
0.18574999999999997
0.14300000000000002
0.14549999999999996
0.12950000000000006
0.16000000000000003
0.13
0.14600000000000002
0.11124999999999996
0.10899999999999999
0.08899999999999997
0.10450000000000004
0.08924999999999994
0.09375
0.11124999999999996
0.08250000000000002
0.08350000000000002
0.07250000000000001
0.06800000000000006
0.060250000000000026
0.06474999999999997
0.043749999999999956
0.06174999999999986
0.030750000000000055
0.054749999999999854
0.05325000000000002
0.03949999999999998
0.0485000000000001
0.05249999999999999
0.056499999999999884
0.036250000000000004
0.0804999999999999
0.0595
0.07450000000000001
0.02749999999999997
0.05499999999999994
0.041749999999999954
0.03849999999999998
0.022749999999999937
0.07225000000000004
0.06699999999999995
0.05025000000000002
0.11899999999999988
0.09275
0.10749999999999993
0.1282500000000001
0.15325
0.18399999999999994
0.12324999999999997
0.14125
0.17200000000000004
0.12
0.13574999999999993
0.1815
0.14250000000000007
0.1362500000000001
0.13975000000000004
0.20025000000000004
0.16800000000000004
0.1502500000000001
0.16849999999999998
0.19625000000000004
0.1762499999999999
0.21650000000000003
0.19699999999999995
0.19399999999999995
0.21075
0.16800000000000004
0.21250000000000002
0.1392500000000001
0.21399999999999997
0.22250000000000003
0.1735
0.14775000000000005
0.22050000000000003
0.19399999999999995
0.15750000000000008
0.1815
0.16474999999999995
0.20924999999999994
0.20950000000000002
0.21725000000000005
0.20824999999999994
0.20899999999999996
0.21425000000000005
0.18799999999999994
0.21075
0.131
0.2357499999999999
0.23424999999999996
0.17625000000000002
0.19699999999999995
0.24725000000000008
0.20400000000000007
0.2015
0.18825000000000003
0.1995
0.20950000000000002
0.19925000000000004
0.20999999999999996
0.20199999999999996
0.20099999999999996
0.2127500000000001
0.1945
0.21424999999999994
0.1802499999999999
0.25649999999999995
0.23124999999999996
0.19424999999999992
0.19999999999999996
0.25025
0.19800000000000006
0.1965
0.21524999999999994
0.20600000000000007
0.22399999999999987
0.18775000000000008
0.1985
0.22550000000000003
0.22875
0.21075
0.21024999999999994
0.19625000000000004
0.15200000000000002
0.23624999999999996
0.22599999999999998
0.19299999999999995
0.20199999999999996
0.25525
0.18974999999999997
0.1914999999999999
0.23275
0.2250000000000001
0.22875
0.22225000000000006
0.19699999999999995
0.2280000000000001
0.23350000000000004
0.19324999999999992
0.2320000000000001
0.18074999999999997
0.16300000000000003
0.247
0.22999999999999998
0.18275000000000008
0.21475
0.21824999999999994
0.1795
0.20125000000000015
0.2005
0.21000000000000008
0.24299999999999988
0.22175
0.22225000000000006
0.22524999999999995
0.26475000000000004
0.19800000000000006
0.24150000000000005
0.24524999999999997
0.22675
0.25125
0.29074999999999995
0.2502500000000001
0.27574999999999994
0.30774999999999997
0.28575000000000006
0.29675000000000007
0.3017500000000001
0.28800000000000003
0.2855
0.2849999999999999
0.30274999999999996
0.30174999999999996
0.2815
0.2765000000000001
0.30499999999999994
0.276
0.20724999999999993
0.28700000000000003
0.26749999999999996
0.26675000000000004
0.25750000000000006
0.25425
0.26474999999999993
0.2859999999999999
0.2915
0.259
0.264
0.258
0.2567499999999999
0.2579999999999999
0.26775000000000004
0.27549999999999997
0.2715000000000001
0.24774999999999991
0.27774999999999994
0.2719999999999999
0.26149999999999995
0.23399999999999999
0.22050000000000003
0.22125000000000006
0.21599999999999997
0.22175
0.21799999999999997
0.18574999999999997
0.18525000000000003
0.18025000000000002
0.16100000000000003
0.1552499999999999
0.14274999999999993
0.13850000000000007
0.23550000000000004
0.1635000000000001
0.12224999999999997
0.13024999999999998
0.14125
0.13224999999999998
0.12324999999999997
0.13124999999999998
0.10675000000000001
0.08900000000000008
0.12725000000000009
0.09750000000000003
0.0794999999999999
0.07300000000000006
0.09124999999999994
0.08074999999999999
0.05774999999999997
0.06525000000000003
0.05624999999999991
0.024249999999999994
0.03125
0.06475000000000009
0.055749999999999966
0.05800000000000005
0.03149999999999997
0.023499999999999965
0.03875000000000006
0.022750000000000048
0.05425000000000002
0.04425000000000001
0.01649999999999996
0.03975000000000006
0.038000000000000034
0.05974999999999997
0.035250000000000115
0.052750000000000075
0.05625000000000002
0.0655
0.0645
0.04599999999999993
0.07450000000000001
0.036250000000000004
0.07550000000000001
0.07600000000000007
0.06225000000000003
0.06450000000000011
0.08050000000000002
0.07474999999999987
0.09650000000000003
0.10324999999999995
0.12424999999999997
0.129
0.14700000000000002
0.15850000000000009
0.17925000000000002
0.07974999999999999
0.1452500000000001
0.11350000000000005
0.11399999999999999
0.15975000000000006
0.13750000000000007
0.12049999999999994
0.16449999999999998
0.11849999999999994
0.1339999999999999
0.133
0.1379999999999999
0.12025000000000008
0.13
0.17199999999999993
0.15974999999999995
0.15825
0.15675000000000006
0.14800000000000002
0.16325
0.20599999999999996
0.11075000000000002
0.17174999999999996
0.16449999999999998
0.15649999999999997
0.15774999999999995
0.19874999999999987
0.15100000000000002
0.14150000000000007
0.1665000000000001
0.17074999999999996
0.17074999999999996
0.19374999999999998
0.19324999999999992
0.15400000000000003
0.18524999999999991
0.1964999999999999
0.1954999999999999
0.15975000000000006
0.20824999999999994
0.14549999999999996
0.18299999999999994
0.23450000000000004
0.1725
0.17874999999999996
0.18400000000000005
0.21899999999999997
0.18300000000000005
0.18999999999999995
0.19899999999999984
0.17874999999999996
0.17700000000000005
0.1885
0.18574999999999986
0.20125000000000004
0.20500000000000007
0.18225000000000002
0.20699999999999996
0.22750000000000015
0.15250000000000008
0.24949999999999994
0.22699999999999998
0.1937500000000001
0.16249999999999998
0.22850000000000004
0.18400000000000005
0.17225000000000001
0.2134999999999999
0.17925000000000013
0.22549999999999992
0.20650000000000002
0.21374999999999988
0.18175000000000008
0.22724999999999995
0.20875
0.19124999999999992
0.20225000000000004
0.19850000000000012
0.18099999999999994
0.242
0.21975
0.18700000000000006
0.1915
0.2507499999999999
0.20424999999999993
0.20399999999999996
0.20599999999999996
0.22549999999999992
0.22925000000000006
0.20799999999999996
0.19824999999999993
0.22950000000000004
0.20924999999999994
0.22675
0.19100000000000006
0.19200000000000006
0.22450000000000003
0.15900000000000014
0.249
0.21150000000000002
0.18575000000000008
0.20375
0.23949999999999994
0.18400000000000005
0.21399999999999997
0.20899999999999996
0.24824999999999997
0.252
0.21499999999999997
0.19925000000000004
0.18474999999999997
0.251
0.20725000000000005
0.20224999999999993
0.21875
0.22299999999999998
0.19974999999999998
0.23825000000000007
0.24949999999999994
0.2297499999999999
0.25950000000000006
0.25150000000000006
0.2557499999999999
0.26250000000000007
0.27725
0.27525
0.28775000000000006
0.2985
0.29800000000000004
0.2925000000000001
0.25975000000000004
0.28575000000000006
0.27625
0.30525
0.24825000000000008
0.25350000000000006
0.27974999999999994
0.27174999999999994
0.29075000000000006
0.267
0.21824999999999994
0.2512500000000001
0.28
0.2620000000000001
0.26675000000000004
0.281
0.27449999999999997
0.28975000000000006
0.2755000000000001
0.26474999999999993
0.28775000000000006
0.26975000000000005
0.268
0.27425
0.281
0.2715000000000001
0.252
0.28775000000000006
0.2705000000000001
0.24124999999999996
0.2905000000000001
0.25749999999999995
0.26050000000000006
0.2569999999999999
0.23324999999999996
0.244
0.23250000000000004
0.21575
0.23824999999999996
0.2037500000000001
0.20225000000000004
0.20475
0.17000000000000004
0.12724999999999997
0.14450000000000007
0.1429999999999999
0.13749999999999996
0.12125000000000008
0.2220000000000001
0.10224999999999995
0.12474999999999992
0.12724999999999997
0.10724999999999996
0.14949999999999997
0.10825000000000007
0.09249999999999992
0.09899999999999998
0.10450000000000004
0.07124999999999992
0.05425000000000002
0.08274999999999999
0.06424999999999992
0.07825000000000004
0.05725000000000002
0.04300000000000004
0.04874999999999985
0.04749999999999999
0.04774999999999996
0.06924999999999992
0.07550000000000001
0.07750000000000001
0.09299999999999997
0.05799999999999994
0.08599999999999997
0.07025000000000003
0.09899999999999998
0.08724999999999994
0.10249999999999992
0.09350000000000003
0.09099999999999997
0.12674999999999992
0.12725000000000009
0.13749999999999996
0.14200000000000002
0.13
0.10775000000000001
0.18200000000000005
0.14149999999999996
0.13424999999999998
0.137
0.134
0.16400000000000003
0.16825
0.14500000000000002
0.16375000000000006
0.20575
0.17500000000000004
0.18474999999999997
0.18375000000000008
0.20199999999999996
0.17100000000000004
0.21075
0.2267499999999999
0.21225000000000005
0.21025000000000005
0.21999999999999997
0.23775000000000002
0.23349999999999993
0.23149999999999993
0.22024999999999995
0.23275
0.22250000000000003
0.21925000000000006
0.23924999999999996
0.22750000000000004
0.21399999999999997
0.23225000000000007
0.25650000000000006
0.21599999999999997
0.22875
0.2397499999999999
0.21299999999999997
0.20975
0.23550000000000004
0.21275
0.22150000000000003
0.20425000000000004
0.21775
0.2187500000000001
0.21950000000000003
0.21824999999999994
0.2297499999999999
0.22224999999999995
0.20625000000000004
0.21725000000000005
0.18274999999999997
0.24050000000000005
0.21499999999999997
0.21425000000000005
0.22899999999999998
0.23675000000000002
0.19599999999999995
0.21724999999999994
0.25425
0.23250000000000004
0.21900000000000008
0.24250000000000005
0.22124999999999995
0.2340000000000001
0.22475
0.22899999999999998
0.22249999999999992
0.23050000000000015
0.22249999999999992
0.21724999999999994
0.236
0.22525000000000006
0.18675000000000008
0.23975000000000002
0.23925000000000007
0.22425000000000006
0.20324999999999993
0.25
0.23299999999999998
0.21825000000000006
0.22299999999999998
0.22750000000000004
0.24625000000000008
0.2157500000000001
0.24299999999999988
0.2220000000000001
0.25175000000000003
0.266
0.2542500000000001
0.1975
0.25125
0.21125000000000005
0.23424999999999996
0.25075000000000003
0.24550000000000005
0.23775000000000002
0.26125
0.25050000000000006
0.24125000000000008
0.2822499999999999
0.27174999999999994
0.23550000000000004
0.27275000000000005
0.26650000000000007
0.268
0.25649999999999995
0.29174999999999995
0.29825
0.27225
0.3027500000000001
0.28500000000000003
0.258
0.3185000000000001
0.29399999999999993
0.26275000000000004
0.30174999999999996
0.27574999999999994
0.26975000000000005
0.259
0.3162499999999999
0.28325
0.26325
0.2775000000000001
0.26850000000000007
0.2872500000000001
0.26750000000000007
0.281
0.24724999999999997
0.29900000000000004
0.2742500000000001
0.25675000000000003
0.2795000000000001
0.27975000000000005
0.25325
0.2507499999999999
0.27575000000000005
0.24950000000000006
0.24624999999999997
0.265
0.23650000000000004
0.27
0.23575000000000002
0.22649999999999992
0.2537499999999999
0.21699999999999997
0.20450000000000002
0.21625000000000005
0.1925
0.16899999999999993
0.18525000000000003
0.16375000000000006
0.17074999999999996
0.14350000000000007
0.14425
0.13874999999999993
0.1130000000000001
0.10925000000000007
0.15449999999999997
0.13849999999999996
0.12024999999999997
0.13275000000000003
0.13474999999999993
0.13024999999999998
0.13124999999999998
0.08850000000000002
0.11675000000000002
0.07825000000000004
0.11525000000000007
0.09149999999999991
0.09175000000000011
0.07050000000000012
0.08074999999999999
0.05824999999999991
0.07450000000000001
0.03699999999999992
0.04949999999999999
0.06274999999999997
0.030000000000000027
0.032749999999999946
0.05800000000000005
0.03874999999999995
0.05225000000000002
0.06300000000000006
0.03949999999999998
0.06525000000000003
0.04600000000000004
0.05625000000000002
0.0645
0.08924999999999994
0.09875
0.07799999999999996
0.10250000000000004
0.10424999999999995
0.12774999999999992
0.12249999999999994
0.13150000000000006
0.11949999999999994
0.13675000000000004
0.14749999999999996
0.18425000000000002
0.10799999999999998
0.16325
0.14500000000000002
0.17599999999999993
0.15875000000000006
0.20224999999999993
0.1984999999999999
0.20525000000000004
0.19974999999999998
0.2027500000000001
0.2007500000000001
0.21075
0.23475000000000001
0.2430000000000001
0.2084999999999999
0.251
0.22075
0.21075
0.25825
0.26224999999999987
0.25375000000000003
0.25349999999999995
0.29800000000000004
0.25749999999999995
0.24349999999999994
0.2522500000000001
0.27849999999999997
0.29374999999999996
0.25849999999999995
0.25349999999999995
0.23550000000000004
0.2812499999999999
0.2825000000000001
0.2679999999999999
0.24975000000000003
0.2417499999999999
0.2985000000000001
0.2712500000000001
0.263
0.25349999999999995
0.3015
0.27325
0.25125
0.2789999999999999
0.27749999999999997
0.29775000000000007
0.2819999999999999
0.28074999999999994
0.28275000000000006
0.29674999999999996
0.28700000000000003
0.262
0.2925
0.28075000000000006
0.26225
0.30825000000000014
0.28900000000000003
0.23975000000000013
0.27674999999999994
0.29575000000000007
0.2612500000000001
0.27275000000000005
0.27
0.29825
0.30500000000000005
0.29500000000000004
0.24550000000000005
0.2845000000000001
0.3027500000000001
0.2592500000000001
0.25075000000000003
0.29875000000000007
0.23575000000000002
0.27274999999999994
0.3055
0.3015
0.25050000000000006
0.28675000000000006
0.28
0.2745000000000001
0.2652500000000001
0.2855
0.2995
0.29425
0.2855
0.26550000000000007
0.30400000000000005
0.29175000000000006
0.28425
0.2652500000000001
0.31400000000000006
0.23399999999999999
0.27775000000000005
0.30500000000000005
0.276
0.25150000000000006
0.29300000000000004
0.29775000000000007
0.28675000000000006
0.2915
0.28225
0.30625
0.2905
0.2650000000000001
0.29074999999999995
0.29575000000000007
0.2925
0.26049999999999995
0.29625
0.3035
0.23224999999999996
0.30800000000000005
0.31725000000000003
0.23275000000000012
0.28375000000000006
0.30225
0.27874999999999994
0.30200000000000005
0.3165
0.27849999999999997
0.29474999999999996
0.2925
0.2755000000000001
0.266
0.2859999999999999
0.278
0.2935
0.29774999999999996
0.27249999999999996
0.2702500000000001
0.28274999999999995
0.27474999999999994
0.25050000000000006
0.2805000000000001
0.27575000000000005
0.2769999999999999
0.28925
0.25575000000000003
0.26949999999999996
0.28225
0.27375000000000005
0.28674999999999995
0.25875000000000004
0.26575000000000004
0.29975000000000007
0.27275000000000005
0.25
0.28400000000000003
0.28925
0.2689999999999999
0.26050000000000006
0.27125
0.26925
0.26825
0.2995000000000001
0.2562500000000001
0.26275000000000004
0.2762500000000001
0.28474999999999995
0.263
0.29374999999999996
0.28725
0.2260000000000001
0.22624999999999995
0.23824999999999996
0.26175000000000004
0.22250000000000003
0.22875
0.21849999999999992
0.20924999999999994
0.18874999999999997
0.2004999999999999
0.19525000000000003
0.16225
0.1974999999999999
0.16349999999999998
0.17149999999999999
0.18000000000000005
0.18099999999999994
0.16974999999999996
0.16125
0.127
0.13950000000000007
0.10350000000000004
0.14024999999999999
0.10824999999999996
0.11950000000000005
0.11124999999999996
0.1060000000000001
0.1127499999999999
0.09999999999999998
0.08250000000000002
0.09475
0.08399999999999996
0.0695
0.06274999999999997
0.1070000000000001
0.08174999999999999
0.12749999999999995
0.132
0.10749999999999993
0.08800000000000008
0.11924999999999997
0.125
0.11949999999999994
0.14675000000000005
0.16525000000000012
0.16949999999999998
0.17625000000000002
0.11475000000000013
0.14675000000000005
0.1532500000000001
0.131
0.15074999999999994
0.14050000000000007
0.1419999999999999
0.15050000000000008
0.15699999999999992
0.14625
0.13024999999999998
0.17149999999999999
0.1805
0.14425
0.16549999999999998
0.16899999999999993
0.14400000000000002
0.17574999999999996
0.17200000000000004
0.16749999999999998
0.16774999999999995
0.19725000000000004
0.20924999999999994
0.2005
0.22624999999999995
0.22450000000000003
0.23124999999999996
0.23149999999999993
0.23075
0.23975000000000002
0.18874999999999997
0.22924999999999995
0.27349999999999997
0.243
0.24424999999999997
0.24124999999999985
0.256
0.23850000000000005
0.2527499999999999
0.2557499999999999
0.27425
0.25175000000000003
0.25375000000000003
0.259
0.25849999999999995
0.24024999999999996
0.26025
0.29674999999999996
0.2005
0.26625
0.26849999999999996
0.23849999999999993
0.2337499999999999
0.27425
0.24624999999999997
0.25550000000000006
0.26350000000000007
0.25125
0.252
0.25125
0.25125
0.2630000000000001
0.26749999999999996
0.2597499999999999
0.236
0.28200000000000003
0.25525
0.25325
0.28400000000000003
0.256
0.22199999999999986
0.23975000000000002
0.25775000000000003
0.2400000000000001
0.25350000000000006
0.25524999999999987
0.237
0.257
0.26475000000000004
0.2280000000000001
0.24974999999999992
0.24050000000000005
0.246
0.26249999999999996
0.29525
0.22999999999999998
0.25225
0.28700000000000003
0.26974999999999993
0.25549999999999995
0.24175000000000002
0.29074999999999995
0.276
0.29800000000000004
0.28900000000000015
0.2905000000000001
0.26850000000000007
0.27974999999999994
0.29400000000000004
0.28975000000000006
0.30000000000000004
0.2709999999999999
0.27575000000000005
0.32400000000000007
0.21649999999999991
0.24249999999999994
0.28225
0.2782499999999999
0.26525
0.26675000000000004
0.26975000000000005
0.2689999999999999
0.2599999999999999
0.27875000000000005
0.256
0.2865
0.2735000000000001
0.3035
0.28325
0.2822500000000001
0.27625
0.2775000000000001
0.27149999999999996
0.24025000000000007
0.2952499999999999
0.2885000000000001
0.26625
0.26325
0.29374999999999996
0.2679999999999999
0.27825
0.27475000000000005
0.28175000000000006
0.26825
0.264
0.25849999999999995
0.25949999999999995
0.266
0.25525
0.2812500000000001
0.29200000000000004
0.22725000000000006
0.269
0.27149999999999996
0.22350000000000003
0.2270000000000001
0.2350000000000001
0.22849999999999993
0.22250000000000003
0.21399999999999997
0.21950000000000003
0.18425000000000002
0.1927500000000001
0.37849999999999995
0.18774999999999997
0.15125
0.16874999999999996
0.13824999999999998
0.14775000000000005
0.14149999999999996
0.13875000000000004
0.12750000000000006
0.13749999999999996
0.13050000000000006
0.15700000000000003
0.11150000000000004
0.121
0.08199999999999996
0.10399999999999998
0.08224999999999993
0.08924999999999994
0.09174999999999989
0.09574999999999989
0.11724999999999997
0.058250000000000024
0.06275000000000008
0.07850000000000001
0.04849999999999999
0.04375000000000007
0.02574999999999994
0.0625
0.06174999999999997
0.05699999999999994
0.0595
0.0714999999999999
0.07274999999999998
0.12174999999999991
0.12200000000000011
0.12475000000000003
0.13774999999999993
0.10349999999999993
0.12
0.18000000000000005
0.14225
0.13674999999999993
0.15325
0.1519999999999999
0.16174999999999995
0.13775000000000004
0.12849999999999995
0.18099999999999994
0.16674999999999995
0.1735
0.16675000000000006
0.18800000000000006
0.16100000000000003
0.2037500000000001
0.15749999999999997
0.16400000000000003
0.2005
0.21850000000000003
0.16600000000000004
0.20099999999999996
0.1955
0.17975000000000008
0.19424999999999992
0.18225000000000002
0.2025
0.20450000000000002
0.20824999999999994
0.21050000000000002
0.2005
0.19400000000000006
0.19900000000000007
0.19074999999999998
0.25875000000000004
0.21475
0.19224999999999992
0.19025000000000003
0.25
0.18625000000000003
0.17500000000000004
0.19825000000000004
0.18225000000000002
0.20599999999999996
0.18500000000000005
0.2025
0.18175000000000008
0.22675
0.20724999999999993
0.21425000000000005
0.14975000000000005
0.22775
0.24075000000000002
0.18699999999999994
0.16400000000000003
0.2522500000000001
0.22675
0.1795000000000001
0.20475
0.18200000000000005
0.22550000000000003
0.22699999999999998
0.22375
0.20475
0.2094999999999999
0.22550000000000003
0.19925000000000004
0.20524999999999993
0.17675000000000007
0.23424999999999996
0.22149999999999992
0.18999999999999995
0.19099999999999995
0.22824999999999995
0.18800000000000006
0.17225000000000001
0.20425000000000004
0.20425000000000004
0.24625000000000008
0.24550000000000005
0.20225000000000004
0.22625000000000006
0.23475000000000001
0.21350000000000002
0.24275000000000002
0.1725
0.21475
0.27049999999999996
0.1842499999999999
0.1854999999999999
0.20675
0.24250000000000005
0.1755
0.1975
0.1965
0.20399999999999996
0.19874999999999998
0.242
0.21850000000000014
0.21424999999999994
0.23675000000000002
0.24775000000000003
0.25175000000000003
0.25575000000000003
0.24824999999999997
0.268
0.27774999999999994
0.27374999999999994
0.2759999999999999
0.3007500000000001
0.30125
0.2759999999999999
0.2955000000000001
0.28049999999999997
0.30800000000000005
0.28425
0.27249999999999996
0.25525
0.26925
0.2825
0.27349999999999997
0.29699999999999993
0.21675
0.26125
0.30325
0.27475000000000005
0.2450000000000001
0.27925
0.268
0.25350000000000006
0.2650000000000001
0.26675000000000004
0.26175000000000004
0.2782500000000001
0.28800000000000003
0.27625
0.27775000000000005
0.2725000000000001
0.2815000000000001
0.29200000000000004
0.24925000000000008
0.2522500000000001
0.28875000000000006
0.27425
0.264
0.27649999999999997
0.2745000000000001
0.2520000000000001
0.2712499999999999
0.278
0.26549999999999996
0.25450000000000006
0.24849999999999994
0.26
0.22850000000000004
0.22450000000000003
0.2347499999999999
0.25349999999999995
0.2127500000000001
0.22575
0.24049999999999994
0.2124999999999999
0.18674999999999997
0.18724999999999992
0.21275
0.15649999999999997
0.15175000000000005
0.14100000000000001
0.11850000000000005
0.1895
0.16775000000000007
0.17300000000000004
0.18400000000000005
0.13749999999999996
0.14500000000000002
0.1402500000000001
0.13724999999999998
0.14124999999999988
0.10024999999999995
0.1292500000000001
0.08574999999999999
0.10524999999999995
0.09024999999999994
0.07474999999999998
0.07725000000000004
0.07699999999999996
0.0655
0.0452499999999999
0.07999999999999996
0.04074999999999995
0.06174999999999986
0.01200000000000001
0.04375000000000007
0.05599999999999994
0.030000000000000027
0.04149999999999998
0.057499999999999996
0.03825000000000012
0.04849999999999999
0.03925000000000001
0.031000000000000028
0.05775000000000008
0.058499999999999996
0.07774999999999999
0.09550000000000003
0.06299999999999994
0.13324999999999998
0.09575
0.14500000000000002
0.13775000000000004
0.14125
0.15274999999999994
0.1429999999999999
0.15900000000000003
0.14225
0.14149999999999996
0.14100000000000001
0.15675000000000006
0.1815
0.1682499999999999
0.17774999999999996
0.20525000000000004
0.15174999999999994
0.21099999999999997
0.1772499999999999
0.15149999999999997
0.22249999999999992
0.21324999999999994
0.19025000000000003
0.23299999999999998
0.23250000000000004
0.22275
0.21850000000000003
0.22425000000000006
0.22849999999999993
0.2580000000000001
0.23725000000000007
0.21325000000000005
0.235
0.24549999999999994
0.22349999999999992
0.24024999999999996
0.21775
0.2562500000000001
0.25725
0.2107500000000001
0.24775000000000003
0.27649999999999997
0.24750000000000005
0.25125
0.24750000000000005
0.26775000000000004
0.26050000000000006
0.25925
0.25525
0.257
0.2752500000000001
0.24475000000000002
0.281
0.20675
0.22750000000000004
0.26874999999999993
0.23749999999999993
0.23024999999999995
0.25650000000000006
0.25025
0.246
0.25125
0.26749999999999996
0.2437499999999999
0.22849999999999993
0.25650000000000006
0.253
0.244
0.2567499999999999
0.24150000000000005
0.25849999999999995
0.23399999999999987
0.2310000000000001
0.27049999999999996
0.22424999999999995
0.2367499999999999
0.25250000000000006
0.2579999999999999
0.25050000000000006
0.25825
0.26850000000000007
0.23475000000000013
0.23825000000000007
0.274
0.24449999999999994
0.25950000000000006
0.2692499999999999
0.2512500000000001
0.27825
0.254
0.21350000000000002
0.28775000000000006
0.3065
0.263
0.30300000000000005
0.30174999999999996
0.25825
0.25349999999999995
0.25250000000000006
0.23425000000000007
0.271
0.26449999999999996
0.241
0.2320000000000001
0.2280000000000001
0.24250000000000005
0.24599999999999989
0.23575000000000002
0.23525000000000007
0.23399999999999999
0.25225
0.23275
