-0.3893123901408372,-1
-0.4032925920476056,-1
-0.4351430344170629,0
-0.4180381733470979,-1
-0.4712208815726937,1
-0.3125990036480115,1
-0.13804481798748358,1
0.04609990805812325,1
0.20594090422282219,1
0.22823314051608423,1
0.2430661410102628,1
0.2560288381125091,-1
0.2009973310913007,-1
0.10481500179028114,-1
-0.01891378469339633,-1
-0.16593853926787683,-1
-0.23422914539836737,-1
-0.3355043367913796,-1
-0.38187009167382835,-1
-0.42402175226105543,-1
-0.518329663656149,-1
-0.5373340855604765,-1
-0.5614646673178694,0
-0.5267560072479534,1
-0.4795255288415241,1
-0.35078554748176904,1
-0.24829568496999987,1
-0.04647862399880909,1
0.049302562914365744,1
0.20037688738824344,1
0.28097073108100035,1
0.36873266530775584,1
0.37075500979821907,1
0.3928999252532621,1
0.4033475328959375,1
0.44111645427539226,1
0.47123409956135665,1
0.5161570920814484,1
0.5167367763106425,1
0.5712551642526316,0
0.5249376435946769,-1
0.5006139864826102,1
0.573685481336554,1
0.6707680951231358,1
0.7256051897001368,1
0.7775967581299419,1
0.8342416194438653,1
0.8447338900839898,1
0.9234084319917519,1
0.912544500849898,-1
0.8503558639873803,-1
0.7461803104622033,-1
0.688973965330627,-1
0.6220864927918643,-1
0.5353939188389525,-1
0.49458106009498426,-1
0.4414513105853266,-1
0.4720854691084724,-1
0.4198522606526842,-1
0.377536980169481,-1
0.3599239925925013,-1
0.3240420479513053,-1
0.2132259810852819,-1
0.17717014792586672,-1
0.1536975719219662,-1
0.12584003434107527,-1
0.07944169409786439,-1
0.013786919521640462,-1
-0.04490039254819034,-1
-0.1274499780729451,-1
-0.0800150422670165,0
-0.12964310839000626,-1
-0.1635635502911692,-1
-0.1720735960978378,-1
-0.19383832603624052,-1
-0.29617013086393384,-1
-0.2564944114388329,-1
-0.3205495114957936,-1
-0.3173298471639989,-1
-0.3830479150420327,-1
-0.36778628542691083,0
-0.3950834377008353,0
-0.35203921431542373,1
-0.32499263586850013,1
-0.25630782551935205,1
-0.23587232147159354,1
-0.21835684885372897,1
-0.2035679096695313,1
-0.14566199822529113,1
-0.17168856358770435,-1
-0.1828500462416529,-1
-0.20314383905317202,-1
-0.25119367588749353,-1
-0.28759005013277594,-1
-0.3169455684918059,0
-0.28571537190255525,1
-0.296065699190566,0
-0.3013123541342938,-1
-0.3323247070948572,0
-0.302441745435166,-1
-0.36655282540124245,-1
-0.37865244784327146,0
-0.36508658300879815,-1
-0.4198020412337863,-1
-0.41986599952626213,-1
-0.4465198291861584,-1
-0.49471705926803033,-1
-0.5735214458661684,-1
-0.6823997813226226,-1
-0.766910547865527,-1
-0.8163545036065285,-1
-0.8534330955087968,-1
-0.8903917557719472,-1
-0.9555881367664275,-1
-0.9321952053954382,0
-0.9521616451650914,1
-0.8406289551326437,1
-0.7850981670301265,1
-0.7872916402941978,1
-0.6979690642561531,1
-0.6470377453983243,1
-0.540710632454486,1
-0.47094393054814954,1
-0.44168814941022616,1
-0.39093778920947,1
-0.3089070003488874,1
-0.28982948594415714,1
-0.24352597108301433,1
-0.1979822735274428,1
-0.1763925366219482,-1
-0.23642332509437214,-1
-0.2508692843255581,-1
-0.2684918727857276,-1
-0.2806942469122372,-1
-0.3404102640725748,-1
-0.3602998383442083,-1
-0.4089993850160967,-1
-0.4423160344089473,-1
-0.4997542755737442,-1
-0.5186420814217336,1
-0.4836185063840711,1
-0.4523116266455719,1
-0.4160845363688723,1
-0.41246732134036,0
-0.40631888292989016,1
-0.3960043856407961,-1
-0.4528059246782251,-1
-0.5676880069134003,-1
-0.609647745417037,-1
-0.6522507387187995,-1
-0.6462694105327687,1
-0.5787615686898782,1
-0.5982873923273684,0
-0.5769582950199053,1
-0.4859518124284192,1
-0.4491834215168492,1
-0.36320608420406386,1
-0.3163328729466267,1
-0.263510768085068,1
-0.27231022485351286,1
-0.245325923809669,1
-0.2077150683117841,0
-0.24330354908201635,-1
-0.26341972594884344,-1
-0.3560148044921203,-1
-0.345112576772887,-1
-0.37430106847076994,-1
-0.3811342696189087,0
-0.37637975080176844,-1
-0.45453338703775403,-1
-0.4846903134596223,-1
-0.5227290452859102,-1
-0.5374060549431176,1
-0.45030973780525396,1
-0.37881145532920035,1
-0.3705129526546663,1
-0.3277330205322452,1
-0.2954082922692386,1
-0.26550409233589745,1
-0.25509325944343864,1
-0.24041756460241848,1
-0.20972695836643795,0
-0.2553601391309669,-1
-0.2989632333853205,-1
-0.3210678912931342,-1
-0.3390586227537654,-1
-0.3870649340945985,-1
-0.4467964254938722,-1
-0.4547996572599735,0
-0.46010899866896793,0
-0.4687096844067856,0
-0.4653667733965188,1
-0.4393809901606355,-1
-0.49543642586374625,-1
-0.4833933100516905,-1
-0.5354097674107898,-1
-0.5698159949234302,-1
-0.5996366516873566,-1
-0.6121943015137792,-1
-0.6378610778257996,0
-0.6207433485102691,1
-0.5488003160679475,1
-0.4561663074455037,1
-0.3625805493416555,1
-0.348985770175506,1
-0.24173372147139982,1
-0.29751640523785794,-1
-0.25882498163700274,1
-0.2629564384527828,-1
-0.3261709931716569,-1
-0.3230261026801806,1
-0.2705069093713547,1
-0.26552886804011233,0
-0.2647152312936101,-1
-0.30428340216263206,-1
-0.4227784714120265,-1
-0.59949399162358,-1
-0.7542709031839253,-1
-0.879485901795073,-1
-0.9987140925134621,-1
-1.0,0
-1.0,1
-0.9797694593827506,1
-0.9017412457334856,1
-0.8977285969356612,1
-0.8434785693754587,1
-0.7223061669512407,1
-0.6074701850777888,1
-0.480586626632599,1
-0.444729312741854,1
-0.4221069893729452,0
-0.43470824731674895,-1
-0.4752619066926672,-1
-0.6391085596668784,-1
-0.8034133615980761,-1
-1.0,-1
-1.0,0
-1.0,1
-0.9837160005774291,1
-0.91220220451726,1
-0.7845902509650937,1
-0.5494163479331532,1
-0.3692697698027343,1
-0.12155357038369141,1
0.06709318888308724,1
0.191652560533075,1
0.25102449862875975,1
0.37596444569402965,1
0.44124045835589043,1
0.45218019298779555,1
0.471345314070045,1
0.4973417845742878,1
0.5365872364057678,-1
0.4657214242148353,-1
0.4907852361515741,0
0.47035166906942627,0
0.5003822508682778,1
0.5691904279260085,1
0.6277450014641166,1
0.659569355201026,0
0.641291421513926,0
0.6588642272294858,1
0.6659829443631571,-1
0.6060808580570043,-1
0.5277481186288753,-1
0.45664345222278113,-1
0.42454562143689656,-1
0.40152750399250436,-1
0.4012982195043673,0
0.38827257930501724,-1
0.32905493085682025,-1
0.3028089616391516,1
0.3677125170474216,1
0.4050084117386423,1
0.4269360440770953,1
0.4270119839295212,-1
0.37552702158024687,-1
0.36655308149738497,1
0.401132114139793,1
0.5138576948551976,1
0.49665413855437257,-1
0.4734882864355936,-1
0.4520383859412833,1
0.5019194949122685,1
0.5058691448745773,1
0.5369003027723627,1
0.5731209246928815,1
0.5995731513806084,1
0.6989137002404084,1
0.8017841520484437,1
0.941035532692156,1
1.0,1
0.9969329984455322,0
1.0,-1
0.9321461787886991,-1
0.841253731953556,-1
0.8261875674491153,-1
0.6835065831425913,-1
0.5587311278392699,-1
0.46611574340705975,-1
0.36391821803307156,-1
0.3225158660146792,-1
0.3131073525344725,-1
0.27652618931724726,-1
0.23652607224439892,-1
0.15991131918499457,-1
0.11383121421596609,0
0.17328350978555807,-1
0.07623183797029243,-1
-0.042426466721237066,-1
-0.018917462739127422,1
0.012747093702584644,0
-0.02148923414174253,1
0.04666069097709413,1
0.1011012815490202,1
0.14990524984900722,0
0.10666407975514791,-1
0.09361162813817181,-1
0.08396185780759224,0
0.10373839917769345,1
0.19903085579167845,1
0.24463000580580796,0
0.185745298384413,0
0.2298891219325847,1
0.31966920023249723,1
0.3551633486007062,0
0.335009293106157,-1
0.28596512492792425,1
0.406223120491219,1
0.4578824470910763,1
0.4808542696337583,1
0.5315839892338485,1
0.543649991837744,-1
0.47478839582957466,-1
0.26258427005608165,-1
0.10199710532865236,-1
-0.11860169686081912,-1
-0.4397528730279642,-1
-0.6736657292959398,-1
-0.8328742603174892,-1
-1.0,-1
-1.0,0
-1.0,0
-1.0,0
-1.0,0
-1.0,0
-1.0,0
-1.0,0
-1.0,0
-1.0,0
-1.0,0
-1.0,0
-1.0,0
-1.0,0
-1.0,0
-1.0,0
-1.0,0
-1.0,0
-1.0,0
-1.0,1
-0.9726127455910621,1
-0.9644994714681665,1
-0.9349577985410912,1
-0.8704832653915536,1
-0.8114516045406953,1
-0.7582717520080776,1
-0.6476627340392761,1
-0.5835175976984645,1
-0.5209713333692523,1
-0.3569899436828132,1
-0.2508767014838934,1
-0.18786547734776515,1
-0.11217761600350273,1
-0.08224765944762458,1
-0.022064144780912898,1
-0.004564584791948878,0
-0.024271771336638936,0
0.006169114628473249,1
0.03691423545795214,1
0.06579358692421611,1
0.10169403469894545,1
0.21655692228574286,1
0.37212077740678895,1
0.47610843864019214,1
0.6016443334966277,1
0.7477711896461818,1
0.8130403010056801,1
0.8717562250287636,1
0.9679802794112624,1
1.0,1
1.0,0
1.0,0
1.0,0
1.0,0
0.9847496820330797,0
0.9852782326513223,-1
0.9518748473386915,-1
0.8819992114329802,-1
0.7934433785732986,-1
0.7676032441604126,-1
0.7069835576534267,-1
0.662915619624884,-1
0.6617454831426917,-1
0.5905735044767138,-1
0.5669136856958152,-1
0.5729084041606507,0
0.5519336410617852,-1
0.50614275667988,-1
0.4735145255828592,-1
0.4540249527738436,-1
0.40129091910540726,-1
0.3207760424344419,-1
0.28348339392508914,-1
0.27034816048125654,-1
0.2594047776640718,0
0.279798295390284,1
0.2897199601967899,1
0.30684889537841054,1
0.3426464571883021,1
0.3511300488803082,1
0.3666351709030262,1
0.40773868208242603,0
0.3666311438203693,-1
0.3188834204061948,-1
0.27749949484175174,-1
0.23748205520607657,-1
0.22325645906588742,-1
0.20647488895204957,-1
0.20105638073831567,0
0.1977041303937357,1
0.22266975901751107,1
0.25268217501215107,1
0.2982851464456786,1
0.3219734299861461,1
0.34113675089391693,0
0.31978378827059317,-1
0.2899653785430245,-1
0.28995193358893556,-1
0.2332598821975349,-1
0.22983813526327768,0
0.23546415214026095,1
0.25039695380623717,1
0.2951371673255665,1
0.3399546554265991,1
0.39410388275283603,1
0.47879425399423736,1
0.49904541234005695,0
0.48306212050190056,0
0.4958657383824494,-1
0.4350947988243272,-1
0.3997855115198581,-1
0.4039580342479392,0
0.38881590683883993,-1
0.3802164485097097,0
0.40316376685869115,1
0.4919052461741329,1
0.5228125081596062,1
0.5502822924308839,1
0.5742197228565435,1
0.6001902070212677,1
0.5973759491126822,-1
0.5393317655931122,-1
0.5199828514606155,-1
0.46234501696569885,-1
0.38764118478820486,-1
0.3172394932302707,-1
0.3018713599891638,-1
0.23500125580166764,-1
0.1589985995645049,-1
0.10298959312249556,-1
0.1244080270926573,1
0.16870310412687384,1
0.14966184808822125,-1
0.13291204832746328,-1
0.12303684623699107,-1
0.11086286953384938,-1
0.08543787394498015,-1
0.06625520549227959,0
0.08064593388711172,1
0.11889781554756995,1
0.16144337169980139,1
0.2358575193994874,1
0.2788657677980422,1
0.32639617345300675,1
0.336429186955606,1
0.3609667946928532,1
0.36490115724942296,-1
0.32175328839922335,-1
0.3099097882498705,-1
0.27571250143173165,-1
0.24148516535133702,-1
0.18850816364240752,-1
0.16726234997588718,-1
0.12654925807327677,-1
0.10829163474096393,-1
0.10768848622857696,0
0.12283099049568036,1
0.2021680962219068,1
0.2445016266110278,1
0.3206886561563749,1
0.39979713739212364,1
0.4723582377979114,1
0.4551416145071374,0
0.4685312651045024,1
0.5017264015524134,1
0.48593016654986765,-1
0.4539362470713797,-1
0.4115720729007386,-1
0.34494343077593514,-1
0.293038900346384,-1
0.18345637037604257,-1
0.06690610983582923,-1
-0.07805610979024868,-1
-0.23694561968208272,-1
-0.368489180468599,-1
-0.4774158414095564,-1
-0.5371730402066817,-1
-0.5835540299771267,-1
-0.7561302557361139,-1
-0.8611713939190222,-1
-0.8835685533358824,-1
-0.8851348231759647,-1
-0.9318658138314876,-1
-0.9666343206622054,-1
-0.9969154379026886,-1
-1.0,0
-1.0,0
-1.0,0
-1.0,0
-1.0,0
-1.0,0
-1.0,0
-1.0,0
-1.0,1
-0.9645293157451408,1
-0.9209313985903431,1
-0.9203833073004953,1
-0.86390196181919,1
-0.7772987830193553,1
-0.6827494073427802,1
-0.6698082451947209,1
-0.6021803416393259,1
-0.5020865474469096,1
-0.3906624291786528,1
-0.18503021115508378,1
-0.03458595145484933,1
0.15167703447514813,1
0.28263521574933415,1
0.3478886112329638,1
0.4059553030508005,1
0.4741593028908615,-1
0.3808757513007972,-1
0.43019557237143546,-1
0.3162972388552878,-1
0.41045875226965856,1
0.4730769736715714,1
0.5129426757091489,1
0.5404114429411773,1
0.606880917529337,1
0.6553649191125954,1
0.7024752518204405,1
0.774841765974644,1
0.7516995635729582,-1
0.7375723048054887,-1
0.7129656710783634,-1
0.6551408964184444,-1
0.658098541821138,-1
0.5959569317532514,-1
0.5591553825874034,-1
0.43986361392577145,-1
0.44319400546658705,1
0.558812086549137,1
0.6093340868220309,1
0.6339785185679851,1
0.6561898502751835,1
0.6960582003225875,1
0.7641519464087669,1
0.8512858255101163,1
0.8679638024725054,-1
0.7505779196526408,-1
0.7802115631049586,-1
0.6845352914726384,-1
0.5697052744440991,-1
0.5419345018191692,1
0.6170815193134314,1
0.6241513770247022,-1
0.46880912316992096,-1
0.30445349076699824,-1
0.22387015410421718,-1
0.22877837191583716,1
0.3703144579870139,1
0.5527258739853722,1
0.6156826426823019,1
0.8141291402751132,1
0.9278696081793825,1
0.9963362818419608,-1
0.9092306162213148,-1
0.8563457771430394,-1
0.7173496690064336,-1
0.6694330850513461,1
0.7960372259668418,1
1.0,1
0.9687668026492078,-1
0.9149275071756682,-1
0.7479477514640618,-1
0.423959241933199,-1
0.018880097288434206,-1
-0.5980237287216995,-1
-1.0,-1
-1.0,0
-1.0,0
-1.0,0
-1.0,1
-0.9612819947605723,1
-0.9117114391335223,1
-0.7761082846397624,1
-0.6583803708446383,1
-0.5060957191217834,1
-0.44374200838546785,1
-0.4064440025417957,0
-0.4486662600272422,-1
-0.5166959646878977,-1
-0.6252671525436266,-1
-0.711425725660541,-1
-0.8620040439970994,-1
-0.98410665582953,-1
-1.0,1
-0.9169565402616182,1
-0.8180066867944127,1
-0.580627136661098,1
-0.31448022628687566,1
-0.11677085390036646,1
-0.06911858102178547,0
-0.11609151852781263,-1
-0.22841082526862766,-1
-0.44439415097585167,-1
-0.6328535131956212,-1
-0.7671607066032081,-1
-0.7899682965125256,1
-0.7148035695932342,1
-0.5417795195910763,1
-0.32955627369554097,1
-0.1550737556031757,1
-0.013317171475555667,1
0.1314073682203969,1
0.1667805452814115,1
0.19392903161540165,-1
0.0995673524672891,-1
-0.01633336467767177,-1
-0.1377250872120659,-1
-0.21369132054233841,-1
-0.32101513776198043,-1
-0.3711148615891434,0
-0.3055993493645208,1
-0.2843772845978383,1
-0.10067669862180839,1
0.0769909279328338,1
0.06462671362268013,0
0.08288459443807517,0
0.07947641434649122,1
0.10077887473535974,-1
0.03505143335292571,-1
-0.061785421447097866,-1
-0.14415860965474026,-1
-0.16835776225526466,0
-0.14014666802997688,1
-0.07059562457244484,1
0.005414511133067013,1
0.009099218896887917,-1
-0.03284085432675876,-1
-0.09284552862160222,-1
-0.18903506390489067,-1
-0.25535677660087297,-1
-0.32687321992842777,-1
-0.37998371493016314,-1
-0.44179245593057415,-1
-0.438002254018957,1
-0.36049411489429595,1
-0.2958122670718488,1
-0.2989290306420307,-1
-0.3431462673607648,-1
-0.4820053660194623,-1
-0.6035949683357874,-1
-0.7130447015243702,-1
-0.7959621763778775,-1
-0.8217001409447674,-1
-0.9224943111504694,-1
-0.9163765093044263,1
-0.8525909834049343,1
-0.6504495502386687,1
-0.4161548851256033,1
-0.3376040062581176,1
-0.2694267366318074,1
-0.1312512199923367,1
-0.06095539291712526,1
0.023235563755792832,1
0.07717222702928805,0
0.03120538743576251,-1
-0.024544366336375578,0
0.023791140731938443,1
0.005298207325549198,-1
-0.0214825065326405,0
0.018904408234035497,-1
-0.03971143784231601,-1
-0.07791189036401047,1
-0.015273401204377257,1
0.08257032903752104,1
0.07483932509093272,-1
-0.01176755891474135,-1
-0.0983140924391448,-1
-0.13593793198209458,-1
-0.14736725406667617,1
-0.09949475725705925,1
-0.08633643165423899,-1
-0.14735319972401606,-1
-0.1329504620981844,1
-0.02283746624833749,1
-0.013965809840675969,0
-0.03560427619674866,-1
-0.039373785831348984,-1
-0.11139701767713117,-1
-0.22011606572612064,-1
-0.23105851983361925,1
-0.1459901046066886,1
-0.0804996135478726,-1
-0.2248480007101329,-1
-0.388088056120787,-1
-0.32158902381743215,-1
-0.4039515932975122,-1
-0.3780889866286047,1
-0.3381102287863428,1
-0.3287572739118879,-1
-0.4314105808795268,-1
-0.4845936318334253,0
-0.4426977121268768,-1
-0.507268864817175,-1
-0.5344125300346099,-1
-0.6760009753996035,-1
-0.6646885767799648,1
-0.5385501894039706,1
-0.3990557528364702,1
-0.23219893922543577,1
0.036866910458311475,1
0.20780156454400678,1
0.349347006169489,1
0.5547481295334316,1
0.8738112471796231,1
1.0,1
1.0,0
1.0,0
1.0,0
0.9852275768900458,-1
0.8552189577515299,-1
0.6319309323559072,-1
0.3312167943844835,-1
-0.024705835218783112,-1
-0.37413755344160193,-1
-0.6634954371381376,-1
-0.9519935311918774,-1
-1.0,-1
-1.0,0
-0.9991410975307853,1
-0.9593772428916789,1
-0.956626012835568,1
-0.9238787858553049,1
-0.8364602076954043,1
-0.7813966035944643,1
-0.7584578649687901,1
-0.6711842903811729,1
-0.5763822062912193,1
-0.5929938942633377,-1
-0.659167632679435,-1
-0.7278894830878249,-1
-0.7040573531195363,-1
-0.8060630836983017,-1
-0.9458714242961851,-1
-0.9274579184988583,-1
-1.0,-1
-1.0,1
-0.9069868575407437,1
-0.8002455346554145,1
-0.8030606886642717,1
-0.7591962961341088,1
-0.671709730677612,1
-0.5994991885193484,1
-0.4887592735249936,1
-0.40670995809629185,1
-0.30967651816781705,1
-0.28565961018234254,0
-0.30894343103247035,-1
-0.386142988382321,-1
-0.4077475171936892,0
-0.37931951018953347,1
-0.3093847852367714,1
-0.3300215886105876,0
-0.3033616023951694,0
-0.34386489127313336,-1
-0.40254748685093567,-1
-0.48364664982476835,-1
-0.5384128824982044,-1
-0.6050783729034876,-1
-0.7328432625537789,-1
-0.7922439064245714,-1
-0.8207575655949857,-1
-0.8911311231525952,-1
-0.919898580231977,1
-0.8623479272015737,1
-0.7557585535253942,1
-0.6484028237686689,1
-0.4448255606416639,1
-0.19180269438963304,1
0.06306377463828716,1
0.24585813494629383,1
0.3437229838909759,1
0.31851030679273395,-1
0.1494522320816707,-1
-0.04357034477849819,-1
-0.3341509713409714,-1
-0.6599451006693904,-1
-0.9806038331934114,-1
-1.0,-1
-1.0,0
-1.0,1
-0.9384173247712663,1
-0.7953083661433442,1
-0.5934329583139728,1
-0.42307229299659543,1
-0.3267399612709989,1
-0.25272036174035784,1
-0.16324819580381844,1
-0.14448005947118647,-1
-0.22917751771160422,-1
-0.32203760829151273,-1
-0.40564293677134244,-1
-0.5009346217407722,-1
-0.5689568509324253,-1
-0.5899153488342597,-1
-0.5867376278219425,1
-0.5469599823863422,1
-0.49195216079678084,1
-0.4611384656408857,1
-0.45999590867148843,-1
-0.49189398780579663,-1
-0.5713842199284882,-1
-0.6726436468648358,-1
-0.7768834746671607,-1
-0.905757241790591,-1
-1.0,-1
-0.9986374799715183,1
-0.9094672282612241,1
-0.905598140671018,1
-0.858515236256131,1
-0.8033685005512505,1
-0.7038753281257029,1
-0.6700709245117182,1
-0.6591922552601454,-1
-0.7033265447764929,-1
-0.7899798223533402,-1
-0.911721645595497,-1
-1.0,-1
-1.0,0
-1.0,1
-0.9154034452545785,1
-0.7918062136021025,1
-0.7167759614323397,1
-0.5713799849909,1
-0.45237584679867227,1
-0.35049674361777605,1
-0.26890620728015935,1
-0.23917023578886798,-1
-0.30151029605415736,-1
-0.42819903503724877,-1
-0.5755135072490735,-1
-0.6824256356607489,-1
-0.7464633088396546,-1
-0.770533752189197,0
-0.7332570871694521,1
-0.6789078563583841,1
-0.5901904076920652,1
-0.463607915325461,1
-0.3471321041003317,1
-0.22857850411773528,1
-0.18984720296303126,1
-0.196338746881767,-1
-0.24859390354119126,-1
-0.3543940618870367,-1
-0.45272931714593756,-1
-0.5438816334931371,-1
-0.6204708301146067,-1
-0.6799390151563451,-1
-0.6511072850478486,1
-0.6503587764238342,0
-0.653590110200733,1
-0.6295370211290735,1
-0.5708506670685891,1
-0.56470198460344,-1
-0.6243390010720753,-1
-0.6859607813064976,-1
-0.7008255757952923,-1
-0.7081007276448537,0
-0.7096206807929792,-1
-0.7357459529054111,0
-0.7032023192889572,1
-0.6159632207537891,1
-0.50626862832773,1
-0.38885921563046955,1
-0.2723301470713303,1
-0.20539600388277535,1
-0.1426664129774856,1
-0.12491948731828051,0
-0.15491454378985836,-1
-0.24878638591971403,-1
-0.263993582978875,1
-0.220914372335145,1
-0.10801508513959823,1
-0.10717956733111378,-1
-0.13548122118771688,-1
-0.12445177550495745,1
-0.10338518310522049,1
-0.003378352466651302,1
0.09251817171956578,1
0.078958744892343,-1
0.04794381326091979,1
0.10803501413561523,1
0.17546808746432085,1
0.22799823323407997,1
0.22050439705302027,0
0.24282754802579776,1
0.23947415940762085,1
0.2683790168484683,1
0.3340128017482564,1
0.3722512691009594,1
0.40246183480531483,1
0.41491857746625693,-1
0.33426615569742624,-1
0.2686143264348859,-1
0.28821552147817386,1
0.31029766995942376,0
0.27263781127374576,0
0.30456542120072805,1
0.31892078262865087,1
0.3216718030505552,1
0.3392080909020294,1
0.419980312550446,1
0.5307039478171762,1
0.5722871774970475,1
0.5792200008698729,-1
0.53776180685155,-1
0.5368015210318058,-1
0.5094869425218531,0
0.539918999376694,1
0.573290274366119,1
0.5854208956101379,-1
0.5097696315757347,-1
0.4338742967314688,-1
0.3722841457235042,-1
0.28260652145933385,-1
0.1650455125866297,-1
0.17209664267629354,1
0.3362755331759637,1
0.5118254592166365,1
0.6249530169962829,1
0.720061001321719,1
0.8736536692420358,1
1.0,1
1.0,0
0.9885020818878452,-1
0.8445981778657046,-1
0.745743309115743,-1
0.7532758151411456,1
0.7727370382346945,0
0.7430192557390516,-1
0.6815367340389047,-1
0.6883908923384143,1
0.7495918979039735,1
0.8154280632812227,1
0.8621779428410941,1
0.8667674647152575,0
0.8661093227550396,-1
0.7874203139069087,-1
0.7144227188249288,-1
0.639141780790464,-1
0.6062369921382633,-1
0.5922393136329502,0
0.5975210959126334,1
0.6462807964832133,1
0.7344869403079648,1
0.8262391167247691,1
0.9190693418176872,1
0.9859339662590947,1
1.0,0
0.980599373667115,-1
0.9014772796842687,-1
0.8223602453620886,-1
0.6291560617487231,-1
0.4508188360523453,-1
0.4015017798789131,1
0.4892845115681994,1
0.5757451289593478,1
0.7022592969659989,1
0.8021045889768867,1
0.8976327704752203,1
0.8828140580384758,-1
0.789403043857374,-1
0.6790796896138924,-1
0.5976441578983986,-1
0.47561947324297926,-1
0.42737092573486635,-1
0.42319244220926167,1
0.4733249568297193,1
0.5063060956878471,1
0.500971896570199,-1
0.47735202299031987,-1
0.4782719506797162,0
0.4744256129546134,-1
0.4067056125448154,-1
0.2863452465479335,-1
0.24213861075617982,-1
0.13587861955809855,-1
0.05251964416915378,-1
0.06736317949827964,1
0.1987887211829178,1
0.3177177884879472,1
0.35578684966042196,1
0.42905030064569094,1
0.5252340993431437,1
0.5037582447677424,-1
0.3763448043641293,-1
0.16051365594364086,-1
0.029093565626381768,-1
-0.1465635175243437,-1
-0.28093903313044255,-1
-0.4285184679367935,-1
-0.49225372963421243,-1
-0.5887100864702414,-1
-0.5219887842636681,1
-0.43108072593224034,1
-0.3204525899849201,1
-0.19326496233188983,1
-0.1312472176126409,-1
-0.21700551036806692,-1
-0.3620663361224835,-1
-0.3469894209475817,-1
-0.42986383664151984,-1
-0.5815308041349196,-1
-0.6203402353310105,-1
-0.6077523083876583,1
-0.5761727905805313,1
-0.4354745332313329,1
-0.343957599415347,1
-0.22023130117680623,1
-0.17285409197638602,-1
-0.26757642270069915,-1
-0.49592610576190743,-1
-0.6862950278669657,-1
-0.8817839020020802,-1
-0.9953885014199524,-1
-1.0,1
-0.9777793532397993,1
-0.8531894859366398,1
-0.5888127722547455,1
-0.34303489005297816,1
-0.03516369445320999,1
0.2349528045136462,1
0.3907889890964067,1
0.3261145962848224,-1
0.3431071362485911,1
0.3509367860125181,-1
0.20375999686350643,-1
-0.04238607816269491,-1
-0.15021932107055203,-1
-0.1256799593368242,-1
-0.1927028428001134,-1
-0.25630588740127,0
-0.20550330928573834,1
-0.10583803983421614,1
-0.01859811977558512,1
-0.011865167172251723,1
0.06458107155532589,1
0.07981239783632676,1
0.14764740009840271,1
0.14414372577092882,1
0.21337165828261728,0
0.14212183935146427,-1
0.1444372060932655,0
0.12797164895063462,-1
0.06467852695498766,-1
0.09434278621750658,1
0.20788012759800778,1
0.24787260511341325,-1
0.18907089767027352,1
0.2970561963350049,1
0.36692337780768347,1
0.3432810969853548,-1
0.2931327253341174,-1
0.2672140297973902,-1
0.15292123279833403,-1
0.07175263479790805,-1
-0.003058381597204507,-1
-0.0731953093655261,-1
-0.0479480539248307,1
0.02375135929402683,1
0.015080150050373886,-1
-0.023043836826114994,-1
-0.04805564837233656,-1
-0.09271329960149666,-1
-0.1785567999854295,-1
-0.2954612605450786,-1
-0.4169460682223607,-1
-0.5211380772996336,-1
-0.6222507158907575,-1
-0.6390702640656614,1
-0.5996631576666254,1
-0.48178716935118493,1
-0.4170039505490559,1
-0.3451211340441732,1
-0.26135934199431765,1
-0.1686774530703835,1
-0.141232835577641,-1
-0.19345873330604635,-1
-0.2187125985095385,-1
-0.30007656193110044,-1
-0.40566711757201723,-1
-0.5601357908463038,-1
-0.7847694614468368,-1
-0.928647667599106,-1
-1.0,-1
-1.0,1
-0.9803408572364112,1
-0.83451174327455,1
-0.695876976653584,1
-0.5563595911662137,1
-0.4009116415208692,1
-0.33086695068762384,1
-0.3730250016134118,-1
-0.6058196974199004,-1
-0.8795013223597483,-1
-1.0,-1
-1.0,0
-1.0,0
-1.0,0
-1.0,1
-0.9768414677130195,1
-0.871092175857957,1
-0.631077805953517,1
-0.332811426496156,1
-0.04707916885573138,1
0.2542068618290616,1
0.4721546952414388,1
0.6137395050881105,1
0.6346477805994517,0
0.6257239408413602,-1
0.5724181541813071,-1
0.4519247897930312,-1
0.20778350822600888,-1
-0.06536494908632029,-1
-0.3332306526143177,-1
-0.4886663382409847,-1
-0.6400218928083521,-1
-0.6662145262000141,0
-0.640848844314567,1
-0.45018757071727034,1
-0.1856391563299189,1
0.025950073375815563,1
0.28183037699145097,1
0.48972183563154914,1
0.6286647362125264,1
0.7302496239040361,1
0.7462217156508768,-1
0.6208521761220616,-1
0.44016443840522324,-1
0.21968302139938767,-1
0.014477674797664708,-1
-0.17815897680818682,-1
-0.3003044176195132,-1
-0.39502879932040125,-1
-0.48179694582104504,-1
-0.5078958750470988,-1
-0.4980707153292544,1
-0.3808425363944553,1
-0.22925894710841932,1
-0.013571752252557578,1
0.22945477378349866,1
0.4925435494901591,1
0.6894184889895429,1
0.8228348952350157,1
0.8388280205567211,-1
0.8012826145624061,-1
0.6558981873358274,-1
0.46122824027890164,-1
0.2821131208470886,-1
0.06862955474892951,-1
-0.16208426699645107,-1
-0.30794628131499346,-1
-0.35569931341757854,-1
-0.4408487959023071,-1
-0.3809340305629426,1
-0.25383057541432164,1
-0.20715317648402154,1
-0.1629831356857121,1
-0.08459066186122544,1
0.016212421658772014,1
0.17069282630246208,1
0.29686739023534847,1
0.33997908139725785,1
0.33955753505756103,-1
0.3101775419544046,-1
0.20561392555164804,-1
0.09731387898051946,-1
-0.024052873029603794,-1
-0.1212167239360713,-1
-0.15706926379300823,-1
-0.2177601276205633,-1
-0.23386697816137525,1
-0.1664187585667375,1
-0.14995340812015967,1
-0.09497486599504601,1
-0.08068791176794188,-1
-0.1203730742124478,-1
-0.09720662319035034,1
-0.08444216616940636,1
-0.07652094411909671,1
-0.0646395795679876,0
-0.06931708196053199,0
-0.06173493329339663,-1
-0.0978780195747978,-1
-0.10888677477919462,-1
-0.2025266754483317,-1
-0.252021669745918,-1
-0.27605112001592,-1
-0.2903437581643665,-1
-0.2963124634976032,1
-0.2501771993979751,1
-0.21712913177530058,1
-0.13612248111281966,1
-0.053070848638209434,1
0.07305485032300907,1
0.17065452539860093,1
0.18052355404533782,0
0.18283929491459738,1
0.22795230048994974,1
0.28937112146286803,1
0.45256015106440817,1
0.6422423393482377,1
0.6912072962615459,1
0.7346608618785386,1
0.802762878513269,1
0.8058866857053022,-1
0.7811665616594463,-1
0.7051173271069981,-1
0.5989363746600185,-1
0.442980977363586,-1
0.2791469870531218,-1
0.06934685937134621,-1
-0.05581247752430196,-1
-0.1454170426596273,-1
-0.16163498150024525,-1
-0.23144353709048315,-1
-0.2703701369103536,1
-0.20246787312006642,1
-0.11823239837367949,1
0.03238956174064955,1
0.23848758287751282,1
0.4456671530083882,1
0.5889710909213999,1
0.7169230305807701,1
0.7546357614174957,1
0.7508333862211614,-1
0.6853255123745352,-1
0.5405866059564299,-1
0.3417322991865466,-1
0.11159945887636691,-1
-0.17006843104772673,-1
-0.42194186924012755,-1
-0.6228698175279598,-1
-0.7222621186306635,-1
-0.7970117545832948,-1
-0.821578297060237,1
-0.7739315702333124,1
-0.6916130290991898,1
-0.5497967524383914,1
-0.35847423106477183,1
-0.10348486905276821,1
0.08328346120142283,1
0.2964742465253192,1
0.4754040042725951,1
0.6176820891445771,1
0.7170455527735042,1
0.7673087710809527,0
0.7319199433394183,-1
0.5949521668157856,-1
0.43607780112293426,-1
0.18225567151038335,-1
-0.015843190929660578,-1
-0.19097696317205282,-1
-0.3953732996680934,-1
-0.586192491398756,-1
-0.7579038158551459,-1
-0.953902187778665,-1
-1.0,-1
-1.0,1
-0.9664440955116904,1
-0.7837880605324965,1
-0.5493797326328453,1
-0.3306870475708352,1
0.010481494412637682,1
0.29927745390396754,1
0.4960738269543217,1
0.7423059657815676,1
0.8507698496073381,1
0.8419897099740701,-1
0.6722807165802687,-1
0.42013781633521274,-1
0.041646118876146554,-1
-0.39237234161428824,-1
-0.8091052915813024,-1
-1.0,-1
-1.0,0
-1.0,0
-0.9973592093328483,1
-0.8932150410232494,1
-0.6575341885977373,1
-0.3509373096233177,1
-0.03131656566505181,1
0.3399644536631927,1
0.7433802342109366,1
1.0,1
1.0,0
1.0,0
1.0,0
0.9863838650066077,-1
0.9653416969352908,-1
0.8185749937453151,-1
0.6637481133820429,-1
0.42025049397108183,-1
0.20075031038320978,-1
-0.06922022762647018,-1
-0.30515458382032545,-1
-0.49334893227354715,-1
-0.5972677034536749,-1
-0.6387259656594876,-1
-0.6510225736897292,1
-0.6007994237310269,1
-0.5532118786037017,1
-0.4690082416091239,1
-0.3797669661160552,1
-0.2894361806256296,1
-0.1267770114075416,1
0.037452465727565,1
0.16706123097168213,1
0.23693721807965762,1
0.2742301818617454,1
0.26709594669012393,-1
0.20101962347290203,-1
0.13111474590513317,-1
0.010605890645500882,-1
-0.1086384969757318,-1
-0.2012120904892828,-1
-0.315745631638952,-1
-0.38177839101212696,-1
-0.48126818016471196,-1
-0.4967802217893369,1
-0.45237345401518425,1
-0.4186788428467143,1
-0.3407387189371849,1
-0.198336794156747,1
-0.09207113614546847,1
0.07302938644302559,1
0.1950312012320332,1
0.2799138913088952,1
0.38896088937123974,1
0.4579765242009197,1
0.4528720050411701,-1
0.36512917313128956,-1
0.22302072048201493,-1
0.04766808474777218,-1
-0.10372689317603145,-1
-0.263393405137207,-1
-0.40128182366023724,-1
-0.5202490608250354,-1
-0.576562006331569,-1
-0.6402474925741646,-1
-0.6487704774041831,1
-0.6161727455147631,1
-0.5389800681958434,1
-0.4535375501918876,1
-0.3046045287154264,1
-0.15656532745748342,1
-0.028218211523697745,1
0.08708108285512006,1
0.12099905559112756,1
0.13406448639899793,-1
0.0856740214085201,-1
0.034411883906547924,-1
-0.06770694635905272,-1
-0.21990268933440515,-1
-0.39242732511602785,-1
-0.5772572353915701,-1
-0.6990145832139629,-1
-0.7950596133852172,-1
-0.8020342545746038,1
-0.7499045854951469,1
-0.6316379672947241,1
-0.42455430062186317,1
-0.2239772523270679,1
-0.051294634180196974,1
0.12043003762515347,1
0.20902957588164695,1
0.2789050763231855,1
0.26161031963703896,-1
0.17960778627519058,-1
0.08083733436431784,-1
-0.08795809953240386,-1
-0.30850647769588246,-1
-0.4409848853325752,-1
-0.6720992596428566,-1
-0.8298507562462383,-1
-0.914062465080851,-1
-0.9325643628747515,1
-0.847778991511654,1
-0.7214828311642196,1
-0.5524334901767016,1
-0.3841543560679237,1
-0.2201323421446284,1
-0.08278652315447699,1
-0.005252131554136952,1
0.019660031225447794,1
0.02356187635362761,-1
-0.013833182182244053,-1
-0.12607135737306951,-1
-0.1980789035007844,-1
-0.3503804768889892,-1
-0.4950474019238956,-1
-0.5306373435055541,-1
-0.5772901342844825,-1
-0.5921495935921477,1
-0.5124206428411764,1
-0.4065891117084842,1
-0.2596265737795125,1
-0.10889367566534291,1
0.055300984081577464,1
0.1893195344767331,1
0.2531397925589567,1
0.25386532479543744,-1
0.20146779211644317,-1
0.11998851447459291,-1
-0.022678598126085414,-1
-0.08483096489027175,-1
-0.2261340814109336,-1
-0.35336197896427934,-1
-0.3879980356280448,-1
-0.4223996343053672,0
-0.40295717701818556,1
-0.3269124731245773,1
-0.2343094482373811,1
-0.13354740786499308,1
-0.09530675010442269,1
-0.07359427406986196,1
-0.07439565317217067,-1
-0.0958795619085705,-1
-0.12134370771057112,-1
-0.1961111902392081,-1
-0.33970538986002496,-1
-0.3929849477860845,-1
-0.4319727407468281,-1
-0.46551768124717663,-1
-0.5142703050052699,-1
-0.5395082467189163,0
-0.514908374598609,0
-0.5261589432556318,1
-0.4550471289043059,1
-0.422557709512248,1
-0.3539761709286623,1
-0.2647368842332516,1
-0.19121817189942691,1
-0.20779017543689915,-1
-0.24030362582408604,-1
-0.2443771152093186,-1
-0.35471956641565827,-1
-0.40550748393556724,-1
-0.4408103730344787,-1
-0.4829782929086974,0
-0.4361537184679447,1
-0.37642338219690885,1
-0.36979284442128846,1
-0.34206852098623086,1
-0.25357286553535785,1
-0.16419529979340874,1
-0.10804972389388667,1
-0.06392572074580793,1
0.054015811966687144,1
0.0779043578987193,1
0.07606394009373085,-1
0.03271361196099387,-1
-0.020807815784220862,-1
-0.19199565869115942,-1
-0.32446884826213707,-1
-0.4467428919768994,-1
-0.5807089071725475,-1
-0.619298110415686,-1
-0.6801689300445988,-1
-0.7012459220840972,0
-0.6733248857841134,1
-0.5822956810875773,1
-0.4387138808434843,1
-0.3263698227456291,1
-0.26541068438401916,1
-0.1095129637967418,1
-0.11829573462259269,1
-0.05101996352560767,1
0.06922047490930283,1
0.1282340130115327,0
0.06324790911455769,-1
-0.03312643431740525,-1
-0.08829943906996895,-1
-0.18283954120907087,-1
-0.26732316502059605,-1
-0.3386821274879258,-1
-0.4104476563677839,0
-0.3414234903998973,1
-0.26263653783519003,1
-0.1352384538354634,1
0.18428182797918802,1
0.6230288176485799,1
0.9837263244048762,1
1.0,1
1.0,0
1.0,0
1.0,-1
0.9138819854628977,-1
0.8448739912634569,-1
0.6547744953030716,-1
0.3706849887054058,-1
0.11997709495176578,-1
-0.1133855722338819,-1
-0.3221596719929032,-1
-0.5017633863062976,-1
-0.6388491516702162,-1
-0.7528679538296313,-1
-0.7504490336069837,1
-0.669494140246676,1
-0.5277889801870419,1
-0.34793174362502943,1
-0.12512559777774346,1
0.08338312622482635,1
0.22025446733343101,1
0.2826173400539065,1
0.28698076124902694,-1
0.23865622851071255,-1
0.14980024930803904,-1
0.058856088393389516,-1
-0.035007735399659956,-1
-0.1326036189711729,-1
-0.25066194969917366,-1
-0.3394538470090568,-1
-0.4949710446193094,-1
-0.5553835387275058,-1
-0.6098008746187863,-1
-0.6364377698064896,1
-0.5811868233696458,1
-0.4788509144012836,1
-0.3250268866293329,1
-0.18009519504327698,1
-0.04410190125153113,1
0.01320066814074905,1
0.05254638155483171,1
0.0881635792607931,-1
0.011016340486013965,-1
-0.14269065447279683,-1
-0.3342750067789567,-1
-0.490993628257416,-1
-0.5975057032878648,-1
-0.7126797093304952,-1
-0.8027916714979758,-1
-0.8894649666823836,-1
-0.892417591951814,1
-0.8466420067992272,1
-0.7216810357706589,1
-0.6665807019357843,1
-0.4862304792656912,1
-0.302720009188456,1
-0.13558591856118896,1
-0.0499620175825064,1
-0.008577603740470896,0
-0.038142418121772326,-1
-0.07890625321187805,-1
-0.13550242989838468,-1
-0.17565912661723615,-1
-0.2116750917208743,-1
-0.25532646353384203,-1
-0.29353903391457603,-1
-0.2985194181901518,1
-0.2388226977304062,1
-0.25165890418867454,-1
-0.28596526776516895,-1
-0.3387118556319809,-1
-0.3570445283683694,1
-0.3037419587382415,1
-0.2666456052646645,1
-0.20687321629091104,1
-0.13614863833369484,1
-0.13809054668252319,-1
-0.23913757417764236,-1
-0.3094475469325628,-1
-0.3717668469827673,-1
-0.5154723081567991,-1
-0.6411432007936504,-1
-0.7775893953030468,-1
-0.8813746707946817,-1
-0.9742512960935086,-1
-1.0,-1
-1.0,1
-0.9631265071642543,1
-0.9300757633767347,1
-0.928577850428128,1
-0.7865398947231722,1
-0.6333129127639116,1
-0.47086245026217566,1
-0.27331944796115637,1
-0.09536793054547033,1
0.04313264669847916,1
0.11513185313828855,1
0.0874520928729543,-1
-0.01786678687686105,-1
-0.16334396313763366,-1
-0.3253993265671399,-1
-0.41071119849293014,-1
-0.5166962019427894,-1
-0.6513619355674127,-1
-0.7726223461349266,-1
-0.8492328214356011,-1
-0.9015994282207711,-1
-0.8904363593871953,1
-0.8621934315660684,1
-0.768897267181156,1
-0.6552345438472101,1
-0.494478102629063,1
-0.3387169203185214,1
-0.18065231821924643,1
-0.1079404617706291,1
-0.11117386840558985,-1
-0.13420642570798302,-1
-0.2233667368792993,-1
-0.27431272738273316,-1
-0.38231788279180456,-1
-0.509024553270431,-1
-0.5838184425086204,-1
-0.7224971741900104,-1
-0.8371544417901582,-1
-0.9166647747418291,-1
-0.9510545928675694,-1
-0.9374873059817643,1
-0.8949907113496737,1
-0.800079978040622,1
-0.6720386696342061,1
-0.5399495287306812,1
-0.40307784498334454,1
-0.30147872329712644,1
-0.2193708569578885,1
-0.2069260334152414,-1
-0.2669685408911603,-1
-0.3352543651978951,-1
-0.36436986352265566,-1
-0.45630565120206823,-1
-0.4910403697161826,-1
-0.510677500662883,-1
-0.536707902962573,-1
-0.5680285164875905,-1
-0.6225040119037325,-1
-0.6806123324944584,-1
-0.7542789927219911,-1
-0.7886344341598348,-1
-0.7785831793195106,1
-0.771388570883594,1
-0.7336642553709755,1
-0.6883517523058282,1
-0.6485754107780819,1
-0.6514065142997425,0
-0.6490372396578876,-1
-0.6688713387694445,-1
-0.6993721461389009,1
-0.6280247077268881,1
-0.5879715520773416,0
-0.6156116563615864,1
-0.5436765606187277,1
-0.5996853338652977,-1
-0.6817211001754665,-1
-0.7195577347030169,-1
-0.8088685476673316,-1
-0.8207971852615721,0
-0.8169021586237297,1
-0.7840659245732711,1
-0.6700488293140465,1
-0.5958545643984468,1
-0.49447446899112657,1
-0.4496013041062008,0
-0.4980657184304268,-1
-0.5418622024730821,-1
-0.6189433481662787,-1
-0.7104286665969343,-1
-0.7767211275881091,-1
-0.7715729280856429,1
-0.6846619058616503,1
-0.4538747366164566,1
-0.2713057769959054,1
-0.03695077238152178,1
0.26622656717909887,1
0.36219142771435076,1
0.4128695365335173,1
0.4469475165442809,1
0.430646207583089,-1
0.32987974519584373,-1
0.25275715943857,-1
0.10999151248536632,-1
-0.003021386734861631,-1
-0.23970888492704623,-1
-0.4951189261195955,-1
-0.7767833282343732,-1
-0.9441133566964702,-1
-1.0,-1
-1.0,1
-0.8966087025981224,1
-0.8412710774093445,1
-0.6452184759760898,1
-0.40631806514056235,1
-0.15480785491851634,1
0.008483952213799384,1
0.16217325024446239,1
0.3549886302584746,1
0.42788977053386823,1
0.49432245338786873,1
0.5419785695194412,-1
0.3909175040270614,-1
0.32075607899785363,-1
0.1143029556077435,-1
-0.11322311736291801,-1
-0.3403825192634353,-1
-0.5577845106396884,-1
-0.7231743877628616,-1
-0.8697330842918947,-1
-0.9222770862174378,-1
-0.9419878481257934,1
-0.8432021613085341,1
-0.6113145281280512,1
-0.3939905911182914,1
-0.3025611319520559,1
-0.2708134768586796,1
-0.2529887225825964,1
-0.2481431380487279,-1
-0.31340702259423736,-1
-0.3687870737048412,-1
-0.47883111022532787,-1
-0.5593000201393954,-1
-0.7495152579360008,-1
-0.9649908722118513,-1
-0.9576954185790404,0
-0.9607183091559808,1
-0.8816260538077784,1
-0.7049381437869309,1
-0.4358391711755416,1
-0.13750815108761483,1
0.1700817055875503,1
0.27447987328852963,1
0.4611949589175568,1
0.4885385127038637,0
0.4743981273225959,-1
0.4495935150107604,-1
0.3626013414387361,-1
0.14990381449696621,-1
-0.10677100405361484,-1
-0.3032420175770534,-1
-0.5209308230068785,-1
-0.7422214616193465,-1
-0.9129533184597485,-1
-0.9558129304129888,1
-0.8721419790777782,1
-0.7036786323266441,1
-0.3655091598137301,1
-0.11860490551394731,1
0.09602744198207436,1
0.3661944195147393,1
0.583129734319614,1
0.792761408189798,1
0.7776447302139813,-1
0.6935468305069965,-1
0.6530257504240813,-1
0.5957476382212468,-1
0.48536171890756563,-1
0.4201375087368626,-1
0.35990299830737515,-1
0.21980748346393386,-1
0.03569380622177509,-1
-0.1651322531027205,-1
-0.2942451630322568,-1
-0.3828700457503652,-1
-0.4195495750031084,0
-0.37392237960445074,1
-0.26161852409404907,1
-0.2057836249814312,1
-0.11763312502951462,1
-0.008701921864215145,1
0.055895695045751426,1
0.12844587427213772,1
0.23155316514200397,1
0.4321849854890547,1
0.598196756817694,1
0.7398865504282801,1
0.8055332938324826,-1
0.7025550700399892,-1
0.5863363916157454,-1
0.4831321557022541,-1
0.2615663107801691,-1
0.183989007387656,-1
0.08675498432443485,-1
0.0019004374815603242,-1
-0.03738275831158011,1
0.049349480576101,1
0.008345337761525018,0
0.05367801301107478,1
0.08935618511528265,-1
-0.00034791389665578265,-1
-0.03081487418777462,-1
-0.01946226631888992,-1
-0.1761641662213146,-1
-0.25562537157302057,-1
-0.3707708789963742,-1
-0.30745965788725527,1
-0.3154970030017461,-1
-0.45830553478559344,-1
-0.6604570719589649,-1
-0.868894996835176,-1
-0.9113771687234344,-1
-0.9336337068155407,-1
-0.9862507251825513,-1
-1.0,0
-1.0,1
-0.9729646960743942,1
-0.8278425985133626,1
-0.6337833091925473,1
-0.4048752420969616,1
-0.15104596800618508,1
0.14048232572478514,1
0.3815867465869933,1
0.5334042865898139,1
0.5589093226776922,-1
0.5092151730454422,-1
0.46516234738274953,-1
0.3266168769266209,-1
0.12975710352911274,-1
-0.014240191867257002,-1
-0.08043433077025364,-1
-0.1786870049739362,-1
-0.26190488884567553,-1
-0.3015946118094621,0
-0.26869635464684316,1
-0.20622251855929175,1
-0.11257112285598558,1
-0.09169571405228161,1
-0.052621287961318375,-1
-0.15702262575394688,-1
-0.1897359937661468,-1
-0.38062658297159113,-1
-0.5937018514677992,-1
-0.7633564601452798,-1
-0.8943773237046418,-1
-0.856695934328558,1
-0.7921021190116909,1
-0.6512736788909046,1
-0.416619941613367,1
-0.3382069231035363,1
-0.236451472255213,1
0.006374797143599897,1
0.11733500259890772,1
0.1494324950114494,-1
0.05674593962823882,-1
-0.030742942081176894,-1
-0.058440110749078955,-1
-0.07457816805385464,0
-0.04935056396426862,1
-0.027102720594190943,-1
-0.14104595107471096,-1
-0.24880970942751612,-1
-0.29581414771824255,-1
-0.3775543496931254,-1
-0.4075389749355428,-1
-0.4038122133520935,1
-0.35636346583781664,1
-0.2679521132496304,1
-0.16484590703743263,1
-0.09192783094547019,1
-0.05353330648160759,1
0.013407928685639892,1
0.03524278509352663,0
0.023454048435360697,0
0.03197336696866304,1
0.08214523068296975,1
0.12646341443312892,1
0.12662079160505502,-1
0.009359536549482739,-1
-0.06364505817538013,-1
-0.19893681315875544,-1
-0.3582977721398348,-1
-0.5090818077036914,-1
-0.6098917252540517,-1
-0.7227204902305098,-1
-0.7332124183029887,0
-0.7261414885756914,1
-0.6712566729735523,1
-0.5051736489959346,1
-0.4808644656878338,0
-0.5148335651398512,-1
-0.5458371222243132,0
-0.5053566591648162,1
-0.5011146654958658,1
-0.38916613588660787,1
-0.3344418728685047,1
-0.28354520434373176,1
-0.14011898573736392,1
-0.2526392061980517,-1
-0.4980774045535309,-1
-0.7412360859492922,-1
-0.850412518534318,-1
-0.8934210491011847,-1
-0.8673512896423541,1
-0.7445968754979821,1
-0.5403381110123455,1
-0.3688728569860342,1
-0.11580817447839453,1
0.16306371734770053,1
0.37283884000503686,1
0.5449381405747393,1
0.6654085705562938,1
0.7775065452604268,1
0.9452812835168494,1
0.8856802766567955,-1
0.9075137399014768,0
0.8812277788964495,-1
0.8054132931872648,-1
0.6254222515082057,-1
0.4473009492835909,-1
0.3009137819552814,-1
0.21490567774313352,-1
0.0654596428415064,-1
-0.10619520403664362,-1
-0.16862055053816205,-1
-0.274061179299519,-1
-0.2978403241972185,-1
-0.3282650623862645,-1
-0.3432089456396126,0
-0.33680258317586,-1
-0.39951493045423503,-1
-0.4057183996166791,1
-0.28865788600222575,1
-0.16222928198913222,1
0.08535331317027106,1
0.2545648971496044,0
0.09925590215388258,-1
0.14763262970934288,-1
-0.1206902120806369,-1
-0.19997582196554697,-1
-0.31503194599082607,-1
-0.35737606446174586,-1
-0.33663028994494737,1
-0.25888863990398814,1
-0.304059426319223,-1
-0.4037744597571138,-1
-0.3954063357434373,1
-0.3697721108988634,1
-0.3666929144749651,-1
-0.4007060583219265,-1
-0.4006215800073214,1
-0.32158183192139367,1
-0.25968464945189407,1
-0.21444973286386915,1
-0.10895800126566735,1
0.005375837972118491,1
0.15691378585931925,1
0.23083191875691966,1
0.31524594511151705,1
0.44695611783643807,1
0.491935614608098,1
0.5011134839429554,0
0.5027050041089853,-1
0.38174320234162895,-1
0.21083853569805422,-1
0.03998175557095229,-1
-0.12045728322883098,-1
-0.20724976356009617,-1
-0.24777428384868339,-1
-0.2731007646532949,1
-0.20593841312746541,1
-0.06763738634271466,1
0.1307154166921618,1
0.2916743404419262,1
0.3535482436784416,1
0.43361778565064957,1
0.43182698675454456,-1
0.331303721878349,-1
0.2824743875499036,-1
0.28221749286389297,1
0.31892027695751923,-1
0.23431957639883128,-1
-0.026167832400981084,-1
-0.2984158689952624,-1
-0.5157976419337142,-1
-0.6586441118016628,-1
-0.7233438225264672,-1
-1.0,-1
-0.9679327726551646,1
-0.7919614479371123,1
-0.6643867616563779,1
-0.3323250322755884,1
0.03312473080564371,1
0.43710938351372897,1
0.802023108143257,1
1.0,1
1.0,-1
0.932522000745124,-1
0.8280306739441154,-1
0.6996848575874879,-1
0.5881740675387086,-1
0.5050411756287134,-1
0.34909328451758315,-1
0.1434330137685711,-1
-0.08522505255997903,-1
-0.2036475333772806,-1
-0.32523750009172503,-1
-0.3819976503302248,-1
-0.3460411100158711,1
-0.2313823878239496,1
-0.07371884876248358,1
0.1371709335673441,1
0.3420720914250701,1
0.4083097299371936,1
0.42087574047887677,0
0.4009866383614029,-1
0.3564350031765471,-1
0.3365382821752885,0
0.3418370945891871,-1
0.29523060860965145,-1
0.123274325729964,-1
0.017143740076173364,-1
-0.23545597240357274,-1
-0.5508859991249662,-1
-0.7225497487850666,-1
-0.8478069826094282,-1
-0.9577813005834659,-1
-1.0,-1
-1.0,1
-0.8994899027801886,1
-0.6808819874075487,1
-0.28030026157344157,1
-0.021408817362458255,1
0.1593896239370287,1
0.31791803228415616,1
0.5140876964304144,1
0.43908249150615664,-1
0.3181894040209239,-1
0.2809855508568988,-1
0.29734348141351297,1
0.3602932404801735,1
0.3974235098002443,-1
0.2726594805873159,-1
0.07276576520414269,-1
-0.18352018585941499,-1
-0.32604922796454294,-1
-0.4798520659010972,-1
-0.5827939763949326,-1
-0.580542336833311,1
-0.4613484579343127,1
-0.2193627535130609,1
0.01424541012856606,1
0.26401212977903077,1
0.5381729786845513,1
0.7491097260451962,1
0.8514604814684561,1
0.9129474239227331,1
1.0,1
0.9767722880490499,-1
0.7530620514055639,-1
0.5562537086075992,-1
0.3439488133782931,-1
0.1404613232664822,-1
-0.05402276190842914,-1
-0.16561243074237508,-1
-0.2712592860302854,-1
-0.31472192453154013,0
-0.2676683631945501,1
-0.1583425799603113,1
0.011114439623187256,1
0.21217741360948073,1
0.4596943757966705,1
0.522306822203602,1
0.5439196837897271,-1
0.42976228859384435,-1
0.3155452439265074,-1
0.2036328448454252,-1
0.13472689870327703,-1
0.0024834559012936186,-1
-0.13432557122067157,-1
-0.11097750929857653,1
-0.10713459034295258,-1
-0.15234965989238547,-1
-0.29342748187370427,-1
-0.3486764975668065,-1
-0.3549919664597132,1
-0.33219477592466484,0
-0.34156686933066605,1
-0.23954123554317897,1
-0.1520870460419841,1
-0.07957082253280778,1
-0.03781826560362844,1
0.0711851069561058,1
0.005617731183757302,-1
-0.022988472916762315,-1
-0.06902159385922768,-1
-0.10112499129961294,1
-0.016730916788604167,0
-0.1110205586492663,-1
-0.1659801195602867,0
-0.11791672911992102,1
-0.10409207984013169,1
0.03048449952764698,1
0.23385944337370246,1
0.45350599227570565,1
0.5573920876750074,1
0.7122372280763698,1
0.7746218527986333,1
0.7933627400780379,1
0.7959601968829801,0
0.7853444826511318,-1
0.777104536582113,0
0.7958060448673998,1
0.79577589253473,-1
0.7276913788481376,-1
0.7387471924842854,1
0.8729156141232579,1
0.8172737721075727,-1
0.7529869599814243,-1
0.6642753215503296,-1
0.6619196867468069,-1
0.5317321049692691,-1
0.429638964861617,-1
0.21888717560279947,-1
-0.06561770571509051,-1
-0.31842413099273437,-1
-0.4521461373050759,-1
-0.5769469187205102,-1
-0.6123613406505638,0
-0.5805019620242309,1
-0.4677152692934403,1
-0.40095680882623064,1
-0.2016572609136137,1
-0.07932162303241774,1
-0.03607133645996152,1
0.01412794859427291,1
0.08007208840169255,1
0.19943770384025172,1
0.38723961508048665,1
0.48573328610912814,1
0.5843025770512691,1
0.6144491511205639,0
0.5878953908144675,0
0.610968933763572,-1
0.5554044619532923,-1
0.47414576548186793,-1
0.4840029609907075,-1
0.3834830654468746,-1
0.27251005808482853,-1
0.21286714395370687,-1
0.18155098608928233,-1
0.11348199283065497,-1
0.09199312187095043,-1
0.08418218280576273,0
0.09440828109709343,1
0.16971814479964498,1
0.28911867866430874,1
0.46575952822231126,1
0.6179139833522727,1
0.7783201061792806,1
0.8830707821186561,1
0.9937077463462707,1
0.9823471577030694,-1
0.85567152065568,-1
0.6997816033233695,-1
0.7742971896134501,1
0.7396214109674102,-1
0.6458178815575535,-1
0.5559645997902076,-1
0.39965707941519746,-1
0.20883111704957535,-1
-0.03698055246240428,-1
-0.21419438783497746,-1
-0.47734569214279876,-1
-0.5777853842399012,-1
-0.6102984888750256,1
-0.5248520781169856,1
-0.33438632042806904,1
-0.12115633219686572,1
0.1777022910862307,1
0.14331949671278887,0
0.16817433469179766,1
0.2554116036229339,1
0.3790095019568105,1
0.49710906686598877,1
0.5059640639603955,-1
0.32610997595138747,-1
0.15410918501238124,-1
-0.2027411532866552,-1
-0.5634666143220509,-1
-0.7197177185772007,-1
-0.7636953840589482,1
-0.6896651406632073,1
-0.6732645162677535,1
-0.4941657793659986,1
-0.3097605870735445,1
-0.2162074623010456,1
-0.11413530733919508,1
-0.05457763547963146,1
-0.04568198615491936,-1
-0.15761064420327708,-1
-0.24093720685235998,-1
-0.1843951441924021,1
-0.1128780204649742,1
-0.10561403519255108,1
0.20411852362842597,1
0.5292956770144293,1
0.7146129224466746,1
0.8232440114834267,1
1.0,1
1.0,0
1.0,0
1.0,-1
0.8325696197798631,-1
0.7160245977688136,-1
0.46217530509868965,-1
0.06340563654550024,-1
-0.15030760958746803,-1
-0.43898221923513325,-1
-0.6406245966953982,-1
-0.9085531311548034,-1
-0.8667401707277534,1
-0.6895943720401353,1
-0.5493339785996874,1
-0.4260757435901471,1
-0.20737726016819158,1
-0.05180220838290528,1
-0.10112146176518,0
-0.03908364025727795,1
-0.041697185635938605,-1
-0.1219865601092599,-1
-0.31769221846180273,-1
-0.47838860251338566,-1
-0.5444712834211738,-1
-0.5912599485029897,-1
-0.6807838431567808,1
-0.5259057453575408,1
-0.24493783543065917,1
-0.04144393719858297,1
0.17429840168972155,1
0.41113975446031614,1
0.6923744197707786,1
0.8970212220727052,1
1.0,1
1.0,-1
0.9406147316191233,-1
0.7793348580873047,-1
0.5683500895946487,-1
0.3042601679068604,-1
0.014301137554720178,-1
-0.2558252159727378,-1
-0.33660423755219493,-1
-0.3397553816526062,-1
-0.49879569735699614,-1
-0.5552993712181407,-1
-0.5935761618213746,-1
-0.648556683186422,-1
-0.7383358864016085,-1
-0.7571010102978082,-1
-0.7861134815831051,1
-0.7387973623173965,1
-0.6856117846935814,1
-0.6645401421662864,1
-0.5291956942272493,1
-0.3290885585085005,1
-0.306233106726156,1
-0.20960092635747318,1
-0.05035329302658986,1
0.13006095868189083,1
-0.008089051487633947,-1
-0.15617173467069145,-1
-0.09741014738266651,-1
-0.2136573151789264,-1
-0.39866286925569727,-1
-0.5922498658821183,-1
-0.7243968497776456,-1
-0.9288511725455729,-1
-1.0,-1
-1.0,1
-0.9689787732383507,1
-0.8532921994608412,1
-0.6802276800350949,1
-0.4505682347703507,1
-0.1788234710396268,1
-0.01669482905548203,1
0.123769558228084,1
0.2954905445274718,1
0.3869871966215075,1
0.3865832234006885,1
0.4329951663891132,1
0.5249869679654329,1
0.5879635242960748,1
0.5929592527081988,-1
0.5637763005208496,-1
0.3951833373522142,-1
0.1930640601673259,-1
0.021489135717219554,-1
-0.141944102627648,-1
-0.2850305384953029,-1
-0.3950265709592433,-1
-0.43706692259902247,-1
-0.4290229902023096,0
-0.43601218092885174,0
-0.41584165595955247,1
-0.35710502057406224,1
-0.3135172438742173,1
-0.2214132664359416,1
-0.16523771114702213,1
-0.15219776633323212,1
-0.05300324659547617,1
0.038011160477446904,1
0.05833733125881002,0
0.025371931575505213,-1
0.033427835147065155,0
0.010320212789479033,-1
-0.16513548052308857,-1
-0.25033674273478845,-1
-0.2371327580758138,-1
-0.34116036128281924,-1
-0.47224836088479616,-1
-0.44277581163416935,-1
-0.4887972070072619,-1
-0.533259244081949,-1
-0.6044651319517382,-1
-0.7122248387237378,-1
-0.7272174121950203,-1
-0.7524505108436376,-1
-0.8030406393639206,-1
-0.7993150648179987,1
-0.6760488659988415,1
-0.5384098243466561,1
-0.4778404407927681,1
-0.30959385949155915,1
-0.29984494810343876,0
-0.3233764882818626,1
-0.2332128997613242,1
-0.1779707345970909,1
-0.1460936341542728,1
-0.012132961427294475,1
0.1466491287493199,1
0.2844629675002919,1
0.341900805204306,1
0.3776162385586228,1
0.41457169611529476,0
0.36673915694602277,-1
0.3122236544395649,-1
0.31120929981185275,0
0.3015958690591549,-1
0.2650871442466862,-1
0.24034221778255493,0
0.26902849118006533,1
0.3125068504110162,0
0.27733972246402794,-1
0.22952434374979647,-1
0.15958531465638504,-1
0.1408365241109768,-1
0.11980475142481639,-1
0.054885960126974,-1
-0.021440501116048782,-1
-0.054169185079019244,-1
-0.0882302087118183,-1
-0.2371257202945004,-1
-0.3680394866018979,-1
-0.41618389195705585,-1
-0.5127284113804735,-1
-0.5283114014469875,1
-0.4599637628223313,1
-0.3530412219636717,1
-0.33597653057839694,1
-0.30350760644347863,1
-0.24763101064431647,1
-0.23865823817200282,1
-0.20666763995067283,-1
-0.2702610044738102,-1
-0.2910195132955461,-1
-0.3028247250815149,-1
-0.35375591809120277,-1
-0.42793328441159895,-1
-0.5594856761834881,-1
-0.6489328684647393,-1
-0.8099304105223152,-1
-0.8000769493107978,-1
-0.8272698268131018,1
-0.7788687999820358,1
-0.5797698433252298,1
-0.37214683003103566,1
-0.16817711782112854,1
0.02790557222858947,1
0.16141413697251972,1
0.3105668840098439,1
0.3562347645844881,-1
0.2739155935383055,-1
0.23717028693180575,-1
0.15411904850942126,-1
0.02037994150943767,-1
-0.04559151284573382,-1
-0.06151813619600166,-1
-0.2093919002476763,-1
-0.38552276480793446,-1
-0.5146760831409365,-1
-0.6089950881823959,-1
-0.6122907538306548,0
-0.6111246575246287,0
-0.6014841363392069,1
-0.5668223871581817,1
-0.5409641331782366,1
-0.446076292066209,1
-0.4794826776495025,-1
-0.5791258712579863,-1
-0.5993739506205975,-1
-0.6539252523877344,-1
-0.6805498281629061,-1
-0.728188461455608,-1
-0.7387445489222159,-1
-0.7927914233744018,-1
-0.8298018972887478,1
-0.7608249135192817,1
-0.7322724174156385,0
-0.750728215649585,0
-0.7296390937551848,1
-0.7093318075148707,0
-0.7307661830706367,0
-0.6967336787042631,1
-0.6629131499839997,1
-0.6322672407804593,1
-0.6173810682868038,1
-0.5675540246388822,1
-0.5263485549411405,1
-0.46709236211017924,1
-0.5001422072626337,0
-0.4589013669915364,1
-0.4455686512920859,1
-0.33983662955125205,1
-0.2317612357568687,1
-0.27384630593385295,-1
-0.32498629266044077,-1
-0.33918928259961956,-1
-0.4042123709334975,-1
-0.4299470300285584,-1
-0.4854681056878798,-1
-0.561088281101108,-1
-0.6521024774167898,-1
-0.5915906888581874,1
-0.48410589875374666,1
-0.47382937889620547,1
-0.4112080384361443,1
-0.23859140808890733,1
-0.1157687977384485,1
-0.016342934810001153,1
0.11579725679978714,1
0.1953305638694196,1
0.21781370586298832,-1
0.15917143130408484,-1
0.0613819545275156,-1
-0.05382387321845483,-1
-0.0771199294600039,-1
-0.11873337776793325,-1
-0.24876692818202306,-1
-0.3315102322755682,-1
-0.44188688253308006,-1
-0.5043325430337601,-1
-0.5887119459208909,-1
-0.5332789429453955,1
-0.43291860383161895,1
-0.26758210044225295,1
-0.0349907739636004,1
0.19272976141856635,1
0.3669000515819709,1
0.43698480507236837,1
0.587493289709887,1
0.5684812595455977,-1
0.48330009766746795,-1
0.27830553633677835,-1
-0.019177380762845697,-1
-0.2658672804812524,-1
-0.49285584256337767,-1
-0.7203165855006035,-1
-0.8425135594237273,-1
-0.7644281547502881,1
-0.6917193954751351,1
-0.7440646518693859,-1
-0.7917077211917366,1
-0.7189202714427404,1
-0.6312137501164103,1
-0.6586334281549885,-1
-0.6525681582065239,0
-0.6730411930319815,0
-0.6476853506011284,1
-0.49223251973514914,1
-0.4203440101044912,-1
-0.5342873380278526,-1
-0.5344968462074708,1
-0.4554124544340724,1
-0.3423061218000506,1
-0.373834421342388,1
-0.2541345822811998,1
-0.23449904787446585,-1
-0.39099318966685614,-1
-0.5366388731654193,-1
-0.6863445144232698,-1
-0.8290282903936333,-1
-0.9494127459103474,-1
-0.9962180407269702,-1
-0.9918842493811725,1
-0.8394287077795147,1
-0.6269914435920043,1
-0.4308275234031209,1
-0.24820712773940667,1
-0.10037630634326966,1
-0.001840415581388699,1
0.02332568511569799,-1
-0.06545536836476817,-1
-0.19210934794031154,-1
-0.3713226124184563,-1
-0.5161074086555617,-1
-0.6175092182213875,-1
-0.6533718054459182,-1
-0.7507037642923239,-1
-0.7750533417706924,-1
-0.8111181761719909,-1
-0.8006506199792423,1
-0.6705678702975434,1
-0.5503810311471766,1
-0.4374238876968515,1
-0.34619932576871937,1
-0.2123615866688342,1
-0.19129541913694703,1
-0.1934177176695211,-1
-0.2078756989517443,-1
-0.23448588426745676,-1
-0.3208764348973234,-1
-0.45183446503428837,-1
-0.5382066766600312,-1
-0.5977560964228037,-1
-0.6037031190571434,-1
-0.6863559621613726,-1
-0.9877239351950053,-1
-1.0,0
-1.0,0
-0.9888218575348977,1
-0.9628372927904164,1
-0.775150666336477,1
-0.5300167358034872,1
-0.39189812769399723,1
-0.10846643170197845,1
0.12840635145444979,1
0.15460351589490973,-1
0.04897925928411895,-1
-0.0750483398338736,-1
-0.19299455148164935,-1
-0.2925493683460113,-1
-0.3825820095072152,-1
-0.4777664947061392,-1
-0.5262977348941827,-1
-0.5002418125218447,1
-0.31760821079888946,1
-0.122729531844609,1
0.15377270725945547,1
0.42857826046714265,1
0.7093968966767497,1
0.9933890923821354,1
1.0,0
1.0,0
1.0,-1
0.9047652463961762,-1
0.7278636729930348,-1
0.522838038494855,-1
0.3119101433851643,-1
0.09112040182641623,-1
-0.10216655031242072,-1
-0.22471525286624638,-1
-0.29080342924930613,-1
-0.34533994942043966,-1
-0.34217856464671537,1
-0.3088055031011243,1
-0.31986088439229743,1
-0.2878727122337372,0
-0.3059912827407649,-1
-0.30678603997771114,0
-0.30092101576062824,0
-0.2985209049411135,-1
-0.38651780851293693,-1
-0.45003318479816634,-1
-0.5308294531140577,-1
-0.519183591676629,-1
-0.6307971582465639,-1
-0.6405443179381233,-1
-0.6820816980702173,1
-0.5970056015580176,-1
-0.707624847451456,-1
-0.7325023645197575,1
-0.6782894041842957,0
-0.721492817208385,-1
-0.7574426727265223,0
-0.7360222008860082,1
-0.6405368118397265,1
-0.5020575949344475,1
-0.35676550353351477,1
-0.17568455150685514,1
-0.11168637840298012,1
-0.07411167239182781,1
-0.030681870590291704,0
-0.05912058225491523,-1
-0.16479014791537028,-1
-0.26250190021015263,-1
-0.34056661649058295,-1
-0.39898881334662284,0
-0.3306989866913794,0
-0.40470387197411384,-1
-0.36183750092278943,1
-0.28898297620362723,1
-0.282341507235744,1
-0.18279438506798196,1
-0.09485460683873503,1
0.0021951167104132807,1
0.10479996991333462,1
0.16516933600663974,1
0.16156902191745592,-1
0.0065237089861804876,-1
-0.09160011296455117,-1
-0.2781110350634254,-1
-0.4901677372825114,-1
-0.6421097441139046,-1
-0.7424980382473895,-1
-0.7068509012005704,1
-0.6429719799970004,1
-0.6239296162628302,1
-0.5792055341370703,1
-0.4714422554029678,1
-0.3794647819150345,1
-0.3975542360933978,-1
-0.46010183389288384,-1
-0.531746400476039,-1
-0.518899845646245,1
-0.5132080457753947,1
-0.4886086373656432,-1
-0.5703236709814504,-1
-0.5110027653434308,1
-0.502431480087367,-1
-0.5449836611429903,-1
-0.5425574024365181,-1
-0.6313913874611514,-1
-0.6505067763219836,-1
-0.6844791498855456,0
-0.6474297783920819,1
-0.616467130849271,1
-0.5918138574823151,1
-0.4200679671171542,1
-0.3299947448971733,1
-0.32502400509960383,-1
-0.39525635568142325,-1
-0.3771848910931297,1
-0.379125088771188,1
-0.28852532089020844,1
-0.324290542035781,-1
-0.44767412122034755,-1
-0.443649626445606,-1
-0.5323418303606215,-1
-0.49316298447094176,1
-0.49964714444568625,-1
-0.587388104184309,-1
-0.5869453765716672,0
-0.5858212271743451,1
-0.4802963174251581,1
-0.37094416807043706,1
-0.30564963770407805,1
-0.21103190938887362,1
-0.09593482465998304,1
0.1118829841367508,1
0.1526808003453568,1
0.2224134980499337,1
0.21003643632771207,-1
0.08813760001881676,-1
0.13468305807646108,-1
0.04768023447633962,-1
-0.09535392733071824,-1
-0.2764944184643706,-1
-0.4232680554592373,-1
-0.5619041934483869,-1
-0.5505421400090342,-1
-0.6617865540293695,-1
-0.7058901915636089,-1
-0.7461123407248618,0
-0.7154350175081644,1
-0.6398383109653745,1
-0.4853483087876951,1
-0.342226128680567,1
-0.2628509990691462,1
-0.2008614719293722,1
-0.14509014072526405,-1
-0.28323821316227127,-1
-0.33929261300824176,-1
-0.35895295728858745,0
-0.3472112797542629,0
-0.37424933399865046,-1
-0.525674175146772,-1
-0.6246783881538884,-1
-0.6232420140719779,1
-0.580646061361929,1
-0.5027674114732872,1
-0.44829630010505195,0
-0.5134262612433121,1
-0.3164736175073427,1
-0.3131377425139973,0
-0.311437488527877,-1
-0.3732977032185547,-1
-0.5234057739687253,-1
-0.5929107798666874,-1
-0.6453796187390006,-1
-0.7329221651123012,-1
-0.8211187399554497,-1
-0.9879690468565203,-1
-1.0,1
-0.950430977091228,1
-0.894303977415221,1
-0.895205031640366,-1
-0.9382254864066236,1
-0.6953308582694773,1
-0.5335276424105382,1
-0.4101607938556352,1
-0.35425254423151675,-1
-0.4404059198938667,1
-0.2976172871155971,1
-0.1571210395327648,1
-0.06941465147854464,1
-0.072856453346542,-1
-0.16154410287764454,-1
-0.29396162978236307,-1
-0.2975420005463474,-1
-0.34856389109400765,-1
-0.38466711814488264,-1
-0.5232910898052541,-1
-0.4742927145375935,-1
-0.6385253003608347,-1
-0.6557069863642473,-1
-0.7413862872866983,-1
-0.8702427584772668,-1
-0.9794792811523451,-1
-0.8925561164631222,1
-0.8621339245639037,1
-0.8549735787471315,1
-0.8158305601881272,1
-0.8110041011160058,1
-0.7369675459488014,-1
-0.8891432065059249,-1
-1.0,-1
-0.9425062672979625,0
-1.0,1
-0.8649872206888971,1
-0.7832848047037837,0
-0.8754219953996767,1
-0.7615009038868745,1
-0.7066883628468101,1
-0.4927028183344855,1
-0.406217896689525,1
-0.2996639081248901,1
-0.33028299478814915,-1
-0.4056813308064763,-1
-0.5575775744988585,-1
-0.5887188871790578,1
-0.5276640135344024,-1
-0.6262239242789731,-1
-0.5727285588151863,0
-0.6237442912177168,1
-0.46463151625376664,1
-0.4654624253990286,1
-0.4359710739317958,1
-0.4297006167185071,1
-0.2986701488949327,1
-0.2163634804639939,1
-0.07754555700367782,1
-0.13443889019583333,-1
-0.26891991875025445,-1
-0.3269525717499375,-1
-0.48670017433622337,-1
-0.7056736335973355,-1
-0.9513891608518023,-1
-0.9863444141702898,-1
-1.0,1
-0.8161174131279569,1
-0.7891520805589018,1
-0.7236303263907902,1
-0.5834942960958766,1
-0.2977338254154276,1
0.04677720818494158,1
0.4362528649160884,1
0.612662656401304,1
0.701600241337184,-1
0.5695478062664252,-1
0.3629955823889901,-1
0.0966117786474574,-1
-0.2913527419866154,-1
-0.5603338162924754,-1
-0.8021908387470068,-1
-0.890553696324824,1
-0.7366973519608644,1
-0.5856691863851251,1
-0.23535669609847698,1
0.08295454125394786,1
0.5673681349655262,1
0.8299335232988325,1
0.9175984534481332,1
0.9937515594945856,-1
0.8628862491631393,-1
0.7651274796049619,-1
0.5986733671968258,-1
0.3540135803256246,-1
-0.024208323055002978,-1
-0.29759162344430845,-1
-0.43711979153728686,-1
-0.534540089147036,-1
-0.47896219970659326,-1
-0.5742306011757053,1
-0.4317802728347796,1
-0.2845285150548512,1
-0.05760985369157534,1
0.09253561434610291,1
0.1287885602339398,-1
0.06481628831408903,-1
0.007087127871771237,-1
-0.14992439584107753,-1
-0.48462419688180947,-1
-0.6750492481667036,-1
-0.6576553069411168,1
-0.4893826507053719,1
-0.43266087888605675,1
-0.22630768465360562,1
-0.41530307122046217,-1
-0.3551508842642398,1
-0.3263406295998482,1
-0.2583976637977956,1
-0.17584844734174554,1
-0.10785737148575303,1
-0.10629715561907194,1
-0.021600755813642958,1
0.11429350210637734,1
0.23321210905477985,0
0.10745472038646131,-1
-0.007440577544162497,0
0.10045344581565718,-1
-0.08583730643764031,-1
-0.2681938403116043,-1
-0.3771808489356596,-1
-0.2901064753944621,1
-0.2414807727766738,1
-0.25599705963282715,1
-0.20054813606577204,-1
-0.43420819651982734,-1
-0.5828794302799161,-1
-0.7570820362765465,-1
-0.9793564697953812,-1
-1.0,-1
-1.0,0
-0.9868918847839827,1
-0.891337720479281,1
-0.7067448043603011,1
-0.44644556233067223,1
-0.13315838059727303,1
0.2032855337852375,1
0.5291254424279179,1
0.8104628327914822,1
1.0,1
1.0,0
1.0,-1
0.9010176892094597,-1
0.7153205527358892,-1
0.46799672560430605,-1
0.19234002189750532,-1
-0.07499852796782325,-1
-0.30028342893758597,-1
-0.4597131383996329,-1
-0.5460933396017216,-1
-0.5735812339104209,-1
-0.5783372785483494,0
-0.6122485106494531,0
-0.7261169093845512,0
-0.9378313099742567,0
