0.37153067095559145,0
0.24946507902179782,0
0.19018172054019322,0
0.027361246692289676,0
-0.12365024358709376,0
-0.07491636290417247,0
-0.16379471968225856,0
-0.24115760305251155,0
-0.34973639894571973,0
-0.4164151993666476,0
-0.5191411787752966,0
-0.6128678008365569,0
-0.6820997489737282,0
-0.7480010231627312,0
-0.8057960221812721,0
-0.8694210201994749,0
-0.8871209463718319,0
-0.9817170295949716,0
-1.0,0
-1.0,2
-0.9370321056716322,2
-0.9000541413630645,2
-0.7940596324946706,2
-0.5700559403966763,0
-0.8347769254915689,0
-0.7479439145757201,2
-0.7772976592882556,0
-0.8279681970844099,0
-0.9045849673993893,0
-0.8917528993635555,0
-0.9283970254880389,0
-0.9332765795792812,1
-0.9267807479944222,2
-0.9076580106730259,1
-0.9281769310594963,1
-0.9126270306587323,2
-0.9025636829140569,2
-0.8649867580143114,2
-0.8330380876562522,2
-0.83355841179824,2
-0.7665613500457535,1
-0.8236344988323742,1
-0.7722386326995749,0
-0.8408410990865947,0
-0.8616707827507044,0
-0.8569608761063068,1
-0.8616300365184699,0
-0.8970178461865503,0
-0.915760002594687,0
-0.9167120949113912,0
-0.9323818435221066,1
-0.9139037510762482,2
-0.9008831244605822,2
-0.8492359179240174,2
-0.8460595779316537,2
-0.7595171716451772,2
-0.7712081786849125,0
-0.7899050238022414,0
-0.7957348040882769,0
-0.8109958565770259,0
-0.8356135363918724,0
-0.8794585026228582,0
-0.9255620932712186,0
-0.9293585255268035,0
-0.94226209540415,1
-0.92321128860022,0
-0.988227700988237,0
-0.9802699093963949,1
-0.9818621277975654,2
-0.946264757265126,2
-0.9315177828078145,2
-0.8843503021752686,2
-0.8196242799487696,2
-0.743986271758468,2
-0.7116360613162063,1
-0.7427724442762518,0
-0.73572046209313,2
-0.7126942758221686,0
-0.7526852993130821,0
-0.7590755484960263,1
-0.745044763869344,2
-0.7210839743911983,1
-0.7568214891372276,0
-0.7717774692490521,2
-0.7132220952968017,2
-0.6832101973044615,2
-0.6364375942381931,2
-0.5490519784509034,2
-0.4672923809434746,2
-0.4431364043664838,2
-0.3798680546932979,2
-0.30659716817388427,2
-0.33312023557677406,1
-0.3216566794957685,2
-0.31554810676456235,0
-0.34191374133678654,0
-0.3802040800180133,0
-0.3914221870884175,2
-0.3589666101591663,1
-0.39340558165701967,0
-0.38533773513964853,2
-0.30193558020684674,2
-0.23705834041521745,2
-0.23941445042454823,2
-0.1788365704559598,1
-0.2347805304138515,0
-0.2264249772491277,2
-0.18102941793143867,2
-0.17880695926523316,0
-0.21968075095707207,0
-0.3054255674834382,0
-0.3417249825615577,0
-0.3858117669904282,0
-0.4803138490363773,0
-0.47892073196847107,0
-0.5387101622443713,0
-0.6195723311451427,0
-0.7179411412353139,0
-0.6979898573902782,1
-0.7200461345883202,0
-0.7267666334692597,2
-0.702093330593494,2
-0.6918827193721124,2
-0.6418984311797613,2
-0.5972406709180709,2
-0.5476209164479815,2
-0.4817643425335201,2
-0.5189517113317349,0
-0.546912162467329,1
-0.5103980033519508,2
-0.5089606594893252,0
-0.5471676584276309,0
-0.6016127389399049,0
-0.6075987807419054,0
-0.6964391265353849,0
-0.7168439071820318,2
-0.6773790085064838,2
-0.6450836027809483,2
-0.6575611181130941,2
-0.5994547361446573,2
-0.5367759486677646,2
-0.5446692558743341,2
-0.5108147278377879,2
-0.47414580434699516,1
-0.5006797420561935,0
-0.5622835703612747,0
-0.5567513153095767,2
-0.5239703973265422,1
-0.5660626028848003,1
-0.5223841658353297,2
-0.46978299735768503,1
-0.5295212445680317,0
-0.5333410366510623,2
-0.4839082402813931,2
-0.4358723568966494,2
-0.3478483629989826,2
-0.15687659040651913,2
-0.013909379302243896,2
0.10738840874727829,2
0.18855780888283658,2
0.1661884657276098,0
0.10048466146424517,0
0.004562013482783511,0
0.06859693637762287,0
-0.025971292543562674,0
-0.21589244127002327,0
-0.17581941855462135,2
-0.1727596837685682,0
-0.3053372858976843,0
-0.32914787372132104,0
-0.33587971371750347,2
-0.18599309778142814,2
-0.09759272146999176,2
-0.0696207971609829,2
0.1599148869279332,2
0.2359531182642114,2
0.270681347576029,1
0.2419696426232254,2
0.4346433448846556,2
0.37440908863562794,0
0.3279862050897502,0
0.2821452609767263,0
0.22663492313005684,0
0.15544579329071206,0
0.04316920915054934,0
-0.012389982494382834,0
-0.1854596691793856,0
-0.24714364855369353,2
-0.1338893787288712,2
-0.06238410917795112,2
-0.08997899801127718,2
-0.017764395698609436,2
0.136429776237601,2
0.08492937491809727,1
0.12070677956008158,2
0.3450298548342994,2
0.2908900908625476,0
0.16764922058280107,0
0.2203474926464648,0
0.037467147773676546,0
-0.0583020351779967,0
-0.20672749574269123,0
-0.3435463684755754,0
-0.36942470556012463,1
-0.35278457599466007,2
-0.28199915687185206,2
-0.05601429030758365,2
0.02284995415192359,2
0.12000301049147577,2
0.2463720481583247,2
0.28997867409763334,2
0.4619957557786558,2
0.5234017029283236,2
0.5162358186560128,0
0.40790015838426297,0
0.3639616162337873,0
0.23010808121833692,0
0.06796249744987493,0
0.06407749025249232,0
-0.03487576966405981,0
-0.15579190707775903,0
-0.4182808425922879,0
-0.5836906259025254,2
-0.3129739857163084,2
-0.4091735794785517,0
-0.37522029516117905,2
-0.272600983093808,2
-0.011707530422063184,2
0.04755644549830618,2
0.13997705393117799,2
0.19496902031024543,0
0.08333394020708962,0
0.13841418070382017,0
-0.0781637115212449,0
-0.2130880377038844,0
-0.28870641066754643,0
-0.29929967596723184,2
-0.2110456206954987,0
-0.38570751864221364,0
-0.48012535807168955,2
-0.25312152784140496,2
0.00042657804731205395,2
-0.05043839490391144,2
0.19208884685906868,2
0.4915285844093449,2
0.48381520445578885,2
0.5271945922797672,2
0.8212209791943257,2
0.6132301193542902,0
0.48694910252327395,0
0.3851713949225746,0
0.2867291085953152,0
0.3037609624245663,0
0.20189111611458865,0
0.08930911064872316,0
0.15833808846080433,2
0.15684528019602784,2
0.3727998256724838,2
0.5789727798688051,2
0.5421482013019661,2
0.7740228459246061,2
0.88564376493882,2
0.9105391411059278,1
0.8772402288280194,0
0.6271506165774396,0
0.48899450054685545,0
0.08001218331317306,0
0.09322019273532978,0
-0.2555219834315352,0
-0.5985879746569117,0
-0.842758143766954,0
-0.9519228070797168,0
-1.0,0
-1.0,2
-0.8501343322760834,2
-0.6279214402735322,2
-0.5345837138817066,2
-0.5426463460924179,2
-0.3336385688428539,2
-0.2723051518257682,2
-0.02439693650289232,2
0.24436547269638376,2
0.30643286887996046,2
0.4362805530716689,2
0.669282598051284,2
0.7692293412024886,2
0.7356668455797419,2
0.9430712717624894,2
1.0,2
1.0,1
1.0,1
1.0,1
1.0,1
1.0,1
0.9895551280809369,0
0.870021600384125,0
0.943990191444855,0
0.7203102174061784,0
0.686962276069083,2
0.7601202930603461,0
0.4666308719832115,0
0.25660855164599305,0
0.18290211664422307,0
0.09333998603434202,0
0.007786740577058637,0
0.06458111892533158,2
0.11408659889674344,0
-0.012959084276966126,0
0.09336785287596405,2
0.15865499148682782,2
0.3667988431320939,2
0.6250030401004978,2
0.8724090508493019,2
0.8928862364845502,2
1.0,2
1.0,1
1.0,0
0.9033613127000495,1
1.0,2
1.0,0
0.8990541638791953,0
0.7267717461425618,0
0.668660139940219,0
0.6021666213405021,0
0.4653342383699346,0
0.2566588196436521,0
0.03125994169432844,0
-0.04566193459698009,0
-0.4539732719784223,0
-0.920899936466652,0
-1.0,0
-1.0,1
-1.0,1
-1.0,1
-1.0,1
-1.0,1
-1.0,1
-1.0,1
-1.0,1
-1.0,1
-1.0,1
-1.0,1
-1.0,1
-1.0,1
-1.0,1
-1.0,1
-1.0,1
-1.0,1
-1.0,1
-1.0,1
-1.0,1
-1.0,1
-1.0,1
-1.0,1
-1.0,1
-1.0,1
-1.0,1
-0.9880680652569485,2
-0.978539829286737,2
-0.9369088254244125,2
-0.8819291502517155,2
-0.8217586980882693,2
-0.7732768112648765,2
-0.688050497881817,2
-0.6064462071247072,2
-0.5255917447086937,2
-0.43846145884667853,2
-0.31546940814727176,2
-0.23255591007955156,2
-0.11995736802810586,2
-0.016080283640367288,2
0.10698387633303041,2
0.21842818254752205,2
0.3204155029900422,2
0.41645576055378974,2
0.5113328199004346,2
0.5976031081959026,2
0.6416560010361199,2
0.7088011202888316,2
0.8266908932784742,2
0.9055965037470273,2
0.9591625890793045,2
0.9969802473895397,2
1.0,1
1.0,1
1.0,1
1.0,1
1.0,1
1.0,1
1.0,1
1.0,1
1.0,1
0.9905580665185947,1
0.9920562646372315,1
0.9858687294361292,0
0.9751286336980638,1
0.973903922998782,0
0.9552591271298385,0
0.9431121300083067,0
0.9100433037143727,0
0.898571643248947,1
0.8945002239053226,0
0.8735128018836273,0
0.8658239863742045,1
0.8642598758042197,1
0.8751103086793752,1
0.8708901561708793,1
0.8809609263983467,1
0.879555369094756,1
0.8879022496149545,2
0.906853281168676,1
0.9001691719352471,1
0.9015489465469708,1
0.9005947855549925,1
0.8973242101569385,1
0.8913979518254138,1
0.8905555158315062,1
0.8807800622816013,1
0.8992825695641071,1
0.89213991894297,1
0.8994208215327975,1
0.8790712288958273,1
0.885067081669501,2
0.8997885215088084,2
0.9074248259626734,2
0.9156107321214524,1
0.917391865621578,1
0.9288806707671404,2
0.9397617591709757,2
0.9450458625447453,2
0.9578159742221115,2
0.9655273807809519,1
0.9612289914404677,1
0.9641762521452597,1
0.9467981661882054,0
0.9338960413494009,0
0.9308345907704105,1
0.927835729657013,1
0.9163298323686391,1
0.9149058738672389,1
0.9149951960746381,1
0.9153465219179344,1
0.909446479711201,1
0.9034184303139994,1
0.909101475859255,2
0.9380673166339326,2
0.9449907202448651,1
0.9405773048111035,1
0.944051619952498,1
0.939707895279317,1
0.9326032335217047,0
0.8965360101940707,0
0.8564853762971003,0
0.8393829668145756,1
0.8407301201260728,1
0.8290946132588377,0
0.8193652874796038,0
0.7889054690846695,0
0.7914617470226004,1
0.7752779657884366,0
0.7419589961595396,0
0.7305750511350193,1
0.729798273662057,0
0.7095072645197051,0
0.6965463898180873,0
0.6731571802384555,0
0.6507314001104125,0
0.6346095735158399,0
0.5955904924675461,0
0.5533061860720405,0
0.5130193662559228,0
0.49624346748722203,0
0.4931574907340399,0
0.4702201371676029,0
0.4413996759252723,0
0.4308451069914758,1
0.4350279711341052,1
0.4301174694291048,1
0.42684801482729773,2
0.4499355200663624,2
0.45858945059986733,1
0.4544399082551238,1
0.46306155460289555,1
0.4667109591334775,1
0.4633099248031589,0
0.447401868202735,1
0.46228366508990293,1
0.4568445766096767,1
0.44813468944776513,1
0.4544962545353537,1
0.44032447331639335,0
0.42235018066973207,0
0.41902118376714226,2
0.4409316690629854,2
0.4465802588797698,1
0.4327562134536209,1
0.44939256871107114,2
0.4594345090818781,1
0.4493316210368663,0
0.4365612904539842,0
0.42513474203762613,0
0.4112732462555231,0
0.40191919458321057,1
0.41385049534203633,1
0.41374383581764484,1
0.40398278187268466,1
0.4109870429570954,2
0.42729137523817884,1
0.4140114726492452,0
0.37902801176692,1
0.40583852840474477,2
0.40769747063042194,0
0.3579301409170357,0
0.3496113661963105,0
0.32859062796636773,0
0.31764294676287963,0
0.2706020409739047,0
0.22331821371911298,0
0.164829853572676,0
0.0859862655336312,0
-0.004708837768148677,0
-0.1001730956080964,0
-0.27115238794092533,0
-0.4577246230407752,0
-0.5920418595291543,0
-0.6380555280943949,0
-0.6755644373151555,0
-0.6595848538287516,2
-0.6355402116281499,1
-0.6748034957049991,0
-0.6819794495987459,0
-0.7075362537069358,0
-0.7577831863966963,0
-0.8339885422470686,0
-0.8248439054012382,2
-0.7653802019683269,2
-0.8025349128172907,0
-0.8046865877690825,0
-0.8214800676670713,0
-0.8443749303888547,0
-0.8461736806950687,2
-0.8250769678499683,2
-0.8144868053778951,2
-0.7953787375864871,2
-0.7673074805031425,2
-0.6991004694845022,2
-0.6675160745432176,2
-0.623853929157522,2
-0.5728204766933203,1
-0.6353188342460774,0
-0.7960949267736267,0
-1.0,0
-1.0,1
-1.0,1
-1.0,1
-1.0,1
-1.0,1
-1.0,1
-1.0,1
-1.0,1
-1.0,1
-1.0,1
-1.0,1
-1.0,1
-1.0,1
-1.0,1
-1.0,1
-1.0,1
-1.0,1
-1.0,1
-1.0,1
-1.0,1
-1.0,2
-0.9818067008364969,2
-0.9638374027219584,2
-0.9417943348853737,2
-0.8842703533025374,2
-0.8332648973281824,2
-0.7997391680966273,2
-0.7707705636800939,2
-0.7254033919958849,2
-0.6777531435709472,2
-0.6332500582931191,2
-0.5842729120694379,2
-0.5373189087614174,2
-0.5137903345641874,2
-0.49692610534069936,2
-0.47913104377377136,2
-0.47195201321765623,2
-0.44069057699182046,2
-0.427906571106629,2
-0.41423532925136963,2
-0.38670521490666465,2
-0.3663889231695314,2
-0.3064364004995993,2
-0.23260291721977278,2
-0.18362442672402024,2
-0.1156767904139937,2
-0.050744786784985285,2
0.02795155364656665,2
0.15731573741753557,2
0.3277226063428256,2
0.45195493812149046,2
0.5673475076268517,2
0.6818726749325934,2
0.8085310092064228,2
0.9339556341330686,2
1.0,2
1.0,1
1.0,1
1.0,1
1.0,1
1.0,1
1.0,1
1.0,1
0.9881138678913299,0
0.9835533734123729,1
0.9960476289376621,2
1.0,1
1.0,1
0.9890355505207027,0
0.9813832811022232,0
0.9629226546708751,0
0.9381430564359969,0
0.9237610878736449,0
0.9070437123150599,0
0.883758254986774,0
0.8520834655680078,0
0.8200370654959166,0
0.8091282691480397,0
0.7957801813763452,0
0.7765280555569785,0
0.7593713711492089,0
0.735364902728439,0
0.7097978754186358,0
0.688069421303579,0
0.6689085053736563,0
0.6470412735723012,0
0.6509097255021046,0
0.6169864304842188,0
0.6060630584174773,0
0.5983786305483507,1
0.6010266137719069,1
0.6059441729509463,1
0.6101428731570713,0
0.5876969040805227,1
0.5973419681644239,2
0.6133539631431715,2
0.641452988892893,2
0.6703095564760808,2
0.6981064093274365,2
0.7099246931045078,2
0.738237531507633,2
0.7533972913920786,2
0.7696317798069032,2
0.7864112180703944,2
0.7933453005216695,2
0.8281972606507966,2
0.85503562920066,1
0.8431782670153753,1
0.8454445339806997,1
0.8448304526075241,1
0.8327450550656261,0
0.801777296468575,0
0.7707535274712325,1
0.7894964133151747,2
0.8301690189854551,2
0.8279764046969991,1
0.8335307786070685,1
0.827243752594149,1
0.8259629905144907,0
0.8049663293557421,0
0.7879921965760857,0
0.7755972085537683,0
0.7645293637649613,1
0.7606144158448829,1
0.7565111064245078,1
0.7562906119927779,1
0.7593080282308837,2
0.7817915403101892,2
0.7760444964075004,1
0.7794285087752812,1
0.7820870271770202,2
0.7953154383868515,1
0.7888615550564821,1
0.784436890802499,1
0.7802352388750751,1
0.7777340421147716,1
0.772350761710078,1
0.7650554846940425,1
0.7610268869975227,1
0.7610632646232798,1
0.7483548072014852,1
0.7468705719993769,1
0.7391214699600976,1
0.7501004356134571,1
0.7536379332356204,2
0.7709917662563728,2
0.7725742376355158,1
0.7830473275952166,1
0.7766100274944545,1
0.798269133171774,1
0.7718449625740316,0
0.7754254515490837,1
0.770256319800644,1
0.7655516715964577,1
0.7620878989555719,0
0.7457588065971323,0
0.743643723904609,1
0.7319341944699533,0
0.7242107902694275,1
0.7281480759996855,1
0.7373128729114695,1
0.7414032185760435,2
0.7540829796525832,2
0.7758827769565162,2
0.7842104376365511,2
0.8044264323095218,2
0.8260328323235135,2
0.8520399127926246,2
0.8467937513259545,1
0.8489723725840368,1
0.8441547125343476,1
0.8391605146503454,0
0.8199752264086566,0
0.8063406213788396,0
0.7907442916323097,0
0.776093905200238,1
0.7796840218757588,1
0.7724199261731637,1
0.7751829676438042,1
0.763761004906804,0
0.7386537933793453,0
0.7287790872216424,0
0.7187473901969399,1
0.7387736263430833,2
0.7583184927208204,2
0.7635565960710693,1
0.7539291750559052,2
0.7801095305894208,2
0.7854384056461672,1
0.7781237519898954,2
0.8144050086832457,2
0.8526153824143952,2
0.8836969412580951,2
0.9125327602957285,2
0.9358202026329103,2
0.9628001681924419,2
0.9798749326377996,1
0.9778473348111805,1
0.9897203674505946,0
0.9112115425335949,0
0.7940270508726772,0
0.5994595698301706,0
0.3484241920988089,0
-0.08043581279952661,0
-0.5005557229738415,0
-0.8259009148665961,0
-1.0,0
-1.0,1
-1.0,1
-1.0,1
-1.0,1
-1.0,1
-1.0,1
-1.0,1
-1.0,1
-1.0,1
-1.0,1
-1.0,1
-1.0,1
-1.0,1
-1.0,1
-1.0,1
-0.9973050177810847,1
-1.0,2
-0.9670913532781832,2
-0.9447283664328228,2
-0.9291684465825044,2
-0.9072317332188087,2
-0.9038391399824435,2
-0.8765700797580792,2
-0.8574936438445647,2
-0.8443455302692635,2
-0.7698185068946775,2
-0.77483144598569,0
-0.7918244951313452,1
-0.786714731325182,2
-0.7753765360241414,1
-0.7912367766011054,0
-0.8062005837392999,1
-0.7818071826744298,2
-0.7791602764074896,1
-0.7693481353675853,1
-0.7718835499735146,1
-0.7558948063655662,2
-0.739516036359721,2
-0.7390787955477738,1
-0.7240209998757773,2
-0.7183436509960613,2
-0.6984597325248257,2
-0.701506757649496,1
-0.6877609360100646,2
-0.6623602388372343,2
-0.6585170244172558,2
-0.6419607586349387,2
-0.6218272447691322,1
-0.6418369501702577,0
-0.6421091263715453,1
-0.6349516567886442,0
-0.6639888016124267,0
-0.6615291462134358,1
-0.6662257939034111,0
-0.6893003935153039,0
-0.6827234319290146,0
-0.7133677652419725,0
-0.7139081035330496,1
-0.7154437299062308,1
-0.7171467710322683,1
-0.7025114348641992,2
-0.6886108640801311,2
-0.6750081781088957,1
-0.6871083512677739,1
-0.6763233028187197,1
-0.6757055299151977,2
-0.6492486353786375,2
-0.648847338590754,2
-0.6159704273658411,2
-0.5952803986826993,2
-0.5900306212950566,2
-0.5703628873159788,2
-0.5422161376093916,2
-0.5154547824363173,2
-0.48684520910460494,0
-0.5353061763118034,0
-0.5411109932450309,1
-0.5379343214678772,1
-0.5383583362970532,1
-0.5442039347733293,0
-0.5622367703140465,0
-0.5726886475085724,0
-0.5818355439160701,1
-0.5761206270697476,1
-0.5907813973802039,0
-0.5941507007645168,1
-0.588050983870595,1
-0.5943134438235084,1
-0.5975350885165505,1
-0.6040026569872929,2
-0.5794645477746467,2
-0.5679103166522439,1
-0.5704091468060652,2
-0.5439341830496428,2
-0.5217617978832614,2
-0.502925110783117,2
-0.5037660042432541,2
-0.48175834060107214,2
-0.46424247916398287,1
-0.47811364743902673,1
-0.45634447462655536,2
-0.444164482404381,2
-0.43628869271478865,1
-0.4406896170365793,2
-0.41149819767108486,1
-0.4468764836076755,0
-0.4500569922350003,0
-0.4790989860139929,0
-0.518660319220385,0
-0.5509705659870627,0
-0.6078127978731953,0
-0.6571593226786051,0
-0.7286744930080657,0
-0.796344024439942,0
-0.8608934704869823,0
-0.944019309660368,0
-0.9823989902233742,0
-1.0,0
-1.0,1
-1.0,1
-1.0,1
-1.0,1
-1.0,1
-1.0,1
-1.0,1
-1.0,1
-1.0,1
-1.0,1
-1.0,1
-1.0,1
-1.0,1
-0.9878072845775049,2
-0.9719646084443393,2
-0.9435407327400576,2
-0.9180205115423258,2
-0.8715320075394588,2
-0.8312434861636258,2
-0.7871896029471087,2
-0.7728666642349442,2
-0.7248222087888142,2
-0.6634414292755048,2
-0.6134371934078026,2
-0.5531932112809357,2
-0.47374526011268425,2
-0.386668606172087,2
-0.2779278706415802,2
-0.1462206331511925,2
-0.014475093562395291,2
0.1495488265820346,2
0.39009311611388164,2
0.5610966696524606,2
0.8820402587014302,2
1.0,2
1.0,1
1.0,1
1.0,1
1.0,1
1.0,1
1.0,1
1.0,1
1.0,1
1.0,1
1.0,1
1.0,1
1.0,1
1.0,1
1.0,1
1.0,1
1.0,1
0.9955195101051553,1
1.0,1
1.0,1
1.0,1
1.0,1
1.0,1
0.9904279119894861,1
1.0,1
1.0,1
1.0,1
1.0,1
0.9988944534439137,1
1.0,1
1.0,1
0.9995340082210931,1
0.9992180545917357,1
1.0,0
0.9819228650425929,0
0.9573258358350594,0
0.9538074798123284,1
0.9677558404808306,1
0.9555336864846526,0
0.9470458654635678,1
0.9695980481836104,2
0.9914889940578191,2
0.9966180223169392,1
1.0,1
1.0,1
0.997712317162758,1
0.9952934045418336,0
0.9714964493618099,1
0.9943449132626441,2
0.99491631365932,1
0.9816597745064168,1
1.0,1
0.9902709947130293,1
0.9862491353166045,1
0.9750267009061384,1
0.9961382398252052,2
0.9935638039835191,1
0.9923644589454828,0
0.9728225363896728,0
0.9667913296848103,0
0.9537276714604734,0
0.9406599419817456,0
0.9326537473060965,0
0.9177608543829614,0
0.888982280320461,0
0.8586324976519457,0
0.8266186912361175,0
0.8222063500667156,1
0.812217060382258,0
0.8038908761466768,0
0.7816275072360024,0
0.7665020601631065,0
0.7525989786479965,1
0.7746668130531562,2
0.7907079534216785,2
0.8096490526295479,2
0.8151843427138918,1
0.8252108175727944,2
0.8583576032447349,2
0.856675481530176,1
0.8589145768575661,1
0.8578651824641446,1
0.8719225775266837,1
0.8609214609191529,1
0.8716970308215595,1
0.8705948717100249,2
0.8953762582565399,2
0.9018484492065837,1
0.9105338221271635,1
0.9165947966775563,1
0.9207630202311807,1
0.9172014293468704,2
0.9393824706360363,2
0.9442776909530317,1
0.9544578172386156,1
0.9561572407990457,1
0.9665501482592807,2
0.9938430770583249,2
1.0,1
1.0,1
1.0,1
0.9894084215101893,1
0.9891504496768297,1
0.985707654044963,1
1.0,1
0.9917429463568779,1
0.9953208349595739,1
0.9932272817045036,1
0.9949086761474735,1
0.9879668745118217,1
0.9996074284805403,1
1.0,1
0.9932948596459759,1
0.9922350496123016,1
1.0,1
1.0,1
1.0,1
0.9965460219823321,1
0.9963934206942615,1
0.9839940142090597,1
0.9844901745002976,1
0.9876986881013525,1
1.0,1
1.0,1
1.0,1
1.0,1
1.0,1
1.0,1
0.9917428965506676,1
0.986624101220769,1
0.9837235071418291,1
0.9759379757710882,0
0.9246270629550799,0
0.8846374995693198,0
0.8078329511130711,0
0.7313571631758649,0
0.6394638927366736,0
0.5193583364807435,0
0.39134785704980124,0
0.24860474242017694,0
0.10280854638813253,0
-0.0415090910721041,0
-0.22949501121231786,0
-0.4106349239019096,0
-0.599337905576973,0
-0.8409805696397804,0
-1.0,0
-1.0,1
-1.0,1
-1.0,1
-1.0,1
-1.0,1
-1.0,1
-1.0,1
-1.0,2
-0.9814683814863351,2
-0.973752698327899,2
-0.9549606116102516,2
-0.9363277489957149,2
-0.8892177563559478,2
-0.8387794408636757,2
-0.8106784382427474,2
-0.7634020915012132,2
-0.7209849069937179,2
-0.7110070355343996,1
-0.7070011936073695,1
-0.7169779088506885,0
-0.7246810569356804,0
-0.7331336914909814,0
-0.7440632885188976,0
-0.7651658050049219,0
-0.76615625910939,1
-0.7796862658180044,0
-0.7979207885208901,0
-0.8207172883457992,0
-0.8315506891426914,1
-0.8112428737525896,2
-0.8124295461720388,1
-0.8068768329416454,2
-0.7955745630572262,2
-0.7883877923171116,0
-0.8270228532930621,0
-0.8282255200338234,1
-0.8156143337385132,2
-0.8033754583947026,2
-0.788306029985801,1
-0.7975163103243068,1
-0.7747763005810246,2
-0.7621320869287298,2
-0.7309929951711304,2
-0.7160594362421939,1
-0.7203816207463161,1
-0.7200382856957448,2
-0.7037551641935195,1
-0.7289028856512247,0
-0.7338747977453361,1
-0.7207419277317236,2
-0.7175765091332499,1
-0.7130224093202217,2
-0.6811457504572367,2
-0.679555944059802,2
-0.6501442202030122,2
-0.6493359359191474,1
-0.6399669813851399,2
-0.61787129415706,2
-0.5968686070523286,2
-0.5721681202828091,2
-0.5527703408844642,2
-0.5244728990454943,2
-0.5068557157844572,1
-0.5150188545341361,2
-0.4819644439751294,2
-0.4815333164098117,1
-0.49718830242080714,1
-0.4952826845536342,1
-0.49319851591592945,1
-0.4907856247298388,2
-0.47307397016164754,1
-0.4817482268834318,0
-0.49179491669495845,1
-0.48111831946768524,1
-0.4894342620316444,1
-0.48575914958076505,1
-0.5048500899335153,0
-0.5068510392197465,1
-0.4917605263191144,2
-0.48508439884454113,1
-0.4919401346042699,1
-0.4997513747848885,0
-0.5132241770019862,0
-0.5426443515757045,0
-0.5307833990610406,1
-0.5358247499159443,1
-0.5454653118080621,0
-0.558134919911727,0
-0.5702290473527254,0
-0.5843396812952186,0
-0.6233329953281594,0
-0.6664200237039771,0
-0.7305265795175433,0
-0.8138612658820994,0
-0.9016572304753521,0
-0.9627171336337544,0
-1.0,0
-1.0,1
-1.0,1
-1.0,1
-1.0,1
-1.0,1
-1.0,1
-1.0,1
-1.0,1
-1.0,1
-1.0,1
-1.0,1
-1.0,1
-1.0,1
-1.0,1
-1.0,2
-0.983180690297669,2
-0.9630918680685517,2
-0.9617671881031113,2
-0.9445447961308568,2
-0.9219179106529193,2
-0.8986267977395883,2
-0.8763232073625937,2
-0.8414124415390379,2
-0.7928313469400524,2
-0.7391848402056995,2
-0.692805437588615,2
-0.6499852565565284,2
-0.6005231726901872,2
-0.5574184938268656,2
-0.49881844550442844,2
-0.4567973867239209,2
-0.4027944002198307,2
-0.35372110506705456,2
-0.3188384418730834,2
-0.2965170165219877,2
-0.3029415004680083,2
-0.24346466155111846,2
-0.16298504729121444,2
-0.09301970405324822,2
-0.0030767112934610985,2
0.08498675782578968,2
0.17873947936245704,2
0.2959034760872796,2
0.40291698783836183,2
0.519581753359786,2
0.6496383338108209,2
0.7833017203563262,2
0.9650130004462463,2
1.0,2
0.9849015249052704,1
1.0,1
0.9899971269112051,1
1.0,0
0.964333257309492,0
0.9396908563621504,1
0.95764508004003,1
0.9511314519311371,2
0.9771277906927114,1
0.9563501769399558,0
0.9604104258783142,1
0.9584609352875417,2
0.9896920661798523,2
0.9949734388948706,1
1.0,1
1.0,1
1.0,1
1.0,1
1.0,1
1.0,1
1.0,1
1.0,1
1.0,1
1.0,1
1.0,1
1.0,1
1.0,1
1.0,1
1.0,1
1.0,1
1.0,1
1.0,1
1.0,0
0.9741020491474592,0
0.9612314554210966,0
0.9451930202154311,2
1.0,2
1.0,1
0.9884495858720088,1
1.0,1
0.9929072155376684,1
1.0,1
1.0,0
0.9841185384760254,0
0.9818022615838851,1
0.9878460969481697,1
0.9805035230959891,1
0.9891724484860895,1
0.9830165429695557,1
0.9902758337719675,1
0.9969881447356501,1
0.9941275845917013,1
0.9868598140605818,1
0.9864199841401255,1
1.0,1
0.9977719663848217,1
0.9980383869343157,1
0.9868244689543186,0
0.9673158323586666,0
0.9687988439563469,1
0.9793061916043404,2
0.9916490837183509,1
0.9902391542317677,1
1.0,1
1.0,1
1.0,1
1.0,1
1.0,1
1.0,1
1.0,1
1.0,1
1.0,1
1.0,1
1.0,1
0.9993219415139316,1
1.0,1
1.0,1
0.9965574147526541,1
1.0,1
1.0,1
1.0,1
1.0,1
0.9985553427356704,1
1.0,1
1.0,1
1.0,1
0.992951012575976,0
0.9837849810160073,1
0.9866136114009223,1
0.9776744682067906,1
0.985321133683275,1
0.9704184629063848,0
0.9426106784210218,0
0.9200168289874848,0
0.9094715920014493,1
0.9050978106550502,1
0.9069898010634905,1
0.8948477255719147,1
0.8967170150080264,1
0.8844177531297865,1
0.8868154255434129,2
0.9017406438112086,2
0.9078478871093218,1
0.9060481533096278,0
0.8887063201659262,0
0.8870731672433316,0
0.8653468126234012,1
0.8731720947755177,1
0.8730618130236487,1
0.8681449680237694,1
0.8753619783363367,1
0.8819376826114305,2
0.8917925673240239,1
0.8783933755193307,1
0.8857995498932554,1
0.8890762666494274,2
0.9703068341365795,2
0.9643341986730356,1
0.9605899881511897,1
0.9644173702574108,1
0.9726142612853446,1
0.9702324196053043,0
0.9422528999512929,0
0.9178021526211158,0
0.8828189359856549,0
0.8245178624039764,0
0.7504722034253009,0
0.6580738725738873,0
0.5556283465286438,0
0.4172925518914865,0
0.2737214644930024,0
0.10504330267137707,0
-0.09043616540236088,0
-0.28393553628426726,0
-0.4732496027731974,0
-0.6665600093462328,0
-0.9416895226625507,0
-1.0,0
-1.0,1
-1.0,1
-1.0,1
-1.0,1
-1.0,1
-1.0,1
-1.0,1
-1.0,1
-1.0,1
-1.0,1
-1.0,1
-0.9865077657818615,2
-0.9711429578592069,2
-0.9590862447172235,2
-0.9490169986065384,2
-0.933809824616728,2
-0.9176800637039879,2
-0.9054960086550536,2
-0.8819258265811744,2
-0.8562207743142739,2
-0.8496132504360587,2
-0.8216696535175201,2
-0.8026219446928534,2
-0.7847530103877276,1
-0.7893857357926157,1
-0.7792862986294554,2
-0.7644364226912606,2
-0.7151261577862495,1
-0.7741673429346438,0
-0.7761593393450549,1
-0.7760055604331242,1
-0.7775642871122161,1
-0.7658931842474754,1
-0.7904458881812322,0
-0.7942977104019271,1
-0.7840708988760778,1
-0.7933072657348047,1
-0.7845008653340959,1
-0.781892235068482,1
-0.76917763321698,1
-0.7804947088476631,1
-0.7725970620113908,2
-0.7573578433856158,1
-0.7585300510266859,1
-0.7550949713522288,1
-0.760820600595637,0
-0.7719846113407142,1
-0.7659574321919185,2
-0.753578231584743,2
-0.7491001469720445,1
-0.7442787455201565,1
-0.7405872222093465,2
-0.7061530538758971,2
-0.6843890374521451,1
-0.6955869716600305,1
-0.6827220456300311,2
-0.6555812306720112,2
-0.6411669252166221,2
-0.6318220768432598,2
-0.6113991316801618,2
-0.6010588007872719,2
-0.5876397254178608,2
-0.5825165576889715,1
-0.5855656772854061,1
-0.5841808592906903,1
-0.5895400668127784,0
-0.6039897814827213,1
-0.6014685797737478,1
-0.596250644884327,1
-0.6148515896013778,1
-0.606150554964072,2
-0.5898224101312745,2
-0.5850999986925789,1
-0.6021404533018857,0
-0.6036482424969578,1
-0.5864138936785717,2
-0.5722546074130848,1
-0.5765666268123992,1
-0.5740509786415076,1
-0.5621966522944305,2
-0.5523122776965383,1
-0.5519825598132607,0
-0.5769125797790782,1
-0.5434786938087826,2
-0.5297528900400315,2
-0.5256860268912318,2
-0.5115036068940637,2
-0.5096253498284984,2
-0.49082136559550504,2
-0.4888143674198906,1
-0.49147929397314927,1
-0.4945788570050873,0
-0.5118637790819418,0
-0.5271809239443304,0
-0.5737716464946325,0
-0.6143820523814356,0
-0.6467173367273907,0
-0.7020992189902601,0
-0.756348038600507,0
-0.8126876607691975,0
-0.8769690342243919,0
-0.937771716192328,0
-1.0,0
-1.0,1
-1.0,1
-1.0,1
-1.0,1
-1.0,1
-1.0,1
-1.0,1
-1.0,1
-1.0,1
-1.0,1
-1.0,1
-1.0,1
-0.9854866615694666,2
-0.9545980752820967,2
-0.9373885691792322,2
-0.9174708311835659,2
-0.8852846451826276,2
-0.8406571187168119,2
-0.8101211150728725,2
-0.7968830865485628,2
-0.7598429165413082,2
-0.7372180979738814,2
-0.7052057701501897,2
-0.6742893694545147,2
-0.6499021509793147,2
-0.6154875845548353,2
-0.5932570484929001,2
-0.573237895643883,2
-0.5585236792423127,2
-0.5305937238055911,2
-0.527115239558476,2
-0.49962479885894817,2
-0.49537167949912553,1
-0.48552664449893446,2
-0.45514983717085,2
-0.4439168727436832,2
-0.42140799052370137,2
-0.37459606554287594,2
-0.3046170969292229,2
-0.3041208137573066,1
-0.29879221357482466,2
-0.22956687422409017,2
-0.16360399112810764,2
-0.07871140669157228,2
0.043849535138493545,2
0.19369486346075515,2
0.36205929555731653,2
0.5758142658372096,2
0.697986018147827,2
0.7809469270661604,2
0.8394125111804376,2
0.9351936208550198,2
1.0,2
1.0,1
1.0,1
1.0,1
1.0,1
1.0,1
1.0,1
1.0,1
1.0,1
1.0,1
1.0,1
1.0,1
1.0,1
1.0,1
1.0,1
1.0,1
0.9990033631231854,1
1.0,1
0.993159882287814,1
1.0,1
0.9935529700495875,0
0.9786812705874779,1
0.9846118850425003,1
0.9872297264373386,1
0.9840175699030362,0
0.9555501025071831,0
0.9447182526420796,0
0.9275703972575378,0
0.9155254017019505,0
0.879775361963897,0
0.8475046769578738,0
0.8283821414509711,0
0.8081796745814154,0
0.8083304872369659,1
0.7941384341360644,0
0.7799068089834014,0
0.6949317620884963,0
0.6837704954502231,1
0.6809614294478716,0
0.6557048081661152,0
0.6489946519948486,1
0.6491784889985235,1
0.6603749786765405,2
0.6706903119064356,2
0.6854158027732464,2
0.6981576076768226,1
0.6879734659784653,2
0.7186784231059362,2
0.7228249092464756,2
0.7375861728259299,2
0.7489499829361752,2
0.7544295050238154,1
0.7443753587687569,0
0.7295078280259579,1
0.7295785995118016,1
0.7230775433109138,1
0.7196087950672598,2
0.7430761782752122,1
0.7327597149178191,0
0.7141750013679169,0
0.7104312847503484,1
0.7061909100802801,1
0.6976691683335936,1
0.6966695727653276,1
0.6858338312160597,1
0.6824942077338187,1
0.6855696320337001,1
0.6692848026861817,0
0.6424435843543956,0
0.6339891753398572,0
0.6140234064178869,0
0.6132653151370835,2
0.630357183038234,2
0.6327370160652801,1
0.624245224895833,1
0.6343421225107353,2
0.6415030808220887,2
0.6602558491672206,2
0.6640407340866692,2
0.6792358610859766,2
0.6892141920566188,1
0.6929278261754499,2
0.7139740277617619,2
0.7311966694430423,2
0.7504504712370019,2
0.7607919205259535,1
0.7634857003319362,1
0.762113985001873,1
0.7657069065534214,1
0.775060646401001,1
0.7791801853770557,1
0.7868679106239407,1
0.7798815504140799,1
0.7733900453295897,1
0.7712099590387704,1
0.7839603080579793,2
0.7978893624621448,1
0.7866312522528076,2
0.8200562019877493,2
0.822053884821832,2
0.8624497907331514,2
0.8522302720866404,1
0.8601871831484793,1
0.8559474548937458,1
0.8520418618044001,1
0.8451469539737524,1
0.8374019791944822,0
0.8047938389987268,0
0.759637954819103,0
0.7069250178287005,0
0.6105528114202139,0
0.5050561994188651,0
0.3920798667171246,0
0.23371332354312813,0
0.07341367546857258,0
-0.11901160764811303,0
-0.31979378897600574,0
-0.5450812622598535,0
-0.7895550101352838,0
-1.0,0
-1.0,1
-1.0,1
-1.0,1
-1.0,1
-1.0,1
-1.0,1
-1.0,1
-1.0,1
-1.0,1
-1.0,1
-1.0,1
-1.0,1
-0.987650620021824,2
-0.9598789909508427,2
-0.9344405247945917,2
-0.9058789387268493,2
-0.8690457459181591,2
-0.8223268861692514,2
-0.7837341327682621,2
-0.7585506400761026,2
-0.7436822514514364,2
-0.7177442009495181,2
-0.6945061573340605,2
-0.685760496151639,1
-0.6803426216406383,1
-0.6881177189374272,1
-0.6749931020257602,2
-0.6610515216026802,1
-0.666084921610403,1
-0.6537599796997324,0
-0.6843371982378816,0
-0.6943155496157891,1
-0.696833334879007,2
-0.673932050530466,2
-0.6728933488005824,1
-0.6582686929840099,2
-0.6517803120666577,2
-0.6205982488912776,2
-0.6073699798450902,1
-0.6116028169123424,1
-0.6124232894290036,1
-0.6039198055162613,2
-0.5961386307670771,1
-0.590935236391523,1
-0.5875560774885711,2
-0.5720123188118398,2
-0.5674118123180101,1
-0.5755943653071136,1
-0.5773386072991658,1
-0.5870944289837193,1
-0.5908363881791314,1
-0.5941185637699704,1
-0.5850041828811763,1
-0.5971385942120868,1
-0.5876365555148735,2
-0.5785832704882268,2
-0.5709574779861326,1
-0.5865298920425531,1
-0.5858430963491152,1
-0.5872938419945639,1
-0.5993289026909385,1
-0.5959839939271114,1
-0.6005021939570371,0
-0.6159318106905226,0
-0.6165115986206013,1
-0.6229208431814126,0
-0.6327000004260932,0
-0.652034531217913,0
-0.6528065601854465,0
-0.6709903524704346,1
-0.6640697097918906,1
-0.6807052698878292,0
-0.6950591078697709,0
-0.7404284295499962,0
-0.7691441558608461,0
-0.8075245663947743,0
-0.840593093121959,0
-0.8706275647284732,0
-0.8966118173275881,0
-0.9300821333355678,0
-0.9547269877893692,0
-0.9621154762778902,0
-0.9739467577995536,0
-1.0,0
-0.9905957341137421,1
-0.9953509731096472,2
-0.9475464812893075,2
-0.9477096242985473,2
-0.9158255911271284,2
-0.8830018079652583,2
-0.8299336826601673,2
-0.7944665857649721,2
-0.7498067979948687,2
-0.6971956008408182,2
-0.6528836915463011,2
-0.5948110767620374,2
-0.5484661383851412,2
-0.5147692846735004,2
-0.48410063585264285,2
-0.44202999944144683,2
-0.4198817410984411,2
-0.3956622362321929,2
-0.3636090397085773,2
-0.35013613353798834,2
-0.32192161331548874,2
-0.2897165550216111,2
-0.29244498204388925,1
-0.2875390825846882,1
-0.28192633479706775,1
-0.29830351102310604,0
-0.32633195639103063,0
-0.36750728771748986,0
-0.39909402503106295,0
-0.4245704698032099,0
-0.4631303660028312,0
-0.5035544696837564,0
-0.5340502856429223,0
-0.5448819147787749,0
-0.5840597039067936,0
-0.6086255131222617,0
-0.629574853305013,0
-0.6689250265306309,0
-0.7149198495155193,0
-0.7370764030902464,0
-0.7719039006828989,0
-0.8002161064931138,0
-0.8140909465007301,1
-0.8158250503663906,0
-0.835824325888536,0
-0.8538822272169699,0
-0.8729883241875794,0
-0.8864753518385285,0
-0.896318796862871,1
-0.8954605958732467,1
-0.8968643093334189,2
-0.8714826479127041,1
-0.8840223103845357,1
-0.8700189037635846,2
-0.8638830983949577,1
-0.8555472889476791,1
-0.8675331884615154,0
-0.8783485748506334,1
-0.8738728682375436,1
-0.8800094340402591,1
-0.8799596543960385,0
-0.9164708549179849,0
-0.9578055429513327,0
-1.0,0
-1.0,1
-1.0,1
-1.0,1
-1.0,1
-1.0,1
-1.0,1
-1.0,1
-1.0,1
-1.0,1
-1.0,1
-1.0,1
-1.0,1
-1.0,1
-0.9873617950098155,1
-0.9863417050595152,1
-0.9932443525787462,1
-0.9799052878939527,2
-0.9648467576854123,2
-0.9236434924542262,2
-0.9300819945997166,1
-0.9134790770957115,2
-0.8750383441779164,2
-0.8742031084280799,1
-0.8684136599340829,1
-0.8697221801195489,1
-0.8762211106314964,0
-0.886140099216985,0
-0.9006308299054416,0
-0.9140311821847337,0
-0.9753297904236766,0
-1.0,0
-1.0,1
-1.0,1
-1.0,1
-1.0,1
-1.0,1
-1.0,1
-1.0,1
-1.0,1
-1.0,1
-1.0,1
-1.0,1
-1.0,2
-0.9839958419808935,1
-0.995788559653031,0
-1.0,1
-0.9977040750616611,1
-0.9882667304659442,2
-0.9763113042209541,2
-0.9150753583389719,2
-0.8913122526413899,2
-0.85858081663336,2
-0.8354159229255977,2
-0.81506675575021,2
-0.8116092026499324,2
-0.7803580838641195,2
-0.7662290389382124,1
-0.7946689525643679,0
-0.8229694016361685,0
-0.8484086552096232,0
-0.8573600824619221,1
-0.8435550553569948,1
-0.8712392798734663,0
-0.9081247895745059,0
-0.9291973868028368,0
-0.9449576159072529,0
-0.963407801331716,1
-0.9575875236574459,1
-0.9677423340529233,1
-0.9654311052055475,1
-0.9686924630253421,1
-0.9759167050631744,1
-0.9760486322600114,2
-0.944650423010099,2
-0.9256832852898412,2
-0.9197073171671862,1
-0.9325972924009507,1
-0.9256253721309818,1
-0.930497755474422,1
-0.9319498662066958,2
-0.9017349231167407,1
-0.9278665561638997,0
-0.9444137281064718,1
-0.9252289758838154,2
-0.9170198923991428,2
-0.9077587250708229,2
-0.8959736733176437,2
-0.8750053333185416,2
-0.8580229844607252,2
-0.8562710462933099,1
-0.8553819089720058,2
-0.8352923404742645,2
-0.8320945735739992,1
-0.850041125999954,1
-0.8474316324038556,1
-0.8528123784767129,1
-0.8563650314637802,1
-0.8396943812489707,2
-0.7918585443747863,2
-0.7815728069017805,1
-0.7884362298533569,2
-0.7581962837806235,2
-0.7529876363635958,1
-0.7623923520667899,1
-0.7668474720903526,0
-0.8043544465551955,0
-0.8788299406239036,0
-0.922397351621554,0
-0.9777242748672688,0
-1.0,0
-1.0,1
-1.0,1
-1.0,1
-1.0,1
-1.0,1
-1.0,1
-1.0,1
-1.0,1
-1.0,1
-1.0,1
-1.0,1
-1.0,1
-0.9867004084428369,2
-0.9653297341765734,2
-0.9251479140012185,2
-0.8596896180572209,2
-0.7814152986907382,2
-0.6978081654659328,2
-0.5961466211553249,2
-0.48547561105141446,2
-0.3806022414260398,2
-0.2659531797127471,2
-0.1273181037623402,2
-0.02933162112778187,2
0.0905868373918135,2
0.19654643437676245,2
0.32992707007745836,2
0.41544359469083014,2
0.4887526628823249,2
0.5536971459257296,2
0.6161330371160116,2
0.6909276910184374,2
0.7215589263403848,2
0.7643056900214977,2
0.7782189377288702,2
0.7933307898760005,2
0.8348818855282849,2
0.9070055140519495,2
0.9558046493365129,2
0.9893170400066038,2
1.0,1
1.0,0
0.9825715548315566,1
0.997884742901856,2
1.0,1
1.0,1
1.0,1
1.0,1
1.0,1
1.0,0
0.9834141288178451,0
0.9683254999155066,0
0.955347682766031,1
0.9730919178530222,2
0.9840875774188447,1
0.9841973264777142,2
1.0,2
1.0,0
0.9702116146638686,0
0.9726720282677528,1
0.9799175003169598,2
0.9912281721242877,2
1.0,1
1.0,1
1.0,1
0.9982081453182945,1
0.9980148280646743,1
1.0,1
1.0,1
1.0,0
0.9792481441955732,1
0.9882776272759606,1
0.9771100723768393,1
0.9870787873281233,2
1.0,1
1.0,1
1.0,1
1.0,1
1.0,1
1.0,1
1.0,1
0.9983290573005414,1
1.0,1
0.9992700695531918,1
0.9905834668904621,0
0.9762136998172455,0
0.9666840259756939,0
0.9303160880433385,0
0.8886950288588233,0
0.8555223604074733,0
0.8266639144711345,0
0.7714371257026704,0
0.7539420598386302,0
0.7491730075168028,0
0.6994351631275417,0
0.6832596193956151,0
0.6514716932556812,0
0.6391384954842569,0
0.6022459331669978,0
0.5864325571855775,0
0.5771886410236304,0
0.5469653760211217,1
0.5644677257007948,2
0.5788217510621061,1
0.5800668635760937,2
0.6204852848714626,2
0.60744263532893,1
0.6270684182146473,2
0.6949699854526641,2
0.717306223799415,2
0.7519437791126382,2
0.8231765969477318,2
0.875388464052197,2
0.9372084064905022,2
1.0,2
1.0,1
1.0,1
1.0,1
1.0,1
1.0,1
1.0,1
1.0,1
1.0,1
1.0,1
1.0,1
1.0,1
1.0,1
1.0,1
1.0,1
1.0,1
1.0,1
1.0,1
1.0,1
1.0,1
1.0,1
1.0,1
1.0,1
1.0,1
1.0,1
1.0,1
1.0,1
1.0,1
1.0,1
0.9926433234961256,0
0.9799029613748658,1
0.9843668427522294,2
0.997054553779056,1
0.9994022615215739,1
1.0,1
1.0,1
0.9961300999827354,1
1.0,1
1.0,1
0.9968287492074634,1
1.0,1
0.9864565329356685,1
0.994649441568652,1
0.981006521033303,0
0.9552712303673128,0
0.9501965134112347,1
0.9483843014206796,0
0.9312211807547595,0
0.9237368613493246,0
0.9078950569844522,0
0.895962336843793,1
0.9059227802504959,1
0.8893099043985162,0
0.8645835806721911,0
0.8703284087135399,1
0.8629326794787147,0
0.8351892860786785,0
0.8112978673651552,0
0.7919709987021799,0
0.7693320808961699,0
0.7637782021502548,0
0.7353439732381912,0
0.7197728940465484,0
0.6971139699000544,0
0.6821500407318986,0
0.6660334270876247,0
0.6147277447274091,0
0.571928614062903,0
0.5552045375000421,0
0.5334104852147328,0
0.5276731115150533,1
0.5221490811445848,0
0.4996373775305909,0
0.5036103904621263,1
0.5033209806261716,1
0.5019100186490815,1
0.48783368737913557,0
0.46654815619271717,0
0.4595582982565227,0
0.43183628971033095,1
0.4571009177444605,2
0.4699127975693307,1
0.46457113923181304,1
0.45877677834700603,1
0.47832369882763404,1
0.4467320286909269,0
0.4414956025423795,0
0.41288439428756263,0
0.41742410921461115,1
0.41060521784938864,1
0.4121561650700003,1
0.4098121269632742,0
0.3942341116422612,1
0.40305888471494433,1
0.3904698728333136,0
0.37024406655417064,0
0.36219519090952756,1
0.3562881045375079,0
0.32728095020318326,0
0.3331129280470113,1
0.3342416424571437,0
0.2905560146663635,0
0.27481544392641033,0
0.2731937718072388,0
0.2490428414932,0
0.21732841468020747,0
0.19065905905299774,1
0.20522271551931603,1
0.19837527037439884,1
0.19982904045085914,1
0.20697845448045715,2
0.2281336253492714,2
0.24481677677049984,2
0.25227695202199674,2
0.27409047484529236,1
0.2509931153040339,1
0.26477662111814704,2
0.2708730913242756,2
0.2855282723597039,2
0.31218940742746604,2
0.323704324723473,2
0.34124575471301033,2
0.3458163205620548,0
0.3228340839621946,0
0.3001820941690092,1
0.30857808908035156,2
0.3188111357714509,2
0.3250335274940199,1
0.3343432232932948,2
0.3484220122045665,2
0.3775862900689462,2
0.3832612547258061,1
0.379517720291108,1
0.3758573795229878,0
0.3457329914744234,0
0.32687164759542386,0
0.29368707478980904,0
0.273915111258884,0
0.23916673780498066,0
0.19369232696543048,0
0.1239233769424053,0
0.08483162922210008,0
0.029754947638787055,0
-0.06076734125184169,0
-0.1384903317151861,0
-0.2088163816722437,0
-0.3302729862549163,0
-0.4576451899314198,0
-0.5556035108726377,0
-0.6835743341297991,0
-0.8187077881353314,0
-0.9841847104944957,0
-1.0,1
-0.9932077456842313,1
-1.0,1
-1.0,1
-0.989571313447859,2
-0.9704072096492207,2
-0.8748055351421093,2
-0.8048617219186405,2
-0.7195011950239525,2
-0.621168134236799,2
-0.5287132482706266,2
-0.41131831727481094,2
-0.3352058170807083,2
-0.19345446157149493,2
-0.060641692380258294,2
0.08099574656264963,2
0.22781785341799976,2
0.3296491731643265,2
0.4207757847221367,2
0.43170456756638154,2
0.4629330349796963,2
0.5323719670228306,2
0.6334123990831473,2
0.8292439652059354,2
0.7855513243131005,0
0.7707338084599011,0
0.7327085280613939,0
0.6977418629400025,0
0.6667369418824498,0
0.6707891988242327,1
0.6763609445724024,2
0.723769813441993,2
0.7439636568870505,2
0.7982068103034947,2
0.9087459323025426,2
0.9641571569371381,2
1.0,2
1.0,1
1.0,1
1.0,1
1.0,1
1.0,1
1.0,1
1.0,1
1.0,1
1.0,1
1.0,1
1.0,1
1.0,1
1.0,1
1.0,1
1.0,1
1.0,1
1.0,1
1.0,1
1.0,1
0.9971062597994333,1
0.9965611964223224,1
0.9976175085529624,1
0.9961345992646271,1
0.9847949292938589,0
0.96631570387185,0
0.9539279018251161,0
0.9254479983695367,0
0.9116370284828099,0
0.8830373001290259,0
0.8469940391497004,0
0.8160771136583509,0
0.8111541695868436,1
0.8226723114992707,2
0.8519819821657293,2
0.8835021237299863,2
0.906926255939666,0
0.8392663125835771,0
0.872530904439329,1
0.8370580149500224,0
0.8111615537106955,0
0.7823859806087898,0
0.7566806484766813,0
0.7436960133491559,0
0.7231414542685897,0
0.6809996718277749,0
0.6668849548405054,0
0.6435440813477142,0
0.6124977331517063,0
0.6058228613917074,0
0.5920408994525717,0
0.5608117700956807,0
0.5655265533839879,1
0.5631831402749219,2
0.60720304274902,2
0.5940731067187281,1
0.6061131927051238,2
0.6578129290953216,2
0.7047467591873207,2
0.7244598048591508,2
0.8201191426362482,2
0.9220615987529148,2
1.0,2
1.0,1
1.0,1
1.0,1
1.0,1
1.0,1
1.0,1
1.0,1
1.0,1
1.0,1
1.0,1
1.0,1
1.0,1
1.0,1
1.0,1
1.0,1
1.0,1
1.0,1
0.9947118751272483,1
0.9998689672375993,1
0.9848869508851836,0
0.969139965704829,0
0.9547359071309689,0
0.9364331210659715,0
0.9277486521053349,0
0.9192638534866111,0
0.8896813121689686,0
0.8826825331574617,0
0.8738132370867784,1
0.8814417030166111,2
0.9018659558820781,2
0.9182713232166684,2
0.9473171335579196,2
0.9824207652708528,2
1.0,2
1.0,0
0.8849639192274694,0
0.8945233216199813,2
0.9541818812141947,2
0.999279143914646,2
1.0,1
1.0,1
1.0,1
1.0,1
1.0,1
1.0,1
1.0,1
1.0,1
1.0,1
1.0,1
0.9994050343792713,1
0.9847637118217689,0
0.948929590225071,0
0.8871277937334605,0
0.8082739430661694,0
0.719667664586487,0
0.6119165022805739,0
0.4939757972364509,0
0.3625054534846919,0
0.21452178537370736,0
0.06204701298151427,0
-0.0924222394130697,0
-0.2465459047059153,0
-0.40420327216274154,0
-0.5710392599741827,0
-0.7224735570073062,0
-0.874833311385703,0
-1.0,0
-1.0,1
-1.0,1
-1.0,1
-1.0,1
-1.0,1
-1.0,1
-1.0,1
-1.0,1
-0.9991190496463243,1
-0.9848649357449184,2
-0.9590313027663786,2
-0.9271214596985252,2
-0.8959284141912314,2
-0.8636953626422805,2
-0.8320598099764003,2
-0.7977625854601171,1
-0.8348893484006215,0
-0.9290673712257155,0
-0.9067042483935137,1
-0.9214195612281675,0
-0.9516897634610253,0
-0.959184434016772,1
-0.95976402238095,1
-0.9655387803752516,2
-0.9423635273240504,2
-0.9168061240639009,2
-0.9049477079403581,1
-0.9082848199440153,0
-0.9216630939079241,0
-0.9384002116873451,1
-0.9110266365540062,1
-0.9331763475465072,0
-0.9425460616421598,0
-0.9653378850106793,0
-0.9676187555972198,1
-0.9656497227901829,1
-0.9618337511724052,2
-0.9436424706642188,2
-0.9267765265730608,2
-0.8604724419717151,2
-0.8465578118599932,2
-0.8133215787549459,2
-0.7319860870778017,2
-0.6542075546208307,2
-0.5801982750962117,2
-0.4793247858887194,2
-0.4041241834694608,2
-0.3414418388336994,2
-0.30628406467140123,2
-0.24100362069761105,2
-0.21155506403088686,2
-0.17201967829079567,2
-0.12437777892830915,2
-0.08543868588610526,2
-0.05980237988897319,2
-0.03609377284187876,2
-0.0034281410998482365,2
0.028191692249429412,2
0.061989930856178876,2
0.09332216480939803,2
0.10467890004937863,1
0.10794877900412936,1
0.10562923779290467,1
0.09868454160480189,0
0.07989666122083872,0
0.04334127168378554,0
-0.01839971913783356,0
-0.08257465650436291,0
-0.15930263545483025,0
-0.234260637991194,0
-0.29618443037568676,0
-0.36230496799581013,0
-0.43234202884451856,0
-0.4960441661927891,0
-0.5741543975277628,0
-0.6438871341681793,0
-0.7108448226704426,0
-0.7823637997703596,0
-0.8485663538873529,0
-0.9027204183933263,0
-1.0,0
-1.0,1
-1.0,1
-1.0,1
-1.0,1
-1.0,1
-1.0,1
-1.0,1
-0.9958216440512848,1
-1.0,2
-0.9731740350755157,2
-0.9265524356016945,2
-0.9007868585380949,2
-0.8606488356460592,2
-0.8155138950783285,2
-0.7983800015686283,2
-0.7805175034779903,2
-0.7744868290775038,2
-0.7455904508474898,2
-0.7478697436724382,1
-0.742029386255953,1
-0.7499595561931337,0
-0.7724905630573509,0
-0.8030370526699461,0
-0.8282681521410845,0
-0.8472301978164666,0
-0.8652172799418387,0
-0.8798140060745722,0
-0.8921749389502438,0
-0.9081149864000897,0
-0.9101014404486442,1
-0.9087840242232148,1
-0.9061510518289873,1
-0.9010842048402024,1
-0.8958931351102113,1
-0.8968649135725415,2
-0.8795841032477899,2
-0.8655502127921009,2
-0.8426570368250385,2
-0.8070853181264489,2
-0.7853304112483278,2
-0.7619572680659045,2
-0.7371655948732115,2
-0.715125215976443,2
-0.6898300474078104,2
-0.6667499435283324,2
-0.6519700787435329,2
-0.6371407668770545,2
-0.6250151830255787,2
-0.6180490055887686,1
-0.6175143922951496,1
-0.6221341370665303,1
-0.6201854075987111,1
-0.619983933841298,1
-0.6103472457800108,2
-0.5978191669866277,2
-0.5851358113353935,2
-0.5732143052868302,2
-0.5536764792617969,2
-0.5316346292411065,2
-0.4970769535984415,2
-0.45943323628514465,2
-0.410421576777767,2
-0.40101006696622854,2
-0.3905963027535979,2
-0.3713519804773622,2
-0.34730866017244755,2
-0.3163153883359072,2
-0.28631100292445233,2
-0.2564598827511384,2
-0.23012048537506102,2
-0.20503597815446428,2
-0.17582838677325774,2
-0.14004050450982863,2
-0.11672594476108578,2
-0.08233277089685076,2
-0.05610432508768526,2
-0.038578345709324724,2
-0.021879514525130483,2
-0.006685910785160565,2
-0.0009070164096298683,1
0.006744737920059141,1
0.0038352865952220316,1
0.0050068053852494465,1
0.00029205762867001717,1
-0.004145087325101771,1
-0.011933791668456317,1
-0.016276168582425865,1
-0.021890416294634396,1
-0.02828919077382286,1
-0.03079563151678799,1
-0.026271470646184403,1
-0.028369607959366827,1
-0.02570633505901676,2
-0.0005391108009428214,2
0.0019874671627502227,1
0.009855941295112247,2
0.020441832581574504,2
0.031020741134949903,2
0.04197194983024399,2
0.0567461806300702,2
0.06821843401997607,2
0.08079709917998024,2
0.12271889033472139,2
0.11835891449350844,1
0.11107655603219824,1
0.11601311404129966,1
0.12485430354823057,2
0.13297686210602988,2
0.1496743874068478,2
0.16731989531650382,2
0.18874364406667277,2
0.20924585642580662,2
0.22042649441294038,2
0.24059500089045294,2
0.2629137261382275,2
0.2822069927016049,2
0.30354961864559327,2
0.31875305671324106,2
0.32378077841312436,1
0.33291537856589937,2
0.34399988995090536,2
0.3534462884746883,1
0.35558885354843106,2
0.37145790674996193,1
0.37134228893735277,1
0.3736487881223425,1
0.3723886286858493,1
0.3709469583914742,1
0.36526550204659936,1
0.3577283771061137,0
0.34197323217567965,0
0.33736339224777234,1
0.341336190928077,2
0.36034600491325364,2
0.40261382798494294,2
0.4529270966760739,2
0.5266165355052741,2
0.6130346144685503,2
0.6987807396208263,2
0.7777691376694051,2
0.7607244833001323,0
0.7543522109545326,2
0.7788339539905931,2
0.7728682444270873,1
0.7903167205878352,2
0.8200357519032229,2
0.8541860547474138,2
0.8908490144059273,2
0.9283118205584688,2
0.9664016010663092,2
1.0,2
1.0,0
0.9555840817667003,0
0.9505812308319395,1
0.9538234254078435,1
0.9498165042470592,1
0.9381521216446589,0
0.9283911258214108,0
0.9202679462552938,0
0.9053612979516288,0
0.8917018407973121,0
0.866270909173638,0
0.8388536458176563,0
0.8080823276899476,0
0.7742616494017192,0
0.73057712526741,0
0.6660866417832576,0
0.604548254253106,0
0.53639884581886,0
0.48220225774407965,0
0.4278945839381272,0
0.3764640630494347,0
0.3234800405366163,0
0.2740761681838859,0
0.2401908987375756,0
0.21018692980052367,0
0.19406623907095,1
0.1965574405062791,1
0.19808194940855817,1
0.19373073511063965,0
0.16635444573253366,0
0.13039506057566963,0
0.09307761951460036,0
0.027730790973424124,0
-0.07336866786485507,0
-0.16344873786184322,0
-0.27697751177612284,0
-0.4562684746507245,0
-0.6365028922570315,0
-0.8252567893795478,0
-1.0,0
-1.0,1
-1.0,1
-0.9968794668084039,2
-0.9651514175821043,2
-0.9138805875872635,2
-0.8696745273252804,2
-0.8198491129890552,2
-0.7660087498990549,2
-0.721575183745263,2
-0.6955033559132655,2
-0.6860023731015346,2
-0.6769513095977417,2
-0.6661455589564445,2
-0.6586467271660368,1
-0.652265246457318,2
-0.6265035165492588,2
-0.6063021404098987,2
-0.5759392550925708,2
-0.5550628124013945,2
-0.5273443439715095,2
-0.5010899478692519,2
-0.4643236167703645,2
-0.4289856634439223,2
-0.42608501973151514,1
-0.419464263504046,2
-0.40283064539099767,2
-0.4015005201284404,1
-0.3958910624056984,1
-0.4030629971367875,1
-0.3910028472120738,2
-0.3732095902672131,2
-0.3362003315495512,2
-0.2772724278384491,2
-0.19111344838516253,2
-0.09463398583386906,2
0.02323183862704714,2
0.15349030103833972,2
0.27830966884678765,2
0.39711110518781667,2
0.5159333889331443,2
0.6347313778176857,2
0.7171864955515588,2
0.7968534395613771,2
0.8545215550426204,2
0.8837121582307153,1
0.8466597433397234,0
0.8183530270662569,0
0.7714911134915434,0
0.7360668740547871,0
0.7050446666197219,0
0.6992575022225116,1
0.6979940592689955,1
0.7094783317895026,2
0.7201932521845382,1
0.7053240207878639,1
0.7110628368379306,1
0.7191419799758219,1
0.7232601399097742,1
0.7104221740128409,0
0.6955998899421834,0
0.6830973269294773,0
0.6704538406060394,0
0.6656704711172436,1
0.6681492421806536,1
0.6726845941986315,1
0.6600552020428117,1
0.6599564379240852,1
0.6563146251741725,1
0.6726060084572592,2
0.6816716751138738,2
0.6921196012856017,1
0.6957175940825078,1
0.6987176919296665,2
0.7211127890525499,2
0.741036786620981,2
0.7481020732099466,2
0.7587665647152242,2
0.7765088155706112,2
0.7992672599148958,2
0.8182386916733653,2
0.8264207180370502,2
0.8497312145554359,2
0.8623242300109553,1
0.8564198048677454,1
0.8605702014058518,2
0.8767553091029954,1
0.8761072817342535,1
0.879982275298639,2
0.8929865586701855,2
0.9056060702163167,1
0.9078377420811834,1
0.9117859927841099,1
0.9076654217295232,1
0.9099917202406067,1
0.9074865081829211,1
0.9142196976678518,1
0.910759532292289,1
0.9087259448755087,1
0.9042413129707827,1
0.9039941455577287,1
0.9020975512463392,1
0.8988773330401054,1
0.8933441365180594,0
0.882549817054779,1
0.8894846066587982,1
0.8950351375377785,1
0.9038897747308492,1
0.9046695977839005,1
0.9098256152804356,1
0.9137471416364962,2
0.9760684415834742,2
0.9859824854729304,1
0.991211474735912,1
0.9897558151791273,1
0.9903672333227453,1
0.9784768958359482,1
0.9770240509737453,1
0.987693801933369,1
0.9905016683382426,1
0.9876463774708191,1
0.9969593559645422,1
0.9954562345924789,1
0.9904313024312694,1
0.9854694959463546,1
0.9746834255014731,0
0.9629088582973082,1
0.9610788852346506,1
0.9585643745977286,1
0.9568517732055606,1
0.9506839884396039,1
0.9484911446942139,1
0.9482790926657643,0
0.9310270285845454,0
0.9161479412729641,0
0.907788631391687,0
0.8910495932542122,0
0.8798018364359808,0
0.8694893744115906,1
0.8765544284864835,1
0.8716901027491628,1
0.8662567514318444,1
0.8665846009311744,1
0.8652925093094015,1
0.8646493930323345,1
0.8641026373470087,1
0.865048818315709,1
0.8764146373859509,2
0.8847492032419069,2
0.9034341097906142,2
0.9081428426171443,2
0.9276612729064229,2
0.952788349106851,0
0.9107055794564092,2
0.9696617864230563,2
1.0,2
1.0,1
1.0,1
1.0,1
1.0,1
1.0,1
1.0,1
0.9871825101798508,0
0.9578598286421975,0
0.9404606255025825,0
0.9278197150803935,1
0.9262628343085126,1
0.9293248666253224,1
0.9397074900676614,2
0.9561906604514714,2
0.9724729058835977,2
0.9740097189277164,1
0.9834154542738105,2
1.0,2
1.0,1
1.0,1
1.0,1
1.0,1
1.0,1
1.0,1
1.0,1
1.0,1
1.0,1
1.0,1
1.0,1
1.0,1
1.0,1
1.0,1
1.0,1
1.0,1
1.0,1
1.0,1
1.0,1
1.0,1
1.0,1
0.9911154248198406,1
1.0,1
0.9988095447756655,1
0.9952035165341186,0
0.9765569568650381,0
0.9757710207997321,0
0.9441834870601868,0
0.8999305200208214,2
1.0,2
1.0,1
1.0,1
1.0,1
1.0,1
1.0,1
1.0,1
1.0,0
0.9467828252742356,0
0.9536342017295028,2
0.9776735890160266,2
0.9874742475153213,2
0.9957567093088826,1
1.0,1
1.0,1
1.0,1
0.9962278470672283,1
1.0,1
1.0,1
1.0,1
1.0,1
1.0,1
0.9901874012970795,1
0.9990497791782424,1
1.0,1
0.9993630445222395,1
1.0,1
1.0,1
0.9893231042084654,0
0.9543753127224828,0
0.95519065469604,1
0.9622093310328832,1
0.9679199811203354,1
0.970081707824265,2
0.9910034882952736,2
1.0,1
1.0,1
0.9931568570011102,1
0.99054825151711,1
0.9890442331109262,1
0.984866413682929,1
0.9913819704299214,1
1.0,1
0.9984040757020378,1
0.9948554057144681,1
1.0,1
1.0,1
0.9910752270068042,1
0.9943799932431043,1
0.9916303698301818,1
1.0,1
1.0,1
1.0,1
1.0,1
1.0,1
0.9993185877878403,1
0.9951374937285766,1
0.9981565161995101,1
0.9977078678323341,1
0.9963178680541487,1
0.9952492831625652,1
0.9985963789364913,1
1.0,1
0.9958819243061117,1
0.9891178858200782,1
0.9927338771416268,1
0.999850917529465,1
0.9967276193731538,1
1.0,1
1.0,1
1.0,1
1.0,1
1.0,1
0.9952549323873985,1
0.992455338245865,1
1.0,1
1.0,0
0.9839267120490416,0
0.9746850221266885,1
0.9810132714804756,1
0.9832881856793161,1
0.9799820278754303,1
0.9684074953531505,1
0.9803553061522281,1
0.9747090199475417,1
0.9721110739804835,0
0.9510305670119898,0
0.9403517728625335,0
0.9309631291363827,0
0.898489815724347,0
0.868970287098678,0
0.830014275256652,0
0.8041011248224461,0
0.7608310386671229,0
0.7006670656280927,0
0.6534568759588206,0
0.5954764743737382,0
0.5448970490364127,0
0.49043683326204035,0
0.44437464266772553,0
0.3777926938729417,0
0.33907718142221666,0
0.28395952053666185,0
0.21630425921537455,0
0.16647267052275172,0
0.10570142713730268,0
0.0867508067722722,0
0.056842469160986564,0
0.04370612294022114,1
0.04928076419481742,1
0.04798976092588347,2
0.07068298621206126,2
0.07419265346053061,1
0.07650594138879763,2
0.09703444358886815,2
0.0954471262986818,1
0.09843374763773083,2
0.12884095805131568,2
0.14526896027098846,2
0.18982903161303732,2
0.21826979390683654,2
0.2127992670920762,1
0.21689937337358,2
0.23288089301687842,2
0.23324186154587778,1
0.23309391194566897,0
0.20895643511446904,0
0.17447314801561586,0
0.13123305378837702,0
0.060734689513403994,0
0.010625051885186254,0
-0.0548336831941485,0
-0.09300658464370037,0
-0.15407950793899616,0
-0.14673537358468525,2
-0.10814826504476782,2
-0.09640029010520412,2
-0.06977314388175393,0
-0.14133773583369635,0
-0.15171639140584736,1
-0.14642783225617229,2
-0.11202325836262339,1
-0.14739699435568743,0
-0.16513840654956313,1
-0.15418350884227217,1
-0.16898903395253773,1
-0.16455522091214891,2
-0.1486186981944888,2
-0.10902676987975457,2
-0.09203436473444482,2
-0.07068608222026129,1
-0.10205258496429193,1
-0.08002675765272471,2
-0.02564104648333665,2
-0.05357346340722968,1
-0.036130445530416555,2
-0.03693824220401365,1
-0.04995265711550145,1
-0.051671786014269916,1
-0.041444682907117114,0
-0.07144346260373413,0
-0.10889691953187008,0
-0.10638499740869656,1
-0.12073125244470417,1
-0.1196337873504083,0
-0.14560407238269213,0
-0.15943619486242722,0
-0.16387586434055457,1
-0.15714175419906506,2
-0.14098805361620204,0
-0.18262961762058727,0
-0.19549699481254967,0
-0.2497558034396683,0
-0.289837361288542,0
-0.2772417306425722,1
-0.3026255198769826,0
-0.35762463903641784,0
-0.4157181216600151,0
-0.47571239047952907,0
-0.4520007905015718,1
-0.4849306389417094,0
-0.4974444361532637,1
-0.5001525293540818,1
-0.5117007292543019,0
-0.5339452426106923,0
-0.5903862304532601,0
-0.6214017288742815,0
-0.656172672894886,0
-0.7043502760485287,0
-0.7750041135843974,0
-0.791623626215467,0
-0.8431083440933518,0
-0.8869810541839606,0
-0.9004254765677442,2
-0.8664458469720502,2
-0.8324957443994369,2
-0.8369697690340901,2
-0.7675553809309839,2
-0.750170800117733,2
-0.7304798992782846,2
-0.698350972563091,2
-0.627528473537563,2
-0.5882246173235404,2
-0.585497603323857,2
-0.4853649946721367,2
-0.44582639127966706,2
-0.43386693821865296,2
-0.3520589665717241,2
-0.2927673037940569,2
-0.2254560232034719,2
-0.18121228133973732,2
-0.09791755797593094,2
-0.02924630089690794,2
0.04516238484271207,2
0.08335849291958608,2
0.16014084771945036,2
0.25698361715894147,2
0.29346777488030695,2
0.3629153821085431,2
0.3715069721454376,2
0.40784085054044117,2
0.47506400055699993,2
0.4918411963052971,2
0.5613526955065069,2
0.573984767297699,2
0.5847822463088661,2
0.7048285480993608,2
0.7480294236109883,2
0.806873873267822,2
0.8497130293517177,2
0.9218624329157667,2
0.9806679023037224,2
1.0,2
1.0,1
1.0,1
1.0,1
1.0,1
1.0,1
1.0,1
1.0,1
1.0,1
1.0,1
1.0,1
1.0,1
1.0,1
1.0,1
1.0,1
1.0,1
1.0,1
1.0,1
1.0,1
1.0,1
1.0,1
1.0,1
0.9880665933636246,1
1.0,1
1.0,1
1.0,1
1.0,1
1.0,1
1.0,1
1.0,1
0.9983303706453124,1
1.0,1
1.0,1
1.0,1
1.0,1
1.0,1
1.0,1
1.0,1
1.0,1
0.9930225660763856,1
1.0,1
1.0,1
1.0,1
1.0,0
0.9813716142227622,0
0.9825481626087806,1
0.9913748629398293,1
0.99400978383516,1
0.9979497288738473,1
0.9955724994797228,0
0.9818172925072164,0
0.964796731349602,1
0.971912225404872,1
0.9596470845145917,0
0.9450679755279991,1
0.9604264967260245,1
0.9528909822867375,1
0.9451218636630354,1
0.9470320558416394,2
0.9658563266257452,2
0.9747605896270082,2
0.993249067610046,1
0.9867381878586041,1
0.9871170861337812,1
0.9913868990473389,1
1.0,1
1.0,1
1.0,1
1.0,1
1.0,1
1.0,1
1.0,1
1.0,1
1.0,1
1.0,0
0.9728389919212039,0
0.9548647813115423,0
0.9107163765388184,0
0.8444404165114052,0
0.8154680221374659,0
0.7743773745595497,0
0.7365916435840818,0
0.6894828661442625,0
0.6887509117652832,2
0.7107202735778453,2
0.7542554910946986,2
0.8410268875613816,2
0.9779048709469349,2
1.0,2
1.0,1
1.0,1
1.0,1
1.0,1
1.0,1
1.0,1
1.0,1
1.0,1
1.0,1
0.9988154194122656,0
0.9382828842278801,0
0.8372483669562227,0
0.6986715757314685,0
0.6214563930035704,0
0.5727594698834,0
0.5576156731656581,0
0.4971317478028776,0
0.46905374556956936,0
0.4586488323061422,1
0.4637306543199051,1
0.4716026764401793,2
0.4867805073404403,2
0.5109969466383459,2
0.5378924795060378,2
0.5779752500689508,2
0.5931514159571603,1
0.5821219351272215,0
0.549746706405166,0
0.504822742970529,0
0.4583746639099353,0
0.39056822760362686,0
0.2939155240163025,0
0.15708099268460485,0
-0.0010606697496092776,0
-0.19543590841129543,0
-0.4633114995205645,0
-0.7615381497064231,0
-1.0,0
-1.0,1
-1.0,1
-1.0,1
-1.0,1
-1.0,1
-1.0,1
-1.0,1
-1.0,1
-1.0,1
-1.0,1
-1.0,1
-1.0,1
-1.0,1
-1.0,1
-1.0,1
-0.9899822476828225,2
-0.9629026387381067,2
-0.9239350976329428,2
-0.8923828984621076,2
-0.8594141322684838,2
-0.8335356737152761,2
-0.8270707896611047,1
-0.822955216858994,1
-0.8185751193076785,2
-0.7963504869716721,2
-0.7874484195924376,1
-0.7816993103918481,1
-0.7926397235074906,1
-0.7943264546178079,1
-0.8008931720048753,1
-0.807511470432297,1
-0.8113474246985156,1
-0.8129476456351398,1
-0.8120078258013639,1
-0.8142718319814229,1
-0.8162313479394532,1
-0.8215732608943765,1
-0.8245025244235051,1
-0.8263797789752928,1
-0.8257404837277935,1
-0.8246508092746858,1
-0.8273108163504963,1
-0.8255365348262897,1
-0.8247828481006844,1
-0.822901420940289,1
-0.8235841007446679,1
-0.8274281565198044,1
-0.8247558045435439,1
-0.8180170093867702,1
-0.823238632585197,1
-0.8253574522350042,1
-0.8265210903644179,1
-0.8268595295106773,1
-0.8238695270643253,1
-0.8250039542455266,1
-0.8242222688412916,1
-0.8192182368331078,1
-0.81956337974952,1
-0.8175331346260435,1
-0.8214669942208342,1
-0.8209814502374669,1
-0.8211924021685773,1
-0.8207700700248634,1
-0.8209055539185227,1
-0.8202626854773092,1
-0.8209571268949997,1
-0.8191112005072585,1
-0.8190213509922986,1
-0.8118275873876383,1
-0.8117742376701546,1
-0.80927604215202,1
-0.8082840768064654,1
-0.8087855818913434,1
-0.8058059343596742,1
-0.8027542459384871,1
-0.80007008396565,1
-0.7981705462323998,1
-0.7947090596210769,1
-0.7911285743696419,1
-0.7882382934162699,1
-0.7843332021524159,1
-0.7850111144132256,1
-0.785035151040049,1
-0.7862760644114576,1
-0.7887307920459786,1
-0.7870016969072773,1
-0.7880087157201319,1
-0.7869939484169961,1
-0.7871819012735203,1
-0.7871946242802257,1
-0.7860240135847427,1
-0.7861657604232524,1
-0.7882310000870737,1
-0.7884483126255505,1
-0.790151772697713,1
-0.788019147689644,1
-0.7854608628444171,1
-0.7874434880833593,1
-0.7927746348658478,1
-0.7911412373452592,1
-0.7919784595697505,1
-0.798003517345988,1
-0.7991357251689071,1
-0.7986843254348028,1
-0.8018549220014766,1
-0.8039454132496632,1
-0.8089731539536523,1
-0.8143993872915372,1
-0.8177985598415675,1
-0.8204714243220418,1
-0.8259373579207799,1
-0.8339729025286723,1
-0.838798557982844,1
-0.8448211311888283,1
-0.8482657024731377,1
-0.8509927078270761,1
-0.8541236229486106,1
-0.8545949153724948,1
-0.8560385402882058,1
-0.8587989345748825,1
-0.8600949847595094,1
-0.8549534305286741,1
-0.846986437584833,1
-0.8461517387526103,1
-0.8390228906111326,1
-0.8343307312244952,1
-0.8262801678196909,1
-0.8215901139321442,1
-0.8158074718051207,1
-0.807841913854578,1
-0.8036876304952246,2
-0.7911001461541176,2
-0.7831280428846049,1
-0.7796610334088131,1
-0.7728464848060745,1
-0.7685800113703583,1
-0.7599206496089803,1
-0.7556854585070398,1
-0.7503385702833243,1
-0.7426098617748021,1
-0.7378630255151506,1
-0.7310838817223286,1
-0.7277065511752157,1
-0.719945191674072,1
-0.713389738813246,1
-0.7067841582322096,2
-0.6927321146883891,2
-0.6746508210305153,2
-0.6503229506994794,2
-0.6294237892196273,2
-0.595255774243169,2
-0.5375688289012759,2
-0.45950009448210016,2
-0.3678309112271029,2
-0.2314407715469241,2
-0.034926501061103954,2
0.263952815422011,2
0.7859605724201046,2
0.8779182468953239,2
0.8599030337809168,1
0.8781418122186875,2
0.9033209882234585,2
0.9276437192914049,2
0.9988192349972491,2
1.0,1
1.0,1
1.0,1
1.0,1
1.0,1
1.0,1
1.0,1
1.0,1
1.0,1
1.0,1
1.0,1
1.0,1
1.0,1
1.0,0
0.9749405571844072,0
0.9758654758717147,2
1.0,1
0.9627070867907068,0
0.9103956259491908,0
0.8819403925316647,0
0.8538150282731429,0
0.8509005239025578,0
0.8342186022370728,0
0.8230644381608625,0
0.8097120521603396,0
0.8036667839379921,0
0.7845674929952431,0
0.7484395452546533,0
0.7287994501853121,0
0.6778730647893685,0
0.6614460679993817,0
0.646907639077134,0
0.6328587746121306,0
0.6045632966568426,0
0.5843373947924118,0
0.5869771201690401,1
0.5944061502563989,2
0.6184417165231046,2
0.6256020943166964,2
0.6354571773513076,1
0.6403937033585823,2
0.6576827098188369,2
0.6719673870634937,2
0.6855576715288392,2
0.7185701470998143,2
0.7757906490300783,2
0.793488369565202,2
0.8223725622420199,2
0.8713876277526666,2
0.8988177268539463,1
0.8775210763374839,0
0.8746304370183771,2
0.9113836691623192,2
0.942764226442256,2
0.9349421048641489,0
0.8920154251058277,0
0.9089648158398389,2
0.9463550342842248,2
0.9699212010594529,2
0.9877391292572222,2
0.9872776112491304,0
0.9689261587681999,0
0.9215049678488865,0
0.8626047974699669,0
0.8488977747990349,0
0.8200874835631335,0
0.7985242062740812,0
0.7824485471620948,0
0.7647459232613534,0
0.7523417218270634,1
0.7725847202934977,2
0.7828789904666074,2
0.7926993989852498,2
0.8002084471863833,1
0.8059689491915496,2
0.8231358528233041,2
0.8500117011450401,2
0.8603173022039332,2
0.8973130153036795,2
0.915923483811792,2
0.9251210646235564,1
0.9211516347317117,0
0.9001734021604759,0
0.8800928063720739,0
0.8634653932863487,0
0.8552640079090816,0
0.838188493386216,0
0.79756029885041,0
0.7534276217785845,0
0.7105663102011814,0
0.706914054865325,0
0.6768230125517305,0
0.6482557938842515,0
0.5883850479055084,0
0.5451316074612773,0
0.49451773391168774,0
0.39623012104509714,0
0.3166590658650319,0
0.2264920381299953,0
0.13167649946061344,0
0.06447214349108954,0
0.021002764440327004,0
-0.04485813954105111,0
-0.11489512671086277,0
-0.15154638088274208,0
-0.16192270471813452,0
-0.17013602005439998,0
-0.18881856615062442,2
-0.14089383207852602,1
-0.17583246119184892,0
-0.18719603320983358,0
-0.2187843817259011,0
-0.20324811221109207,1
-0.21262140301094623,1
-0.19533566630112142,0
-0.2337887536389387,0
-0.35326806217258033,0
-0.40351371179683826,0
-0.4184044321023125,0
-0.42053694923110185,2
-0.3637015566173817,2
-0.2683969326989971,2
-0.23041754976565243,2
-0.2386446000391469,1
-0.2217889307505615,2
-0.18249891761034076,2
-0.18254886774952372,0
-0.2199282276564406,0
-0.289670876479009,0
-0.34908344299336236,0
-0.438880019843355,0
-0.4462927309611171,0
-0.4886702288272996,0
-0.5110984626757284,0
-0.6042549199312108,0
-0.629867535562052,0
-0.7249430171004225,0
-0.7029993375738179,2
-0.6809850305525618,2
-0.6851031554516074,1
-0.6892053149468024,2
-0.64647688887405,2
-0.6270524982953034,2
-0.5804475686083685,2
-0.5437693919786535,2
-0.5498865407787965,1
-0.5426094061445395,2
-0.513751498558113,2
-0.5107622744203881,2
-0.46636528241638964,2
-0.42814172373356674,2
-0.448921102452044,1
-0.43653800728786996,2
-0.4311225940816027,1
-0.4330183520246069,2
-0.3524834871769722,2
-0.34866252590828906,1
-0.3608788214369937,0
-0.3654765470676953,2
-0.3412898232295807,2
-0.32999634530331,1
-0.33784528303394723,1
-0.335671140227482,1
-0.35067703193615074,0
-0.4730785535064479,0
-0.46107740258205887,1
-0.4748299056050993,1
-0.4524684820628174,2
-0.4489384333264598,2
-0.40638106307871213,2
-0.28666935047940356,2
-0.33165225225011186,0
-0.37032518209235077,0
-0.4207794893257175,0
-0.43069889749232915,0
-0.5725196891819665,0
-0.6202320312992228,0
-0.645500910889156,0
-0.7141145291443681,0
-0.729673397968586,1
-0.7291978404924853,0
-0.7708367857854797,0
-0.8529296029103763,0
-0.9254998447137878,0
-0.975071190580869,0
-1.0,0
-1.0,1
-1.0,1
-1.0,2
-0.9737554698087758,2
-0.9501107867588309,2
-0.9210528598142124,2
-0.8717761186105053,2
-0.8163841258807432,2
-0.7477906546550996,2
-0.7289896896957406,2
-0.6394378986265237,2
-0.5459880599460798,2
-0.43437114402373633,2
-0.4121018891755932,1
-0.43100057855977403,2
-0.3604117403252146,2
-0.3298114577481893,2
-0.2761797518618512,2
-0.26912657560429776,2
-0.2509462222818438,1
-0.2577662384003847,2
-0.2299696868024096,1
-0.2534320657994068,0
-0.2537684146031247,2
-0.18680253656024381,2
-0.15987698577742193,1
-0.19836183062733048,0
-0.19215768980162662,2
-0.13066598992510414,2
-0.11076838346740825,2
-0.0564301398803827,0
-0.14230933959139658,0
-0.08971151345358619,2
0.06799536007450957,2
0.05787419461629062,1
0.08296262841796498,2
0.13213574764875569,2
0.1617388437898366,2
0.15656107550087084,2
0.31252836182430865,2
0.39279339595112206,2
0.5016002142238485,2
0.6046766499711653,2
0.6842442959669262,2
0.7957496967875022,2
0.8450422953773018,2
0.9680379071685672,2
1.0,2
1.0,0
0.9628249714037467,0
0.916273007304016,0
0.8853321830182996,0
0.8685815273304118,1
0.8823551518284092,2
0.9162157950962402,2
0.9435257544028093,1
0.9047876259468675,0
0.9155780900010049,2
0.9316289950313268,2
1.0,2
1.0,1
0.9916402082295519,0
0.9749673421423422,1
1.0,2
1.0,0
0.9821773678862673,0
0.9479741923148137,0
0.941926134464248,1
0.9582129424896695,2
0.9761062023934464,2
0.9850567221593063,1
0.9901730911059987,1
1.0,1
1.0,0
0.923655233840039,0
0.8925616685205282,2
0.9507269172255723,2
0.9726146387301438,1
0.9519180437259835,0
0.9118184910592435,0
0.8684929506916352,1
0.8960478772457465,2
0.953361534523659,2
0.9352737151864974,0
0.8642555921830286,0
0.8417959942935875,0
0.8131624246783906,0
0.7906361612927546,2
0.8716788613054032,2
0.8506239217565807,0
0.8475349833803378,0
0.8238625401963973,1
0.844388558654398,2
0.8460118051447338,0
0.7864340724877317,1
0.8439886590244765,2
0.8286073810434904,0
0.8036786083032359,0
0.7761379327630151,0
0.7599338143086785,1
0.7682546483800736,1
0.7535689474514609,0
0.7492969726700285,1
0.7570529002847413,1
0.752011355195416,0
0.678243082110958,0
0.6714366671913052,1
0.6834996992701552,1
0.6739039595391949,2
0.7066481843255374,2
0.717167548446852,2
0.7625539161089943,2
0.7850182902661902,1
0.7563202021416071,2
0.8025394606646201,2
0.8385691042359527,2
0.8370591657523361,1
0.8405316213156773,2
0.8559288305610988,1
0.855663117606716,2
0.8878002740939817,2
0.9194318307456821,2
0.9129707695447138,0
0.8548117751055886,0
0.8303500964592132,2
0.8860675623921535,1
0.8361401464931086,0
0.7785771120300085,0
0.7554786922177457,1
0.7788087999108386,2
0.8167340150239424,2
0.8232718854558874,2
0.8446394293956254,0
0.8033634213050018,0
0.8270043909069591,2
0.8440724692993911,2
0.8922099516307964,2
0.9633835133676418,2
0.9686153001576645,0
0.9344390662857078,2
1.0,2
0.9809184927762402,0
0.9096382595217976,0
0.8239578517124533,0
0.8752798462132958,1
0.8368046011933359,0
0.7309582043742535,0
0.753883122371831,0
0.6610147077731094,0
0.5776716610394146,0
0.4588074482004858,0
0.37900616470333004,0
0.2044640762384855,0
0.0263838326313921,0
-0.1668241335750923,0
-0.35342968603818914,0
-0.5685824795780154,0
-0.8087712642452348,0
-0.9358362008124873,0
-1.0,0
-1.0,1
-1.0,1
-1.0,1
-0.9959111222026784,1
-1.0,1
-1.0,2
-0.9651540374745643,2
-0.9423125790137314,2
-0.8818257462421983,2
-0.7543663139655314,2
-0.6957329761736288,2
-0.6428889035055856,2
-0.5703612207244311,2
-0.5030529441022439,2
-0.3973343979439974,2
-0.3983924321912645,2
-0.3041139163271229,2
-0.2774737219805643,2
-0.20263279354143282,2
-0.22387200022028664,1
-0.2145190044827573,2
-0.18283329470376297,0
-0.2655038676070913,0
-0.3294563117623791,0
-0.31173951626989505,1
-0.3207769758467658,0
-0.41610629629353413,0
-0.47361139468926616,0
-0.5842382243996398,0
-0.5896112815178426,0
-0.6343520199798327,0
-0.7025108114776542,0
-0.6929232551171485,2
-0.6734191844207131,1
-0.6780301953613483,1
-0.6815891995200065,2
-0.5390109739721896,2
-0.5313091578837235,2
-0.49440298796275906,1
-0.5436689530302699,0
-0.5483644802327328,0
-0.5845963645293767,0
-0.5651782922583557,1
-0.5699807163929068,0
-0.6056797793460247,0
-0.6378872271785603,0
-0.667318582599714,0
-0.6673423630911527,1
-0.6591070833882733,2
-0.6236876388313869,1
-0.6559079814871891,2
-0.5775307753978401,2
-0.6030504375989256,2
-0.5548591070109328,2
-0.49849020228931495,2
-0.4753103988169597,1
-0.5065889911936785,1
-0.48505544329355965,2
-0.47801427692435183,1
-0.4945139855474583,0
-0.5065909344748358,1
-0.49200415559147903,2
-0.46943182510232706,2
-0.46988811739895175,1
-0.4710169496605572,2
-0.414621086030015,2
-0.4457180804295139,2
-0.3756683446185861,2
-0.37154631591605836,2
-0.2937801070655731,2
-0.30669192580842464,0
-0.33965843902285286,1
-0.311693206891827,2
-0.29305063555010247,0
-0.4046554791421564,0
-0.4819224788257296,0
-0.502134068547959,0
-0.6257416046713337,0
-0.701227685985923,0
-0.7340355912273173,0
-0.8104052231972044,0
-0.8005541710866714,0
-0.8611285503211505,1
-0.8102807873292537,2
-0.8339551723244102,2
-0.7622447051434804,2
-0.7687786751308563,0
-0.828983254548654,0
-0.8059837315747719,2
-0.7937749688984465,0
-0.8448417297955838,0
-0.8715598036047634,0
-0.8891969575068025,0
-0.9016204033454631,0
-0.9342241323175552,0
-0.9993170848898681,0
-0.998554561126258,1
-1.0,2
-0.9789234477574537,1
-1.0,2
-0.9567582158917228,2
-0.9590885539650074,2
-0.8629981363515002,2
-0.7968279425478757,2
-0.7151046781767016,2
-0.7266810968211384,2
-0.6614280557297086,2
-0.6043723353355394,2
-0.5551668303199515,2
-0.5415134116749656,2
-0.5195456101947209,1
-0.5316964838156115,2
-0.48156935320736394,2
-0.47568598090460557,1
-0.48969706674294156,1
-0.49055639849672195,2
-0.4737710003880379,2
-0.47260088506387576,1
-0.4842032921232752,2
-0.45650938742930725,1
-0.4816297534180173,0
-0.4823730841185824,0
-0.5787320214793926,0
-0.6680194654207533,0
-0.6811200099213053,0
-0.8343588704145228,0
-0.9808503254293962,0
-1.0,0
-1.0,1
-1.0,1
-1.0,1
-1.0,1
-1.0,1
-1.0,2
-0.9492058085033034,2
-0.915980391383636,2
-0.90259560804181,2
-0.8421917293737444,2
-0.8176227184127387,2
-0.8069603275867651,2
-0.7175116437338751,2
-0.6212780299550826,2
-0.4708878584298066,2
-0.2847269700553766,2
-0.20031720610221715,2
-0.011664375584891862,2
0.14552423310281148,2
0.21951652281460965,2
0.33353446519162966,2
0.5267868475607103,2
0.600941277509812,2
0.704023092756326,2
0.7990574637358117,2
0.9203991674304748,2
0.9052383207289152,2
1.0,2
1.0,1
1.0,1
1.0,1
1.0,1
1.0,1
1.0,1
1.0,1
1.0,1
1.0,1
1.0,1
1.0,1
1.0,1
1.0,1
1.0,1
1.0,1
1.0,1
1.0,1
1.0,0
0.974336892458731,1
0.9923852738514518,1
0.984149090844413,0
0.960599194720736,0
0.9262754439761085,0
0.9329129157486606,1
0.9353406429138427,0
0.9132239101318167,1
0.9218357670640986,1
0.9092695991059006,0
0.8938891450238236,0
0.8826063028720141,0
0.864607493268253,1
0.8673646750478066,0
0.7953534457330873,0
0.7222840817551306,0
0.6536926325773227,0
0.604087150515382,0
0.5781713446781191,0
0.56012115378886,1
0.5662576755617028,2
0.5783047424463608,0
0.5382992006177321,0
0.550054966613525,2
0.5638462058111819,2
0.5904509388818253,2
0.6271557486134058,2
0.6630882119183596,2
0.7116493339341416,2
0.7246410842570588,2
0.8028666857771938,2
0.8704093563707744,2
0.9633470484754854,2
0.9816624358112664,1
0.961839751884078,0
0.943576334972204,1
0.9725634455776664,1
0.9552843106213744,0
0.921068428313945,0
0.9040913530360257,1
0.912560862907096,1
0.9097741400444803,2
0.9345947235529699,2
0.9469767296500486,2
0.9665839432178274,1
0.94299140469505,1
0.9508258233616,2
0.9720135129274059,2
1.0,2
1.0,0
0.9578482912638902,0
0.9005618224248997,0
0.8470874666585009,0
0.8130382020865399,1
0.8553144152747092,2
0.853574947955767,0
0.823684932789319,0
0.8192942954750908,0
0.7932369966007453,0
0.7760269353391882,1
0.7922401847889582,2
0.8239244503226506,2
0.8274517541843935,2
0.8543257330875402,2
0.8657107344748212,1
0.851077982096446,0
0.8270891347975544,0
0.7914738076635717,0
0.7729591935739217,0
0.7488717013826844,0
0.726130295277637,0
0.6868122441406648,0
0.6788873172068581,1
0.6726804100898638,1
0.6827443270505804,1
0.6878703072950514,0
0.6167584109103148,0
0.6345082955874379,0
0.5767963627759929,0
0.5542661362665409,0
0.5516974336191367,2
0.604492482310073,1
0.5550074164100696,0
0.4768161829914559,0
0.44042271324520055,0
0.40609459029313766,0
0.31044496758193607,0
0.16215493607453224,0
0.00703358236266749,0
-0.05804140729657292,0
-0.19965858300097683,0
-0.33186226618392456,0
-0.41733489253269285,0
-0.5505591908504248,0
-0.6392811886682277,0
-0.6770987997909701,0
-0.7199457616501632,0
-0.7011168156927616,0
-0.7397551239954987,0
-0.7840561447944663,0
-0.8091284381962974,0
-0.8197885684813595,2
-0.7895731095984354,2
-0.7656707740335422,1
-0.7871897542218367,0
-0.8104539210629778,0
-0.8058254275457406,2
-0.7840918497789716,1
-0.8184297500685118,0
-0.8177926507571502,2
-0.7511298772174893,2
-0.7806464157427575,0
-0.7831967411699399,0
-0.8532006194068786,0
-0.8742184949999341,0
-0.9514714856770266,0
-1.0,0
-0.9837757786700329,2
-0.9747799059605649,2
-0.9674136248815292,2
-0.9533756890894409,2
-0.9357205437254128,2
-0.879741840377394,2
-0.8150634938991467,2
-0.8359571139652284,0
-0.9043644364249028,1
-0.8444374557004081,1
-0.8888561929569349,1
-0.8517908481312823,2
-0.740385320789662,2
-0.6773018174287204,2
-0.65764836342315,2
-0.6147574094382318,2
-0.6055766100461473,1
-0.6270604165624497,0
-0.6604304424217583,0
-0.6913299297383972,0
-0.7221192056564631,0
-0.7086453650256879,0
-0.794844389721349,0
-0.8478505700897998,0
-0.8546700555039425,0
-0.9233187485520336,0
-0.8729631141916474,2
-0.8910152508517786,0
-0.917283168063207,0
-0.9124911776493109,1
-0.918428732642402,2
-0.8675896244558157,2
-0.8106447210567937,2
-0.8015837621693308,2
-0.7626679543552526,2
-0.7357987413367816,2
-0.6993371145467118,2
-0.6402752133076848,2
-0.6136407620812405,2
-0.5917770544368688,0
-0.702347316636904,0
-0.6624382605531264,1
-0.7160133506359213,0
-0.8014421216078498,0
-0.8599542218243581,0
-0.8527753195605389,1
-0.8453414553148293,1
-0.863284516930515,0
-0.878572561881755,2
-0.8163619130608534,2
-0.8059732140847318,2
-0.7481053967558422,2
-0.6729937494018743,2
-0.5513297253441816,2
-0.464706122860711,2
-0.39358186738853596,2
-0.3197318721593537,2
-0.21929869620782827,2
-0.010263782257981524,2
0.15009646413020916,2
0.2898400917235151,2
0.45187158609221956,2
0.5807149759265995,2
0.6931018945796943,2
0.7730075658233724,2
0.8187677093221695,2
0.9311832910129907,2
0.9758577229007757,2
1.0,2
0.9977512493482388,1
0.9994083117539423,0
0.9709287243533082,0
0.9822948390621471,1
0.9803757630761019,0
0.9527051929022878,0
0.9369829493408792,0
0.8661139179268116,0
0.8447535130059061,0
0.8345576391206015,1
0.8432593707960843,2
0.8663213915113808,2
0.8981792804305546,1
0.8762738254476266,2
0.9334769941995125,2
0.9910144445774645,2
1.0,1
1.0,0
0.9782198249943206,0
0.9592980394133785,1
0.9664167833363022,2
1.0,1
0.9556556808257906,0
0.9825712293534545,2
0.9993334912226384,2
1.0,1
0.9875434045435421,1
0.9917157211875873,1
0.9958209995380205,1
0.9917437638727995,0
0.9359671298105579,0
0.8916741220920246,0
0.8637068132725463,0
0.83951722236109,0
0.728892057721213,0
0.6783251328824067,0
0.6567777979470777,1
0.6658494465208404,2
0.6987642614547627,0
0.6281692294939372,0
0.596953438409753,1
0.6182308591647034,1
0.5893139812657109,0
0.5512227427884693,2
0.6060760494276172,2
0.6477104318195293,1
0.621060275383837,0
0.5565957052654271,0
0.549416297577499,0
0.5283237824443394,0
0.5031086457206098,0
0.509655785577837,0
0.4825149621967062,0
0.45544700710606634,0
0.4399321847292259,1
0.4683017099694342,2
0.5175206514798691,2
0.5996109564372007,2
0.6512719729096925,2
0.7446869200624762,2
0.8171441490808355,2
0.8908080006794796,2
0.8975141380259195,2
0.9671531438855157,2
0.9847393361369197,2
1.0,1
1.0,1
1.0,1
0.9946908890088884,1
1.0,1
0.9975130194845931,0
0.9623459399957512,0
0.9307749826783085,1
0.9589273009514789,2
0.992063181737171,2
0.9769519841835748,1
0.9770516454650755,0
0.9581453573300907,0
0.9608131395175403,1
0.9491749762878152,0
0.9179083649418569,0
0.8832570244239144,0
0.8491256426414315,0
0.7895986645688537,0
0.7700117737236871,2
0.8169679026684438,2
0.8497541136990525,2
0.8536154356943653,1
0.8369363201522235,2
0.8833757484603726,2
0.8986239248164503,1
0.8814445784635461,2
0.9830799581841543,2
1.0,2
1.0,1
0.9999528652205381,1
1.0,1
1.0,1
1.0,1
1.0,1
1.0,0
0.9373446596937978,0
0.9226158373178996,0
0.8532258038676441,0
0.7403001001384255,0
0.6358557442440291,0
0.5640616450146339,0
0.4647875708030407,0
0.3562953520250953,0
0.23991878088408414,0
0.11516295935432352,0
-0.0022362329592362507,0
-0.1372547879085142,0
-0.24622815969627754,0
-0.3081225402553991,0
-0.385929778072879,0
-0.49872555452358636,0
-0.5974262305820383,0
-0.6496234231451874,0
-0.7049473911622536,0
-0.8078061521417377,0
-0.8493743293306661,0
-0.8657050455779367,0
-0.8884941180160941,0
-0.9356352962426784,0
-0.9428336276075233,0
-0.9733959648092421,2
-0.898221611328412,2
-0.8624749265513055,2
-0.8679350901680974,2
-0.8354050243053555,2
-0.7725335160957397,2
-0.7477050405360285,2
-0.6609540411292095,2
-0.6012166978719022,2
-0.5350779642867428,2
-0.41850810421759854,2
-0.3549026830630002,2
-0.2936374980174583,2
-0.26159428419285524,2
-0.18244678885004795,2
-0.10279271275966062,2
-0.03688590606819797,2
0.02556064846472017,2
0.09735511880717351,2
0.163608534030379,2
0.20128226951345374,2
0.26732533186169083,2
0.2668425791348037,1
0.25650596146673377,1
0.2658779901433608,1
0.2632994119042611,0
0.19717120525131837,0
0.14070562014272037,0
0.09482258660805698,0
0.09160670789248493,0
0.03140502784735766,0
-0.0028822802335864983,0
-0.06403065348538917,0
-0.10488130565020204,0
-0.1499665958767642,0
-0.2265770014780376,0
-0.20452676910003387,2
-0.18824317780639366,2
-0.16263904072698432,2
-0.14393393302293866,2
-0.13469979477373983,2
-0.04030125157235853,2
-0.01882837808031701,2
-0.017036421755048048,2
0.0504745903294177,2
0.027506545692896456,1
0.044234497372396264,0
-0.03250750726622942,0
-0.008810998920227298,1
-0.03476144730035402,2
0.010619166721113293,2
0.0030165048116772564,0
-0.06248871799260969,0
-0.0910159736102939,0
-0.14277267616841194,0
-0.23702761962971497,0
-0.2934186121350789,0
-0.38969150657942897,0
-0.38969732735371365,1
-0.38490765988693165,0
-0.460199276189194,0
-0.5182652769951963,0
-0.600888653894734,0
-0.6389470187118,0
-0.7042391640233694,0
-0.6925216110023222,1
-0.6960145833431259,0
-0.7198169430887347,0
-0.7454141447775066,0
-0.7894428777789175,0
-0.7708144185260432,2
-0.761854735976706,2
-0.7300549791327414,2
-0.6732094460788334,2
-0.5964023726144767,2
-0.60783860885278,2
-0.5646119166247382,2
-0.5551106172204776,2
-0.5097361088196983,2
-0.5239362592272678,0
-0.5473092563692723,0
-0.6023440208508068,0
-0.5952754211743544,0
-0.6378665715428318,0
-0.626917781804722,2
-0.6185066019624466,2
-0.5665685141698992,2
-0.5057188085620616,2
-0.5022241271428532,2
-0.4710321458266473,2
-0.40352155481946983,2
-0.4034796080907401,2
-0.37289129060641446,2
-0.30389635261800096,2
-0.2948538169197973,2
-0.2332914999239335,2
-0.22884862675828943,2
-0.1851274783316602,2
-0.16106900451749873,2
-0.06837119248524848,2
-0.04565308198883422,1
-0.05511510974360956,1
-0.04112677359689365,2
0.01119046952489211,2
-0.003998246510326653,1
0.0121090743994825,2
0.07803837157200988,2
0.17230286358006364,2
0.26416243457673727,2
0.3017569703756555,2
0.32051081158355865,2
0.31762612254018974,2
0.3390155484213082,1
0.3116104637780539,0
0.2709440205424243,0
0.2694216403743186,1
0.2560649696991826,1
0.2784579589902034,1
0.2627253101749698,2
0.30082734318380266,2
0.33660569832871934,2
0.39493687874961014,2
0.4524400602207381,2
0.4895694046926298,2
0.5184424386327897,2
0.5967540147431782,2
0.6912240960858078,2
0.8243799874566708,2
0.9768330260849634,2
1.0,2
1.0,1
1.0,1
1.0,1
1.0,1
1.0,1
1.0,1
1.0,0
0.9530295309377241,0
0.9763475518825624,2
1.0,2
1.0,1
0.9998349799214612,1
1.0,1
1.0,1
1.0,1
1.0,0
0.9742504569555244,1
1.0,2
1.0,1
0.9899811033892314,1
0.9946459214780781,1
0.9846336592261062,1
1.0,0
0.9639924970602278,1
0.9865279414808201,2
1.0,1
0.9913084601747788,1
1.0,1
1.0,0
0.962847160601763,0
0.9348241482379369,0
0.9250799169407988,0
0.8591342678430007,0
0.7954484104401844,0
0.8017957555329289,0
0.7622194850697286,0
0.7814036556300099,1
0.7471181627392518,0
0.7571579496517504,1
0.7508620550804996,1
0.7588941688810606,2
0.772114220476295,2
0.7803092629704258,2
0.7923191184103253,1
0.7938439114075957,0
0.7764548236882622,1
0.792267312550629,1
0.7753677093353613,0
0.7215823340155989,0
0.7335074964322676,2
0.7608145513249587,1
0.7416193775333593,0
0.736510104265484,0
0.724469077087865,0
0.6776452183157808,0
0.6472968972437714,0
0.5802118378117087,0
0.6077626792191897,2
0.6028352901001632,0
0.5580457057932373,0
0.5248203705639585,0
0.5034868082131085,0
0.43981656118523405,0
0.3817814267036006,0
0.4082833709947935,1
0.3892886569630456,0
0.3802122409367734,0
0.37306139039097963,1
0.37245870003597736,2
0.38910215341752874,2
0.4414313405196868,2
0.521221909572932,2
0.5224059699906209,2
0.5623342213255482,2
0.5968798095294099,2
0.6219598251071912,2
0.7316959700095531,2
0.7900700971388659,2
0.7927320949229151,2
0.8582510195954987,2
0.8928406697367932,1
0.8668027971414825,0
0.8450159212652382,1
0.8593805662313072,1
0.8393201071511345,2
0.9018179464038345,2
0.8859674486065612,0
0.8695527350047749,0
0.820770276552192,0
0.8104604583538011,1
0.808332130465379,0
0.7822153397492246,0
0.7349106206996479,0
0.7085395810539934,0
0.6830934906561261,0
0.6872680314399817,0
0.6126899268327453,0
0.5790363444264794,0
0.5935897085465256,2
0.6147549302166131,2
0.7046414372899399,2
0.742939472503328,2
0.7501485256462324,0
0.7067680790122803,0
0.6656158899461004,0
0.5747397167866184,0
0.5169599414325226,0
0.3982758077345745,0
0.25385568827308647,0
0.11327420423350576,0
-0.021257417173860427,0
-0.1885717630764162,0
-0.3444190045648776,0
-0.3356935645485615,0
-0.49811131737694714,0
-0.6600383772578609,0
-0.7823349025835712,0
-0.8958400185764386,0
-1.0,0
-1.0,1
-1.0,1
-1.0,1
-1.0,2
-0.9404019984195414,2
-0.9373454304583708,2
-0.8823188225133245,2
-0.901185684729051,0
-0.9016177320927591,2
-0.8515787645393884,2
-0.800877791233878,2
-0.7394236549782551,2
-0.6666257147740233,2
-0.5512488375338263,2
-0.4578971495585058,2
-0.34858216345648807,2
-0.2896764031624228,2
-0.26494453014134434,2
-0.2555387064264988,1
-0.2539979963400566,0
-0.3069962032887106,0
-0.3675479422388559,0
-0.3967448763652114,0
-0.45286531510599504,0
-0.5328421302950646,0
-0.546816235163854,0
-0.5932573170608263,0
-0.6128383984933048,0
-0.615168106751762,2
-0.5606802598207414,2
-0.4688164809069697,2
-0.4633431028462709,2
-0.4431732860162041,2
-0.44506772326943045,1
-0.4464245111091564,2
-0.38640419660957936,2
-0.3811018144695034,0
-0.40705222398512253,0
-0.4629767351935309,0
-0.4965429581000045,0
-0.5200190718889905,0
-0.5326407718001216,1
-0.5216889499563381,2
-0.48061234102871686,2
-0.4801902345496961,0
-0.5347077612147082,1
-0.48433529762409333,2
-0.47601139469937137,2
-0.4459157156692596,2
-0.42392015849835196,1
-0.4417863738022719,0
-0.4628570793371116,0
-0.5109552876554152,0
-0.553785319369777,0
-0.652869960008182,0
-0.6851955414496955,0
-0.7930853603997475,0
-0.7974452958554543,0
-0.8224611669304394,2
-0.755692641994202,1
-0.8145548455445968,0
-0.8345138072884128,0
-0.8339299288885591,0
-0.8861632169270119,0
-0.8593430043755931,2
-0.8101848534252294,2
-0.7929608092578831,1
-0.8234808766735431,0
-0.8694214351426073,0
-0.9196097251346114,0
-0.90626348636019,2
-0.8237453179766776,2
-0.7906006286539556,2
-0.7560485309232453,2
-0.703342833666549,2
-0.6143561050568855,2
-0.604678397919175,2
-0.5351791940031547,2
-0.4489637485196626,2
-0.38174562854639116,2
-0.35137537671925867,2
-0.35374463037502046,2
-0.3245778552769043,2
-0.23337619968745948,2
-0.12204610580672637,2
-0.003151986685035024,2
0.044528783124917704,2
0.04035355122173945,1
0.04020180231001902,1
0.03310452198953118,2
0.05716506831291901,1
0.033650380530154234,1
0.06991575874884459,2
0.12354848447685396,1
0.07691798401231931,2
0.14743591357954355,2
0.18670886432839606,2
0.24134447602460507,2
0.25810186006635827,0
0.22469754578950885,0
0.22981661250860697,1
0.24026242555932176,0
0.20050544869408582,0
0.18773474666720857,2
0.21832811077446834,1
0.1804785098704591,2
0.25370614452423723,2
0.25070482985598463,2
0.30848896012675886,2
0.35132003958258995,2
0.41655921671852303,2
0.4491131570927802,1
0.4256298094965254,2
0.5434224092491948,2
0.5211098245184467,0
0.5221486295965001,2
0.5498718702924872,1
0.5363467798671866,2
0.611892664274692,2
0.7489385187526674,2
0.8707192589841586,2
1.0,2
1.0,1
1.0,1
1.0,1
1.0,1
1.0,1
1.0,0
0.9787716880305153,0
0.8423496836094264,0
0.752766328867404,0
0.7202361374665682,0
0.7177681905051487,1
0.7068214712839591,2
0.7633923437197185,1
0.6924495839669209,0
0.6472987555663341,0
0.5735541528182853,0
0.5541757030265697,2
0.5950748472123848,2
0.6164668206416173,2
0.6362804287769677,1
0.6218885646446957,0
0.579275276432208,1
0.6294662295686964,2
0.6825872317208526,2
0.695584853487816,2
0.7869660761644774,2
0.8194276285003883,2
0.9134177414611067,2
0.938755552397901,2
0.9363994241073377,1
0.9516242866003197,2
1.0,2
1.0,1
1.0,1
1.0,1
1.0,1
1.0,1
1.0,1
1.0,1
1.0,1
1.0,1
1.0,1
1.0,1
1.0,1
0.9897975531767378,0
0.9701623828560972,0
0.9424595524936707,0
0.9086124855734699,0
0.8711483140104641,0
0.8332432265529688,0
0.7987678171849841,0
0.7723324335286594,0
0.7593325252467744,1
0.7659939924450441,2
0.7994185340745656,0
0.8676289963343427,0
0.9796147210734765,0
1.0,0
