-1.0,1
-1.0,1
-1.0,1
-1.0,1
-1.0,1
-0.9954139551043482,2
-0.9708946586189651,2
-0.9706587435756535,2
-0.9439545976346878,2
-0.9071533792420405,2
-0.8906029076820798,2
-0.8518807074646311,2
-0.8378250211926674,2
-0.8038980869798167,2
-0.7601083845823128,2
-0.7462657478224524,2
-0.7266309992995346,0
-0.7823221967000729,0
-0.7482644763948956,2
-0.737398305911384,0
-0.7848205343731052,0
-0.7697020221308802,2
-0.7428855070216063,2
-0.737798305893269,0
-0.765458323511985,0
-0.7862813835237756,0
-0.8429090088133353,0
-0.8619008026314057,0
-0.9101792378858279,0
-0.919031971963078,1
-0.9178450461817722,0
-0.9441728351384281,0
-0.9815934939455709,0
-1.0,0
-1.0,1
-1.0,2
-0.9833894525882599,2
-0.9556854455299034,2
-0.8483393048204382,2
-0.8191126057871592,0
-0.8935422874709021,0
-0.8828835973979514,2
-0.8329402938077164,2
-0.7744396232666375,2
-0.7364231545448441,2
-0.6774393298742245,2
-0.5974453264881026,2
-0.5393648884551483,2
-0.5544057402618128,2
-0.41409940883477114,2
-0.3189075094183532,2
-0.21922801970485561,2
-0.06917203420384122,2
0.055378543605411945,2
0.2706229837626901,2
0.34992971495841974,2
0.42528982310473173,2
0.518176763615984,2
0.6252980568319986,2
0.7076037719162549,2
0.859106618527715,2
0.963634296011382,2
1.0,2
1.0,1
1.0,1
1.0,1
1.0,1
1.0,1
1.0,1
1.0,1
1.0,1
1.0,1
1.0,1
0.9894604217399194,1
0.9847324885311586,0
0.9581135042272253,0
0.9622599342632905,0
0.9323626540239274,1
0.9560926212664245,0
0.9059491483464044,0
0.8562620847901437,0
0.8321379962147613,0
0.7844879693311928,0
0.7179713084372084,0
0.6479300501393099,0
0.5944900626743943,0
0.5245110132225159,0
0.5061009774012974,0
0.4317086632009748,0
0.3860644802455211,0
0.3063425314327237,0
0.2650941072800064,0
0.23334707474947125,0
0.18106798000324198,0
0.1410802702248013,0
0.09017092131703253,0
0.025506132432068673,0
0.02572259948090294,2
0.07962975326855992,2
0.08397130698751276,2
0.09807599484526364,2
0.1514579154415714,2
0.17502468877410027,2
0.2090413482823572,0
0.1549720848082341,0
0.1686867445813658,2
0.17361606925942108,2
0.18645106439774262,2
0.23027371532871,2
0.2550981879196075,0
0.19829741825736513,0
0.13783928254178446,0
0.1227684662707853,0
0.06581527183983793,0
-0.004095099971886729,0
-0.07296457458696648,0
-0.12800287804081745,0
-0.18621058606220642,0
-0.2635460858608858,0
-0.33192401130678817,0
-0.42206531748533727,0
-0.5178405535197248,0
-0.6009740785734148,0
-0.6979285173031047,0
-0.8257217199198114,0
-0.9283520321177676,0
-1.0,0
-1.0,1
-1.0,1
-1.0,1
-1.0,1
-1.0,1
-1.0,1
-1.0,1
-1.0,1
-1.0,1
-0.9865892589404577,1
-1.0,1
-0.9841824955499725,2
-0.9728788263797694,2
-0.9174948703808155,2
-0.8727525699440657,2
-0.8300404020886125,2
-0.7818759605760742,2
-0.7287894458693013,2
-0.6784376270650958,2
-0.6079575075709875,2
-0.5310066843327861,2
-0.47375488980580105,2
-0.4111230690598875,2
-0.34613980629387964,2
-0.2852965182596532,2
-0.222133397675649,2
-0.15071509762236002,2
-0.06429105525492651,2
0.03569541026842571,2
0.1109484284389628,2
0.21650418297927265,2
0.2663166949912257,2
0.3030374429255809,2
0.3286623425255035,2
0.38049907189623644,2
0.42256977375874305,2
0.45883252002347996,2
0.49158938297919974,2
0.536961815142067,2
0.5724359883052348,2
0.5855963076714095,2
0.5931328508434848,1
0.5911365313474695,1
0.599574095222815,1
0.6060705078081849,1
0.587803395885466,0
0.5374669683345836,0
0.5242670082214751,0
0.5051993662753613,0
0.4903380799215935,0
0.46527688254230704,1
0.48164590366000826,2
0.48519854446804667,0
0.43376297517557805,0
0.4323857498728798,2
0.4534415924775268,2
0.44998489891363813,1
0.44186592036146344,1
0.459959652053187,2
0.4591814451844971,1
0.46662692019809926,2
0.49549284610021793,2
0.5116994466878504,2
0.5183491832028722,2
0.5291031501609968,2
0.5476077806443642,2
0.558452095816119,1
0.5491921700763864,1
0.5614441379495481,2
0.5937633571355052,2
0.5779989729403037,0
0.5773262379914983,1
0.5803336713782477,1
0.5795369794391989,1
0.5696862951732167,1
0.5672602172492951,1
0.5837093808759857,1
0.5803615400540605,1
0.574711865303495,1
0.577180595095028,0
0.5470340964857339,0
0.5229495286119776,0
0.4909347244834068,0
0.4923110839064957,1
0.481319792967406,1
0.4807264076153688,1
0.47573893132350253,1
0.4776064731175058,1
0.48251857896722394,2
0.4943828516765334,1
0.48859465564607674,1
0.47960608101024804,1
0.4784714187466155,1
0.47480012324483,0
0.4575236408361949,0
0.45436099679019404,2
0.47572969177935676,2
0.47953901905226703,1
0.4657672120287897,1
0.4729000088229727,1
0.4740995457505317,2
0.49464281095460083,2
0.5095471232430622,2
0.5639471489015735,2
0.5895049399353669,2
0.6140295494284773,2
0.6801223563669618,2
0.7482200505108245,2
0.8122054855783101,2
0.8249590601743604,2
0.8603848625138772,2
0.8496384412880071,1
0.8566657307725891,2
0.8777785537268088,2
0.8906384101305773,1
0.8915323470274397,1
0.8914445901099703,1
0.8781939376810226,1
0.8833143330147024,0
0.8545085716055765,0
0.8607591090879223,1
0.8542606569507574,0
0.841079564312198,1
0.847232125651578,2
0.870404022592461,2
0.8911575855546572,2
0.8976265915417687,1
0.9014576380376806,0
0.8752659387607855,0
0.8593167505187851,1
0.8644406532214972,1
0.8461302726452131,0
0.8282201743461095,0
0.829019612180881,1
0.8267204136543786,1
0.8316574202312765,1
0.8345916766855621,2
0.8509004580893558,1
0.8437578615761228,1
0.8374435796302899,1
0.8312150676985708,1
0.8244109474413257,1
0.8194455608576419,1
0.8348252771555289,2
0.8353318405894019,0
0.8185845714222366,0
0.8149381797282313,1
0.8154709787671006,1
0.822596589679685,1
0.80331270520778,0
0.8003303874997352,1
0.7958757198856008,1
0.8154044477928066,1
0.7855798592840524,0
0.785058515227649,2
0.8070457816183552,1
0.8006664528181189,0
0.7737141875321869,0
0.7692285714752183,1
0.7809845697963713,1
0.7589648162351759,0
0.7437841933325016,0
0.694207910745714,0
0.6349148998692598,0
0.5788950062530844,0
0.5178033542486085,0
0.4217155128714911,0
0.332320540731486,0
0.17918468832954404,0
0.029999994866327873,0
-0.12736112316293047,0
-0.3230783655560686,0
-0.4953837046333883,0
-0.6582686238889699,0
-0.8547845502952574,0
-1.0,0
-1.0,1
-1.0,1
-1.0,1
-1.0,1
-1.0,1
-0.9935915379342749,2
-0.9082335580187778,2
-0.8433966942569889,2
-0.7885962304056626,2
-0.7173050071995182,2
-0.5830316958403021,2
-0.4916626957283279,2
-0.36892153895057667,2
-0.25252809134344545,2
-0.12233217023547749,2
0.014681859485226045,2
0.16528043130638315,2
0.21747825844311608,2
0.32734668899325525,2
0.4344914245346305,2
0.5049697488433327,2
0.5581773785957589,2
0.6111842483111061,2
0.6512235949088696,2
0.6751154105564368,2
0.682093546860354,1
0.6888778890101328,2
0.7145656738259538,2
0.7383805137246506,2
0.7439197399525121,1
0.7294645016987771,2
0.7816234424580628,2
0.7851346972213986,0
0.7612480264542996,0
0.7333011015896651,0
0.722659634876613,1
0.731157485498583,2
0.7675615297673488,2
0.7699770676003377,2
0.8008523618903898,1
0.7839348650234825,0
0.7734952553369336,2
0.8098640204253789,2
0.8545264865835134,2
0.8582640215870498,2
0.9192513421554978,2
0.9790571282767953,2
0.9653966500991946,2
1.0,2
0.9875079599991166,0
0.9601219137048305,0
0.9539759328460808,1
0.9574640525879423,0
0.9133767586758217,0
0.9162566934370544,1
0.8994031787370964,0
0.8662616023665688,0
0.7910090020155336,0
0.7992857282575945,2
0.8279124255366013,1
0.807002036552898,0
0.7828911348387748,1
0.8196251764135283,2
0.8279553451992714,2
0.8552891525112827,2
0.8728787278320527,0
0.7451433191274626,0
0.788967905395086,2
0.8653422691548383,2
0.8628119965900807,0
0.8398944094588694,0
0.8387735625235258,0
0.7964976506287913,0
0.6836160117239716,0
0.5912461952621724,0
0.5013135796294446,0
0.37710293855980215,0
0.2504375511648218,0
0.129717315499549,0
-0.041000893158509744,0
-0.21177234560698288,0
-0.36701824223134105,0
-0.5261558933464128,0
-0.6776569251822511,0
-0.8196441794337085,0
-1.0,0
-1.0,1
-1.0,1
-1.0,1
-1.0,1
-1.0,1
-1.0,1
-1.0,1
-1.0,1
-1.0,1
-1.0,1
-1.0,1
-0.9881058030431433,1
-1.0,1
-1.0,1
-1.0,1
-1.0,1
-1.0,1
-1.0,1
-1.0,1
-1.0,1
-1.0,1
-1.0,1
-1.0,1
-1.0,1
-1.0,1
-1.0,1
-1.0,1
-1.0,1
-1.0,1
-1.0,1
-1.0,1
-1.0,1
-1.0,1
-1.0,1
-1.0,1
-1.0,1
-1.0,1
-1.0,1
-0.9995723096483896,2
-0.9767126499271874,2
-0.9681779265910241,2
-0.945234210573007,2
-0.9201288288938014,2
-0.8848818923052366,2
-0.8337513803643781,2
-0.7881457321202058,2
-0.7431946188601071,2
-0.6852913159519884,2
-0.6332085197632663,2
-0.5770179898863663,2
-0.5391617126772636,2
-0.508756316764063,2
-0.4639739084778942,2
-0.43173098177331026,2
-0.39337026805328135,2
-0.3914237104897934,2
-0.36667529964971635,2
-0.3354088666241485,2
-0.31289629650951023,2
-0.31423438899877787,2
-0.2870812020892125,2
-0.29107989255027733,1
-0.29951636303110285,0
-0.3111616547720889,1
-0.3107380658313297,1
-0.3169635426494464,1
-0.3212729900584632,0
-0.3351877277658558,0
-0.3453285792236034,0
-0.36626540538972197,1
-0.33690154157635743,2
-0.33353536929808747,1
-0.3358057079487031,0
-0.363639667353283,0
-0.3619984530399758,2
-0.33997474065703515,1
-0.3666898006258933,0
-0.3731369017250503,1
-0.3639411930415072,2
-0.35404952800392153,1
-0.3668191986984366,1
-0.3634119341503633,1
-0.3517432022498693,2
-0.32892280829253273,2
-0.30987133528604704,1
-0.315317256079789,0
-0.3340119515934957,1
-0.3173074482118807,2
-0.30153976959771234,1
-0.31409414707568006,1
-0.31210922054628476,1
-0.3108280582724343,1
-0.3191581224412485,1
-0.3175805314180349,2
-0.2966451615201632,2
-0.3006144880186823,1
-0.29353856699987746,1
-0.285660094082416,2
-0.2712378427775217,1
-0.2709414880756955,2
-0.2439052016597697,2
-0.24689354226197202,1
-0.24520424230027882,1
-0.25035065725808225,0
-0.26167944513942,1
-0.23940283161816622,2
-0.2256600487488688,1
-0.22615304902893718,1
-0.22895630781007104,2
-0.20151127487098963,2
-0.2026711513914553,1
-0.20458050006712958,2
-0.163713996143393,2
-0.1408325914175398,2
-0.141539251263176,1
-0.1340596948241105,2
-0.10850780830474971,2
-0.10276766318750752,2
-0.09150619856477937,2
-0.08208745860220878,1
-0.08796178396483934,0
-0.09969091762311477,1
-0.10368850339732139,1
-0.10673844118614362,1
-0.09843663426789384,1
-0.11762140549490896,1
-0.10618285366043523,2
-0.09497035766447148,1
-0.0950901862197645,0
-0.1305324490265488,0
-0.12456262693641262,1
-0.14129770349779902,0
-0.15836108982725705,0
-0.17799430125800342,0
-0.18645367658911904,1
-0.18203679534859996,2
-0.15298202098670088,2
-0.11772586959020215,2
-0.11346796920331681,2
-0.08782307169046555,2
-0.050151473840139515,2
-0.025595128189706218,2
0.0355235094320967,2
0.09740006301879567,2
0.12173785914499868,2
0.1742249569490366,2
0.26375260252861654,2
0.32944383310134095,2
0.41015503926636065,2
0.5060514943145145,2
0.5548186195977793,2
0.6276672230760483,2
0.7219156642383513,2
0.8076537872304406,2
0.8821513309891114,2
0.9584484053303579,2
1.0,1
0.9655680705832808,0
0.9721947593700135,1
0.9558323935585442,0
0.9342773749344704,0
0.9239105993078154,0
0.9028968618482784,0
0.8918423715900585,1
0.8916025690295151,1
0.8904991177006536,0
0.8372985798255648,0
0.8399333123504993,1
0.8240577514371161,0
0.7713364679022634,0
0.7673139323196096,2
0.7985141265083826,2
0.8884080165719697,2
1.0,2
1.0,1
1.0,1
1.0,1
1.0,1
1.0,1
1.0,1
1.0,1
1.0,1
1.0,1
1.0,1
1.0,1
1.0,1
1.0,1
1.0,1
1.0,1
1.0,1
1.0,1
1.0,1
1.0,1
0.9873589251539043,0
0.9668321290245518,0
0.9377236753103328,0
0.8711140969415898,0
0.8184138150362246,0
0.7586391306960023,0
0.6789572368173915,0
0.6153443659850462,0
0.5622115062861137,0
0.5160352478510959,0
0.42845293979420274,0
0.3617008078804793,0
0.33438847394254223,0
0.2896450671415427,0
0.27756469674083406,0
0.26767373658644567,1
0.2661184712062419,2
0.2835444728221077,2
0.33605200645634103,2
0.3427193835311302,2
0.36917819585902767,2
0.3998477929150517,2
0.43007019374588396,2
0.46820405216290784,2
0.44774549306186007,0
0.4325671861150875,1
0.45889768526161734,2
0.48084464647384406,2
0.50823625590771,2
0.5100947185303029,1
0.5219336187352683,2
0.5501119077545285,1
0.5354435279216214,1
0.5405247668550708,1
0.5289766388256194,1
0.5280843887006264,0
0.5125555052810393,0
0.4980780814984962,1
0.4968098157443408,0
0.4820805015522016,0
0.45297937336453264,0
0.4099491601239704,0
0.43702693176930585,1
0.40608238436033717,2
0.4867295220385037,2
0.4686488737071055,0
0.41306084203821647,0
0.39294435481736345,0
0.3753172239902527,0
0.3394923916084811,0
0.2610789216225242,0
0.21640804848527373,0
0.15991135737722284,0
0.10780004569014179,0
0.0362250563283093,0
-0.036679031502083626,0
-0.09449589040022077,0
-0.19690090681323014,0
-0.2883037888536004,0
-0.39872706979912065,0
-0.4842126726827445,0
-0.6161818050290111,0
-0.7514900923616927,0
-0.8588543388863521,0
-0.9446548612363248,0
-1.0,0
-1.0,1
-1.0,1
-1.0,1
-1.0,1
-1.0,1
-1.0,1
-1.0,1
-1.0,1
-1.0,1
-1.0,1
-1.0,1
-1.0,1
-1.0,1
-1.0,1
-1.0,1
-1.0,1
-1.0,1
-1.0,1
-1.0,1
-1.0,1
-1.0,1
-1.0,1
-1.0,1
-1.0,1
-1.0,1
-0.9870993643560756,1
-1.0,1
-0.9872079021813998,1
-1.0,1
-1.0,1
-0.9893251221033638,1
-0.9867654893932299,1
-0.9745653482076989,1
-0.9712412816305813,2
-0.9260490064776694,2
-0.8975833627594894,2
-0.8561566901317127,2
-0.8088145812664111,2
-0.7757781445192995,2
-0.7310463569447501,2
-0.7055027521404289,2
-0.644167384976383,2
-0.6240496703506062,2
-0.564063500822425,2
-0.5318606785950888,2
-0.4956402376275869,2
-0.45778793988173216,2
-0.418509760016751,2
-0.407201477205165,2
-0.3913245619739709,2
-0.3541297959471691,2
-0.3176580075246648,2
-0.29263793207738853,2
-0.2838413918988215,2
-0.2639052884900014,2
-0.2558078666156415,1
-0.251719228989993,2
-0.23679381866820504,1
-0.24825035014517505,1
-0.2331438430372198,2
-0.22288733798484495,1
-0.21874420156118624,1
-0.21470217479475184,1
-0.20353172171026113,2
-0.19412169880651664,2
-0.1732974820799107,2
-0.1647974803865765,2
-0.1495040908608244,2
-0.13419344732633787,2
-0.10400461821668916,2
-0.11442726726690133,0
-0.12226427055664346,1
-0.11641318961108782,1
-0.11247434394319666,2
-0.08701467366675486,1
-0.12329249081515958,0
-0.12149808419542962,2
-0.09584222716294843,2
-0.09079822296742324,1
-0.08975565694891163,2
-0.06538275601409149,2
-0.04596921483242933,2
-0.030786578826465516,2
0.003960760334062785,2
0.02404308779082931,2
0.05342253013671994,2
0.09291811758098789,2
0.11408909999966133,2
0.14904889418147937,2
0.1846628407023505,2
0.21812767820781986,2
0.22222071363800633,2
0.24858042475802544,2
0.24110627560426146,0
0.20698408581093775,0
0.2196413835684572,2
0.22917634719342272,1
0.21275706688336604,1
0.22364379689371083,2
0.25500179340953344,2
0.2633468042759475,1
0.2580653215092148,0
0.23924141589824988,0
0.23587934495043017,0
0.21306028316247883,0
0.1966843144228705,0
0.1928222490914011,0
0.17302626983775027,1
0.1785377504914416,0
0.1511617837709751,0
0.13178017944994913,1
0.14043857287610906,1
0.1318242320258125,1
0.13201249444907526,1
0.14456311487154228,1
0.14490882310212272,1
0.1536621642720648,2
0.1649102285187245,2
0.1934118708414403,2
0.2140587234025726,2
0.22559953007968003,2
0.2336514521763613,1
0.22283789207065308,0
0.20830852800962685,0
0.20435509374822058,1
0.2124583559466573,1
0.21138019393668683,0
0.1911911927667136,0
0.19420050695861457,2
0.2481060561380828,2
0.23520834210108443,1
0.26376149034256646,2
0.28734685760137757,2
0.30282208147165335,2
0.31496639663821924,2
0.34746168063898963,2
0.3686768922956609,2
0.38291488817654273,2
0.40198793927716925,2
0.41620445616692114,2
0.4474594263772318,2
0.48420339793426614,2
0.54522739913785,2
0.581142058526918,2
0.6755556670349867,2
0.7628203983760038,2
0.818749724147019,2
0.8261310239145663,2
0.8469506427009053,2
0.8498877387370825,1
0.8605915575217797,1
0.8582084670645529,2
0.9056234756552768,2
0.9320716404228828,2
0.9555881835422764,2
0.9729395044565399,2
0.9803137036573903,1
0.9666695240654617,0
0.959213910412362,1
0.9586152842267761,1
0.962301744527928,1
0.9489403710732591,2
0.9842917030480185,2
0.9797576250108917,0
0.9616734685109516,0
0.939705612366742,1
0.9480657475980301,2
0.9728322821753272,2
0.985720518305867,1
0.96344139789651,1
0.9804730257260681,1
0.960210205573756,0
0.9459742707117489,1
0.9688036105587161,2
0.9737391623333584,2
0.9899660861665796,2
0.9990500757597549,1
1.0,1
1.0,1
1.0,1
1.0,1
1.0,1
1.0,1
1.0,1
1.0,1
1.0,1
1.0,1
1.0,1
1.0,1
1.0,1
1.0,1
1.0,1
1.0,1
1.0,1
1.0,1
1.0,1
1.0,1
1.0,1
1.0,1
1.0,1
1.0,1
1.0,1
1.0,1
1.0,1
1.0,1
1.0,1
1.0,1
0.9997479810347887,1
1.0,1
1.0,1
1.0,1
1.0,0
0.9512453939137604,0
0.93908004970947,0
0.8917062956677646,0
0.8727409142922478,0
0.8313474391392499,0
0.7973201415855415,0
0.7328972871956991,0
0.7077773734075588,0
0.6771697938759209,0
0.6589808348789132,0
0.6596623489051823,1
0.6643257627751498,2
0.6839824704705313,2
0.7221458798627729,2
0.7546423764360781,1
0.7292409844062078,0
0.7380688547429832,1
0.7259204716433205,0
0.7162036216627303,0
0.6551903407444195,0
0.5617610114071916,0
0.5411086232192643,1
0.5766474840157978,0
0.5226985452416304,0
0.46624873744568274,0
0.3737012157194084,0
0.34050909543543506,0
0.2839327581512714,0
0.22780159964907898,0
0.18340554154977529,0
0.08781939007620454,0
-0.047386940791418475,0
-0.23084212646503954,0
-0.38740973348909413,0
-0.5398366303533961,0
-0.6930915477706912,0
-0.8357394633280029,0
-1.0,0
-1.0,1
-1.0,1
-1.0,1
-1.0,1
-1.0,1
-1.0,1
-1.0,1
-1.0,1
-1.0,1
-1.0,1
-1.0,1
-1.0,1
-1.0,1
-1.0,1
-1.0,1
-1.0,1
-0.9990202325843967,1
-1.0,1
-0.989616014999229,1
-0.9883968465501634,1
-1.0,1
-1.0,1
-0.9907939233490838,1
-1.0,1
-1.0,1
-1.0,1
-1.0,1
-1.0,1
-1.0,1
-1.0,1
-1.0,1
-1.0,1
-1.0,1
-1.0,1
-1.0,1
-1.0,1
-1.0,1
-0.9851642754786508,1
-0.9978055679206309,1
-1.0,1
-1.0,1
-1.0,1
-1.0,1
-1.0,1
-1.0,1
-0.986483919247914,1
-0.9852368771352222,2
-0.9693284445222098,1
-0.9704448653585547,2
-0.9311387203291654,2
-0.9208563744350844,2
-0.8877252019509487,2
-0.8583811330943409,2
-0.8263518512512561,2
-0.7912635573489399,2
-0.7569344661508007,2
-0.7334763862322948,2
-0.7067322704517651,2
-0.6523782149292885,2
-0.6227164975258221,2
-0.5950850949496398,2
-0.5617417193219294,2
-0.539934037917739,2
-0.5046966135379873,2
-0.4887814232643014,2
-0.4487236520896981,2
-0.43235812724925415,2
-0.4003471341346404,2
-0.381939105480829,2
-0.3796012033570404,2
-0.3436392289691165,2
-0.28629738104166136,2
-0.2665725359413904,2
-0.23672779127059618,2
-0.191779328538225,2
-0.1575766521388937,2
-0.12898031791084041,2
-0.11369389454194734,2
-0.10188875828413912,2
-0.09591966166832278,2
-0.05431674840616152,2
-0.03729575497737392,2
0.003807644326295545,2
0.037816178838775416,2
0.06412860923624919,2
0.09672339284189602,2
0.13283318886981688,2
0.15751478332323,2
0.16137517834769066,2
0.180346101587884,2
0.1977880787289159,2
0.20843122281050852,2
0.218464186178835,1
0.2227919691519613,1
0.22882029241160717,1
0.2251833516332895,2
0.24708559479255499,2
0.2572196711022763,2
0.2691994111736349,1
0.26068281296707085,2
0.2882540195198222,2
0.3054628451191512,2
0.3124337588055299,1
0.3143316430811869,1
0.307144389764999,1
0.31454842365622615,1
0.3115308114549771,1
0.3177623404757035,1
0.3220978399904064,1
0.32627761584657167,1
0.3333278331831384,2
0.35043424307933213,2
0.3709608697783975,2
0.37681859042776944,1
0.3850392388339865,1
0.3916166017280738,1
0.3979339344588668,1
0.40318191728993313,1
0.38709814164501033,1
0.4054286771318538,2
0.4221510475840855,1
0.417837929792773,1
0.41967626135233593,1
0.43280128721152966,2
0.44029503895351874,1
0.4240280870294655,1
0.4318852053601707,2
0.4445075587696903,1
0.43808331362845876,1
0.4326518742102041,2
0.4614148317907045,2
0.5042108318712379,2
0.4977194290184801,1
0.5043666733597261,2
0.5311196049827118,2
0.57509796030051,2
0.6176148869731937,2
0.6225339142204815,2
0.6571086572679299,2
0.6797325449937948,2
0.6876254749865778,2
0.7204827329153687,2
0.7569334844846078,2
0.8358052679543115,2
0.9143423279850145,2
0.9351054913067001,2
0.9364038950401488,1
0.9369532615803393,1
0.9392894156799576,2
0.9529317222310887,2
0.971166428940242,2
0.976412006477068,2
0.9871557495264007,2
0.9961482832387605,1
1.0,1
0.981492009169235,0
0.9798915589574786,1
0.9927583702464191,1
0.983518352787778,1
0.9802893881898997,1
0.9755916825906736,1
0.9649027260310208,0
0.9490280779259597,0
0.9281929258404877,1
0.9527445412960269,2
0.9496311107479092,0
0.931377060589426,1
0.9359852098307195,2
0.9601517265499071,2
0.9754654356340913,1
0.9547987719347566,0
0.947497913634332,1
0.9547395433879087,2
0.9633195581935208,1
0.9537073201230766,1
0.9699037983181946,1
0.9640274367631594,0
0.932988971692311,0
0.9187483986461797,1
0.9183607016485467,1
0.9063790756566903,0
0.8840916431455721,0
0.875559061371123,1
0.8917462192880943,2
0.9135578205980244,2
0.9201006115659931,1
0.9188419951035607,2
0.9388378891126008,2
0.9745870068005216,2
0.9783575563253253,1
0.9779072008791247,1
0.9788556302177553,2
1.0,2
1.0,1
1.0,1
1.0,1
1.0,1
1.0,1
1.0,1
1.0,1
1.0,1
1.0,1
1.0,1
1.0,1
1.0,1
1.0,1
1.0,1
1.0,1
1.0,1
1.0,1
1.0,1
1.0,1
1.0,1
1.0,0
0.9765141037076632,0
0.9610338433710148,0
0.9547199881447321,0
0.9415020712332369,0
0.8983468926486107,0
0.8516452665600938,0
0.8616607069987254,1
0.8527850153916032,0
0.8409359135625674,0
0.8296660911231493,1
0.8346919941862299,0
0.7996379035963224,0
0.779327152802175,0
0.7671548797281766,0
0.7200172797467597,0
0.6800131942727023,0
0.6543764903988063,0
0.5834728476381859,0
0.5899012662901688,0
0.5531263863218987,0
0.5295735649723745,0
0.47427642049327345,0
0.45611671412997734,1
0.46577357694152477,0
0.4280206100771551,0
0.434290346286641,2
0.44730590442610074,2
0.4993223714378059,2
0.5040614418064713,2
0.5233124571009014,2
0.5499798620061627,2
0.5872066216212668,2
0.5692859004204509,0
0.5506668320342591,1
0.5662307155612034,0
0.5182518784819083,1
0.5631767855479146,2
0.548653651344664,0
0.5265004277777465,2
0.5668486913524546,2
0.5708688806415174,0
0.550420590554417,0
0.5161789635673846,0
0.5194225315397176,1
0.5203747226780391,2
0.5512153902373977,0
0.49271843086388944,0
0.3955641289629386,0
0.25511016958496846,0
0.16403278939787658,0
0.04349532295036873,0
-0.11067669647892431,0
-0.2861110170107731,0
-0.49040811948820917,0
-0.711680199930259,0
-0.7984648125304444,0
-0.9807143496210909,0
-1.0,0
-1.0,1
-1.0,1
-1.0,1
-1.0,1
-1.0,1
-1.0,1
-1.0,1
-1.0,1
-1.0,1
-1.0,1
-1.0,1
-1.0,1
-1.0,1
-1.0,1
-1.0,1
-1.0,1
-1.0,1
-1.0,1
-1.0,1
-1.0,1
-1.0,1
-1.0,1
-1.0,1
-1.0,1
-1.0,1
-1.0,1
-1.0,1
-1.0,1
-1.0,1
-1.0,1
-1.0,1
-1.0,1
-0.9888970854417352,1
-1.0,1
-1.0,1
-1.0,1
-1.0,1
-1.0,1
-0.9973331378246789,1
-0.9905556978091159,1
-0.9833801059374544,2
-0.9731231406500671,2
-0.9631104566660633,2
-0.9368987365292278,2
-0.9291420075062548,2
-0.8811912463312007,2
-0.8405812971618031,2
-0.8195065442903651,2
-0.773777179393828,2
-0.7342465016694492,2
-0.6930602253109308,2
-0.6581082077933932,2
-0.6178994838943308,2
-0.588037660549954,2
-0.5426732360298786,2
-0.4980991682343602,2
-0.4304598914936977,2
-0.3822349555826101,2
-0.3334563330709194,2
-0.2813665408552045,2
-0.23180643386297006,2
-0.1782352525392008,2
-0.15173093785409508,2
-0.1010931581435307,2
-0.07561660075964849,2
-0.048341548207236906,2
-0.0013724741296265996,2
0.022195920258633484,2
0.0290045698999426,2
0.04351599842954634,2
0.06294372170407692,1
0.058025645619284694,1
0.06454615233922367,2
0.07525050613007966,2
0.1092035227535999,2
0.12900393540528743,2
0.14957189191643505,2
0.15007779932955922,2
0.18647311560268798,2
0.20943497238026576,2
0.24033712577087973,2
0.26346991537393416,1
0.24218253529844236,1
0.25710579099928976,2
0.25988778561491244,2
0.298191485397691,2
0.3124484545234003,2
0.3286170390674532,1
0.3273273731228914,1
0.340050374327469,1
0.33654218912332623,1
0.350093048173743,2
0.3770716437273418,2
0.3796277995629749,2
0.40745073487601413,2
0.42136198759674803,2
0.4336734761328125,2
0.43982958865450517,1
0.4418119202215427,1
0.42419755362589573,1
0.43208960733874857,1
0.4161331231669587,1
0.42908598215524085,1
0.4111863821561377,1
0.4152268759555513,2
0.44486295266094156,1
0.4112391761729868,0
0.3952259133844289,1
0.4193798416868968,2
0.4347995452260609,2
0.43540551438881847,1
0.43174528062403805,1
0.43797841397315285,1
0.4427025397331428,2
0.45495099054326116,2
0.4717135417693148,1
0.4580455372339023,1
0.45863159186483315,1
0.4678199481615053,1
0.4734412118833675,0
0.4474810062089205,1
0.4709836331456547,2
0.48004898202459034,1
0.4810723765586553,2
0.5095844161566039,2
0.5178090472483026,1
0.5030973660283793,1
0.5151755128718354,2
0.5606159999523939,2
0.5531033124452005,1
0.5520902854988397,1
0.5658978811363298,2
0.5834125564721406,2
0.5921081415027332,2
0.6120205282457414,1
0.5890303781327142,0
0.5845042555297477,1
0.603094947250719,2
0.6331007000933813,2
0.6569846047742685,2
0.6841911109675733,2
0.7470479875271394,2
0.7646472162136067,2
0.8405851777882449,2
0.9382037247134409,2
0.9256037572347011,1
0.9290989988486165,2
0.9665932827934982,2
0.9686441308622498,2
0.9911797919502838,2
1.0,1
1.0,0
0.983631226996664,1
1.0,2
1.0,0
0.9835552206650395,1
1.0,2
1.0,1
0.9933882253822917,0
0.9737212582032269,1
0.9917323490589347,1
0.9703896134480401,1
0.998019340279594,2
1.0,0
0.959893120899717,0
0.9541577644622963,1
0.9719370260914646,1
0.9659497508309922,0
0.9479704759163592,0
0.9378016433570666,0
0.9225448883425917,0
0.9122375187678973,1
0.9080499344704192,2
0.9309225313651546,1
0.9029282979391471,0
0.892044028824756,1
0.9105161080895638,2
0.9313820635013101,1
0.9032223969155821,1
0.91657279104429,1
0.9135229618143701,0
0.9000863294650889,1
0.8981962158477046,0
0.8782037687286564,0
0.8755587293428055,1
0.8868966847581385,1
0.8890488402586472,1
0.8740548555424803,0
0.8615884956344664,0
0.8570057178178516,1
0.8505115700121939,0
0.829088624162039,1
0.8598441523654481,2
0.848176338958861,0
0.8416989739514491,2
0.8873734868430778,2
0.9422875093884311,2
0.9647194668825823,2
1.0,2
1.0,1
1.0,1
1.0,1
1.0,1
1.0,1
1.0,1
1.0,1
1.0,1
1.0,1
1.0,1
1.0,1
1.0,1
1.0,0
0.9836791508920708,0
0.9593868603350475,1
0.9783537664625634,2
1.0,0
0.9447206210730206,0
0.9206963960112935,0
0.893375297889083,0
0.8452710947657363,1
0.8812342222425089,2
0.8690112048675853,0
0.8153864501247428,0
0.777473342640439,0
0.7920277860834568,1
0.7792475936826941,0
0.7673589682027149,0
0.7460951034551171,1
0.7553646110379155,1
0.7390335147926135,1
0.7681964998052488,2
0.7916402749162625,2
0.801093877219788,1
0.8023543207231796,2
0.8235750512838718,2
0.8282417076704189,0
0.7814413821961574,0
0.7698500086893849,1
0.7965180020731861,0
0.7292814668030982,0
0.6453613158333305,0
0.5138279803820915,0
0.38842178929317384,0
0.287832994835286,0
0.1688249719235333,0
0.004390418621428971,0
-0.15922580772205364,0
-0.3521849732964144,0
-0.5542233951039447,0
-0.7596566943009184,0
-0.9394346056032362,0
-1.0,0
-1.0,1
-1.0,1
-1.0,1
-1.0,1
-1.0,1
-1.0,1
-1.0,1
-1.0,1
-1.0,1
-1.0,1
-1.0,1
-1.0,1
-1.0,1
-1.0,1
-1.0,1
-1.0,1
-1.0,1
-1.0,1
-1.0,1
-1.0,1
-1.0,1
-1.0,1
-1.0,1
-1.0,1
-1.0,1
-1.0,1
-1.0,1
-1.0,1
-1.0,1
-1.0,1
-1.0,1
-1.0,1
-0.9988945291967901,1
-0.9897910070150051,2
-0.964852283090086,2
-0.9414868304601793,2
-0.9277916381418859,2
-0.8939905202719898,2
-0.8710457859156439,2
-0.8433833983167518,2
-0.8012591807283834,2
-0.7570078346741836,2
-0.7175466116300406,2
-0.6679841068379533,2
-0.6233595873412445,2
-0.5760667037828335,2
-0.5266163946305914,2
-0.48301204869182257,2
-0.4322714054483906,2
-0.39479176164881036,2
-0.3446603607584664,2
-0.3230865968476626,2
-0.2919078357943484,2
-0.2676732887889972,2
-0.23769671670505244,2
-0.21623747486845923,2
-0.20291191820800125,2
-0.19029002504711479,2
-0.16793921333985884,2
-0.15033722107345526,2
-0.15118964801740675,1
-0.14000217545679705,1
-0.1377808344213578,1
-0.1303795321759229,1
-0.12577057155136173,1
-0.12988349893236206,1
-0.13847472154846885,1
-0.13048005553300457,2
-0.12087186555988283,2
-0.09695481801602202,2
-0.10357447575158674,1
-0.08850807767025248,1
-0.10179754250929751,1
-0.07751961686225195,2
-0.06553095506904094,2
-0.05911336019138469,1
-0.05134895502277381,2
-0.036976719496986776,2
-0.01001594171767417,2
0.0009458479910615658,2
0.008733231378640127,2
0.018596296943825807,2
0.03171077915578735,2
0.04470174642138769,2
0.0549684242823929,2
0.06992923968041675,2
0.08542895889182245,1
0.07589030256559859,1
0.0790441453462174,2
0.09426226171098318,1
0.08812231474154597,1
0.08875519580703584,1
0.10112159834148682,1
0.10335162205782722,1
0.0959546036604988,1
0.10248101683707711,1
0.10020365419249622,1
0.09983763921527,1
0.09562080311407706,1
0.10059605949242512,1
0.0924002050374857,1
0.09074126480251743,1
0.0966033365684229,2
0.11041398688279846,1
0.11172411438453111,1
0.10703798031654133,1
0.11253928628988752,2
0.12346072974379219,1
0.1269116956297367,1
0.12053123813192612,1
0.13715931812144588,2
0.14928996728469124,1
0.14785782231159117,1
0.16487593595573968,2
0.18447634237829957,2
0.1875903470933169,1
0.19369339150561982,1
0.20129576311029918,1
0.20075968882332784,1
0.1922899547395751,1
0.1957365322925293,1
0.1875701755491761,1
0.20285339686657733,1
0.1993593730196288,0
0.18287860033136516,0
0.17885815077572764,1
0.17759658721895044,1
0.17387527527632485,1
0.16892531766578522,1
0.1891403840765702,2
0.19075358823704458,1
0.19339481005935277,1
0.18547659068766942,1
0.19776966605941748,1
0.19395119497435265,1
0.191615185730573,1
0.19838168585594373,1
0.20454458293765465,2
0.22325037891859711,2
0.23803032517286882,2
0.25836917679493476,2
0.2916682664280741,2
0.32189028462734703,2
0.3579995367143862,2
0.40715362964317015,2
0.45993028881738063,2
0.5102808735506168,2
0.5863234136771329,2
0.6647146867483795,2
0.7375418146000903,2
0.7877936153041958,2
0.909964784881617,2
0.9788735110269522,2
0.9851002943927993,1
0.9865849728283342,1
0.9995427080913744,1
1.0,1
1.0,1
0.9870389353710494,1
0.9966936337289034,1
0.9980936932930853,1
0.9891069962147414,1
0.9937453617622154,1
1.0,1
0.9865576208802957,1
1.0,1
1.0,1
1.0,1
0.9912972584690702,1
1.0,1
1.0,0
0.9734629883878261,0
0.9813990189799406,1
0.9722927535779391,1
0.9812631540052703,1
0.9844126716612451,1
0.9926581660129099,1
0.9988320479111972,1
1.0,1
0.98878143695647,0
0.983573723157176,1
1.0,2
1.0,1
1.0,1
1.0,1
1.0,1
0.9857101986375052,1
0.9940744787079916,1
1.0,1
1.0,1
1.0,0
0.9794841489366146,1
0.9992111109906769,1
0.9905566336666416,1
0.9968214013456127,1
1.0,1
1.0,1
0.9868429969595944,1
1.0,1
1.0,1
0.9976469949853359,1
1.0,1
1.0,1
1.0,1
1.0,1
1.0,1
1.0,1
1.0,1
1.0,1
1.0,1
1.0,1
1.0,1
1.0,1
1.0,1
1.0,1
1.0,1
1.0,1
1.0,1
1.0,1
1.0,1
1.0,1
1.0,1
1.0,1
1.0,1
0.9872316996736119,0
0.9771613481947985,1
0.9811416711602088,1
0.9898310504830783,0
0.935897224575523,0
0.9199861354300529,0
0.9007963896664108,0
0.8517382076389011,0
0.8448637929231366,0
0.7979126178007594,0
0.7737962914512726,0
0.7377382192951265,0
0.755486987952311,1
0.7471495697066171,0
0.7116742313528499,0
0.709185403981925,1
0.7174482661391126,2
0.7615505437128127,2
0.7460217366842865,1
0.7500943744933177,2
0.7639759646114741,2
0.7851356040962099,2
0.7817125113164893,1
0.796081738000946,1
0.7793719666091807,0
0.7569963141359151,1
0.7859649989985047,1
0.7553396418686849,1
0.7709034396740615,0
0.7281621672963616,0
0.719234978779189,0
0.6704230728326845,0
0.6635952825702542,1
0.6563616666348637,0
0.619708199663765,0
0.552874419000484,0
0.4817976695205972,0
0.40829130616908493,0
0.292436976512906,0
0.21484116240023332,0
0.06967112365580541,0
-0.07937043172012204,0
-0.22612611190413634,0
-0.3411684766625547,0
-0.4561188027277131,0
-0.6162889748422737,0
-0.7770665958439089,0
-0.8932877501404499,0
-1.0,0
-1.0,1
-1.0,1
-1.0,1
-1.0,1
-1.0,1
-1.0,1
-1.0,1
-1.0,1
-1.0,1
-1.0,1
-1.0,1
-1.0,1
-1.0,1
-1.0,1
-1.0,1
-1.0,1
-1.0,1
-1.0,1
-1.0,1
-1.0,1
-1.0,1
-1.0,1
-1.0,1
-0.9995492575911856,1
-1.0,1
-1.0,1
-1.0,1
-1.0,1
-1.0,1
-1.0,1
-0.996871007853767,1
-0.9849748887722808,2
-0.9589635460430179,2
-0.9389824269585749,2
-0.914534530857272,2
-0.8770714066097045,2
-0.8418837061168751,2
-0.792594291254009,2
-0.7547764514386563,2
-0.7060578540144083,2
-0.6628532743077784,2
-0.597389450527392,2
-0.5448237392976922,2
-0.4844096655283697,2
-0.42948587587081777,2
-0.40204189146921876,2
-0.3642962305046187,2
-0.3063683016257901,2
-0.2616772480571061,2
-0.2214465195909755,2
-0.17490473533515705,2
-0.13740650124785458,2
-0.0926951014835754,2
-0.06520693481991024,2
-0.0442562619201009,2
-0.019912903596834175,2
-0.006786008897150753,2
0.035011892037732695,2
0.06557791368275279,2
0.07351989728689046,1
0.0791947129785111,2
0.10974338772977488,2
0.136530214542125,2
0.13714574517512035,2
0.16773586059059986,2
0.20665074317863708,2
0.22634708383183844,2
0.24730946518633878,2
0.267771972215777,2
0.29137417076425876,2
0.3294438029003699,2
0.36163349938976164,2
0.39497376035482246,2
0.3948346095158244,1
0.40501947786511105,2
0.4330197023532285,2
0.45436862727048344,2
0.46369608650739114,2
0.47082362304835423,2
0.5054830800433545,2
0.5367849552448973,2
0.5409220139808231,1
0.5465937900073319,1
0.5552367160397644,2
0.5635581703188854,1
0.5652057681660112,1
0.5647588194094064,1
0.5704418474751096,1
0.5784409109601887,1
0.5861383210600999,1
0.5751909283439511,1
0.5703987084484674,0
0.5591071660280473,1
0.5587207559745866,1
0.5552403518394053,1
0.5512357125901135,1
0.5535652013996197,1
0.5624200780952691,1
0.5622003373199274,1
0.5529341992127317,1
0.5493495029792148,1
0.5495470229730219,1
0.5484340845552966,1
0.5403708436326904,1
0.5542956236652992,2
0.5602054337353501,2
0.5839708211096344,2
0.6021276734574426,1
0.584236332757941,1
0.6162645089447472,2
0.6079688363687534,1
0.6228930037431561,2
0.6341393576596612,2
0.6557116373062566,2
0.6545553480068038,2
0.6735930644336725,2
0.683366253037613,1
0.6816100164433179,1
0.6828482594814287,2
0.6988294871324698,1
0.6958904513158326,1
0.6842275376645754,1
0.68469300205717,1
0.6730006834581308,1
0.6965069540296134,1
0.679408419010558,0
0.649688972020456,0
0.6497794452064938,1
0.6516214992249401,1
0.6606627787173738,2
0.6691903449360537,2
0.6783575667330553,1
0.6744010301383736,1
0.6910916832914691,2
0.7186434438661824,2
0.7493436366508457,2
0.78907220649691,2
0.8314526576478418,2
0.8948210047790637,2
0.9379276942363683,2
0.9471728889769575,1
0.9474488847319846,2
0.9658432935800483,2
0.9651208082783644,1
0.9640363543860662,1
0.9755363533809187,1
0.9660066935729337,1
0.9767554662128866,1
0.9765216404341024,1
0.989868880796583,2
0.9988990478265825,1
1.0,1
0.9878542902187091,0
0.9731773616530184,1
0.9836974629127322,1
0.9834502702693801,1
0.9829568662252766,0
0.9607596790196755,1
0.975764925227502,1
0.9745113571385722,2
0.999679635789118,2
0.9952347907813397,0
0.9793933572248412,0
0.9635928368853024,1
0.9947492558429543,2
1.0,1
1.0,1
1.0,1
1.0,1
1.0,1
0.9999113796648014,1
1.0,1
1.0,1
0.9924112654793087,1
0.984864128744545,0
0.9741598271975014,1
0.9816920166528205,0
0.9553006461219113,0
0.9528913977787088,1
0.9500593611611845,0
0.9134079099771932,0
0.9248229624237143,2
0.9598461364958193,2
0.9851216841202317,2
1.0,1
1.0,1
1.0,1
1.0,1
1.0,1
1.0,1
1.0,1
1.0,1
1.0,1
1.0,1
1.0,1
1.0,1
1.0,1
1.0,1
1.0,1
0.9891945765932284,1
0.996694154520666,1
1.0,0
0.9761248270520588,1
0.9995091193373595,1
0.9919139945992195,0
0.9803274896725909,0
0.9651040612760937,0
0.9594596597350273,1
0.9503003204493534,0
0.927917771597297,0
0.9185777614825474,1
0.9121821204323306,0
0.8986543400422418,2
0.9620620962524171,2
0.9837398503851906,0
0.9124903229861143,1
0.9790482300602734,2
0.9934447824260284,0
0.9585034504002796,0
0.9684340494239223,2
1.0,2
1.0,1
1.0,1
1.0,0
0.9240628785160989,0
0.7636697770060958,0
0.5365937530587139,0
0.36909950766196964,0
0.16614370120792832,0
-0.1199166119746915,0
-0.3320655376627285,0
-0.5140983625438975,0
-0.7136838455609635,0
-0.9263653680309932,0
-1.0,0
-1.0,1
-1.0,1
-1.0,1
-1.0,1
-1.0,1
-1.0,1
-1.0,1
-1.0,1
-1.0,1
-1.0,1
-1.0,1
-1.0,1
-1.0,1
-1.0,1
-1.0,1
-1.0,1
-1.0,1
-1.0,1
-1.0,1
-1.0,1
-1.0,1
-1.0,1
-1.0,1
-1.0,1
-1.0,1
-1.0,1
-1.0,1
-1.0,1
-1.0,1
-1.0,1
-1.0,1
-1.0,1
-1.0,2
-0.9799868949232577,2
-0.9777825626589113,1
-0.9736295614682894,2
-0.9603467088744354,2
-0.9430797034068215,2
-0.9408730065189908,2
-0.9254880129085987,2
-0.895694013226508,2
-0.8603515387568169,2
-0.8346963031328297,2
-0.8217756670216999,2
-0.7873679874852537,2
-0.738210549137317,2
-0.6913495707603354,2
-0.6436262580337182,2
-0.5999517579765534,2
-0.576969250720215,2
-0.5220346142846573,2
-0.498589974398971,2
-0.4630386721884707,2
-0.41367682356213353,2
-0.3900108135528496,2
-0.3501935916629161,2
-0.2998318530440497,2
-0.2645032051390911,2
-0.24404080925244465,2
-0.2007438432520634,2
-0.16343663523388807,2
-0.12239892188480772,2
-0.08473769947868404,2
-0.05401936045047562,2
-0.01316923644850998,2
0.023980890804659927,2
0.05559853997897024,2
0.07851794018845748,2
0.11122949629111334,2
0.1345073777425736,2
0.1782513162340118,2
0.22461101912814718,2
0.2507596152289584,2
0.2777604975730841,2
0.3126254107082398,2
0.33885535788304555,2
0.36558282060413827,2
0.39975047233508176,2
0.4414358362998436,2
0.4714645511020368,2
0.4984972323841681,2
0.5179833351215131,2
0.5270194844604639,1
0.5260520262359838,1
0.5288860923083061,1
0.5374074359493564,1
0.536364414730558,0
0.5037124773920669,0
0.5136135911840596,1
0.5158335250242407,1
0.4996990815962894,0
0.48192275598682044,0
0.47991886106298387,1
0.4853831663676591,1
0.47971334256026177,1
0.4774345616998712,1
0.4768146876926924,1
0.4836902842584878,1
0.4787405129978406,1
0.49189388239059073,1
0.4836272976036944,1
0.4917527427687598,1
0.4917187428169907,1
0.4770756853249938,1
0.4901777306576298,2
0.5088072778640882,2
0.5079171545580492,1
0.5147582387340901,2
0.5302076143123498,1
0.5252856875736704,1
0.5367346851332186,2
0.5435793532881938,1
0.5439546708963323,1
0.5485295937691668,1
0.5537894486647574,1
0.5627725421501519,1
0.560435408185687,1
0.572481303391329,1
0.5518642839724353,1
0.573149102698238,1
0.5673220530379717,1
0.5633270926618379,1
0.5557303198900911,1
0.5599669194731096,1
0.5597164082976955,0
0.5420652533840984,1
0.5566675319254089,2
0.5656559627920115,1
0.5634181491878352,1
0.5704521014396526,2
0.5835387427629071,1
0.5837280114248706,1
0.5946255238397311,1
0.5957816703747201,1
0.5953465364359634,1
0.5987321586534178,1
0.5890974045707409,1
0.611590755811332,2
0.6275084923244412,2
0.6584871769705596,2
0.7141802967710953,2
0.743893118959644,2
0.7846049432418034,2
0.8313403000084372,2
0.8878502857904935,2
0.9349187420073872,2
0.9771026307200625,1
0.9496184389391089,0
0.9495590682727988,1
0.9520096728586982,1
0.9464710400151479,1
0.9380452789965821,1
0.9307533332110374,1
0.9361316461284059,1
0.9401520157220113,1
0.9391260776017425,1
0.9438106144449481,1
0.9440521520654843,1
0.9371162504825998,1
0.9349245547927345,1
0.9291080312718256,1
0.9348174236387432,1
0.9260489653411459,1
0.9429269287471898,2
0.9799123902806806,2
0.9856953724354713,1
0.9862937308208655,1
0.9835356841144849,1
0.9983019339112786,1
0.983476194859862,1
0.9844320817145722,0
0.9652984614369187,0
0.9648670524470819,1
0.9548654860675805,0
0.9321756126086369,1
0.9410450545949729,0
0.9111484047135459,0
0.9082315835545154,1
0.9202238040003554,2
0.9277198938327766,2
0.943039782743758,1
0.9279480080210918,2
0.9693223860711306,2
1.0,2
1.0,1
1.0,1
1.0,1
1.0,1
1.0,1
1.0,1
1.0,1
1.0,1
1.0,1
1.0,1
1.0,1
1.0,1
1.0,1
1.0,1
1.0,1
0.9922820206362026,1
0.9933276429383429,1
0.9842260732812165,1
0.9781983077416345,0
0.9661454056037546,0
0.940928958857193,0
0.9119597366492951,0
0.9023602837170395,0
0.8848905862174326,0
0.8658751224829024,0
0.843154390340942,1
0.8535597916894329,0
0.8170158891722237,1
0.8593403322203998,2
0.8735950625329221,1
0.8602168593552506,1
0.8688400668945573,2
0.9249049120926383,2
0.929697760456653,1
0.9368868073225749,2
0.9886020173468653,2
0.9949725197963124,0
0.9425031282758332,0
0.9608757877555314,2
0.9843690275068544,2
0.9867040765726065,0
0.9435266687452055,0
0.912504933973858,0
0.8128853900835709,0
0.6287635447855568,0
0.46789066761377174,0
0.18298879686202252,0
0.10269927364899156,0
-0.2172603128786722,0
-0.4908973625237544,0
-0.7543283874641613,0
-0.9139443794729007,0
-1.0,0
-1.0,1
-1.0,1
-1.0,1
-1.0,1
-1.0,1
-1.0,1
-1.0,1
-1.0,1
-1.0,1
-1.0,1
-1.0,1
-1.0,1
-1.0,1
-1.0,1
-1.0,1
-1.0,1
-1.0,1
-1.0,1
-1.0,1
-1.0,1
-1.0,1
-1.0,1
-1.0,1
-1.0,1
-1.0,1
-1.0,1
-1.0,1
-1.0,1
-1.0,1
-1.0,1
-1.0,1
-1.0,1
-1.0,1
-1.0,1
-0.9994048994052405,1
-1.0,1
-0.9992239865894986,1
-1.0,1
-0.9913129704976091,2
-0.98390446793746,2
-0.963744127622243,2
-0.936086949748376,2
-0.9064491927229376,2
-0.863675551215501,2
-0.8357219598913684,2
-0.7895398044425718,2
-0.7462239368377008,2
-0.6846556337605773,2
-0.6475026637962773,2
-0.5991557656292205,2
-0.5370903131190665,2
-0.47543458933065186,2
-0.4162846527561902,2
-0.35145782493874433,2
-0.2981119602875848,2
-0.24598091443119263,2
-0.21239957031984225,2
-0.16995459841789862,2
-0.1374062272655101,2
-0.11559336275735088,2
-0.09296071811610884,2
-0.06311814795037285,2
-0.0446710307669671,2
-0.02923286864775676,2
-0.005058098073469797,2
0.01046388651184782,2
0.02997178174173487,2
0.058067835403847745,2
0.09424519432778844,2
0.11621045028181443,2
0.14409587982973404,2
0.17850327347218253,2
0.2089125403636345,2
0.2411321317863,2
0.29352743481784493,2
0.3179422762131776,2
0.3654056604893905,2
0.3820323575668374,2
0.43408091525302495,2
0.4887073889626792,2
0.5089999270132461,2
0.5255902933389607,2
0.5589764742657808,2
0.6027804150183194,2
0.625879381991324,2
0.6495483289287085,2
0.6680886316987864,2
0.6946734121394105,2
0.7182426044517618,2
0.7342120852475964,2
0.7460336011920834,2
0.7591055316678608,1
0.7599250326488254,1
0.7541491269180751,1
0.7494331797046552,1
0.7563895685197206,1
0.7470979057749483,1
0.7422350451558397,1
0.7507200018185367,1
0.7493075894230976,1
0.740190440289245,1
0.7472002598440104,1
0.753765087874231,1
0.7575553512998661,1
0.7525945518250023,1
0.757737732390648,2
0.7756738885137799,2
0.7779711670231635,1
0.7678197439278214,1
0.7743031722249909,1
0.7740323793048491,1
0.7653891416497978,0
0.7558474959102071,0
0.7468583338172654,1
0.7519187384059023,1
0.7464384724924302,1
0.7507874322200421,2
0.7684051165790162,1
0.7659046134622103,1
0.7581221396911997,1
0.7752648730194387,2
0.782381128647921,1
0.7836562196582328,1
0.7852489332091683,1
0.7813959884495334,1
0.8002383416025403,2
0.8087387962579364,2
0.8201870307690302,1
0.8125432821714482,0
0.7985755439391728,1
0.8015536509432541,1
0.8075327461594637,1
0.7937366490268825,1
0.7950357213470063,0
0.7755648252754883,1
0.7868190401835242,2
0.7959388539568295,1
0.7963071304921587,1
0.792644207996295,2
0.8199665830024718,2
0.8628512796977696,2
0.8913363550518676,2
0.9555652520154494,2
0.9654824406032738,2
0.9803422927729966,1
0.9722866416096223,1
0.9796463348418718,1
0.9790654503593614,1
0.9674589810674608,1
0.9653236094471465,1
0.9754433812658974,1
0.9655085820103093,1
0.981970250163477,1
0.9734526520052569,1
0.9955075842743066,2
1.0,1
0.9881682417641471,0
0.9725655955642625,1
0.9790670968966559,1
0.9832354189612675,1
0.973878844140613,1
0.9723272952568627,1
0.9616679461986604,1
0.9711474888049205,1
0.9635875164780614,1
0.9645259147594469,1
0.9625553251264787,0
0.9402642606243399,1
0.9477229222120127,2
0.9609904852279465,1
0.9356224094096914,0
0.9297109484972266,1
0.9413026145045809,2
0.949059168975732,2
0.9668649121710522,2
0.9762516920617474,1
0.9793927365584163,2
0.9966975678093914,2
1.0,1
1.0,1
0.9991803953859166,1
1.0,1
1.0,0
0.9751238836685505,1
1.0,2
0.9914471994527152,0
0.9760939682311769,1
0.9853470158153033,1
0.9894625128212617,1
1.0,1
0.9998688930535078,1
0.9908267693953932,1
1.0,1
1.0,1
1.0,1
1.0,1
1.0,1
1.0,1
1.0,1
1.0,1
1.0,1
1.0,1
1.0,1
1.0,1
0.9917813690304358,0
0.9748671010939105,0
0.9749371062222589,1
0.9847836582481415,2
1.0,1
0.998538992410384,1
0.9884583551238135,1
0.9985584285770772,1
1.0,0
0.960102341044381,0
0.9128782574879077,0
0.8818572770801538,0
0.8439553970285993,0
0.8334823938068863,0
0.7926953924046483,0
0.7210545474164365,0
0.7129664047463389,0
0.6823310762827661,0
0.6276656787704809,0
0.5922281995940852,1
0.6272881204962313,0
0.5458920380224517,0
0.4417070433782313,0
0.3550736663898231,0
0.19150253892021163,0
0.08419500707084882,0
0.01108821294424156,0
-0.14260698540275119,0
-0.40341726427467905,0
-0.5332716320229941,0
-0.8003171642255991,0
-1.0,0
-1.0,1
-1.0,1
-1.0,1
-1.0,1
-1.0,1
-1.0,1
-1.0,1
-1.0,1
-1.0,1
-1.0,1
-1.0,1
-1.0,1
-1.0,1
-1.0,1
-1.0,1
-1.0,1
-1.0,1
-1.0,1
-1.0,1
-1.0,1
-1.0,1
-1.0,1
-1.0,1
-1.0,1
-1.0,1
-1.0,1
-1.0,1
-1.0,1
-1.0,1
-1.0,1
-1.0,1
-1.0,1
-1.0,1
-1.0,1
-1.0,1
-1.0,2
-0.9760920146520261,2
-0.9517061673782727,1
-0.9717801030586353,0
-0.9717730178049668,2
-0.9353744710718185,2
-0.9240812340040965,2
-0.8932375512127861,2
-0.8709036925504123,2
-0.8381989052341727,2
-0.8093867462570893,2
-0.7693234467567802,2
-0.7330202919353446,2
-0.6879700349694315,2
-0.6316122283891757,2
-0.5765074700868272,2
-0.5489396337195134,2
-0.49837940558058347,2
-0.46316142809960836,2
-0.42111304606059197,2
-0.3840992492084786,2
-0.34829388080368184,2
-0.31997092739946553,2
-0.3041129627392345,2
-0.2794873253041814,2
-0.2450899087636862,2
-0.2169762321405838,2
-0.18990775297727758,2
-0.1646701518223651,2
-0.1153273145310304,2
-0.07785144996443949,2
-0.030999569512354053,2
0.0035812782298361157,2
0.03534704384320064,2
0.0818243889855057,2
0.13499365038448974,2
0.1853369594718388,2
0.2316365856197098,2
0.28973740637866974,2
0.3385546871809111,2
0.3754569302789228,2
0.41987180932388,2
0.4553770542929192,2
0.4872295864128826,2
0.49990098051638876,2
0.5126542031725829,2
0.5160797255803267,2
0.5369168968174189,2
0.5543763711090317,2
0.556987665857285,1
0.568314190248846,1
0.571187411005948,1
0.5613930281588502,1
0.5649907077482996,1
0.5733706661959055,1
0.5647747467656121,1
0.5652599083965251,1
0.5583025457848378,0
0.5429951866591005,0
0.5384936749029781,1
0.5453031885460164,1
0.5438729587948845,1
0.550244027805844,1
0.5502869180992773,1
0.550855565407852,1
0.5450860550429697,1
0.559275072048103,2
0.563987099947717,1
0.5588182820677867,1
0.56002859323188,1
0.5630986553700836,1
0.5609064461351003,1
0.5659205943756926,1
0.5700450531061059,1
0.5692239824952567,1
0.5613967462459766,1
0.5614151305853881,1
0.5506534100864968,1
0.5537685293134784,1
0.551001531659725,1
0.5429319903183016,1
0.5362756117333234,1
0.5292544623430313,1
0.5366341912969306,1
0.5295582481642349,1
0.5302573070306023,1
0.5339900464830238,1
0.5322415150529376,1
0.5312963773056214,1
0.5304846478664706,1
0.5383878528517261,2
0.5462948880822951,2
0.5704907930100056,2
0.5786114414123433,2
0.6127431817471576,2
0.6217789461573333,2
0.6442985034940409,2
0.6704863423512732,2
0.6773779473461734,1
0.6861695050660293,1
0.6887190472369424,1
0.6921183912761795,1
0.6952237745786176,2
0.7162195188675198,2
0.7421771480928747,2
0.7480687680105682,2
0.7687266057691782,2
0.7845210785777119,2
0.806629164910901,2
0.8279477917941647,2
0.8567037752527971,2
0.8805468755230856,2
0.9181404990499293,2
0.9428434508349441,2
0.9815202349265992,2
1.0,1
0.9925217607004262,0
0.9756727105093468,1
0.98047874448363,1
0.9838225269094536,1
0.9739235801065802,1
0.9919142430028167,1
0.9853064616742297,1
0.9892045986250093,1
0.9890420256007519,1
0.9888120524147443,1
0.9902082640682395,1
1.0,1
1.0,1
0.9976990025592767,1
1.0,1
1.0,1
1.0,1
1.0,1
1.0,1
1.0,1
0.9993360678283993,1
0.9857576573135094,0
0.9736612495272525,1
0.9834745592770378,1
0.9695686123304563,1
0.9750884738972827,1
0.9694813125036605,1
0.971245530022887,1
0.9660650716086432,1
0.9655047831600225,1
0.9597798880095538,1
0.9691017743088142,1
0.9672025592620217,1
0.9593080059526617,1
0.956038657863866,1
0.9447385765267164,1
0.9554664318535089,1
0.9356542542747037,1
0.957508141075091,2
0.9653677160205512,1
0.9644476731377731,1
0.9577892333653006,1
0.9769682886990703,2
0.9986953204786453,2
1.0,1
0.999734759459435,1
0.9956312782170629,1
1.0,1
0.9984514820060226,1
1.0,1
0.9942656331290247,1
0.9940866718291943,1
0.9912222765161856,1
0.9826045428227124,1
0.9879136236027743,0
0.9450237227774472,0
0.9399307881483661,0
0.8782853871017879,0
0.882953230897352,2
0.9247867018438831,2
0.926066805634624,0
0.9003498076643435,0
0.8987246171778294,2
0.9287417472127573,2
0.9239076695721253,2
0.948857025586276,0
0.7916478455303249,1
0.9376659271663434,2
1.0,2
1.0,1
1.0,1
1.0,1
1.0,1
1.0,1
1.0,0
0.9458183168090755,0
0.9314740836214805,0
0.8692997710243986,0
0.8691955013688766,0
0.8337294509538751,0
0.7394758623838025,0
0.5310884689685782,0
0.2875873719053157,0
0.10610339726921403,0
-0.07903600414025558,0
-0.3226355593184982,0
-0.6462511540780411,0
-0.8039956392146407,0
-1.0,0
-1.0,1
-1.0,1
-1.0,1
-1.0,1
-1.0,1
-1.0,1
-1.0,1
-1.0,2
-0.9750879120077851,1
-1.0,1
-0.9753611134149147,2
-0.9015020221008493,2
-0.8957600698749362,1
-0.8938486693415612,2
-0.7840967828018253,2
-0.8475727081928686,0
-0.9042753563646816,0
-1.0,0
-1.0,1
-1.0,1
-1.0,1
-1.0,1
-1.0,1
-1.0,1
-1.0,1
-1.0,1
-1.0,2
-0.9487187401852311,1
-1.0,0
-1.0,1
-1.0,1
-1.0,1
-1.0,1
-1.0,1
-1.0,1
-1.0,2
-0.9752476715316701,2
-0.965435990598277,2
-0.9379129814749453,2
-0.9295281884757502,1
-0.9485827219524676,1
-0.9338845992260699,1
-0.9348399218242793,2
-0.9173237338780722,2
-0.9180353461190649,0
-0.9531756389826976,0
-0.9816449402411361,0
-1.0,0
-1.0,1
-1.0,1
-1.0,1
-1.0,1
-1.0,1
-1.0,1
-1.0,1
-1.0,1
-1.0,1
-1.0,1
-1.0,1
-1.0,1
-1.0,1
-1.0,1
-1.0,1
-1.0,1
-1.0,1
-1.0,1
-1.0,1
-1.0,1
-1.0,1
-0.9855959344550139,1
-1.0,1
-1.0,1
-1.0,1
-1.0,1
-0.9960593780975504,1
-0.9844094912332172,2
-0.9707254763983056,2
-0.9540718820886616,2
-0.9162573019926092,2
-0.8941965425350752,2
-0.8651324686997566,2
-0.8218556797969128,2
-0.7810780414327354,2
-0.7393795133947862,2
-0.6998392919657475,2
-0.6407296038036292,2
-0.6025743476029903,2
-0.5730486136967414,2
-0.5360422946040839,2
-0.5030295492519075,2
-0.46388683971942224,2
-0.44536089790625777,2
-0.40766568046553164,2
-0.3787216795456336,2
-0.36299470494056907,2
-0.3481344214699811,2
-0.3075330145187558,2
-0.27006893729037285,2
-0.2563274363409589,2
-0.24560661463368294,2
-0.21852370494339923,2
-0.18912360316132992,2
-0.17342335471459602,2
-0.16249691121146093,2
-0.14724956595803373,2
-0.13696498180530237,2
-0.12933413914788638,1
-0.12716834933451726,2
-0.09622666847472305,2
-0.08671094237295907,2
-0.07301266839234766,2
-0.06524452676455583,1
-0.0587488026104922,2
-0.034405947499861034,2
-0.013689998101912848,2
0.0026661111094115064,2
0.028280268855142232,2
0.04846418249522233,2
0.05582522821050073,1
0.043303891169367725,1
0.052316342551783857,1
0.050541804156750025,1
0.05587186562651003,1
0.054828289759667026,1
0.04964397246259278,1
0.04379739606631783,1
0.04342486614507912,1
0.046532988294573974,1
0.034307985550593445,1
0.03401981474921234,1
0.03469545191196777,1
0.03485840116146122,1
0.03359355679853038,1
0.039588595535868576,2
0.06759617396312967,2
0.08006872936611464,2
0.08921854219994274,2
0.10433421349183614,2
0.12334878038053709,2
0.13321248625698567,2
0.14681638021487609,2
0.17220495476341946,2
0.20926471419583392,2
0.22283345513550712,2
0.2404925980052548,2
0.2783528236996464,2
0.2990557644793863,2
0.29956413257612713,2
0.3449064818911569,2
0.3786160059801107,2
0.4003812976140566,2
0.41972509532273206,2
0.4447015708940274,2
0.5026338944411897,2
0.5040778379497817,1
0.5000349487806226,1
0.5115880273945512,2
0.5302408895506263,1
0.527345054088566,0
0.5063027711152084,1
0.5151824868033714,1
0.5129078488831089,1
0.519525422773246,1
0.5205606827420806,2
0.5491453070651526,2
0.565071809225943,2
0.6122554148805672,2
0.6295892921098065,2
0.6699475896277018,2
0.7154307298677678,2
0.7549132479647611,2
0.7836232029609873,2
0.8664888653712453,2
0.9933838350033113,2
0.9876538416725191,0
0.9728641318197959,1
0.9871136483378371,2
1.0,1
0.986846715650695,0
0.9704282315187449,1
0.9849171265431496,1
0.967218001291946,0
0.9658397612695311,2
0.9853730508065222,1
0.9735319827915838,1
0.9733818895191548,2
0.9897696303028165,2
1.0,1
1.0,1
1.0,1
1.0,1
1.0,1
1.0,1
1.0,1
0.9981614371127183,1
1.0,1
1.0,0
0.9751344813992515,0
0.9626144253623476,1
0.962286763112751,1
0.9529005454037831,0
0.936380919390273,1
0.9509896248105927,1
0.9254969371468362,0
0.9110825973834495,1
0.9257627429018249,1
0.9196122013109571,0
0.899135161652644,0
0.8945048359638419,1
0.8993071719700654,1
0.884154611458208,0
0.8758222204205213,1
0.8845288281261641,1
0.885643186104401,1
0.881042379450673,1
0.8930054533560456,2
0.9037270713037684,2
0.9111326424229034,1
0.9016012782548817,1
0.9211126978446038,1
0.8893161645446226,1
0.9096796797941387,1
0.9037909299840678,1
0.9218604484216883,2
0.9517259254672112,2
0.9705987840136496,2
0.9731197235547846,1
0.9805259202455543,2
1.0,2
1.0,1
0.9911690728954208,0
0.9818140980977799,1
1.0,2
1.0,1
1.0,1
1.0,1
0.9865871407182869,1
1.0,1
0.990168570920984,1
1.0,1
1.0,1
1.0,0
0.9819756497891803,1
1.0,2
1.0,1
1.0,0
0.9720279205857005,1
1.0,2
1.0,1
1.0,1
1.0,1
1.0,1
1.0,1
1.0,1
1.0,1
1.0,1
1.0,1
1.0,1
1.0,1
1.0,1
1.0,1
1.0,1
1.0,1
1.0,1
1.0,1
1.0,1
1.0,1
1.0,1
1.0,1
1.0,1
1.0,1
1.0,1
1.0,1
1.0,1
1.0,1
1.0,1
1.0,1
1.0,1
1.0,1
1.0,1
1.0,1
1.0,1
0.9893872185243855,0
0.9739841876536308,0
0.9570408507855506,0
0.9235930341725844,0
0.8979648939787916,0
0.8429274663625774,0
0.8149720334542179,0
0.7535564570976259,0
0.7365551793080269,0
0.7170927399709239,0
0.7122085897794292,0
0.6724883706631433,0
0.6673781373325252,1
0.6569685071039413,0
0.6443615356885126,0
0.6226804186839452,0
0.599436164252015,0
0.578716788365381,0
0.566519041695879,0
0.5496950148539537,0
0.5475230142507514,0
0.5134219446972783,0
0.5171163936335637,0
0.4785456070093168,0
0.43852709154122915,0
0.39596635986302253,0
0.34441928793509624,0
0.27800374534170835,0
0.22633616979413396,0
0.1771164765470079,0
0.09311179689116789,0
-0.005118289265195197,0
-0.08005827838929258,0
-0.18349145083851703,0
-0.28845310259812285,0
-0.40090337204825643,0
-0.5135084337926408,0
-0.677339101164528,0
-0.8227415456068808,0
-0.928516568401142,0
-1.0,0
-1.0,1
-1.0,1
-1.0,1
-1.0,1
-1.0,1
-1.0,1
-1.0,1
-1.0,1
-1.0,1
-1.0,1
-1.0,1
-1.0,1
-1.0,1
-1.0,1
-1.0,1
-1.0,1
-1.0,1
-1.0,1
-1.0,1
-1.0,1
-1.0,1
-1.0,1
-1.0,1
-1.0,1
-1.0,1
-1.0,1
-1.0,1
-1.0,1
-0.9983540463239735,1
-1.0,1
-0.9887941975395177,2
-0.9822161598053253,2
-0.9685544833760029,2
-0.954891457177708,2
-0.9228045318718218,2
-0.8871830550085009,2
-0.8501697771623974,2
-0.8056050071766048,2
-0.7734682605686266,2
-0.7400877529801309,2
-0.683949746833191,2
-0.6399155740981327,2
-0.6047539364260972,2
-0.5512812408438448,2
-0.5079638184405928,2
-0.463625850544265,2
-0.4084864996030694,2
-0.35832676594889035,2
-0.3377867384145232,2
-0.2811818553604245,2
-0.24687982623892368,2
-0.23292975172886388,2
-0.20287327519656873,2
-0.1610173790577737,2
-0.15008521157989108,2
-0.13880200447032298,2
-0.12953909219048354,2
-0.10952252193575274,2
-0.09439510632669623,2
-0.08296117757158272,2
-0.07836104476351868,1
-0.07727594810316185,1
-0.0648249607581507,1
-0.06666648533406705,1
-0.05796564701965534,1
-0.06071469438824839,2
-0.04085568154086683,2
-0.03663956056185036,2
-0.009420137357705305,2
0.0067053659405953425,2
0.00782292352218783,1
0.015258611619352935,2
0.029269591897914005,1
0.015815000194259854,1
0.020192157814661327,1
0.021397473386889576,1
0.018124010095924126,1
0.027367253583198803,1
0.02966802171371352,1
0.033156688795226374,1
0.03881679415481787,1
0.035460455560219595,1
0.047169813877135924,2
0.06427311231524291,2
0.06398062402549831,1
0.07421483056920208,1
0.06912900844892511,1
0.08291636933190549,2
0.10077273660142505,2
0.1154413330150672,1
0.10540967873417562,1
0.11348328605367053,2
0.1263177586133195,2
0.14297918154682643,2
0.14993003671928884,2
0.17880798599197534,2
0.19234852321239937,2
0.20734603889613967,2
0.2292226725991129,2
0.23018949064049554,1
0.23339111707938542,2
0.2505867059709854,2
0.25458308558383513,0
0.23445252631682734,1
0.2404413515488273,1
0.24585945713611013,1
0.23573731976283163,1
0.24093272625156015,1
0.24252483263280067,1
0.23547571700801573,1
0.2410420566891911,2
0.2692195063598197,2
0.26405622195437783,1
0.27812459761450925,2
0.2846186059381042,2
0.300099469323184,2
0.3026237716907174,2
0.32352025340882706,2
0.3205362746592133,1
0.31412145953580684,1
0.3151842447214346,1
0.3263138378185624,1
0.3272060734891298,1
0.3179487692995877,2
0.3464636407575441,2
0.34646561312333923,1
0.3599918561121007,2
0.390094807690734,2
0.37808443315423856,1
0.3832143111875197,1
0.38542870941096186,2
0.400673412938231,1
0.3975112017414735,1
0.3927193669595743,2
0.42180114787186973,2
0.42567261945854895,2
0.4670636399818069,2
0.48987887219281,2
0.5074468138609214,2
0.5350484862441762,2
0.5883207063819345,2
0.6526073937149175,2
0.7269580086649539,2
0.8093514249602289,2
0.919697601156648,2
1.0,2
1.0,1
1.0,1
1.0,1
1.0,1
1.0,1
1.0,1
1.0,1
1.0,1
1.0,1
0.9874552636838567,1
1.0,1
0.9792621318659822,0
0.9712848593995618,0
0.9630890544604778,1
0.979924242135394,1
0.9561230443797115,0
0.945499488750938,1
0.9561313027606388,1
0.9440500771297384,1
0.9480147505490688,2
0.9713409296466502,2
0.9843312881895556,2
0.9970568346201443,1
1.0,1
1.0,1
1.0,1
1.0,1
1.0,1
1.0,1
1.0,1
1.0,1
1.0,1
1.0,1
1.0,1
1.0,1
1.0,1
1.0,1
1.0,1
0.9974983591483495,1
1.0,1
0.9888937108556506,0
0.9689636148053078,0
0.9617889108067896,0
0.9520069588654301,0
0.9365096002054085,0
0.9173740297157384,0
0.8956895629043122,0
0.8654590358985697,0
0.8206370296646632,0
0.7863336322109924,0
0.7561257077804038,0
0.7068465993806581,0
0.6519182581079144,0
0.6085688779777123,0
0.5802443872347587,0
0.5445545662476994,0
0.5303088224299699,1
0.5321362853753406,1
0.525629172058897,1
0.5289817874363978,1
0.5339274231401905,2
0.5724970633448405,2
0.5521614258207745,2
0.5933397488570042,2
0.5856034564199952,1
0.5984393790831404,2
0.6181611420639308,2
0.615265255444585,2
0.6544201635952749,2
0.6693203338170148,0
0.6347557686424432,0
0.5962375358243657,0
0.566593905116769,0
0.5210682848757717,0
0.4728202233816281,0
0.40461012706667265,0
0.3593151289794525,0
0.30199246273383107,0
0.2183393815814656,0
0.15510614182029991,0
0.028465938052144146,0
-0.07241250363634089,0
-0.17306372143073534,0
-0.27892190158124097,0
-0.41677276581561884,0
-0.5385258170357023,0
-0.7145860683165772,0
-0.8258810566524389,0
-0.9784369009310001,0
-1.0,0
-1.0,1
-1.0,1
-1.0,1
-1.0,1
-1.0,1
-1.0,1
-1.0,1
-1.0,1
-1.0,1
-1.0,1
-1.0,1
-1.0,1
-1.0,1
-1.0,1
-1.0,1
-1.0,1
-1.0,1
-1.0,1
-1.0,1
-1.0,1
-1.0,1
-1.0,1
-0.987092733499707,1
-0.9866253678457375,2
-0.9602552156156018,2
-0.9401227679560799,2
-0.8859923224782325,2
-0.838661831412518,2
-0.8135604448287128,2
-0.781610029488156,2
-0.7306872083355499,2
-0.6989459034774633,2
-0.66036620750061,2
-0.611273106977642,2
-0.5681553107443018,2
-0.5118528200794514,2
-0.46272036055647503,2
-0.43395957439896926,2
-0.39193088418909805,2
-0.37180737287498034,2
-0.33091588602750344,2
-0.32740740908255106,2
-0.29724103479612773,2
-0.2742465440543729,2
-0.27259360413748834,2
-0.2574892863151499,2
-0.23716981631786338,2
-0.23409953293956354,1
-0.23099296747785103,1
-0.220956698642635,2
-0.21197531457814967,1
-0.21085095297858358,1
-0.20082030127476458,1
-0.19713464239338674,1
-0.19467267402369048,1
-0.1914931822517093,1
-0.18404373790305006,1
-0.18013248449915076,2
-0.16732341358436886,1
-0.17439695824935675,1
-0.1714835324837206,2
-0.15015835627426288,2
-0.1477889350944992,1
-0.1618653882155512,2
-0.1296031595540822,2
-0.11542303961563927,2
-0.10619578620649306,2
-0.08509464391579702,2
-0.06795449373748941,2
-0.06014167101011958,2
-0.04404951185037409,2
-0.03341180612663275,2
-0.023596937202830515,2
-0.012464004228105896,2
-0.0038978892686941657,2
0.016448637272915123,2
0.013695106956310932,1
0.01589662645105827,2
0.029891542585000153,2
0.03538123857036002,1
0.015259311308140067,1
0.03665947465854136,2
0.04995027972435029,1
0.03979522523431345,1
0.05175276404061813,2
0.05582820129720334,1
0.045115987816645164,1
0.047740834759421924,1
0.044768749571981514,1
0.04883610503747571,1
0.03378828159232561,1
0.04747669150027933,1
0.03599290666250221,0
0.025682331103589418,1
0.04717486187487596,2
0.05092372130051759,1
0.05945239740177599,1
0.05600116256903487,1
0.07299893826707082,2
0.07192128984148605,2
0.10157222388674536,2
0.11645391108982817,1
0.11688725970667035,1
0.11835904908247263,1
0.1326016180316263,2
0.14781616146094967,1
0.14742344058913126,2
0.165084242085348,2
0.17603886306266547,1
0.17576421923681207,1
0.18625538497041094,1
0.180978017515957,1
0.17908277643395354,1
0.19496495699022276,2
0.19785002668255847,1
0.1943070980137802,1
0.19295258608942012,1
0.1964786241085137,1
0.1840871787718381,1
0.1903066830867064,1
0.19186899824486803,1
0.19619219956769784,1
0.18779116094146642,1
0.19228681417045057,1
0.20253582460910158,1
0.20616101419590382,1
0.21755036186489662,2
0.23051938635021996,1
0.22620787460157654,2
0.25555268858806635,2
0.29920068462443816,2
0.3158150772408561,2
0.34629598968784303,2
0.40456562699504817,2
0.47169693367382814,2
0.5180001753665813,2
0.5890051409441359,2
0.6792550618252504,2
0.7330558907122153,2
0.8721059294418485,2
1.0,2
1.0,1
1.0,1
1.0,1
1.0,1
1.0,1
1.0,1
1.0,1
1.0,1
1.0,1
1.0,1
1.0,1
1.0,1
1.0,1
0.9877159958967325,0
0.9773384673925474,0
0.9702039658781658,0
0.9566330256949982,0
0.9422031029217797,0
0.9334117946031859,1
0.9304727821711114,1
0.9198198695033213,0
0.9007739917721922,0
0.8885487073307647,0
0.8766514843652244,1
0.8728040754439266,1
0.8799796513263836,1
0.8758100109799845,1
0.8796083162849253,1
0.8872893129333597,1
0.8832141727565661,1
0.879468766800243,1
0.8936979723879424,2
0.898275022900088,1
0.8865117307769568,0
0.8728409961503958,1
0.8723817681428654,0
0.8496100937671667,0
0.8402493099626829,0
0.8061282922729922,0
0.7843602218853207,0
0.7453505591940062,0
0.7036718230544421,0
0.6419926941352829,0
0.556719697566544,0
0.4740625214201273,0
0.38993994604281723,0
0.28479858904000266,0
0.24689516566654213,0
0.15942944517912094,0
0.06792266553337956,0
-0.04131266000755418,0
-0.13853124253171722,0
-0.22886018517499362,0
-0.329147494508122,0
-0.43103948534551373,0
-0.5218777612696834,0
-0.5875084871729943,0
-0.6758668897374103,0
-0.7533017170441254,0
-0.804580592287566,0
-0.8786903946329461,0
-0.963184582969262,0
-1.0,0
-1.0,1
-1.0,1
-1.0,1
-1.0,1
-1.0,1
-1.0,1
-1.0,1
-1.0,1
-1.0,1
-1.0,1
-1.0,1
-1.0,1
-1.0,1
-1.0,1
-1.0,1
-1.0,1
-1.0,1
-1.0,1
-1.0,1
-1.0,1
-1.0,1
-1.0,1
-1.0,1
-1.0,1
-0.9965541828356401,1
-0.9961628762695177,1
-1.0,1
-0.9895995963409737,2
-0.9662072447411197,2
-0.9440549633054964,2
-0.9218090061737987,2
-0.8819688279438738,2
-0.8366130158902736,2
-0.7919447801446052,2
-0.7366031697721993,2
-0.6969890607667415,2
-0.651754324803236,2
-0.6036744524736309,2
-0.5651975503382182,2
-0.5114736148215951,2
-0.4754702584969608,2
-0.41681443043082356,2
-0.3543855665107286,2
-0.3142119564747523,2
-0.26760853728495604,2
-0.2057415651409905,2
-0.15749790277631848,2
-0.115922423941621,2
-0.0688246901425641,2
-0.02979898676127757,2
0.016335468242096418,2
0.06129839932539527,2
0.08564875037956532,2
0.10291109179278002,2
0.10655356311860564,2
0.11999520285445242,1
0.11538491084874392,1
0.12067320819303862,1
0.10864260621792177,2
0.1407728641342616,2
0.15541633541606137,1
0.15616820361237127,2
0.1778333320263663,2
0.19487782007363896,2
0.20582249108123785,2
0.21733221933994695,2
0.22373213884902632,1
0.22789473046029096,1
0.22077509269254114,1
0.22661592116533935,1
0.23178608159899894,1
0.2227088198584406,1
0.22989182835868704,2
0.23961057400320573,1
0.2295984721580766,1
0.23719879622018336,1
0.2416154325067874,2
0.27186482322839645,2
0.27123160310436645,1
0.2684720437170256,1
0.2795318751835967,2
0.3032013988609328,2
0.3024340760117572,1
0.31162650619818866,1
0.31481814626449345,1
0.31859481882057206,1
0.3270320076762958,1
0.31731401546274407,1
0.32586404857623474,1
0.3270789493540418,2
0.35027580026072824,2
0.345540247028955,0
0.33288884988500733,0
0.32969790201676386,1
0.3305583068690603,1
0.33702658093667726,1
0.3403250617737186,1
0.34626604864366284,1
0.3530209619283977,2
0.3903223613756246,2
0.39333776677248156,1
0.3971470327632589,2
0.4134686877728291,2
0.4256415361186332,2
0.4308659863761728,1
0.42407601794289573,1
0.4237592821500631,1
0.432602705699743,2
0.4585590450450039,1
0.4428811056353863,0
0.43629688743335104,1
0.4337081044118083,1
0.42952571134835993,1
0.43382458401734536,1
0.43719196687401607,1
0.42669580266958795,1
0.4340946420667424,1
0.43954383899772465,1
0.4312527104089847,1
0.4440716003812588,2
0.4515168192918866,1
0.4592095010033126,2
0.4898182726773965,2
0.4958838520841846,2
0.5233267460071218,2
0.5375153272156079,2
0.5863644935083592,2
0.584349073437479,2
0.6146247774310505,2
0.6688694560698267,2
0.7143355683448229,2
0.7519823202130975,2
0.8266576055648043,2
0.8386646226165186,2
0.8812634228168355,2
0.9391004695230765,2
0.9184028293400102,0
0.9171507538379604,1
0.9161548180049759,0
0.8990084671635743,0
0.8798233314645589,0
0.8707247226880646,1
0.8724933144868823,1
0.8835509650441777,2
0.9199747933495395,2
0.9323515329118144,2
0.963810879757379,2
1.0,2
1.0,1
1.0,1
1.0,1
1.0,1
1.0,1
1.0,1
1.0,1
1.0,1
1.0,1
1.0,1
1.0,1
1.0,1
1.0,1
1.0,1
1.0,1
1.0,1
1.0,1
1.0,1
0.9992481443854819,1
0.9878967176062416,0
0.9826552348672462,0
0.9654476175759199,0
0.9496749542757061,0
0.9369569136302052,0
0.9147292528202755,0
0.9014717069664715,0
0.8891306648070125,0
0.8710724928521372,0
0.8435346433060851,0
0.839481596177531,0
0.8254271005123859,0
0.8154685438926301,1
0.815309302692075,1
0.815609092106595,2
0.8315014313346727,1
0.8303220653233814,0
0.8138560070539151,0
0.7904895696223404,0
0.7763081977442017,0
0.7524262092031675,0
0.7148501114933947,0
0.6825159536222696,0
0.6306643791242992,0
0.566251757318428,0
0.5075169500860657,0
0.41648529408107837,0
0.3059055968383202,0
0.19148520192710694,0
0.05830755254859765,0
-0.09291704732688477,0
-0.21329570663399378,0
-0.38856891334225885,0
-0.5741665958570371,0
-0.7519553192062749,0
-0.9011876174593482,0
-0.9942872916341933,0
-1.0,1
-1.0,1
-1.0,1
-1.0,1
-1.0,1
-1.0,1
-1.0,1
-1.0,1
-1.0,1
-1.0,1
-1.0,1
-1.0,1
-1.0,1
-1.0,1
-1.0,1
-1.0,1
-1.0,1
-1.0,1
-1.0,1
-1.0,1
-1.0,1
-1.0,1
-1.0,1
-1.0,1
-1.0,1
-1.0,1
-1.0,1
-0.9934973859996168,1
-1.0,1
-1.0,1
-0.9941634072553109,1
-0.9885218264712079,1
-0.9840616554464791,1
-1.0,1
-0.9916391116911074,1
-0.9931988687483344,1
-0.9825564397954888,2
-0.9495145474427833,2
-0.9356746341275466,2
-0.9177003207039282,2
-0.8804127625212387,2
-0.8529271325363913,2
-0.8237991484117959,2
-0.7929633954697974,2
-0.7538912353693861,2
-0.7215545545025405,2
-0.6833659189808491,2
-0.6243401956858143,2
-0.5724110064262554,2
-0.5341069843269075,2
-0.49883114982581245,2
-0.4715016220413194,2
-0.4353430767001685,2
-0.3891434970089682,2
-0.3768756876702998,2
-0.3391785842073709,2
-0.3166907962567025,2
-0.2975398401983408,2
-0.2697132276319587,2
-0.23885218880423464,2
-0.22420763922234976,2
-0.2178877587544038,2
-0.1967639845902477,2
-0.18107518400284173,2
-0.16917791525941828,2
-0.15802789594988254,2
-0.1530671833503796,1
-0.15455395952525697,1
-0.15469128574919777,1
-0.1408250485098116,1
-0.13890448442366632,1
-0.1464665265294799,1
-0.13264519358040183,1
-0.1320639259688523,2
-0.11680070287824751,2
-0.08268321232450426,2
-0.07026089174889505,2
-0.05073260089907283,2
-0.031407619524657315,2
-0.00336585132578171,2
0.006720666320932489,2
0.013428674050182332,1
0.00943381708197255,1
0.02906678810811969,2
0.03301419002828743,2
0.05093414988217693,2
0.07102226163510905,2
0.08060358319466254,2
0.09311924376803837,2
0.10418031518208393,1
0.10750500098157878,2
0.12571540555132965,1
0.11938327727323728,2
0.14277144879853498,2
0.1528000944990533,2
0.1604580117115486,1
0.1649195060733064,2
0.1786370560450985,1
0.18036278449211607,1
0.18220319531986928,2
0.19741543455341803,2
0.2057873891865123,2
0.223107751443822,1
0.21435849070877122,1
0.23459131492890006,2
0.23055703597381672,1
0.2408978208716268,1
0.24606065885245476,1
0.24780236474516126,1
0.2396710811463203,1
0.24358059988029224,1
0.2511600895089712,2
0.27778953432026565,2
0.2898226793288521,2
0.30198724823013,2
0.31037793780181033,2
0.33042315132654365,2
0.3530336845324529,2
0.36348827745884926,2
0.37028533562351384,2
0.38460222303993286,2
0.4106752834207945,1
0.4001130766230532,1
0.41066012931456997,2
0.4240465441925283,1
0.4102611152311615,1
0.41921906167264167,1
0.4182381777060724,1
0.4216822196576433,1
0.43099335840307473,1
0.4351026008410499,2
0.46070337520945337,2
0.47229786274025165,2
0.4902349412511082,2
0.5175571285707852,2
0.5607391283119623,2
0.5922848814557307,2
0.6308655881994532,2
0.6821683772161793,2
0.759586389090382,2
0.8283436368988324,2
0.8816361995350461,2
0.9715496848520007,2
0.9689665428590037,1
0.9690947215204275,1
0.9575502123547073,1
0.9639598976089157,1
0.9506626426059179,1
0.9546686954266306,1
0.9597879717515394,1
0.9653387862380423,2
0.9865153476680197,1
0.9767900024734788,1
0.9817698470338883,1
0.9739061437735403,1
0.9802276494600743,1
0.9673785102884638,0
0.9617254026124171,1
0.9601793551953051,1
0.9586286242344693,1
0.9615497549014314,1
0.9742962340553105,1
0.9591262952191493,0
0.9404796885111424,1
0.9553132496049468,2
0.9749228099471174,2
0.9832650535463823,1
0.990195682995817,2
1.0,1
1.0,1
1.0,1
1.0,1
1.0,1
1.0,1
1.0,1
1.0,1
1.0,1
1.0,1
1.0,1
1.0,1
1.0,1
1.0,1
1.0,1
1.0,1
1.0,1
1.0,1
1.0,1
1.0,1
1.0,1
0.9897518482853087,0
0.9805053713367204,0
0.9688288422572096,0
0.9526768722601935,1
0.9607134885823696,0
0.930254113427696,0
0.9135476592600913,0
0.8991185550760692,0
0.8749626729326729,0
0.8597950095510867,0
0.8589220361062309,1
0.8477643187901276,1
0.8461415698310872,1
0.8453782321256953,1
0.8460529223691684,1
0.8567495512858014,2
0.8628801735323017,1
0.8641162820157855,2
0.8811866496102811,2
0.9067953734864771,2
0.9289621350823076,2
0.9371260402730996,2
0.9796910057630623,1
0.9455242262590999,0
0.9406962380250226,0
0.9172045861002172,0
0.8800009871141794,0
0.8329791857241717,0
0.7796351903433052,0
0.7134598435727377,0
0.634271836204364,0
0.5526898936693037,0
0.42605669115527856,0
0.30541407645211716,0
0.22221043703683674,0
0.09783747879144311,0
-0.022751444573920865,0
-0.1579296827153801,0
-0.30340203250072917,0
-0.4692918669706041,0
-0.6091856641072093,0
-0.7488570145852389,0
-0.8661414638115326,0
-1.0,0
-1.0,1
-1.0,1
-1.0,1
-1.0,1
-1.0,1
-1.0,1
-1.0,1
-1.0,1
-1.0,1
-1.0,1
-1.0,1
-1.0,1
-1.0,1
-1.0,1
-1.0,1
-1.0,1
-1.0,1
-1.0,1
-1.0,1
-1.0,1
-1.0,1
-1.0,1
-0.9965447806552113,2
-0.9804508345159115,2
-0.9550454311636943,2
-0.9130552513109722,2
-0.87781973302359,2
-0.8275207135619178,2
-0.81559369403891,2
-0.7620360477878855,2
-0.7227381186140285,2
-0.6707815066633496,2
-0.6108176859823862,2
-0.5771842589921939,2
-0.5369760813379987,2
-0.4913877454611487,2
-0.4475107288095258,2
-0.4153570472081036,2
-0.3781981962056573,2
-0.3387876555328614,2
-0.3057528548669127,2
-0.27228691168388053,2
-0.2459176925503821,2
-0.20817680830263552,2
-0.1693761400462016,2
-0.133140230343735,2
-0.08662886459175045,2
-0.031160605017849008,2
0.0047125008517412414,2
0.04477297057827534,2
0.08695454067235886,2
0.1136943493948146,2
0.15472070756124534,2
0.19715051247835014,2
0.23855427756812908,2
0.27510785320473286,2
0.31115913390263206,2
0.348153536273214,2
0.38854230980994053,2
0.43189039402139273,2
0.46234554074488865,2
0.4924452708033962,2
0.5114453441421478,2
0.5194113329480294,2
0.5323533115465329,2
0.5441550828485573,1
0.5466613877055586,1
0.5446957190191439,1
0.5432059587329043,1
0.5445694226588327,1
0.5483253930357515,1
0.5292013115281806,0
0.5166803394965804,1
0.5231958776697945,1
0.5160076082455685,0
0.48953562126530104,0
0.4802186605827825,0
0.46216348927731943,0
0.4521472956575594,0
0.4354554701778175,1
0.43655096473629973,1
0.4284857038497487,0
0.419693084461892,1
0.4152882006930072,1
0.41514644206322315,1
0.42190498617283634,1
0.419752760495991,1
0.40963763728615743,1
0.42024820267024054,2
0.4326979838976541,1
0.4357262444251564,1
0.43807074904741294,2
0.4590817027839471,2
0.4649958156580334,1
0.46964466492749213,2
0.4833330132079636,2
0.49371053736052994,1
0.4970142754760747,1
0.5006655145903005,1
0.5088443111099024,1
0.5025351205691428,1
0.5122920488066418,2
0.5241555363238235,1
0.5181317526459275,0
0.5017679239158448,1
0.5110537488336502,1
0.508099405534314,1
0.5100510896421948,1
0.5158104017419993,1
0.5172120833179539,1
0.5157727672211558,1
0.515609892337971,1
0.5102312883524367,1
0.5076637569041871,1
0.5141031622131962,2
0.5285231217655815,1
0.5141830913613883,1
0.5220595451260817,1
0.5288849249452305,1
0.5320563384348722,1
0.5286337428269663,2
0.552683176464057,2
0.5725734085766361,2
0.5693789085389485,1
0.5810039097743744,2
0.5906873792768066,1
0.5861454278694234,2
0.6092063661340477,2
0.6347092912581118,2
0.6399017718523241,2
0.6692601587252758,2
0.7008694951716354,2
0.7377016661150761,2
0.78303253943612,2
0.8608152365817434,2
0.929153759836284,2
1.0,2
1.0,1
1.0,1
1.0,1
1.0,1
1.0,1
1.0,1
1.0,1
1.0,1
1.0,1
1.0,1
1.0,1
1.0,1
1.0,1
1.0,1
1.0,1
0.9915835140383336,1
0.9863016916352549,1
0.990241474721036,1
0.9874232297330856,1
0.9858636347626142,1
0.9789221317291656,1
0.9757310456891886,0
0.9619989746018334,0
0.9521132841094235,0
0.941721834969866,0
0.9296084754146321,0
0.9207115817542144,0
0.9079855183935817,0
0.8919946344443119,1
0.8952146327061683,1
0.882612895946514,0
0.8763613954312499,1
0.8712165606501314,1
0.8673516886051398,0
0.8552039476690938,0
0.8504898761833886,1
0.8418189653468711,0
0.8100480236882521,0
0.7821026865767999,0
0.7579273002402944,0
0.7072126604271778,0
0.6464047858578954,0
0.5792122063587855,0
0.49947355669118565,0
0.4037724817611743,0
0.3305247826521265,0
0.2464192564750025,0
0.12780651816194144,0
0.0047476954270542215,0
-0.09929408065338241,0
-0.22472742454177463,0
-0.3418160716772737,0
-0.4817974454437446,0
-0.6049797672271444,0
-0.7217348477449228,0
-0.8507428245872345,0
-1.0,0
-1.0,1
-1.0,1
-1.0,1
-1.0,1
-1.0,1
-1.0,1
-1.0,1
-1.0,1
-1.0,1
-1.0,1
-1.0,1
-1.0,1
-1.0,1
-1.0,1
-1.0,1
-1.0,1
-1.0,1
-1.0,1
-1.0,1
-1.0,1
-1.0,1
-1.0,1
-1.0,1
-1.0,1
-1.0,1
-1.0,2
-0.9795940135809547,2
-0.9530120709832415,2
-0.9346633305055476,2
-0.9114337257204363,2
-0.8767626782590243,2
-0.8415823717012867,2
-0.8014166486184302,2
-0.753396023502876,2
-0.7073167047251256,2
-0.6575185100362169,2
-0.6022560911428896,2
-0.544245663953905,2
-0.4983001001344838,2
-0.4334358646406735,2
-0.37426474387856357,2
-0.3161860032325563,2
-0.26533638229888323,2
-0.20051695528616076,2
-0.16020357893376314,2
-0.11289533999031043,2
-0.06499490812159825,2
-0.016845275732541132,2
0.04097924254239005,2
0.08696573037349631,2
0.1251544729767633,2
0.16663455555059348,2
0.2191259063526103,2
0.2639188034165343,2
0.3100727387526028,2
0.34445160136592756,2
0.3864932327175028,2
0.4446705699376967,2
0.4909182835857637,2
0.527777964890729,2
0.5588034446035963,2
0.609940996742063,2
0.6427440107396047,2
0.6697565295334915,2
0.6977013562728069,2
0.723310213497157,2
0.7481729485705482,2
0.7690658970686748,2
0.7840588061543659,2
0.7950762770468331,1
0.7931610327570664,1
0.8106616396511208,1
0.80824765229191,1
0.824212626093735,2
0.8287192430830961,1
0.837703152168064,2
0.8489098626831504,1
0.8522039958885277,1
0.841308705267082,1
0.8480773592705975,2
0.8601536263130911,2
0.8648418388539048,1
0.8750693861989876,1
0.878825575818333,1
0.8861186983396023,2
0.9038662961396806,2
0.903816351798278,1
0.9013523115171054,2
0.9228671090049421,2
0.9366994873883436,1
0.9355623585104591,1
0.9389092265775352,2
0.9588595248322396,1
0.9436952946302375,1
0.952184293539402,2
0.9731539759166945,2
0.9872565352984406,1
0.9768735874611223,0
0.9698886382748617,1
0.9671873359055136,1
0.9644117155743799,1
0.9683100262839197,1
0.9653000158203238,1
0.9605569293808476,1
0.953759145928581,1
0.9498215344866721,1
0.9477545461549031,1
0.9480635368787511,1
0.9424436369822424,1
0.937003055025875,1
0.9367577956932889,1
0.9350722481158182,0
0.9170021261871644,1
0.9276803829812272,2
0.9397842517587456,1
0.9433956873761582,1
0.9359348139176684,1
0.9468897405449161,2
0.9574486916179559,1
0.9625466610566304,1
0.9626018895711184,1
0.9604426830432511,1
0.9732041252001298,1
0.9701547850558254,1
0.9634725172717749,1
0.9737487910173974,1
0.9689176428367849,1
0.964154967523559,1
0.9687747415142769,1
0.9779530125081819,1
0.9799600510375839,1
0.9736800968644104,1
0.992179843417955,2
1.0,1
0.98528910840628,1
0.9846935968869153,1
0.9862142109505243,1
0.994688077234904,1
0.9985253635678852,1
0.9935888165840128,1
0.9872736686911261,1
0.9925836681378737,1
0.9818491340066267,1
0.9885833126608314,1
0.9887284715818845,1
0.9856770998519484,1
0.9777516563859421,1
0.9908249130338194,2
0.9940826557362359,1
0.9913940957375622,1
0.9928493278434298,1
1.0,1
1.0,1
0.9948046920949751,1
0.9998987297871322,1
1.0,1
1.0,1
1.0,1
0.9908019918871713,1
0.9877788800960694,1
0.9939376111637073,1
0.9788076389725193,1
0.9914280205297445,1
0.9859765790259434,0
0.9742403764992591,1
0.9783512502503324,1
0.9828010926107318,1
0.9720361683085312,1
0.9698581974654794,1
0.9693208992989237,1
0.9597560163846037,0
0.9519624965246545,0
0.9397238913160089,0
0.9294136359139424,1
0.9280580351456682,1
0.9269022742944237,0
0.9081357344578318,0
0.8930956775529564,1
0.8939949412388364,1
0.885253137898842,0
0.8636822643161022,1
0.878674449494105,1
0.8661681243184935,0
0.8270180296484633,0
0.8287578470799661,1
0.828688066776228,1
0.8321610537055892,1
0.8339704614315668,1
0.8322849785126449,1
0.8193238041127087,1
0.820640687547946,1
0.8110150986039504,1
0.8073950112162711,1
0.8142926454504305,1
0.8155225454918003,1
0.828965139614235,1
0.8265145642835761,1
0.8157642073960971,0
0.7967480635564321,0
0.7824830129062086,0
0.7512891314038472,0
0.6883759424375848,0
0.5958088480685835,0
0.529381557925336,0
0.4102992683530513,0
0.3078759824365993,0
0.12486976116271142,0
-0.08579144525929294,0
-0.2878458777873627,0
-0.5273899229322991,0
-0.9098962028680189,0
-1.0,0
-1.0,1
-1.0,1
-1.0,1
-1.0,1
-1.0,1
-1.0,1
-1.0,1
-1.0,1
-1.0,1
-1.0,1
-1.0,1
-1.0,1
-1.0,1
-1.0,1
-1.0,1
-1.0,1
-1.0,1
-1.0,1
-1.0,1
-1.0,1
-1.0,1
-1.0,1
-1.0,1
-1.0,1
-1.0,1
-1.0,1
-1.0,1
-1.0,1
-0.9985878178113045,2
-0.9680260832825462,2
-0.9385342561569541,2
-0.9196558940926959,2
-0.8739574209817762,2
-0.8388971209939559,2
-0.7980348968985476,2
-0.7453292147860535,2
-0.7011308653664703,2
-0.6649712915614048,2
-0.6312309397289424,2
-0.5929896362065132,2
-0.5479606569256773,2
-0.52040050217575,2
-0.4770971034546556,2
-0.45879591728310143,2
-0.43587326637052615,2
-0.4253554149972706,2
-0.41959064359869536,1
-0.4146843212849496,1
-0.4339018503290878,0
-0.43290678868596455,2
-0.41357509980469664,2
-0.4151046704579896,1
-0.4113132717430703,2
-0.39765284824179015,2
-0.3667036851292156,2
-0.3520092584416632,2
-0.3142451104836681,2
-0.2878676771532297,2
-0.25759010211558186,2
-0.22462539279257043,2
-0.1731658299923604,2
-0.12216507462106652,2
-0.06736090547629525,2
-0.008685071655562648,2
0.05360389835622725,2
0.1182330930086668,2
0.14240583021654807,2
0.1875925591614922,2
0.2526840717878922,2
0.2951717688545705,2
0.333560461570219,2
0.3934767662832468,2
0.4310586176111295,2
0.47338642378259244,2
0.5146369255707057,2
0.54406722418552,2
0.5672343446220176,2
0.5907470926494915,2
0.62054741479402,2
0.6360177625524388,2
0.6402968216176261,1
0.650190131589391,1
0.6432500525323184,1
0.6492839880919352,1
0.6530962722005476,1
0.6466969815320158,1
0.6522350408577433,1
0.6500705784005563,1
0.645175784501937,1
0.645850557574231,1
0.6513468192632805,1
0.6563810751013985,1
0.6591262776949187,1
0.6620453529529173,1
0.6557306140638,1
0.6630595524592509,1
0.6646608715214843,1
0.6485232661104197,1
0.6701169798477447,2
0.6776544411468481,1
0.6756595151563469,1
0.6854008563376279,2
0.6985479248408055,1
0.6869148257588455,1
0.693165927139461,2
0.70876323326029,1
0.7079473850969284,1
0.7105852368625896,1
0.6993777972679418,1
0.7188070205669741,2
0.7257861156419954,1
0.7253467722931686,1
0.7154555150571091,1
0.7315483303918806,1
0.7138230111159105,0
0.6828180934497845,1
0.6980851714785141,1
0.6892932435562966,0
0.680962618859591,1
0.6757894910822917,1
0.6844374248067846,2
0.6966871186578323,1
0.6820691572735214,1
0.6898845506765923,2
0.7149303634981747,2
0.7432988235047391,2
0.7690167360242921,2
0.7995390486647309,2
0.8342653726939742,2
0.8647272064206812,2
0.8888335576041213,2
0.921149252202135,2
0.954708214122368,2
0.9788936979567868,2
1.0,2
1.0,1
0.9967360643872636,1
0.9952469636701988,1
1.0,1
1.0,1
0.992027158966291,0
0.9808593010900222,1
0.9860455225471583,1
0.9806867074941159,1
0.9724618745038958,0
0.9566712606500636,0
0.9455754628169379,0
0.937724639639343,0
0.9285406794801938,1
0.923899389188932,1
0.9233660031304967,1
0.9135955605902426,0
0.8882077960144634,0
0.8904932210765093,1
0.8935730067847223,1
0.8877727231615458,1
0.8852667959733824,1
0.9015382022831109,2
0.9307507104871169,2
0.9205782838536423,1
0.9379352689006784,2
0.9457344759870963,1
0.9388972308525645,1
0.9377881674047202,1
0.9527285348912153,2
0.964240829370214,1
0.9684087562919546,1
0.9701119441651089,1
0.9664355727976148,1
0.9597687916806581,1
0.9574589148700459,2
0.9848868469064389,1
0.962068463970847,0
0.9328696723459611,0
0.9063568899404171,0
0.8752012811543235,0
0.860184933105888,0
0.8472529432979958,0
0.8330756122453815,0
0.8170885755515824,0
0.8121370180144103,0
0.7926260394589271,0
0.7919836011362307,0
0.7541286578924475,0
0.7217313193529837,0
0.6541288231971754,0
0.6015826730839913,0
0.5331131071273256,0
0.46363733130388396,0
0.3828767889508693,0
0.30406836495537726,0
0.23812756126820211,0
0.11775484914413248,0
-0.0046099436856473774,0
-0.09436593239543234,0
-0.19474484941249537,0
-0.3119158581599657,0
-0.4208067659874869,0
-0.5142630400024973,0
-0.632556459200141,0
-0.7433825848768163,0
-0.854826489867675,0
-0.9757665540760148,0
-1.0,0
-1.0,1
-1.0,1
-1.0,1
-1.0,1
-1.0,1
-1.0,1
-1.0,1
-1.0,1
-1.0,1
-1.0,1
-1.0,1
-1.0,1
-1.0,1
-1.0,1
-0.996652987307161,2
-0.9787150265713327,2
-0.950281433147707,0
-0.9990920402175759,0
-0.9893539400476404,2
-0.971956183253495,2
-0.9418251624717651,2
-0.9124050313389868,2
-0.8745052217930276,2
-0.8180044947306917,2
-0.7556619232138808,2
-0.7049610156930314,2
-0.6422275501051753,2
-0.5804142235907106,2
-0.5366967252849671,2
-0.475979662140565,2
-0.4258017525118528,2
-0.3575752662050612,2
-0.3005960583456918,2
-0.240287022645854,2
-0.18696724355317873,2
-0.14419546628255864,2
-0.11149090560125019,2
-0.09511441657296893,2
-0.06934270378869734,2
-0.030422889222853522,2
-0.02469595465259422,1
-0.020137362930988,1
-0.01231102989369992,2
0.02310170302840775,2
0.024754337728136955,1
0.02920697082959922,2
0.04988739780677309,2
0.07131917378312402,2
0.10357770048557668,2
0.135065840097776,2
0.15946500856471024,2
0.17655776526798905,2
0.20626685931486755,2
0.21936013914624874,2
0.24618737130258306,2
0.25247814163618054,2
0.2642498472709489,2
0.2822721333960243,2
0.2813761045948058,1
0.2714529985119871,1
0.28986942490400924,2
0.28739833397807235,1
0.2781298996086512,1
0.2886578640442492,1
0.27701078568422743,1
0.2843430640573905,1
0.2858421767050481,1
0.28619301720035506,1
0.27190667861458473,1
0.2707152459863156,1
0.2591949570128633,1
0.25566379235046544,1
0.25966523147510845,1
0.24710299537775793,1
0.24591470295951612,1
0.2553483965594763,1
0.24502009134083602,1
0.2403713752886094,1
0.2558789709274949,1
0.25485088069953443,1
0.2603627426786379,2
0.2750168794994976,2
0.2885675428827206,2
0.3107915481238017,2
0.3236961125367206,2
0.32728066155684976,2
0.3421010335468897,2
0.3539850967929479,2
0.3638086956134743,1
0.3546659159283865,0
0.33215149765976903,0
0.3360771360415722,2
0.3569160824105535,1
0.32077417934205443,0
0.30928688388147996,1
0.3149999495531668,1
0.32451537130225017,1
0.3184431424724923,1
0.3174742188490878,1
0.32635006620727514,2
0.3340698550548189,2
0.34983085375213174,2
0.3618212580635285,1
0.36525450792742165,1
0.36171736197388427,2
0.3904515515784406,2
0.39445665515188444,1
0.3848447107806887,1
0.38901889811498624,2
0.4018750249376519,1
0.3881808344893678,0
0.3762241731649849,1
0.37653888214757214,1
0.37011385164247934,1
0.3811391303216023,1
0.37564013296382703,0
0.3587977492604648,1
0.3627314039451863,1
0.37342936740372457,2
0.39332007471277497,2
0.4024596308059212,2
0.4119358918289495,2
0.4212275841231823,2
0.4579045716907608,2
0.4852066120001761,2
0.5071799119885283,2
0.5581863976921979,2
0.582158061450138,2
0.6415087006392675,2
0.727661624970573,2
0.8421462851348456,2
0.9345367218608853,2
1.0,2
1.0,1
1.0,1
1.0,1
1.0,1
1.0,1
1.0,1
1.0,1
1.0,1
1.0,0
0.9823545154972704,1
0.9866130280603431,1
0.9903256660485968,0
0.9707359674930849,0
0.9367646226208233,0
0.9339380331340827,0
0.9181638361883968,0
0.9010262042490325,0
0.888205398883317,0
0.8798345281588626,0
0.8526975652319666,0
0.8431727898446273,1
0.8420592268698104,1
0.8344416748195171,0
0.8251099290314887,1
0.8189011476164196,1
0.8208526487042735,1
0.8227921347537683,1
0.8268773955462914,1
0.8372748569158452,2
0.8577277588519758,2
0.86763895561654,2
0.8768124914435109,2
0.8874775101910644,2
0.896152094505033,1
0.8918874306245836,1
0.8952767266885393,1
0.8940387346430829,0
0.8780672465353403,0
0.8671772907154927,1
0.862377347532064,0
0.8496288041572677,1
0.8563061178164644,1
0.8456803832153454,0
0.8138549850804617,0
0.8140285068669921,0
0.7720961438669742,0
0.7073599933402248,0
0.6356926094933544,0
0.5726759424950225,0
0.4837912393502548,0
0.3714836848990202,0
0.2847450185214868,0
0.17136902785451458,0
0.08257788268221433,0
-0.0178950394738413,0
-0.14950219444992918,0
-0.25254272760640717,0
-0.3471264536893274,0
-0.45309507711044683,0
-0.605977597372904,0
-0.6929630440609014,0
-0.8234753329513891,0
-0.939030643788052,0
-1.0,0
-1.0,1
-1.0,1
-1.0,1
-1.0,1
-1.0,1
-1.0,1
-1.0,1
-1.0,1
-1.0,1
-1.0,1
-1.0,1
-1.0,1
-1.0,1
-1.0,1
-1.0,1
-1.0,1
-1.0,1
-1.0,1
-1.0,1
-1.0,1
-1.0,1
-1.0,1
-1.0,1
-1.0,1
-1.0,1
-1.0,2
-0.9789691182642517,2
-0.9751078224357608,2
-0.9573115876186414,2
-0.9304870765032877,2
-0.9209235052287497,2
-0.8761705316110041,2
-0.8404876208240719,2
-0.8044021553680256,2
-0.7443466145616839,2
-0.6933108996381816,2
-0.6371889291199467,2
-0.5792089709212301,2
-0.5137602526083658,2
-0.46038260614409776,2
-0.4072226670699448,2
-0.3498669071344723,2
-0.29490675757775964,2
-0.23761945097627835,2
-0.18997110507172976,2
-0.14439282847376889,2
-0.10566804537900953,2
-0.05803345918829361,2
-0.027472684914942813,2
0.02174318819887211,2
0.05535378826603332,2
0.09275103490257242,2
0.13246785387182625,2
0.15470478590204206,2
0.18210865393989462,2
0.21832316934840446,2
0.23942810402797576,2
0.2648969838654962,2
0.29542998763105954,2
0.32693878814107014,2
0.3578403095265532,2
0.38551244359890324,2
0.40856970408439386,2
0.44697950193382296,2
0.4715873966440425,2
0.499855814623861,2
0.525323106902686,2
0.5317493483450779,2
0.5488008769015136,2
0.5732927464406588,2
0.5890015508068405,2
0.5981939759664203,2
0.6193486585108088,2
0.6383550236743956,2
0.6579530356094274,2
0.675949525132685,2
0.6888107801292713,2
0.6965007601398423,1
0.6988856054583226,1
0.69954659742128,1
0.7141297285174202,1
0.7085164897446263,1
0.7156817122978119,2
0.7312971410123612,2
0.7335224379896697,1
0.7302010402730741,1
0.7373029069418493,1
0.7436509186179547,1
0.7338163429663254,1
0.7318664207295011,1
0.735986614165395,1
0.7388739597345106,1
0.7372510405884936,1
0.7257006356836091,1
0.7255192247783173,1
0.7158747338526705,0
0.7048734977080773,1
0.7149449032256885,2
0.733733490273804,1
0.7297437645283464,1
0.74753898572072,2
0.7507351701588645,1
0.7496547673682017,1
0.755036718984917,1
0.7458049569930854,1
0.7519324861382721,2
0.766348045505673,1
0.7646436756960617,1
0.7769707509630295,1
0.7788836962520165,1
0.7691259891914388,0
0.7626104408738927,1
0.761443314256939,1
0.7591560867577951,1
0.7632397981667829,1
0.77293105921509,1
0.7629848080323491,1
0.7780032893297097,2
0.7947581796471501,2
0.8055895510127176,2
0.8265647660472824,2
0.8493068454376402,2
0.8772226187300669,2
0.8997216828372872,2
0.9219928671948008,2
0.9341955346430264,2
0.9421048790763553,2
0.9603235386694358,2
0.987435646573487,2
0.9962010450138452,1
1.0,1
1.0,1
0.9976892363302092,1
0.9912679840618981,0
0.9806816694240388,0
0.9659868955285102,0
0.9473627647458547,0
0.9251222010810405,0
0.8997232725492221,0
0.8717805135514913,0
0.8420762472506453,0
0.8115719079469486,0
0.7814193634538773,0
0.7529722374738934,0
0.7277972319741988,0
0.7076854495624902,0
0.6946637158627247,0
0.6910059018908845,0
0.6992442464307136,0
0.7221806784095033,0
