0.4090198374494096,0
0.3443845293816521,0
0.2900632958072702,0
0.18241470756491118,0
0.09687319890553892,0
0.044252732078573054,0
-0.03204300200270005,0
-0.05422579193982213,0
-0.17711929778405633,0
-0.24291190497312243,0
-0.2972409863623684,0
-0.3250724323012407,0
-0.39794690590508597,0
-0.4254189253614066,1
-0.39684442974457323,2
-0.36855248984540834,2
-0.3490178345804683,2
-0.3380425580467469,1
-0.34080891708436833,2
-0.2946456288898257,2
-0.16252791491600516,2
-0.07365362924712804,2
-0.025669158052770702,2
0.0446141613441009,2
0.10041436849288954,2
0.18429952405151728,2
0.23644063809473326,2
0.2744744694411283,2
0.2948625093199795,1
0.2747252168068022,1
0.28630826430661505,2
0.2962978715071858,2
0.3451130446509556,2
0.38767526538480324,2
0.36256160336310717,0
0.3623093544093925,2
0.3965243666841627,2
0.40108585937717756,1
0.41136265817189477,2
0.4317813857019024,2
0.43830590210198905,0
0.3638373520190481,0
0.37536971271384934,2
0.40517698154822557,2
0.4513146820885461,2
0.45245485661285567,0
0.4200936966211135,0
0.4341765085776661,2
0.46752741303862577,2
0.45130985416487346,0
0.44421887144538363,2
0.6050985650037941,2
0.4786455177659772,0
0.46106414086196024,0
0.44374018281325167,0
0.3917533521619354,0
0.305265857085224,0
0.17309812735251096,0
0.13097706820241428,0
0.13103928806874232,0
0.06620663997116893,0
-0.016285205125121105,0
-0.05826664675751414,0
-0.04716549005388759,0
-0.11776194476972679,0
-0.21304753614383232,0
-0.31194354942198943,0
-0.3719529710144538,0
-0.42283629924502086,2
-0.23270195306560204,2
-0.3974438849802795,0
-0.5641962246612412,0
-0.7102468098450716,0
-0.8138575621601523,0
-0.9179178344018402,0
-0.9943680158143395,0
-1.0,1
-1.0,1
-1.0,1
-1.0,1
-1.0,1
-1.0,1
-1.0,1
-1.0,1
-1.0,1
-1.0,1
-1.0,1
-1.0,1
-1.0,1
-1.0,1
-1.0,1
-1.0,1
-1.0,1
-1.0,1
-1.0,1
-1.0,1
-1.0,1
-1.0,1
-1.0,1
-1.0,1
-1.0,1
-1.0,1
-1.0,1
-1.0,1
-1.0,1
-1.0,1
-1.0,1
-1.0,1
-1.0,1
-1.0,1
-1.0,1
-1.0,1
-1.0,1
-1.0,1
-0.9845146997397916,2
-0.9756133325243209,2
-0.9411173316958295,2
-0.8919824288643694,2
-0.8397935781220763,1
-0.8859103390194045,0
-0.8593474837877679,2
-0.8608839599090731,1
-0.8463202764953288,2
-0.8296294626101373,2
-0.8143397827582156,2
-0.7933952005438014,2
-0.7816851542467018,2
-0.7719829168333999,2
-0.7496204622768352,2
-0.7412725817098665,1
-0.7358882755567178,2
-0.713228792548575,2
-0.6969036669049946,2
-0.6740085280716125,2
-0.6618021664614524,2
-0.6467106282958996,2
-0.6262515267417545,2
-0.623391590229148,2
-0.6000844911883515,2
-0.5802803987445351,2
-0.5764531774099335,1
-0.5675119540083033,2
-0.5349114466099891,2
-0.5068131471233893,2
-0.49255995022502586,2
-0.47378557576550373,2
-0.4546864919366984,2
-0.4278653397757657,2
-0.40908950328019134,2
-0.3950968280991797,2
-0.3786756648544969,2
-0.36437169670657377,2
-0.33490577140762867,2
-0.3342852567789105,1
-0.3243458459873124,2
-0.31276762842370975,2
-0.290735428160226,0
-0.3379540597265409,0
-0.33394589158021504,1
-0.3423498416293541,1
-0.33772846889824115,1
-0.33673997255448995,1
-0.3240462967155875,1
-0.3223259379746899,1
-0.3337176700432406,1
-0.31389975919320645,2
-0.31605564385029106,1
-0.32640106446032513,1
-0.31314272363547246,2
-0.3104481673596089,1
-0.31601636086861185,1
-0.3187452146308375,1
-0.32323248169564067,0
-0.33556078006990764,1
-0.32418837010299684,1
-0.32099966392885737,2
-0.3026921389342949,1
-0.30626748746818444,1
-0.30350446473122794,2
-0.28754752707365416,2
-0.27645689397590356,1
-0.27415928366876263,1
-0.2807274034971342,0
-0.30357852522800577,0
-0.31456839008833115,1
-0.3133020893967082,1
-0.31596836177457355,1
-0.3193851080575024,1
-0.3306077074808893,0
-0.34366276180486277,0
-0.36003945246584146,1
-0.34699382484794994,1
-0.34541394443834095,1
-0.3588819179707735,0
-0.3705747414506164,1
-0.3651450456818882,1
-0.37319188080829035,1
-0.36052755475797027,2
-0.352825667526688,2
-0.3437116189030238,1
-0.34003369162961883,2
-0.29944500070678814,2
-0.2890708974516365,2
-0.26408974132781804,2
-0.24808996765775082,2
-0.23238959814185867,2
-0.20358128100519823,2
-0.19489583934232624,1
-0.1984645207108513,1
-0.18597087437661985,2
-0.1518276394030722,2
-0.1384914246264215,1
-0.1360549858857758,1
-0.12397946527624548,2
-0.11474419881973641,1
-0.12738591549787648,0
-0.13883237546509153,1
-0.12959401953036231,1
-0.1385575815095874,1
-0.1312062391308012,2
-0.11721938009460064,2
-0.10002202347926026,2
-0.09755335609537685,2
-0.058591277262109664,2
-0.03039589274451371,2
-0.005372972280938582,2
0.01242156208914702,2
0.0732832065475435,2
0.10904300888483909,2
0.13140134591127417,2
0.15731176959733628,2
0.1696286134560634,2
0.23863584679005,2
0.2752286503210959,2
0.3529211840996165,2
0.40958618323157836,2
0.4410723440093929,2
0.5343812264060281,2
0.65623946780265,2
0.7807427047103177,2
0.905952610615576,2
1.0,2
0.9689253320354076,0
0.9761841694404261,1
0.9660434486937484,0
0.8993297331084342,0
0.8877675275780954,0
0.8359222375078363,0
0.7997386927577803,0
0.7781809977506575,0
0.7681210801487957,0
0.7194885837373002,0
0.6525970346983203,0
0.5747251200657713,0
0.5135790128432132,0
0.43292044318640155,0
0.3260938342228903,0
0.24346000470736096,0
0.1436285509743227,0
0.08707707838228851,0
-0.020045842662485658,0
-0.15808018972844184,0
-0.28422865663570096,0
-0.39007674061300057,0
-0.523651807395468,0
-0.6914312140010257,0
-0.9487960195382248,0
-1.0,0
-1.0,1
-1.0,1
-1.0,1
-1.0,1
-1.0,1
-1.0,1
-1.0,1
-0.9996100554492382,1
-1.0,1
-0.9900121032247471,1
-1.0,1
-1.0,1
-0.9855241933518664,2
-0.9835175416528965,1
-1.0,1
-0.9935667519253906,1
-1.0,1
-1.0,1
-1.0,1
-0.9939125620687679,2
-0.9823438073712338,1
-0.9938837528954317,1
-0.9968974308471963,1
-0.9932608389627063,2
-0.9744325540575137,1
-1.0,0
-1.0,1
-0.9992867864420677,1
-0.9983645411309321,1
-1.0,2
-0.972176131854342,2
-0.9757998059436549,0
-0.988109579208012,1
-0.9793701726462192,1
-0.9787709299517653,2
-0.9564027379789267,2
-0.9488987789630606,1
-0.9409562023505611,2
-0.913522317790963,2
-0.859524599997526,2
-0.8138118280377863,2
-0.7843765257148991,2
-0.7662965464742679,2
-0.713669031676959,2
-0.6213360571469093,2
-0.6340295339066981,1
-0.6060071052080218,2
-0.5991213913748581,2
-0.5681064106589658,2
-0.5396183128539618,2
-0.5124438663310755,2
-0.5022457638847908,1
-0.5098324995933685,2
-0.4836209153296984,2
-0.47587831286995164,2
-0.4607444608683364,2
-0.4452867941076263,1
-0.45533636043743586,1
-0.460192029181519,0
-0.48465652004087956,0
-0.5029459437800341,1
-0.4945128635084758,0
-0.5549578243056283,0
-0.5475886439137289,0
-0.5716926900142907,0
-0.5956913958984935,0
-0.6253345900775713,0
-0.6474226961880526,1
-0.6306002490924958,2
-0.6122730134915626,2
-0.6088056232812092,1
-0.5971066409714403,2
-0.5792391188189323,1
-0.5855911485420993,1
-0.5796518358695916,1
-0.5804996481044296,1
-0.5696174251828483,1
-0.5940672393236437,1
-0.5797200208142131,2
-0.5478169132349593,2
-0.5583129916910732,2
-0.5292427379818613,2
-0.5416022344238025,0
-0.5481307555500169,1
-0.5371082849956568,1
-0.5561564410125432,0
-0.5611812550758029,1
-0.5432345481643381,2
-0.5371218493734475,1
-0.5568305658700372,0
-0.5861980694777396,0
-0.600910460194265,2
-0.5652168119601937,2
-0.5665093596659306,0
-0.6201447787992753,0
-0.6316078521695705,1
-0.6291932152573554,1
-0.64282025491135,0
-0.6489955923921618,1
-0.6377732326555233,0
-0.6698232464630327,0
-0.6618845630432468,2
-0.6198927872660891,2
-0.6178475170126426,2
-0.5990629703103759,2
-0.5954213828998245,1
-0.602365293784396,0
-0.6229980410327132,1
-0.611735173552833,1
-0.6196420780146294,1
-0.6211898924791698,0
-0.665701622211136,0
-0.6610425519745369,0
-0.684387448669576,0
-0.6988604621062933,0
-0.745249792168974,0
-0.7313973181178083,2
-0.7025620927449568,2
-0.7074792646644195,1
-0.7119760335674465,0
-0.7257623851391792,1
-0.7195589069816646,1
-0.715559338956115,2
-0.702981689707391,1
-0.7151271659323236,0
-0.7222584488492937,1
-0.72854298335041,2
-0.6770339052353469,2
-0.6267231658326727,2
-0.6145120260975876,2
-0.5716040516790066,2
-0.5763814650596453,2
-0.5257981171264189,2
-0.477594903286798,2
-0.4885354648060166,2
-0.43278455588333153,2
-0.42647295854847544,1
-0.4262010483470734,2
-0.4098878753436207,2
-0.35117133614788,2
-0.24965924897530078,2
-0.15438264721958117,2
-0.06193919441678042,2
0.05434019760911468,2
0.13944895583997785,2
0.2784195163382903,2
0.36650640506405296,2
0.6055557576348876,2
0.7860342092402715,2
0.7013093388374567,1
0.7900645744646673,2
0.9286039960419614,0
0.773731754244223,0
0.8809513949032961,1
0.7756767111965748,0
0.7279733938466932,0
0.7096141810881751,2
0.820210891987307,2
0.8474725961873577,1
0.8224516795797099,0
0.8189602263196281,2
0.8820376297576769,2
0.9275064537840927,2
0.9214363276628188,0
0.8335143585503568,1
0.9201457240232112,2
0.8576361973268909,0
0.7661570471902215,0
0.814108152640699,2
0.8580167777916161,1
0.8200252667551566,0
0.7418965673925855,0
0.7767955592762945,0
0.685020077186119,0
0.5067372211510055,0
0.49737594434573906,2
0.6025791073328539,2
0.6821793566416028,2
0.6686686248155884,2
0.7954029327415628,2
0.848205993326252,2
0.9349847748172664,2
0.9102926485197815,0
0.8622240770152363,1
0.9147479863913026,0
0.8204652278996223,0
0.8083516139363551,2
0.882027687629588,2
1.0,2
1.0,1
1.0,1
1.0,1
1.0,1
0.9896270121195918,1
1.0,0
0.9715680087187433,0
0.8745712691881586,0
0.8856011440752163,2
0.9533471313943076,2
0.9667195700878808,0
0.8284686791447389,0
0.4145217685393623,0
0.4230303671047284,0
0.10461709317259316,0
0.14858698942952664,2
0.19504865888408518,0
0.03605864732626607,0
-0.1021205931727246,1
0.03930032770131464,2
0.20646999177772152,2
0.26117512558128286,2
0.2784484760041084,2
0.35042987509188106,2
0.531537618531458,2
0.6192461128550786,2
0.7599079486773275,2
0.9557580368833958,2
1.0,2
1.0,1
0.9917433919385763,1
1.0,1
1.0,0
0.8659972450881634,0
0.9544815797388213,2
1.0,2
1.0,1
1.0,1
1.0,1
1.0,1
1.0,1
1.0,1
1.0,1
1.0,1
1.0,1
1.0,1
1.0,1
1.0,1
1.0,1
1.0,1
1.0,1
1.0,1
1.0,1
1.0,1
1.0,1
1.0,1
1.0,1
1.0,1
1.0,1
1.0,1
1.0,1
1.0,1
1.0,1
1.0,1
1.0,0
0.9756861654574862,0
0.9182834988323894,0
0.9307495458570394,2
1.0,2
1.0,0
0.9806950247002675,0
0.9826461908703745,2
1.0,2
1.0,0
0.9760114248956817,1
1.0,2
0.9950941764240839,1
1.0,0
0.9722521610803274,0
0.9769084654876443,0
0.955011729516414,0
0.9391582543232389,0
0.9302431243223757,1
0.942167024391037,0
0.909415218329769,0
0.8817062531126525,0
0.8810775610667265,0
0.8036433119034712,0
0.7781193474612402,0
0.7332814117117405,1
0.7658496847824647,2
0.7561088034148455,1
0.7717528687201141,2
0.8171806321233048,2
0.8685706987621742,2
0.8755492547006807,1
0.8814077116043344,2
0.9502107909003732,2
0.991773851181716,2
0.9903845480334355,0
0.9100583630676884,0
0.9295546075452017,2
0.9266749228666966,0
0.8205409744235237,0
0.6886578488503188,0
0.5428670995671641,0
0.5004257452451648,0
0.38448322895592724,0
0.26219763680200425,0
0.16853181798969064,0
0.02590399000830712,0
-0.1030492115488083,0
-0.2109428062719928,0
-0.36741889645620995,0
-0.4971540881320051,0
-0.6305373162874917,0
-0.7251211938358469,0
-0.7787710207659913,0
-0.8985757535373999,0
-1.0,0
-1.0,1
-1.0,1
-1.0,1
-1.0,1
-1.0,1
-1.0,1
-1.0,1
-1.0,2
-0.9775995114012513,1
-0.9946282042155253,1
-0.9818725635484716,2
-0.9628864656388435,1
-0.9709414423951118,1
-0.9582128754344182,0
-0.9933605053708885,0
-1.0,1
-1.0,1
-1.0,1
-1.0,1
-1.0,1
-1.0,1
-1.0,1
-1.0,1
-1.0,1
-0.9917629061719968,1
-0.9868415449458227,2
-0.9549592255729477,2
-0.966014827477592,1
-0.9478807078577336,2
-0.9290153518372288,2
-0.8625348258248963,2
-0.848997613463855,1
-0.8730044169544877,2
-0.8303891364972984,2
-0.8023294857649697,2
-0.7330382424127666,2
-0.718021816687467,2
-0.6875904123384879,2
-0.6521103373485486,2
-0.6025538498768165,2
-0.5659865324489144,2
-0.5542785536204938,2
-0.5444609502918012,2
-0.4970432643001622,2
-0.503693746849581,2
-0.4717745601538176,2
-0.45624424385325857,1
-0.46169240294334823,2
-0.4193539958326694,2
-0.40405837858201343,2
-0.390362660742264,2
-0.3604359901620978,2
-0.33151191537511415,2
-0.2939516225962451,2
-0.305457091943904,0
-0.32028325314028316,0
-0.3405229497698218,1
-0.33230994016420323,2
-0.3154507112808138,2
-0.2966870984740899,1
-0.3047011089840589,2
-0.26174819405692085,2
-0.2338536887298559,1
-0.24837706265189263,2
-0.20060076267173366,2
-0.170744995247464,2
-0.16437309984106063,2
-0.14182053961681307,1
-0.15991123477932911,0
-0.1617523738161757,1
-0.15367520949102909,2
-0.13964896902286816,1
-0.14835186777346365,1
-0.1531067258039066,1
-0.16004787486397853,0
-0.19094665718548198,0
-0.18172373296488975,2
-0.1734493992495414,1
-0.17387333620630296,1
-0.16434123316111748,2
-0.12143934300625858,2
-0.08122354324057857,2
-0.026130872116227777,2
0.018053451135565224,2
0.07864280580081418,2
0.09655016613332235,2
0.11704104572021246,2
0.16971766945350342,2
0.20861964135728295,2
0.20131243529874965,1
0.20348435361952233,1
0.21385970249974662,2
0.22268351911487705,0
0.18386034873349644,0
0.16365171570051662,0
0.1205438719134646,0
0.13344042243312093,2
0.15868894186506988,1
0.1287493391586172,1
0.16926015202028943,2
0.22976139105169735,2
0.25600004606552496,1
0.24208767785404461,0
0.21379248359237546,0
0.1997368684865306,0
0.17751074096087094,0
0.16344235103373395,0
0.16079741571183948,1
0.1513465830078533,1
0.15473077344103903,2
0.1840349536575756,1
0.15290944205847823,0
0.16042321049152597,2
0.22509996546573796,2
0.22403666955377055,2
0.26909110264845437,2
0.2966817534789872,2
0.28554647409387046,2
0.3251526336463315,2
0.387457512167511,2
0.3936091520066636,2
0.40382125067016394,1
0.40732081689398036,1
0.3973732778333108,0
0.35490223101758556,0
0.3396447065933137,0
0.27843197416020726,0
0.2368840582385059,0
0.202270348242223,1
0.2268098373181291,1
0.20975314923310528,0
0.16596737387152127,1
0.1996417538156603,2
0.21541534603369494,2
0.32100375139109816,2
0.3952358712266637,2
0.4867300796976046,2
0.598654161896419,2
0.692489050888095,2
0.719668131827679,2
0.7628623352810604,2
0.7935343827697532,2
0.7973083194862951,0
0.7378865929603178,0
0.7746718393958629,2
0.8251904336473659,2
0.823016092537721,1
0.8301023426193097,2
0.8989372483692306,2
0.8820953132784628,1
0.8845560534746408,2
0.9171193711498888,1
0.8744777962549191,1
0.909230762231275,2
0.9068919602788861,0
0.8828865428313302,1
0.8913261516326247,1
0.8764349924025512,0
0.8342943887205545,0
0.8170436914275307,0
0.7742328168706207,0
0.7760495692415295,1
0.7627436661907294,0
0.7146542535926366,1
0.7480141707298646,1
0.7233992154893261,0
0.6927638604125541,1
0.7231235326170145,1
0.7069834033399343,1
0.7373436774462949,2
0.7963657529125081,2
0.8183819317877437,2
0.8780876379906575,2
0.9333368980080812,2
0.9204542320421343,2
0.9585737607414695,2
1.0,2
1.0,1
1.0,0
0.9798123636270193,0
0.9049053048527906,0
0.8771280976763618,0
0.7864854856862125,0
0.8131383429372594,0
0.7525277762568796,0
0.6730634996639444,0
0.6292636961876958,0
0.5911231441166362,0
0.5710703462757547,0
0.5542281706577894,1
0.5757359746800086,2
0.611096193230342,0
0.5250623329032835,2
0.6417112832216418,2
0.6775021735926106,2
0.7070762019092101,2
0.7823864686042081,2
0.828925289757994,2
0.827067207694564,2
0.8768388547721593,2
0.8568240942574354,0
0.7613283044730703,0
0.8230665709304932,1
0.7645455996215509,0
0.7137027031001877,0
0.7246812571487675,0
0.6727291975655745,0
0.6864352139296703,2
0.7803925923268618,2
0.8287633623175634,2
0.8353082974674113,0
0.7831463270200132,0
0.8126036105039851,2
0.9164285198402553,2
0.9398636237762552,2
0.9512569038831977,0
0.8576501487942048,0
0.7857134427592338,0
0.8143072141935397,0
0.7498539564108397,0
0.7001981081921351,0
0.6205721130174751,0
0.5550392705248788,0
0.548660519050312,2
0.5862262988433142,2
0.7359116488501241,2
0.7512982949927014,1
0.7407491396921742,2
0.7775416533267816,0
0.7241231769027427,0
0.7259697322898468,2
0.7991531686323423,2
0.9374946814191378,2
1.0,2
0.9748912794764744,0
0.8356567561194823,0
0.8077965694100442,0
0.7400307479616619,0
0.5755918350349982,0
0.5286437114008491,0
0.3044080690343325,0
0.04867638015626663,0
0.01210049915564948,0
0.005010088527663825,2
0.12433999967950427,2
0.20980319930982394,2
0.2508746533823043,2
0.38340955279844535,2
0.5116672522434922,2
0.5459810443165889,2
0.55490678318174,0
0.5188689860596403,0
0.5059305978628634,0
0.4237551168931657,0
0.37584489579584845,0
0.2400953158468475,0
-0.014872503227027933,0
-0.08345356099571632,0
-0.1182086777798742,0
-0.25368258785205433,2
-0.05904600649864311,2
0.07858704144456263,2
0.22326140095196068,2
0.10271003067492246,2
0.38219489603022216,2
0.38378651674736997,2
0.5708624963494549,2
0.7235416602394942,2
0.7186862163208396,2
0.7751091075165915,0
0.6715721326184949,2
0.8267684738225387,2
1.0,0
0.7619177153503898,0
0.7796846662989665,2
0.7837502919301143,0
0.6072880595988657,0
0.5106413541795782,0
0.5305181391807225,2
0.5923632375888819,2
0.7056792280949307,2
0.6769244891643562,1
0.7196319131143478,0
0.6524589550942674,0
0.38064776255121235,0
0.42781236452771054,0
0.18124153277548483,0
0.03549109109986315,0
-0.3097316745268446,0
-0.6429168393374168,0
-0.9598179369396822,0
-1.0,0
-1.0,1
-1.0,1
-1.0,2
-0.8617237081821542,2
-0.6813807927075322,2
-0.7744566418556376,2
-0.5923591883640285,2
-0.5418385537460935,2
-0.41275205264032955,2
-0.2883177592766746,2
-0.12010975666919166,2
0.05073158871314187,2
0.11496499626546242,2
0.12109281432661811,2
0.18812048447952234,2
0.6073692911466175,2
0.8549840831818851,2
0.915025384601728,0
0.801981410488322,0
0.617496423150681,0
0.6719494219417141,2
0.9108785942044046,2
0.8790009331569342,2
1.0,2
1.0,0
0.8386099253326911,0
0.7954868900964749,0
0.7530439254624477,0
0.7197906737508251,0
0.5467235365639056,0
0.14446155960255136,0
-0.06947549058559999,0
-0.18947058251261173,0
-0.5736906661323825,0
-0.647953081342282,0
-0.6475033544503939,0
-1.0,0
-1.0,1
-1.0,1
-1.0,1
-1.0,1
-1.0,1
-1.0,1
-1.0,1
-1.0,1
-1.0,1
-1.0,1
-1.0,1
-1.0,1
-1.0,1
-1.0,1
-1.0,1
-0.9878261829191423,1
-1.0,1
-1.0,2
-0.9746344549737234,2
-0.9814551866077414,1
-0.968041443661923,2
-0.9370600373815643,2
-0.8650922698642077,2
-0.7560141200710447,2
-0.7184145213729528,2
-0.62109379296835,2
-0.5069209910475161,2
-0.3538708192717748,2
-0.30307169020451497,2
-0.08862613380479234,2
-0.037161058770453614,2
0.08143302197509317,2
0.22182022746671093,2
0.3049699581901886,2
0.4510682590318884,2
0.5860712745751533,2
0.7045343956108323,2
0.8213490072611929,2
0.9229669433460419,2
1.0,2
1.0,1
0.9879596661524863,0
0.95377041697182,0
0.92639694613098,0
0.9003324128188919,0
0.8642140672031382,0
0.7832714465157777,0
0.7535919858525981,0
0.6453234031457351,0
0.5683700093242894,0
0.4592474965097535,0
0.4074642960906625,0
0.3115832786324124,0
0.1979028355245358,0
0.1252388379401883,0
0.048239610765241414,0
0.01934470343040462,0
-0.011386553886581607,0
-0.003386430770722204,0
-0.031194046355353167,1
0.0037540656468182387,2
-0.00974005302669334,2
0.03455663583930302,2
0.011352473629690385,1
0.04495174714683592,1
0.006675485832928318,2
0.10880182827050588,2
0.16688694724920028,2
0.2351816473969266,2
0.2547679160568297,2
0.35103731937060756,2
0.34650058684812524,2
0.37105995432054373,1
0.34283215622409746,0
0.35374941777492785,2
0.3593922445200115,0
0.3146597106206428,0
0.3282627843470609,2
0.3829022106370856,0
0.21659596812937543,0
0.21456950839663924,0
0.14903311233292138,0
0.09777131750475632,0
0.10413499256775038,2
0.11541425445839071,2
0.14731918320074433,2
0.14074380346836945,0
0.09920836006325251,1
0.13527943266425213,2
0.13007613698178355,0
0.10550599687171669,0
0.09311822063826569,1
0.10959572698611653,2
0.14653588337056123,2
0.1415380620992932,1
0.14863082629978264,2
0.2345831702854917,2
0.25257722324343,2
0.2774896428163205,2
0.3273791177879961,2
0.33779602258828567,2
0.3486854217295283,0
0.305639438576792,1
0.35460518469178637,2
0.37119751643540977,1
0.36729867795659055,1
0.3798998839707515,1
0.37468220408662867,1
0.3704264413150029,2
0.399131859442895,1
0.38258693723362547,0
0.3474442227448873,0
0.2935408605029082,0
0.31670379379285274,2
0.34373009528696175,2
0.36992002805850355,1
0.35032004538408246,1
0.37210436650499146,2
0.37158436334270184,0
0.3455335440451346,0
0.281666770297458,0
0.27608717694963514,0
0.2612202668064656,1
0.2812845154131274,1
0.2654052255483803,0
0.19573749812441,0
0.1578002025702696,0
0.16476136187486978,0
0.1263694684584522,0
0.10215306304686567,0
0.06737084718231845,0
0.04578601843188568,0
0.022193693762458055,1
0.03554970424269599,0
0.003505053893596344,0
-0.007456415186387955,1
-0.004671067810400942,1
-0.01819393006547443,1
-0.010119490642882423,1
-0.02737806286380029,2
0.01937686000200478,2
-0.009015617966525946,2
0.043959249643592546,2
0.07784003898999958,2
0.13756056350823753,2
0.22607104902034347,2
0.3200792781737074,2
0.3609553567250998,2
0.3961306745768627,2
0.42668031118029903,2
0.47411561050759277,2
0.4461336718026605,2
0.4937981006648391,2
0.4914244591744965,1
0.5061809746035084,1
0.4886878617071333,0
0.46217872128543,2
0.5057331282560709,2
0.5002175874231201,1
0.4968751283749675,0
0.449462913271208,1
0.5060865278609838,2
0.51219151068992,1
0.4973529221586348,0
0.45244411663192463,0
0.46425338484838696,0
0.39883125569116396,0
0.3546802279431178,0
0.28557927468449007,0
0.24479854684880875,0
0.1885739194244187,0
0.13430456536163882,0
0.0945635921229162,0
0.036140468364809886,0
-0.01358198901533314,0
-0.028733704046902675,0
-0.0711523575638211,0
-0.06410528843706542,0
-0.1604872182353042,0
-0.24792608423537232,2
-0.0856550025813001,2
0.014119531525358164,2
0.12446313066677583,2
0.15000088761361496,2
0.3131357968793458,2
0.21299008983913703,0
0.15882642676667502,1
0.20638451144934478,0
0.10013611479545936,0
0.05646051825442289,0
-0.09412205349701808,2
0.0966864432555874,2
0.19051290267916365,2
0.2379202936295821,2
0.35803749202843416,2
0.45648133906207033,2
0.4208014865479244,2
0.6921681354188289,2
0.643894500609715,0
0.6468658558913183,0
0.5121691824762158,0
0.35661527995476705,0
0.20574332972019915,0
0.19741808700709207,0
0.050777370450296955,0
0.0012779526010009423,0
-0.03260373915337067,0
-0.10787114389772778,0
-0.18303025005974127,0
-0.1525730664084013,2
0.045468932092004755,2
0.10243301124833848,2
0.21436701016544313,2
0.3765070237367292,2
0.5161817645300217,2
0.5434057806878483,2
0.6645225652535731,0
0.51990016188096,1
0.6682292381108712,2
0.7224925543473986,0
0.5605553597683846,0
0.49677680581028416,2
0.5989715849338189,2
0.5792061164692319,1
0.6112094491749871,2
0.6377587907755398,2
0.7556676358976175,1
0.6501103604833804,0
0.6245430373993093,2
0.905616351377019,2
0.9778737789313119,2
1.0,2
1.0,1
1.0,0
0.9031040842889257,1
1.0,2
1.0,1
0.989635987500348,1
1.0,1
1.0,1
1.0,1
1.0,0
0.9229363160835258,0
0.9243924332983717,0
0.7924730595751206,0
0.7177005778899386,0
0.5799440367762017,0
0.306658920372882,0
0.2004359639199469,0
-0.12431382198808816,0
-0.386423319912796,0
-0.5375546885660307,0
-0.5597454570898202,0
-0.7426640963055458,0
-0.9950949218759162,0
-1.0,2
-0.9059975684113697,1
-1.0,0
-1.0,1
-1.0,1
-1.0,1
-1.0,2
-0.8894254059353163,2
-0.7541862231371503,2
-0.7568350292387337,2
-0.6355947047428048,2
-0.5406875394779092,2
-0.31890968464173963,2
-0.27832145196272706,2
-0.25281143975874565,2
-0.055274873169061545,2
0.08706136343127913,2
0.07976298056409825,2
0.22130831931442674,2
0.20124238632855307,0
0.059893378261091756,0
0.0007887110578199685,0
-0.03364711398102338,0
-0.05951443841555404,0
-0.08578055204007196,0
-0.19306601841495696,0
-0.24002267054666315,0
-0.30512169558579505,0
-0.31592848612822844,2
-0.25981299562533633,2
-0.2669573177816379,1
-0.26550367771585315,2
-0.2332914118062489,2
-0.11347216580017694,2
-0.08177271467299907,2
0.06363123090086686,2
0.01980029781226067,0
0.043061374485399595,0
-0.022875504358983334,0
-0.041697729328713184,0
-0.2785405877640781,0
-0.4687597872467437,0
-0.5812666164665661,0
-0.9977861252361451,0
-1.0,1
-1.0,1
-1.0,1
-1.0,1
-1.0,1
-1.0,1
-1.0,1
-1.0,1
-1.0,1
-1.0,1
-0.9967818214956394,2
-0.9277873988561798,2
-0.8195885652753677,2
-0.7014065214580063,2
-0.6128841379759121,2
-0.4265055861692839,2
-0.2914763954366322,2
-0.16410686338782499,2
0.041109729320667254,2
0.24321097580401196,2
0.5019369070399835,2
0.6234536726114797,2
0.7546198806533522,2
0.9570148860687335,2
1.0,2
1.0,1
1.0,1
1.0,1
0.9925633327728947,1
0.9962846793535722,0
0.9652732169659801,0
0.9209767025376838,0
0.8635207249303818,0
0.7606712680949255,0
0.6918418116499299,0
0.5875466667521458,0
0.520387151705813,0
0.4208698267077726,0
0.35339450375353887,0
0.19832145678417845,0
0.10697331717482084,0
-0.035401303035428544,0
-0.09281754677456233,0
-0.1602485085958396,0
-0.2552156471483281,0
-0.3743060924001804,0
-0.4317014959643988,0
-0.506184572501048,0
-0.6003906367238696,0
-0.6129297783429404,0
-0.640317311477565,0
-0.6542162861654363,0
-0.6863007727940112,0
-0.7166353724088528,0
-0.7023805412442833,2
-0.6468071377599061,1
-0.712305324880317,0
-0.7063768662402836,1
-0.7043795779106947,2
-0.6351307653956335,2
-0.6081512241417326,2
-0.6016896742935911,2
-0.5482664919883917,2
-0.5208040484487441,2
-0.517110966646687,2
-0.48203678908618186,2
-0.469070330636718,2
-0.38062923224993794,2
-0.3864905197892786,2
-0.33062163572644676,1
-0.37278102984614925,0
-0.3858070366477614,2
-0.3551755694405868,1
-0.38230078211847673,1
-0.363707511408626,2
-0.29693331814222934,2
-0.2464650581773653,1
-0.2902191219677642,0
-0.2958270405348976,0
-0.3188840132955181,0
-0.3125023041622361,1
-0.32378489279635625,0
-0.3365585446611179,2
-0.3045362172343472,1
-0.32587546072317575,1
-0.3084913281036691,1
-0.3206280025863719,1
-0.2939423567522068,0
-0.36816099151677806,0
-0.33539673987632723,2
-0.3421058192516936,0
-0.35853671201366666,0
-0.3645209892206296,2
-0.33218161839460114,2
-0.2867795839715973,2
-0.2573370557366865,2
-0.2126460698990883,2
-0.14001616046002296,2
-0.12186091805749344,2
-0.030028500804089364,2
-0.0045635553944497476,2
0.02218309573921573,2
0.041704943101833925,2
0.09332088128996863,2
0.1468307577903687,2
0.1563553354723255,2
0.2682396608459665,2
0.2572406757554919,0
0.24938365007854357,0
0.2298378388458875,1
0.23529904864251816,2
0.27941609046827165,2
0.26088373181329017,0
0.25126472063180283,1
0.26998172696631784,1
0.23987755814458311,0
0.2457768545264296,0
0.20390042289353927,0
0.21680494359719704,0
0.17917663242937598,0
0.16922128786569846,0
0.14429962064004975,0
0.11299744480573648,0
0.109119109234046,1
0.10370043064449908,1
0.11324668770304447,0
0.0861510219174424,0
0.07268835051122924,1
0.093717753748507,2
0.1369705227497955,1
0.10557580161971702,0
0.10537778499128603,1
0.10297537205335971,2
0.14334696356145415,2
0.18534704922995893,2
0.2223766133142251,2
0.2567586476381565,2
0.26643366387583556,2
0.3090476139136138,1
0.2671826746814314,0
0.2516152854757201,1
0.2619426644594878,2
0.30846201432295683,2
0.3437137646266579,1
0.3201049584871982,1
0.34777069863248,2
0.3381289007944144,1
0.3502416463738178,1
0.3480679741700714,0
0.30952515463310704,0
0.25418971144574853,0
0.2346792865503653,1
0.24239013961343625,1
0.2210072692931151,0
0.22481998395609537,1
0.22939019468604727,0
0.17467171625192823,0
0.16591189606254253,1
0.17168264306567504,1
0.18129408346304166,0
0.15075748577079606,0
0.09079566733288935,0
-0.001169686330147801,0
-0.041756435497336986,1
0.007484389545832748,2
-0.003894048232489955,2
0.02401735772291458,2
0.06549224814738519,2
0.07308625192310214,0
0.04441843716778271,2
0.1741976793776714,2
0.08831945225910376,0
0.017422076463419423,0
-0.0461484598725449,0
-0.0866341063155407,0
-0.13933963455822107,0
-0.17460831177329295,0
-0.21285459543391305,2
-0.15165453423960806,2
-0.13851980033227695,2
-0.132611430615029,2
-0.02499917460100065,2
0.1548846438987701,2
0.3641138171598688,2
0.6026901825303714,2
0.779821739412605,2
1.0,2
1.0,1
1.0,1
1.0,0
0.9513210833838328,1
1.0,2
1.0,0
0.9832051247666174,1
0.9873439659745729,0
0.9624000588587118,0
0.946613069333526,0
0.8828027911386731,0
0.8128046877176702,0
0.7205232468179215,0
0.740088090000472,0
0.6632611934174835,0
0.6347194560336922,0
0.5939852289983505,0
0.5269064598302784,0
0.46910735709074247,0
0.39529458397005257,0
0.35915649481179845,0
0.30485246261054,0
0.2585322293186585,0
0.2481263738063273,0
0.20711807226843137,1
0.2574563480081933,2
0.3471277891257811,2
0.39828994123527806,2
0.4281594071841601,2
0.5976473463598211,2
0.4626520401004246,0
0.3793413995600523,0
0.42639058113730277,0
-0.051545930340838986,0
-0.3180581317108141,0
-0.6530643566265584,0
-0.975745531165052,0
-1.0,0
-1.0,1
-1.0,2
-0.9742784079602167,1
-1.0,0
-1.0,2
-0.961931006594703,2
-0.9339384878590388,2
-0.8764299324083205,2
-0.8104534003423431,2
-0.7378633353246747,2
-0.6137205568156454,2
-0.5898174093732595,2
-0.48954323546627565,2
-0.4149068514149057,2
-0.3197523571331844,2
-0.06828652957920345,2
0.15836495493781455,2
0.32665512411357267,2
0.5003952686826847,2
0.7962111440930777,2
0.9483193109983674,2
1.0,2
1.0,1
1.0,1
1.0,1
0.9970922353312972,1
1.0,0
0.8890707238049973,0
0.7790302561215912,0
0.643337549265526,0
0.501229276765671,0
0.35151179839340063,0
0.23113150943314165,0
0.09813985562638772,0
-0.053625136587232225,0
-0.22987275718182798,0
-0.29803351133514855,0
-0.3769845518385032,0
-0.4302347998074577,0
-0.5584719395047295,0
-0.5583196372447777,0
-0.7691582738155937,0
-0.803552991477127,0
-0.8664393644088307,0
-0.9523620689270361,0
-1.0,0
-1.0,1
-1.0,2
-0.9619023340665417,2
-0.9588291767403774,2
-0.8911247766842735,2
-0.8193208713965738,2
-0.7758563181158102,2
-0.6875965411263818,2
-0.526460945923916,2
-0.40564401962063557,2
-0.27181250275163316,2
-0.12992355656769305,2
-0.04373471165659237,2
-0.024279409985702882,2
-0.024614357126111153,2
-0.003015037238857876,2
0.0366604633861185,2
0.1015491811806879,2
0.1627721527271211,2
0.2090623784609491,2
0.25616556725185613,2
0.4229131108670252,2
0.5063202709463006,2
0.5184977373242099,1
0.5084990560551406,2
0.5741387695056697,2
0.592582689321854,2
0.6424950840627137,2
0.6691046709557256,2
0.6992076700868877,1
0.6762757817635834,2
0.7483006639322243,2
0.7493071725227693,2
0.8151598219683711,2
0.872544982568652,2
0.9272573501423473,2
0.9852558366860416,2
0.9633042952193649,0
0.9676626220754276,2
1.0,2
0.9945420463536441,0
0.9676360488140916,1
0.9894729568782077,2
0.9933097095478478,0
0.9625931703056221,0
0.945417848636176,0
0.9134037983681662,0
0.9024424339469215,0
0.8407362780832153,0
0.78559120437776,0
0.7439778800754584,0
0.7275696412534718,0
0.6815586248026453,0
0.649334812441541,0
0.6537425676185196,2
0.6694788762192319,1
0.6496023254122056,0
0.6393859101329815,1
0.6609019166469088,2
0.7396085180784653,2
0.7430250773457461,2
0.7972546013553907,1
0.7513860412002091,1
0.7874701403332094,1
0.743976219427906,1
0.7832310028472755,2
0.7865757205185706,1
0.7723759074765029,1
0.7919051598729874,2
0.8342079875176807,2
0.9111972810936408,2
0.8866601477162104,2
0.9501095249730676,2
0.9576448495645082,2
0.9821357450612036,1
0.9726102583069711,0
0.9471533616503891,0
0.9310262308017907,1
0.9391522502062473,2
0.9858021326420052,2
0.9999322480584356,0
0.9373113356440179,0
0.9456296555564798,2
0.9672269966218041,0
0.9101390024585596,0
0.8833606641013851,0
0.8316348513137057,0
0.820564280726547,1
0.847254195797994,0
0.8022431370316354,0
0.7662098115779101,0
0.7706174800046413,0
0.7331209753424266,0
0.709171946663546,0
0.7138305463712011,2
0.736703636543637,2
0.7659563149683055,1
0.73625268398288,1
0.7732958566490373,2
0.7678346932436046,0
0.7571380286065019,0
0.7486313986973179,1
0.7541640566977552,1
0.7402280139729123,1
0.7558713510964659,2
0.7639873322582547,2
0.8010372218719743,2
0.8518869191467695,2
0.9016118623128111,2
0.8946449253284554,2
0.9299051821677999,1
0.8970755184865422,2
0.9887064688895746,2
0.9458802894079894,1
1.0,0
0.912670162800375,0
0.9173791728734146,0
0.8917246373084282,0
0.8636932526350005,0
0.7953061175175657,0
0.7508679040244495,0
0.6913513161080931,0
0.664280282360223,0
0.6353941351474945,0
0.6340765381686571,1
0.6321002167282437,2
0.6787834480716639,2
0.7076226246152544,2
0.8104926959776682,2
0.8098425464084114,2
0.8799561466435151,2
0.9189810737999573,2
0.9794050950689979,1
0.9096123068483133,2
1.0,2
1.0,0
0.9502648813851293,0
0.9656375781277486,0
0.9313820559424628,0
0.9336176012321376,1
0.9412964795484924,2
0.9960823698381589,2
1.0,1
1.0,0
0.9460278523184122,1
1.0,0
0.8586269005760947,0
0.8459487151400702,0
0.7816418894910802,0
0.761186275248934,0
0.7161647053069549,0
0.7128073794999321,2
0.7387846944210859,2
0.7990638208693601,2
0.8253525779037243,2
0.9117903183059382,2
0.995454188530241,2
1.0,1
1.0,1
1.0,1
1.0,1
1.0,1
1.0,1
1.0,1
1.0,1
1.0,0
0.9704416670805633,1
0.9950924455082841,0
0.8946305616323,0
0.8444814255783684,0
0.7474883962826606,0
0.6688122289610203,0
0.4871200262231834,0
0.38720256000553865,0
0.17454335584046277,0
0.019987975235803424,0
-0.1869214820905467,0
-0.32101134071168513,0
-0.500215578183731,0
-0.5752465456497035,0
-0.749589633035739,0
-0.8100366050999398,0
-0.915185541174829,1
-0.8145372857624722,0
-0.9516987006802073,0
-1.0,2
-0.9175714037042045,2
-0.9686903825077268,0
-0.9773726902101185,2
-0.938587707496005,2
-0.9160892036481364,0
-0.9574679128644733,0
-0.9347471265450777,1
-0.9713458499154282,1
-0.91952463724057,0
-1.0,0
-1.0,1
-1.0,1
-1.0,1
-1.0,1
-1.0,1
-1.0,1
-1.0,1
-1.0,1
-1.0,1
-1.0,1
-1.0,1
-1.0,1
-1.0,1
-1.0,1
-1.0,1
-1.0,2
-0.9735003490367518,2
-0.9475943377043301,2
-0.9083206596899824,2
-0.8385501293600406,2
-0.7599473591056277,2
-0.7044358064226853,2
-0.5726842763108879,2
-0.41839610483189393,2
-0.29280905526089707,2
-0.20123355931033116,2
-0.06352061133681397,2
0.024674330276136303,2
0.10420975109752173,2
0.18637377781153464,2
0.2945275267095855,2
0.394604717710737,2
0.4815669793703081,2
0.5826419211908991,2
0.6745888676701484,2
0.7291618255296357,2
0.7955510810060242,2
0.8173507819476991,2
0.8397946814510202,2
0.8568859253704495,1
0.8479130456476407,0
0.7997894423176362,0
0.7755945498962749,0
0.7101460999172389,0
0.6299407794032157,0
0.5651959951136929,0
0.4593533174596598,0
0.3450802430821023,0
0.21254688767696517,0
0.109855214533092,0
0.009032682545601967,0
-0.09969017569068328,0
-0.19504109327550756,0
-0.2991865956394013,0
-0.4135511919163506,0
-0.45784633381389994,0
-0.5964269303540988,0
-0.6760605378472939,0
-0.7375339750897796,0
-0.8113962089873803,0
-0.7915670945709812,0
-0.8561063107510051,0
-0.8906203259854788,0
-0.8890630044762927,2
-0.8740897007789805,2
-0.8473769654149788,2
-0.8238199506654523,2
-0.8139431100102622,2
-0.7828909691621366,2
-0.7473696726474186,2
-0.6963351112418863,2
-0.6193223395319494,2
-0.545035156797326,2
-0.5138053923953119,2
-0.5107688762300419,2
-0.46421255062944655,2
-0.4398208345420055,2
-0.42582946306423586,2
-0.3525138141941514,2
-0.3131966350300941,2
-0.3011721983718255,2
-0.2672268994668937,2
-0.23988527650490876,2
-0.2267382760164398,2
-0.20502562650027378,2
-0.19873036412918488,2
-0.18800927529991063,1
-0.1997669245570598,1
-0.1750576656333287,2
-0.13107747107715928,1
-0.16586634676632306,1
-0.1317473216437094,2
-0.12716211378513687,0
-0.16805688715679667,0
-0.15859277931842108,1
-0.1769924310537686,1
-0.15547408339790225,2
-0.1380351987264422,2
-0.11117136789533122,1
-0.1481914931254228,1
-0.1049055156747718,2
-0.12822482566646187,1
-0.11066781731970188,2
-0.10170101285627253,2
-0.07784435354135166,1
-0.11681892737725774,0
-0.11647901579618958,2
-0.0884689669241665,1
-0.10686104505449134,0
-0.1071949550653093,2
-0.055480226615034045,2
-0.0032027997808280473,2
0.02783215512465942,2
0.08538235033821673,2
0.09908004607011711,2
0.12803855592132662,2
0.12870499222485599,1
0.1288137082545655,1
0.13041471923012704,1
0.14236444095768763,2
0.165844886758443,2
0.21297280431734178,2
0.19154333593071549,0
0.1844067224701853,1
0.1861886578517271,1
0.19385330083757535,1
0.1927656260260724,1
0.19582602266726545,0
0.16639512275950885,0
0.16197532000179682,2
0.19177186179345318,1
0.17404031164290457,1
0.19631613200448172,1
0.18856688219228412,0
0.14523805438851323,0
0.11808343438597668,0
0.09017297047269945,1
0.11122140099777234,2
0.137317809541613,2
0.12953333775063292,1
0.14710807337270992,1
0.11693124179861569,0
0.07547251234754637,0
0.06270589430334828,0
0.058697255676525284,1
0.07706350694298636,1
0.05865398220384366,0
0.02399046667847493,0
0.041458989603391005,2
0.05365978075658595,2
0.09013486477156607,2
0.1357903450250757,2
0.1632256032426369,2
0.18833970307474912,2
0.1931610222806308,2
0.22428709235602762,2
0.25439792460883504,2
0.24016477942251235,1
0.24951805790241988,2
0.2835544387760187,2
0.2851549928669521,2
0.31204013915750295,2
0.3590673981955934,2
0.37511312602464897,2
0.3816527469080213,2
0.3995139529885787,2
0.40182456199703465,1
0.40761890848561966,2
0.4627823996662288,2
0.4725535597410442,1
0.4668766472553949,0
0.43592949739760667,0
0.4254485534180912,0
0.4183879722865391,1
0.41791321498575673,1
0.40346188537037175,0
0.3953311793179288,0
0.3722496383224856,1
0.39877124875446324,2
0.41856793663916547,0
0.35831494367994066,0
0.3887349446360342,1
0.35758859237219776,0
0.3405164457783436,0
0.33091135330348953,2
0.36465509578809674,2
0.39563268168948507,2
0.4030002657953038,2
0.4995343346238783,2
0.4921194929017345,2
0.5423048968942503,2
0.5760795538302987,2
0.6530849720104097,2
0.7937443773204793,2
0.8685383270121787,2
0.9980814244864848,2
1.0,1
1.0,1
0.9890456892999067,1
1.0,1
1.0,1
1.0,1
1.0,1
1.0,1
0.9924702671405472,1
0.9846574755562061,0
0.8735148992696316,0
0.8051718101041301,0
0.7667872591802016,0
0.7374625905031189,0
0.7102697001899141,0
0.6457852319333681,0
0.5905148418868797,0
0.5046386964067666,0
0.4933381244470436,0
0.42998182607547264,0
0.3651906916375389,0
0.3788467731639782,0
0.3167179991293745,0
0.24967580060853223,0
0.2311045190615042,0
0.1986720167963658,0
0.21041512167298504,2
0.24012535350989817,2
0.29114499480150813,2
0.3985912194355923,2
0.4103716045969412,2
0.44380057551047547,1
0.3969639123576414,0
0.3512196588043115,0
0.36100824151475175,0
0.3104950511734661,0
0.18915924191823064,0
0.15361571854368683,0
0.10548954700169277,0
0.059941643285210455,0
0.012872244598362004,2
0.13561357938688645,0
-0.05241665486300262,0
-0.0322482031146164,0
-0.09191598660660372,0
-0.19673416033242297,0
-0.249784687413794,0
-0.36194594942286085,0
-0.4285025422960901,0
-0.5515775605112441,0
-0.6630895191278419,0
-0.6517772796672789,1
-0.6589938188042143,0
-0.7594273708690532,0
-0.7951166373762741,0
-0.8691175455439347,0
-0.8810773084313808,0
-0.9910523706845528,0
-1.0,1
-1.0,1
-0.9963116528116204,1
-1.0,1
-1.0,1
-1.0,1
-1.0,1
-1.0,1
-1.0,1
-1.0,1
-1.0,1
-1.0,1
-0.986123809693001,1
-1.0,1
-0.9906559712685687,1
-0.9856518371897749,2
-0.9619929060370929,2
-0.867333482252487,2
-0.784808198584971,2
-0.674964443976533,2
-0.5216398711150267,2
-0.3779864877096031,2
-0.21445033326160756,2
-0.06829096353405295,2
0.06117732776381768,2
0.3038204174254229,2
0.4081525596450717,2
0.5050404702637767,2
0.673115643390954,2
0.8017726380663011,2
0.9492108152163625,2
1.0,2
1.0,1
1.0,1
1.0,0
0.9772891030268012,0
0.9293334178380255,0
0.915785244972622,0
0.8502459202825812,0
0.7420094316368797,0
0.6230254112526927,0
0.5003890992913056,0
0.3793678925634618,0
0.2537948415401363,0
0.11962537134706253,0
0.024294179383268055,0
-0.08556606602990036,0
-0.18919492349704192,0
-0.3008488455954079,0
-0.4195085368623177,0
-0.46304243512760346,0
-0.491007768844798,0
-0.5349458936601508,0
-0.5311306189030733,0
-0.5521108213239779,0
-0.5675678896595057,1
-0.5452678543769307,2
-0.5450764607315771,1
-0.5430439879228355,2
-0.46324238551915686,2
-0.44556124391995855,2
-0.38132235507678813,2
-0.3537403342913049,2
-0.28306410963285733,2
-0.257302452584918,2
-0.19534422527560213,2
-0.16599038068343297,2
-0.1555633951704014,2
-0.10903160252819488,2
-0.04656310705881128,2
0.01329572730985551,2
-0.002498052866301559,1
0.009450654739728837,1
0.0016943563864113553,2
0.05529963971617646,0
-0.0367885626721548,0
-0.0681897617454581,0
-0.08739106574876943,0
-0.10156220075892974,1
-0.09900806802931938,2
-0.06757604571215314,2
-0.050720453471355564,2
-0.023197244158996044,2
0.00044337387935722283,2
-0.0006841950133279484,2
0.01734272357957134,2
0.060069857689592165,2
0.05723887587448795,0
0.04319807398242159,0
0.013161085658933258,0
0.0235570066502635,1
0.013667096988563943,1
0.019412223919449856,1
0.013560073033079822,1
0.022589534220458285,1
0.014385001962753163,0
-0.012867381593007376,0
-0.022224248190103046,1
-0.02720879843765578,2
0.009163103258687189,2
0.01097605631976406,2
0.030754427976132925,2
0.05259410514293861,1
0.035684837200150143,2
0.08380833112557151,2
0.08521009504752852,2
0.11047147973156535,0
0.0673681848543275,1
0.11861923414364295,2
0.1120226291037878,1
0.13387860114175432,1
0.11243083673818877,0
0.11437721644393162,2
0.13411171861902993,0
0.08474133529274042,0
0.07222735679654235,0
0.06664604890090109,1
0.07868776049658832,2
0.08415078193192671,1
0.0770818410550369,1
0.06922307717396725,2
0.10577692821170115,2
0.09259149072521589,1
0.10741087896784207,0
0.07267828784247965,0
0.038115625251915475,0
0.015401798476391004,1
0.02779123452261989,1
0.0030185236321089715,1
0.027694344236348867,2
0.034345262641051866,2
0.07490461016028682,2
0.08625993800796827,2
0.10033011547686632,2
0.11076402049362244,2
0.16803048821234934,2
0.18437364940959933,2
0.1957538116405102,1
0.19431891510109311,2
0.22910108020519138,2
0.23737671187164922,2
0.2969565601225379,2
0.2866851126446506,1
0.30560109698692695,0
0.25501863720503515,0
0.25652463315320406,2
0.2796307432257903,1
0.2619195625357047,1
0.2781573025516817,1
0.26358571526621355,1
0.2693888350489839,0
0.23147436657781473,0
0.23615902570630132,1
0.24585756757384436,1
0.22179182660120111,1
0.23300681691755742,0
0.19476047077959469,1
0.23287559624170084,2
0.22536742629403594,0
0.2094735675173165,0
0.18653370649248946,0
0.19313558517652796,1
0.17444068027080184,0
0.14131820686881502,1
0.18151532983136498,1
0.15069311365414806,0
0.12193048602456491,0
0.08685293163612262,0
0.07227210796636485,0
0.017749375972765602,0
0.00042274290303412343,0
-0.029731524916708385,1
-0.006910400454447574,1
-0.02227635710034137,1
-0.019349133366055704,0
-0.05364723043370401,1
-0.028761518971768374,1
-0.038774286024023885,2
-0.0017991159125126943,2
0.005274718598474282,2
0.07278772165465464,2
0.03711352643215449,0
0.034124174558654685,2
0.0891049501543153,2
0.0959624406630113,1
0.1020892793999093,2
0.144328774178337,2
0.1903877684320734,2
0.26368666364331284,2
0.43914020916122576,2
0.6455324270456277,2
0.7817978250707465,2
0.9739037965640416,2
0.8649639203330577,0
0.9341263028316418,2
0.9341957548886484,0
0.8734370320603928,1
0.9202187294565058,1
0.8634282080598483,0
0.8326328011689597,0
0.7321821787277001,0
0.7498656217436992,1
0.7402429127372856,0
0.6901222209100668,1
0.7301035400523481,2
0.77639354839164,2
0.8236339086947466,2
0.9085157807894746,2
0.9563208898937412,2
0.9768226265397881,1
0.9487005173250549,2
1.0,2
1.0,1
1.0,0
0.9765325324050347,1
1.0,2
1.0,1
1.0,0
0.9624711789204645,0
0.8312420928486179,0
0.8824715396016631,2
0.9183727000630761,0
0.7794930686422705,0
0.6995978765876953,0
0.6899958956618042,0
0.6672824016894114,2
0.7115535624515388,2
0.7844247771395545,2
0.7481353977636469,2
0.8301633653386966,0
0.6840527536266336,0
0.8100334030747487,2
0.9389949427776227,0
0.7776931646893701,0
0.8634338479703265,2
0.8751320806953364,2
0.8807150587387187,0
0.8358705951330632,2
0.8990776947743018,2
0.9470748433748553,0
0.8584421820238533,0
0.902071367034889,0
0.7753782020978908,1
0.9104121396449463,2
0.9112623426990203,1
0.9216761579868751,2
0.9521328086507415,0
0.8402256158255956,0
0.8451337708191913,0
0.7500913023028222,2
0.8798871571703908,2
0.9606979444001302,2
0.908968366601846,2
1.0,2
1.0,1
0.985040814415324,1
1.0,1
1.0,0
0.9536862446483427,0
0.9039751225097579,0
0.8612568374765475,0
0.869529480780358,2
1.0,2
1.0,1
1.0,1
1.0,0
0.9816809326461189,1
1.0,0
0.9580037954519243,1
1.0,0
0.9336316048380677,0
0.7975149858893296,0
0.7617151504786444,0
0.7236660046013677,0
0.6067993789179997,0
0.6300181646632137,1
0.6112095638844244,0
0.5961726094605275,2
0.7665650976602285,2
0.7671823747103177,1
0.7516240124754261,0
0.563196964482606,0
0.6955827462006285,2
0.9257925813631711,2
1.0,2
1.0,1
1.0,1
1.0,1
1.0,1
0.9999748950115173,1
1.0,0
0.9570877623262406,1
1.0,0
0.9307272814149572,0
0.9464202321518251,1
0.9402341784365313,0
0.886220352963897,2
1.0,2
1.0,1
1.0,1
1.0,1
1.0,1
1.0,1
1.0,1
1.0,0
0.9507766114679834,0
0.8550151535908024,0
0.752423567933769,0
0.6644543669357561,0
0.580601856771396,0
0.5378387377304406,0
0.497252497708925,0
0.39610804636825603,0
0.30236701794953724,0
0.20330717718727165,0
0.16962384954650367,1
0.2187075004686263,0
0.0906057427756104,0
0.030960284592232545,0
0.023540201063961375,0
-0.02143287245316927,0
-0.029310102832677654,1
-0.02164932669592423,0
-0.08460182587305543,1
-0.024156544980964867,2
0.03264604005562144,2
0.055807747123573836,2
0.0669231364199121,0
-0.06361931258171494,0
-0.08460860725148056,1
-0.061932981309721136,2
0.0897197075405407,2
0.2286422272767663,2
0.3590761880406117,2
0.45083981050866484,1
0.3569936218725578,0
0.29696219044936245,0
0.06429656651981208,0
-0.15243478509215036,0
-0.4935578516837472,0
-0.845668135630823,0
-1.0,0
-1.0,1
-1.0,1
-1.0,1
-1.0,1
-1.0,1
-1.0,1
-1.0,1
-0.9979793299107614,1
-0.9909149994931178,2
-0.9788250394655325,2
-0.9197066508300398,2
-0.8827032122613631,2
-0.8613334685469543,2
-0.7999425163257083,2
-0.6822836163155663,2
-0.5334297848219869,2
-0.42200928983304464,2
-0.29593792505420546,2
-0.11020087841233706,2
0.05247864642580513,2
0.12699621879178036,2
0.23605486851587743,2
0.30976090205370554,2
0.31049444936125314,1
0.3153541918899716,0
0.28986272430428994,0
0.26392853718681497,0
0.17452613164751818,0
0.08901919967464744,0
-0.06404458660207168,0
-0.22253079007869536,0
-0.3577299573613184,0
-0.559591273011536,0
-0.7745588194509476,0
-0.9383617485942596,0
-1.0,0
-1.0,1
-1.0,1
-1.0,2
-0.9750778679220632,2
-0.9017719290398464,2
-0.8302722173851543,2
-0.8098941663446987,2
-0.7509742353751707,2
-0.7130411829461998,2
-0.6621758539686067,2
-0.5970174536042281,2
-0.49362892669807723,2
-0.39588248862910747,2
-0.2533894857942447,2
-0.18362253734816048,2
-0.08594728264716589,2
-0.015054861952321197,2
0.03761127287492183,2
0.20035247460315064,2
0.25183466167801827,2
0.29829164700430466,2
0.3206294923236679,2
0.37028555445791445,2
0.3517278977393967,0
0.3154760522784503,0
0.2932103567045794,0
0.2639001845669906,2
0.31466510692046756,0
0.2054993142899182,0
0.14057005169882775,0
0.12500989510179528,0
0.08212723097369867,0
0.08172227047479108,0
0.03893441764498329,1
0.08387605537665666,2
0.09624161915741092,2
0.12514026909274678,2
0.17463410543305202,2
0.20901237681724538,2
0.29629603877458166,2
0.33105138100251663,2
0.4487835884860705,2
0.40515845651091253,0
0.39739744000893884,1
0.3897324137858249,0
0.3636903951211816,0
0.3414721583472191,0
0.3062887785252486,0
0.2688998256302244,0
0.18148434011566006,0
0.1570360229347867,0
0.10383818719715432,0
0.06963885027418892,0
0.05722268696659305,0
0.010378290557124581,0
-0.09268376503212716,0
-0.17627978836351565,0
-0.24725097848985078,0
-0.3447480814954068,0
-0.40578955901280067,0
-0.47195101092196323,0
-0.5447735484421381,0
-0.6924848835725498,0
-0.7785301327405989,0
-0.8550774950936151,0
-0.9296300706377982,0
-0.9525048739612506,0
-0.9641594834658047,0
-1.0,0
-0.9870477414799693,2
-0.9778993515384136,2
-0.9325651498885816,2
-0.9010364062918327,2
-0.8644431039844518,2
-0.8138854819826444,2
-0.7502244635847403,2
-0.7118019409484326,1
-0.7607552252923209,1
-0.7232909635907323,2
-0.7275062822551428,0
-0.7642600311789486,1
-0.725139040163681,2
-0.7381146017938544,2
-0.6597648097452811,2
-0.622774598326473,2
-0.6292504775285614,0
-0.6539172837798813,1
-0.634795028492528,2
-0.618269553074301,2
-0.615696846379949,2
-0.5927529095346008,0
-0.7116928815497506,0
-0.6932701363337099,0
-0.7366042257129304,0
-0.7488395143857278,0
-0.8547204613999175,0
-0.8798281862816346,0
-0.8851866255795448,0
-0.9307989698568051,0
-0.9720788149886505,1
-0.9289393713243829,2
-0.8798597741906983,2
-0.8682224870355854,2
-0.399701348410635,2
-0.5105660606980553,0
-0.5229750666050303,2
-0.4365687149024573,2
-0.32558192328456115,2
-0.099194725863054,2
0.13442024881418657,2
0.3619468424592689,2
0.5420151821302608,2
0.8476835001068277,2
1.0,2
1.0,1
1.0,1
1.0,1
1.0,1
1.0,1
1.0,1
1.0,1
1.0,1
1.0,1
1.0,1
1.0,1
1.0,1
1.0,1
0.9908706885295719,0
0.9709584285755604,0
0.9391940542643056,0
0.9172273616918996,0
0.8698387860664312,0
0.810377087825108,0
0.7451366916546711,0
0.6677937328587573,0
0.5809094065508826,0
0.5176079975035268,0
0.4622461267589346,0
0.408875271374066,0
0.3345851215628699,0
0.2730146846621062,0
0.2166266569098274,0
0.14353469344708425,0
0.11950811867047606,0
0.05143650347128981,0
0.059064950025095264,1
0.04064520916135095,0
0.018423457603730764,1
0.024858983700989157,2
0.08533566423752559,2
0.10760025321347677,2
0.16986488774551578,2
0.29656535139627493,0
0.057754967566885806,0
0.0385509884434283,0
-0.01985878053552692,0
-0.06577294316649906,0
-0.12421810996068705,0
-0.21458279281401993,0
-0.3034404080199171,0
-0.3722694544151449,0
-0.46786520080890903,0
-0.5712827009744177,0
-0.6448597939135653,0
-0.6667342231612994,0
-0.6961842012417183,0
-0.7499316230059334,0
-0.7821108761217064,0
-0.8039159854133336,0
-0.8292530386216934,0
-0.8282753523120495,2
-0.7943363238455936,2
-0.7438418272047302,2
-0.700802033300473,2
-0.6484193592702765,2
-0.5987647050337606,2
-0.5127036519401235,2
-0.431643212261662,2
-0.37308070180182473,2
-0.2939695054893986,2
-0.22933226212845803,2
-0.16460221048426382,2
-0.06804228540590462,2
0.00955199726585132,2
0.062188187252472105,2
0.13120180315895258,2
0.1501614877599493,1
0.13677977263642416,0
0.08381313568653104,0
0.04635354620223864,0
-0.006087450642364711,0
-0.06965885911243241,0
-0.1355150646023281,0
-0.25204218635814957,0
-0.34189993526871654,0
-0.4407570934441821,0
-0.49571345377334186,0
-0.5643983861780275,0
-0.6077003051596604,0
-0.672275459981168,0
-0.6719142932740767,0
-0.7135474694805437,0
-0.7201765293515543,1
-0.7040768731065291,2
-0.6994293438666848,2
-0.6612461473571436,2
-0.6307836790954696,2
-0.6227442725404237,2
-0.6050035561915118,2
-0.5679195105238359,2
-0.5246949511681596,2
-0.4970570154771421,2
-0.45566860527415565,2
-0.38912986059273735,2
-0.3631034102871187,2
-0.35063091875534624,2
-0.299162005556325,2
-0.2673127401690646,2
-0.2483434710536584,2
-0.212447645575346,2
-0.189211356898901,2
-0.16210795380836396,1
-0.17623186294689475,0
-0.1795416851921724,0
-0.2031819157478857,0
-0.20337825867706505,0
-0.23782357149479105,0
-0.2626746071056111,0
-0.2863521214017828,0
-0.2969010746737296,0
-0.3082347516251902,1
-0.29942865429621746,2
-0.28898918845279453,2
-0.2803718365882587,2
-0.2515849130754825,2
-0.23077999340909072,1
-0.23592157612991782,1
-0.23965612195855124,2
-0.21077512195913473,2
-0.17562488044292157,2
-0.16468380911664193,2
-0.13865803017816036,1
-0.15751924557088703,1
-0.14803062311532778,2
-0.13316909334432436,2
-0.1159633291052411,1
-0.13451543692354673,0
-0.15035399695723062,1
-0.14839978213729876,1
-0.14105673881176162,1
-0.16141655987758285,2
-0.11723595510477036,1
-0.17497627740817967,0
-0.1440717956023735,2
-0.12410487802363435,1
-0.13756054499499892,1
-0.11804662950406153,1
-0.1385882249449334,1
-0.11601387753211134,2
-0.09801241702113894,1
-0.12895497815593515,0
-0.14172594023071772,1
-0.12325919289764342,1
-0.12772195234487116,1
-0.12261574730214553,2
-0.10227929018738313,1
-0.11363254036656645,1
-0.10403372430699687,1
-0.12536937551641125,1
-0.10265612692252735,1
-0.1158883389285228,0
-0.1244698785679118,1
-0.11741925783066509,2
-0.09295622122376335,2
-0.08388055408904871,1
-0.0858762844911487,1
-0.07909381345009159,1
-0.07360949735037503,2
-0.04678273345585571,2
-0.037051789952660896,2
-0.01003127132303716,2
0.029684965254022755,2
0.09639653658659975,2
0.17552871668736159,2
0.26845671053381004,2
0.28755373220305525,2
0.38887786055732243,2
0.45420310013106957,2
0.6023054054870227,2
0.6625661745336018,2
0.6464599512197109,2
0.6850020706969528,2
0.7161259363380503,2
0.7414011497623354,1
0.7076499070246289,0
0.6739883614022495,0
0.6015050318792674,0
0.6423383981401591,2
0.6352816739335241,1
0.6461251262249477,1
0.6464827181445709,0
0.6221961200885107,2
0.8068204054990209,2
0.7029706082411595,0
0.616919470706838,0
0.6051979499231928,0
0.534039665623433,1
0.6015798307508726,2
0.5919784574417026,0
0.5565126391838324,0
0.5485015482590978,1
0.5719297356639346,2
0.6054959576533199,2
0.5932008463224636,0
0.566419541001759,0
0.5580999982091308,2
0.5917664264533717,1
0.554355437507648,2
0.6343286615368324,2
0.6790364137500642,2
0.7572924387640032,2
0.825999547108182,2
1.0,2
1.0,1
1.0,1
1.0,1
1.0,1
1.0,1
1.0,1
1.0,1
1.0,1
1.0,1
1.0,1
1.0,0
0.9804351944869525,1
1.0,2
1.0,1
1.0,0
0.9764315756898725,1
0.9905617601016519,2
1.0,1
1.0,1
1.0,1
1.0,0
0.9748571524733847,0
0.9585926909847076,2
1.0,2
0.9763330891853603,0
0.9648362808104172,0
0.9477044735661153,0
0.9074767044755225,0
0.8459256919323528,0
0.8062099543813428,0
0.7809738109055526,0
0.7902672948048328,1
0.7800986306136961,2
0.8192841753848599,0
0.756321915869004,0
0.7388481871341566,0
0.7116117226350616,0
0.6739087496976115,0
0.6727057669435386,0
0.652765178113683,0
0.5681152784550714,0
0.5231907802638882,0
0.4487832527633022,0
0.3928943954303368,0
0.2937930659821475,0
0.1981344991927989,0
-0.002144062034822647,0
-0.09845226857742895,0
-0.20215572874367083,0
-0.4385291130028305,0
-0.6022540348666832,0
-0.7150787833106959,0
-0.9680446618238909,0
-1.0,0
-1.0,1
-1.0,1
-1.0,1
-1.0,1
-1.0,1
-1.0,1
-1.0,1
-1.0,1
-1.0,1
-1.0,2
-0.9802378260225797,2
-0.9258615603122912,2
-0.7958909048953076,2
-0.7554649799979831,2
-0.7366192281074231,2
-0.685576382818956,2
-0.6462428063188286,2
-0.475494981716978,2
-0.39492604314775237,2
-0.35584160176474555,2
-0.27117265222963405,2
-0.19774552648724364,2
-0.17238166666435772,2
-0.142658001309232,1
-0.1571995874502592,0
-0.20133465565586717,2
-0.0809765535471938,0
-0.22392658653905395,0
-0.31831703549094836,0
-0.42659959778738343,0
-0.4876102629340656,0
-0.5546686310681777,0
-0.5857113533280784,0
-0.5775119397294411,1
-0.5974900084120217,0
-0.6554348016807889,0
-0.6502373123442671,2
-0.6187221513092938,2
-0.5812725825232841,2
-0.5816068207218885,2
-0.5496181404395599,2
-0.5586722711702148,2
-0.4340017408769161,2
-0.4114435951816299,2
-0.36129067771012247,2
-0.3244635608339611,2
-0.25085020343636055,2
-0.21177267162820002,2
-0.13581228328557882,2
-0.07861184462291138,2
-0.03259669108995733,2
-0.00562102085155014,2
0.0525039025818943,2
0.06975733795599837,1
0.0670044852538112,2
0.09115412122204192,2
0.11315564210027462,1
0.10462111866152823,1
0.11213173572038349,0
0.08723917972269346,1
0.11452370160088465,1
0.10017816216159159,0
-0.04809907131818547,0
-0.11370858060013467,0
-0.09459855790090987,1
-0.11279385639828787,1
-0.08636378834374314,0
-0.17176307358408927,0
-0.1317018035420372,2
-0.12548955098182268,1
-0.12320364389730887,1
-0.13016114994392447,1
-0.11902342375380626,2
-0.09554079328774345,2
-0.051470744090615916,2
0.04220248917660707,0
-0.07728128386619448,0
-0.0005522257513354001,2
-0.0033548255764765944,1
-0.0028726262324736407,2
0.0345044601146729,1
0.012905210870394868,0
0.00303446100515381,1
0.010770315676548403,0
-0.02701732289884662,0
-0.0212559359864668,1
-0.021802981826571255,1
-0.02198012480317435,1
-0.028928878116350032,1
-0.028455195436214997,0
-0.06348856489197541,1
-0.027162768995323328,1
-0.07310494071146856,0
-0.07113328762814752,0
-0.09685664509407066,0
-0.0925557570797787,2
-0.0646580535623259,2
-0.06446248807933785,1
-0.07018500522837323,2
0.0038949255233409197,2
-0.0392409328116724,0
-0.03578519203204411,2
-0.003956330851418111,2
0.0023231379802366448,2
0.011863708227630498,2
0.04081173975808072,1
0.023145990713521414,0
0.022927136059083475,0
0.004913565735808145,1
0.012316081088898478,0
-0.03225251073044133,0
-0.05507198544431513,2
-0.01481577641160614,2
0.0147695794118623,0
-0.054794340386314366,0
-0.06960635330413112,0
-0.07202421420099758,1
-0.07206316568073323,1
-0.07309346409832396,0
-0.0899281974838061,1
-0.0863253787273408,2
-0.06814288396932033,2
-0.03803791512665344,2
0.020553955876759566,2
0.08773541277699781,2
0.12419274505195688,2
0.19526973326763142,2
0.1998265665599268,2
0.23235532153900684,2
0.3202617017303848,2
0.33216355512529017,2
0.3976877505400338,2
0.48350300877105434,2
0.4442491919396596,1
0.4719181179386027,2
0.516458460577679,2
0.5771371079941767,2
0.6477333226088147,2
0.6504866035268508,1
0.6511947491189485,2
0.7469083812194373,2
0.8822104801665454,2
0.8763565696280671,0
0.8411411243457727,0
0.7883083764326788,0
0.8155991614585354,0
0.7550890297277748,0
0.7291974403116253,2
0.7738029196307936,0
0.694845891314148,0
0.7208181913143943,2
0.7853906099235319,2
0.7553465822800176,0
0.7677044507027528,0
0.7376658992332539,0
0.7488898283687504,2
0.7806366013840425,1
0.7562826235111271,0
0.764508049034379,2
0.8337781520459908,2
0.8877984233375051,2
0.9023022568890562,0
0.8278873379187119,0
0.8272446441421275,2
0.8818492110811711,2
0.9030774547644576,2
0.9143858693150111,2
0.9783765283392314,2
0.9723373303887275,2
1.0,2
0.9997516033167557,1
1.0,0
0.9430051777083566,0
0.9809666848829772,1
0.927610470869316,0
0.8976121539043898,1
0.9247109223747181,2
0.9412798700332423,2
0.9596347251215178,2
0.9638327769316339,1
0.9628463090463768,2
1.0,1
0.967857616993465,1
1.0,1
0.9731966516366328,1
1.0,2
1.0,0
0.8972047054930006,0
0.9021761297761783,2
0.9691642793258088,1
0.9026334579529098,1
0.9534518811243702,2
1.0,1
0.9564466548498591,1
1.0,2
0.9837590199394146,0
0.9374977616748141,1
0.9991166329137791,2
0.9941628927158874,1
1.0,1
1.0,0
0.8820284076221461,0
0.857367391827448,0
0.8093235716705622,1
0.8582274180850364,1
0.8231896859216763,0
0.7429723862491378,0
0.6938238002413997,0
0.6895966177132682,0
0.5980775274947718,0
0.49072594608743514,0
0.46511587391932085,2
0.5815896860894809,2
0.49510186950540747,0
0.43472453493679586,0
0.4664330302009334,1
0.4259625498546731,2
0.6053848685459164,2
0.7501073071837243,2
0.7771900190697572,2
0.8877136546133804,2
0.8767634616560722,2
1.0,0
0.8436582914683854,0
0.8171415976151566,2
0.9844073676016949,2
1.0,1
0.9957231591905524,1
1.0,1
1.0,1
1.0,0
0.9147628146830833,0
0.85676669484231,1
0.9303481737355288,2
1.0,0
0.8742811010075968,0
0.7704689325366814,0
0.7257618088672841,1
0.7613848559168439,0
0.6184503166518893,0
0.6990228393964164,2
0.7509924635763805,2
0.7222591563415302,0
0.7248078932061643,0
0.6553595084826238,0
0.6740712789213281,2
0.7653930854178472,2
0.7420539530963004,2
0.8689458811136448,2
0.9718009726280201,2
0.8935388543829694,0
0.9546424869019294,2
0.9824733385032056,0
0.8977345424220657,0
0.7932125270455654,0
0.7655239756099594,0
0.6889852030228958,0
0.710793368121406,2
0.7371317114380489,0
0.6753519594766375,0
0.6858222118018196,0
0.5120915676966684,0
0.2610307803611789,0
0.10177290262756822,0
-0.03307479170673344,0
-0.23683897757507855,0
-0.2191854664823133,0
-0.411765303166443,0
-0.6173723149113242,0
-0.7768991749207257,0
-1.0,0
-1.0,1
-1.0,1
-1.0,1
-1.0,1
-1.0,1
-1.0,1
-1.0,1
-1.0,1
-1.0,1
-1.0,1
-1.0,2
-0.9300334508404091,2
-0.9465135705315834,0
-0.9819591352641128,1
-0.9428494865308129,2
-0.9295497814191893,2
-0.8068531309421461,2
-0.842866853533629,2
-0.7471317516707365,2
-0.6729755321636264,2
-0.6259003817847555,2
-0.62104715925892,0
-0.7034250809619964,0
-0.7254686614143675,0
-0.8249506174257357,0
-0.9102628174281501,0
-0.961903113749021,0
-1.0,0
-1.0,1
-1.0,1
-1.0,1
-1.0,1
-1.0,1
-0.9951855365512717,2
-0.9648118737037984,2
-0.9116878625875846,2
-0.830053664266017,2
-0.8029593944070283,2
-0.6936151323927566,2
-0.6569212345023068,2
-0.5105872906394608,2
-0.3535055476692177,2
-0.2003729304228825,2
-0.06098842722087283,2
0.14869276139938958,2
0.2808300352736508,2
0.40862226755603914,2
0.5672567280709273,2
0.683591964923882,2
0.812146880664653,2
0.9092832943964906,2
0.9958378386731954,2
1.0,1
1.0,1
1.0,1
0.9873024078428825,1
0.9899847967501367,1
0.9916815423305858,0
0.9341622614899121,0
0.8455572767165906,0
0.8015919735980699,0
0.6750308436686183,0
0.5913519687997701,0
0.5623927022492015,0
0.520772513240179,0
0.5165453963959565,0
0.49793654617903993,2
0.5370637628754902,2
0.5914081392515125,2
0.640261180986585,2
0.6568303388611043,1
0.6361205300853905,2
0.6732941692608754,2
0.6606631731658754,2
0.7270584207405171,2
0.7178689654459329,2
0.7668885108409742,1
0.7333159747220743,0
0.7480152300521468,2
0.7749921001017799,2
0.7943265746012966,0
0.729795449569494,0
0.7442150140430417,2
0.7625773949079913,2
0.7616488223447067,0
0.7397274189956076,0
0.7227153257332297,0
0.7011939038971298,0
0.6916267498060198,1
0.7032648460612942,0
0.6718895748519378,0
0.6341227382530741,0
0.6279458972222896,2
0.6572586891981824,1
0.6239865331004348,0
0.640322609259105,2
0.6399113108270746,2
0.6637334794083207,2
0.6776921652803005,2
0.6956262948424654,2
0.7155739987023912,1
0.7048129141549544,0
0.6882342850005463,1
0.7137514345511589,2
0.7300160439610011,2
0.7531955789992157,2
0.7948175596286748,2
0.805624731135957,1
0.7963457848507778,1
0.7975816068140682,0
0.7706570448786574,1
0.7906502504957735,2
0.7886069479031501,0
0.7485791583396673,0
0.7202137644463096,0
0.7184939168656721,0
0.6852602310901375,0
0.6407144429505238,1
0.6705633975987437,2
0.6943951364941767,1
0.6639549561053677,0
0.6676403823629542,1
0.6633358206997044,2
0.6964404467820611,2
0.7288663908378488,2
0.7901702582751862,2
0.7932355497810373,2
0.8472020833106495,2
0.8641332565505453,2
0.8799119046727206,0
0.8458405508139875,2
0.9022187675058613,2
0.8884200760397036,1
0.900305262862072,2
0.9202841625250582,1
0.9016068345944113,1
0.9192859598489678,2
0.9369901587865028,1
0.9136928989803783,0
0.8873891200211796,0
0.8966780057483752,2
0.9505447667269029,2
0.9759579842860229,1
0.9582402266531311,0
0.9228490697485825,0
0.8985600174862187,0
0.9044712935522519,1
0.8861229935634876,1
0.8940054392426029,2
0.9070056441940784,1
0.9075357387650325,0
0.8852246354634266,0
0.8531465808812424,0
0.7808166221250201,0
0.7930045387822766,0
0.7600355986877749,0
0.7189245539946634,0
0.6823968164939591,0
0.6799042673279214,1
0.684491869007501,1
0.6647048527934665,0
0.5589382239685539,0
0.564203778422163,1
0.5673373045575631,1
0.5588107848365742,0
0.5485565308037836,1
0.5556283897779393,2
0.6015348010993196,2
0.6088075556433101,0
0.5545988022333173,0
0.559466986078081,2
0.5886087548288865,2
0.6682616515075264,2
0.7067997852054186,2
0.7144980721106273,2
0.7476649367461004,2
0.7932626671717502,2
0.7872439929138808,1
0.7950913264337083,2
0.8180897727611744,2
0.8367262805558688,1
0.8144399088187657,1
0.8265447239165977,2
0.8387421412950957,0
0.8026452509994797,0
0.8120624388944611,1
0.7924143460793731,0
0.7525939739141438,0
0.7377673833087741,0
0.6798512767109899,0
0.6396255011824923,0
0.5092638325641043,0
0.3647922566679933,0
0.17625553766244484,0
0.10905986993104655,0
-0.05268851130158114,0
-0.26092991886919936,0
-0.09088969149568749,2
0.06998253938680987,2
0.27781279145480586,2
0.22460194482218032,0
0.2018463742194947,2
0.27595303979110297,2
0.35436021297036246,0
0.1217891570802998,0
-0.13869476754642662,0
-0.3625028188021583,0
-0.650838175274171,0
-1.0,0
-1.0,1
-1.0,1
-1.0,1
-1.0,1
-1.0,1
-1.0,1
-1.0,1
-1.0,1
-1.0,1
-1.0,1
-1.0,1
-1.0,1
-1.0,1
-1.0,1
-1.0,1
-1.0,1
-1.0,1
-1.0,1
-1.0,1
-1.0,1
-1.0,1
-1.0,1
-1.0,1
-1.0,1
-0.998572286428148,1
-1.0,1
-0.9961936721958295,1
-0.98958164408926,1
-1.0,1
-1.0,1
-1.0,2
-0.9707323204352849,2
-0.9546910667723326,2
-0.9237124045442048,2
-0.8958028725675931,2
-0.8482692390321889,2
-0.7987361863093855,2
-0.7142843410702746,2
-0.6642996317866616,2
-0.5743912262068964,2
-0.531030996994278,2
-0.48300667906475847,2
-0.47429870100172733,1
-0.47460046196768246,2
-0.45036455393077424,1
-0.4884221279865686,0
-0.48602733531155895,0
-0.5733246230119645,0
-0.627932896149227,0
-0.684107745464847,0
-0.739500593611768,0
-0.8314464919650806,0
-0.8966196468529122,0
-0.9881845992352793,0
-1.0,1
-1.0,1
-1.0,1
-0.9967589767671355,2
-0.9510260353337786,2
-0.9399108147596185,2
-0.9073769672783603,2
-0.8224007279816337,2
-0.7504434286025541,2
-0.705082572802968,2
-0.6804515945451248,2
-0.6240459207418513,2
-0.5722697415846221,2
-0.5156373701903334,2
-0.4618112459121221,2
-0.4297706599307981,2
-0.33511513489525224,2
-0.289392509097513,2
-0.17006422583725456,2
-0.07887778499781095,2
-0.04390175184953382,2
-0.01778211895935211,2
0.021633555146328254,2
0.03322349207295061,2
0.06964205516437105,2
0.1266448367229538,2
0.18114161693875963,2
0.19687739632174317,2
0.2267950064241937,2
0.2486804266641225,2
0.30442869680611717,2
0.3452029808981625,2
0.3918017081453635,2
0.4146406073565887,2
0.41107027235861815,1
0.42305040934048677,1
0.3994327856689246,1
0.4341286850531838,2
0.49913791037088506,2
0.5186443417422495,2
0.5339383405298042,2
0.5739739856474984,1
0.5269572513428145,0
0.5389853282801047,2
0.5505783957982933,1
0.5348292453500514,0
0.49135049315526746,0
0.46398184177795976,0
0.44055546107378274,0
0.4396704974273131,1
0.4443465336866901,1
0.4497236022022628,1
0.4513326628090206,1
0.46471572986263454,1
0.4490917028091368,2
0.49914373817280544,2
0.5504791283218338,2
0.5658200877569131,2
0.5663018828257835,2
0.5856681668684625,2
0.6353558219069029,2
0.6412252116063015,2
0.6624546617457239,2
0.6935111370605564,2
0.7395497826635069,2
0.7675366836090611,2
0.7954156371895111,2
0.8249457820862067,2
0.818857968939045,1
0.8125316688515214,1
0.8249134868332935,1
0.8268405185105911,1
0.8208975965372889,0
0.7727140301100817,0
0.8032638591215946,2
0.7926159303605083,0
0.7623685440961294,0
0.7741341945288125,1
0.7706191149232886,2
0.7945087262130128,2
0.8175389534399324,2
0.8454677171554621,2
0.8461364113554399,0
0.8013628417627772,1
0.8389422602647516,2
0.8354846961436853,2
0.8856585770579699,2
0.8997578906629893,2
0.9069256330132529,2
0.9316835861263897,2
1.0,2
1.0,1
1.0,1
1.0,1
1.0,0
0.9839018994510815,1
0.9941197423458474,2
1.0,1
1.0,1
1.0,1
1.0,1
0.9966175056028521,1
0.9919750015559572,0
0.9575320129681832,0
0.97541098371451,1
0.9501579162120557,0
0.8978983543247143,0
0.876380079716466,0
0.8732929890706236,1
0.8794118250833574,0
0.7871587411398036,0
0.7828533759418277,1
0.7856659178219263,1
0.7671707869459621,0
0.7434438856117951,1
0.769799905459075,2
0.8035861546380776,2
0.7935493955065189,1
0.811688743679003,2
0.8384861270500303,2
0.8335329172202564,1
0.835775347448876,1
0.8316127090818055,1
0.8428446347714533,1
0.8347087866350806,0
0.8265251395418396,2
0.8573561618873191,2
0.8750406368606698,1
0.8541544274493613,0
0.8575917227182095,0
0.8261322198881662,0
0.8108945204999523,0
0.8054513943949044,1
0.8202933180852392,1
0.811149780497926,1
0.822576955755209,1
0.82674239991351,1
0.8257637734344172,1
0.8251901356990357,2
0.8499713779980282,2
0.8731894511864817,1
0.8651338989322679,2
0.9026956961700316,2
0.8874023751114897,0
0.8664872702382593,1
0.8960931585002099,1
0.8799986207232848,2
0.9502757845702119,2
0.9518625893310537,1
0.936293974087606,1
0.9534152053163687,2
0.9936710897913419,2
0.9819130010353936,1
1.0,2
1.0,1
0.9904245050351941,1
1.0,1
1.0,0
0.8589150301752508,0
0.7455601012832551,0
0.710341513662111,0
0.6870257418960148,0
0.6693003522382983,0
0.6594712609020037,1
0.675766748948758,2
0.6928281072344138,1
0.6816875672777738,1
0.6990812893926888,2
0.7349093260067492,2
0.7651643212351693,2
0.8017718339334745,2
0.8343866876003612,2
0.9009669776554794,2
0.9799007019972281,2
1.0,2
1.0,1
1.0,1
1.0,1
1.0,1
1.0,1
1.0,1
1.0,1
0.9921190262740789,0
0.9605873747910998,0
0.9347386763786989,2
0.9938241299237907,2
1.0,1
1.0,1
1.0,1
1.0,1
1.0,1
1.0,1
1.0,1
1.0,1
1.0,1
1.0,1
1.0,1
1.0,1
1.0,1
1.0,1
1.0,1
1.0,1
1.0,1
1.0,1
1.0,1
1.0,1
1.0,0
0.8478340191775171,0
0.8594536292679027,0
0.8309029023972376,0
0.7794296659453905,0
0.7316121734549199,0
0.6351876265133667,0
0.549762784787486,0
0.470716168560821,0
0.38694272317649214,0
0.28786689960545875,0
0.1781056778737704,0
0.10947567437618,0
-0.01957656054042045,0
-0.07496165302433067,0
-0.21623631683947886,0
-0.35244172428025,0
-0.5235518382858468,0
-0.6892913438259765,0
-0.8605199183076357,0
-1.0,0
-1.0,1
-1.0,1
-1.0,1
-1.0,1
-1.0,1
-1.0,1
-1.0,1
-1.0,1
-1.0,1
-1.0,1
-1.0,1
-1.0,1
-1.0,1
-1.0,1
-1.0,1
-1.0,1
-1.0,1
-1.0,1
-1.0,1
-0.9969418200179695,1
-1.0,2
-0.951279569783171,2
-0.9792873335663035,1
-0.9648895274174404,1
-0.9804041678147927,0
-0.9978530311218003,0
-1.0,1
-0.988118148526753,2
-0.940801550485041,2
-0.9456610787229562,2
-0.924727165594066,2
-0.8847940435752587,2
-0.8719113155042362,2
-0.8374494548567637,2
-0.8481666619197744,2
-0.8208635231737295,2
-0.8041127823421866,2
-0.7901558479884037,2
-0.7782464910682603,2
-0.7460025344483789,2
-0.6936812208445001,2
-0.6592936494377428,2
-0.5974161857511482,2
-0.539452171969659,2
-0.34570927786147365,2
-0.20308057624985032,0
-0.4372053536928945,0
-0.528888597411719,0
-0.7034768182457974,0
-0.7727937065967344,0
-0.7367231780293875,2
-0.6980649293852066,0
-0.7543499768856143,0
-0.8299734307741876,0
-0.9609840224375605,0
-0.9130794566227896,2
-0.8222794185284286,2
-0.7304652009045909,2
-0.63795684829909,2
-0.5238662173009125,2
-0.37817832662815554,2
-0.2197683298806139,2
-0.0038335505345957754,2
0.26347226057415507,2
0.5829279519325332,2
0.9309770355633569,2
1.0,2
1.0,1
1.0,1
1.0,1
1.0,1
1.0,1
1.0,0
0.9668419928616887,0
0.9151442017107678,0
0.8621585523556312,0
0.8193761219654843,0
0.7879170237987236,0
0.7273649039850676,0
0.7171743968746507,0
0.7055357789442811,0
0.6670608998838436,0
0.6336268624875867,0
0.5964412125824188,0
0.5802870816099981,0
0.548375017912178,0
0.5179049766902402,0
0.5044241341991955,1
0.5118565355553248,2
0.5272853442268579,2
0.5648250298530806,2
0.6289337765975982,2
0.7363987149167344,2
0.841320433322611,2
0.8390286326182939,0
0.7245183206837356,0
0.8004888068164546,2
0.7974680631790729,2
0.8696824539581149,2
0.9441582598805682,2
0.9272615227135137,0
0.8482929450189889,0
0.7898802884715539,0
0.7168577270026304,0
0.7409599945994412,0
0.7005292044494078,0
0.6222339123787342,0
0.5562274092971964,0
0.4962838662177389,0
0.446946918848212,0
0.41548749693879383,1
0.43483874522730415,2
0.49473877134722555,2
0.5920947923127668,2
0.6926719470140295,2
0.771951264804339,2
0.8672136386967677,2
0.956271804986804,2
1.0,2
1.0,1
1.0,0
0.9786764619250328,1
0.9998869291587844,2
0.9985152172140637,1
0.9944678360980792,1
0.9900955917294163,1
0.9913565541684857,0
0.9732465487304192,0
0.9727804375113334,1
0.9690473499119912,0
0.9486271442525307,0
0.943958738118984,1
0.9506951154647121,2
0.9656305236619747,2
0.9737076343169286,2
0.9834039148225471,2
0.9939606890866364,2
1.0,1
1.0,1
1.0,1
1.0,1
1.0,1
1.0,1
1.0,1
1.0,1
0.9970968261604227,0
0.9841911059623085,0
0.9753763507371187,1
0.9803269576838773,1
0.9677323500836041,0
0.9557306798503522,1
0.9658830703830998,1
0.9608737309308639,1
0.9689030561749377,1
0.9623468488249829,0
0.9440808342930287,1
0.9527540754070598,1
0.9487890566527264,1
0.9450393020131509,1
0.9570924127384537,2
0.9634650136353806,1
0.9489984803124614,1
0.9544997868433531,1
0.959887894633171,1
0.9555098918286702,1
0.9557337284081748,1
0.9475926445742902,1
0.9404979717964768,1
0.9476332055077876,1
0.9472828780188165,1
0.9458786677979101,1
0.9591733771298996,1
0.9503447936007992,1
0.9461054474192063,1
0.9570350947181763,2
0.9747604736141318,2
0.9841507288586089,1
0.9871894187512902,1
0.9962190649701288,1
0.9960861472916256,1
1.0,1
1.0,1
1.0,1
1.0,1
1.0,1
1.0,1
1.0,1
1.0,1
1.0,1
1.0,1
1.0,1
1.0,1
1.0,1
1.0,1
1.0,1
0.9981705146699651,1
0.9869031940999262,1
0.9914632189380945,1
0.9773577995409328,0
0.9702960619624326,1
0.9699566849157162,1
0.9709109163708376,1
0.9687838148137355,1
0.961959127833308,1
0.9533083187476226,1
0.9579878465630343,2
0.9741977786451161,2
0.9936222525371614,2
1.0,1
1.0,1
0.9925783078551105,1
1.0,1
1.0,1
1.0,1
1.0,1
1.0,1
1.0,1
1.0,1
0.9853823479684467,0
0.9787410646929187,1
0.9829651965367483,1
0.9895701022628283,2
1.0,1
1.0,1
1.0,1
1.0,1
0.9898605221866916,1
1.0,1
1.0,1
1.0,1
1.0,0
0.9828534605742243,0
0.9668639515624387,0
0.956900115711875,1
0.96201469327521,1
0.9662723644440621,0
0.9443959024753334,1
0.9596606217995474,2
0.9611124352453959,2
0.9825636184754862,2
1.0,1
0.9721575071663064,1
0.9939152175546262,2
0.9891067583443658,0
0.9626053018540734,0
0.942805490192588,0
0.9456696580872288,0
0.9221590274828919,0
0.9189466708649163,0
0.9030667960108243,1
0.9071831989065211,1
0.9011313131568077,0
0.8906738826041207,0
0.8781366007968505,1
0.8767785603831026,2
0.9169494976176213,2
0.9264908118072188,1
0.930124115249173,1
0.9282974345545116,1
0.9384428866399612,2
0.9605017066570125,2
0.9648177795181649,1
0.9687435950530523,2
1.0,2
0.9946491901038226,1
1.0,1
0.9972429222071684,0
0.9559625047126399,0
0.9365374801540371,0
0.9183342581505343,1
0.9465690025711089,2
0.9408142067219809,1
0.93699287694216,2
0.9744505422530949,2
0.9956201974976118,1
0.9899702730500268,1
1.0,1
0.9823403999751072,0
0.9730357674028407,1
0.9911825148406914,1
0.9787426263244494,0
0.9646276474313586,0
0.9413589291544089,2
0.9879010942914312,2
0.9765718944268817,0
0.9563088629833003,2
1.0,2
1.0,1
1.0,1
1.0,0
0.9514545900029101,1
1.0,2
1.0,1
1.0,1
1.0,1
1.0,1
1.0,1
1.0,1
1.0,1
1.0,1
1.0,1
0.9864013957605875,0
0.9812863142426473,0
0.9576664888641915,1
0.9802411994733171,0
0.9414921465597261,0
0.9120267420152846,0
0.838917701354509,0
0.8610704289995472,0
0.8197113624714418,0
0.7634640162573019,0
0.6838774873055549,0
0.6947478504439435,1
0.6757721767451401,0
0.6556575010624397,0
0.6046882999769172,0
0.6151057510996594,0
0.5793805121808897,0
0.5245106875773609,0
0.5062967548454056,1
0.5230425086167136,2
0.5439668141497387,2
0.6034798134124277,2
0.6194388529934056,1
0.6141527152874222,0
0.5877057918637074,0
0.575902426807682,0
0.5288317612184759,0
0.5516479668895784,0
0.48170273697006416,0
0.4173095961605311,0
0.4237074396495504,2
0.44501963659462085,1
0.41961101140886625,1
0.4608084672880288,1
0.4216129980620369,0
0.4228386598422529,0
0.2949871192143192,0
0.2719816849748582,0
0.2282412941566565,2
0.28807757397605416,2
0.3554986236318467,2
0.42985544399370856,2
0.48847414544464685,2
0.5167562875465717,2
0.5611140281072091,2
0.5891837104938267,2
0.6774781521792819,2
0.6517817666124319,0
0.6604446950041096,2
0.7499177351102342,2
0.7994550687302078,2
0.8151227077355718,2
0.8260284531218707,2
0.9023548506971846,2
0.9592576366136136,1
0.9074565477889618,0
0.9083012690103518,0
0.7711317723143167,0
0.6473596629257823,0
0.45062424582146043,0
0.3997760323441797,0
0.3331554659335634,0
0.14738952790152737,0
0.03523527558128903,0
-0.06218950394152212,0
-0.16262274882066752,0
-0.23028451879884182,0
-0.23780233533207695,2
-0.09525674201063294,2
-0.005338864688837486,2
0.07161005825950029,2
0.05336628700340862,0
-0.03147469631613242,0
-0.07735999111668612,0
-0.10434919343978288,1
-0.08722916431380545,2
-0.041417423428757316,1
-0.09428557135568505,0
-0.10081914238598211,2
-0.07713920304316291,0
-0.12536732743285384,1
-0.06546279529890875,1
-0.12089847702652923,0
-0.3401467819072411,0
-0.36594828903929144,0
-0.506439615298804,0
-0.4820072089785238,0
-0.6075868921553713,0
-0.656715128243415,0
-0.6719847189766649,1
-0.6602009332535969,1
-0.6816347147699628,0
-0.6929764506196554,0
-0.7291427119028651,0
-0.8326631052549253,0
-0.8550967020811842,0
-0.8761996962592691,1
-0.8400067483901439,2
-0.7995701280526648,0
-0.9162718631039387,0
-0.908248959507383,2
-0.8133514915811855,2
-0.5764981880913413,2
-0.5537306914051148,0
-0.6206998022514238,0
-0.6170565161254122,0
-0.6495465026590879,1
-0.6296727264001436,0
-0.6803771988254953,1
-0.6165614318720007,2
-0.5624175082755618,2
-0.5085201379558019,2
-0.38707049895939416,2
-0.2042003844616157,2
0.0050009607502055076,2
0.09238125489057625,2
0.1872099301112211,2
0.33916183521404086,2
0.5013168928004506,2
0.6389829802591867,2
0.7959650336692747,2
0.8302896996056528,2
1.0,2
1.0,1
1.0,1
1.0,1
1.0,1
1.0,1
1.0,1
1.0,1
1.0,0
0.9841283868724018,0
0.9705099765151484,0
0.9555201472482995,1
0.9580566160355044,0
0.8532867276320317,0
0.7944771128126573,0
0.7458217517963059,0
0.6758327488791869,0
0.6424935279860224,0
0.6303672328386718,0
0.5547385220578203,0
0.5587813021159274,1
0.5642284200614023,2
0.6169440133562989,1
0.5537153930807857,0
0.5341864974056798,0
0.46076325886285185,0
0.3625083498649557,0
0.3725897570277683,2
0.44109212461306635,2
0.5003281771916177,1
0.43402552400143035,0
0.4379117900053491,0
0.4081388777416113,0
0.40638037295097695,0
0.3618994480492099,0
0.3416252095358343,2
0.40845754456511174,2
0.4568137161507382,2
0.4577424165039372,2
0.49358540560747244,2
0.5082420543157606,1
0.47790612428792323,0
0.40820940139003326,0
0.37565249265756506,0
0.38971368113511096,1
0.3653253645846284,0
0.29952082437061933,0
0.20109441107233428,0
0.13788937809816693,0
0.1693848185616258,1
0.1509607933783348,0
0.025132726221077872,0
-0.004082767284424249,2
0.05566549505814211,2
0.0781974036337636,1
0.048167751139839066,0
0.059392169540125606,1
0.05913787142950655,2
0.08132135109014138,0
0.043262207957237564,1
0.09436495003263756,2
0.1094570505024719,0
0.029830907640156612,0
0.00910974138866849,2
0.04705521676054669,2
0.08674087109889328,2
0.13183081694419885,2
0.17215245481463803,2
0.1727219054790865,2
0.2310534406446907,2
0.23021930789774636,2
0.3440531727660241,2
0.37605699104976575,2
0.47447907603854844,2
0.42961203813264603,0
0.4458832058493969,2
0.4784592941551624,2
0.5429121311079066,2
0.6166714291307602,2
0.6158217700625686,2
0.7042677171407548,2
0.6511270957654687,1
0.6992036148770215,2
0.71955443270117,2
0.8004968383088837,2
0.9109144955561739,2
0.9924859157205883,2
0.9821362327871195,1
1.0,1
0.9753222350747779,0
0.976215700288098,2
1.0,2
1.0,1
1.0,1
0.9892260467156353,1
1.0,1
0.9856455485045381,1
1.0,1
1.0,0
0.9477924199646097,0
0.8576798360261642,0
0.7947397702609671,0
0.7827771531619478,0
0.7275032467818976,0
0.7423326647073374,0
0.7110841252328948,0
0.6655196914827435,0
0.634675540872087,0
0.5188874791113485,0
0.49492112778813424,0
0.4509571085493329,0
0.3989170623015432,0
0.3928910780753454,0
0.3797073316854924,0
0.3507788444956872,0
0.34671952372346193,0
0.30073863374417287,0
0.17501662874137214,0
0.1035117636288847,0
0.04862166993346406,0
0.06784670936775794,0
-0.0009141777960498532,0
-0.13088822908488906,0
-0.22140638219875453,0
-0.35614813503096354,0
-0.4313444160134098,0
-0.4755427359225859,0
-0.5092854221655477,0
-0.6113193591434631,0
-0.8037102725075531,0
-0.853240335507548,1
-0.7990510007292002,2
-0.7900909767829436,0
-0.8316323876711613,0
-0.8068553560789093,2
-0.7144239230988709,2
-0.7827530932743256,0
-0.7467174774209724,1
-0.771842758931818,2
-0.6767587307375116,2
-0.4943684565258991,2
-0.41562060829393566,2
-0.40516791848398026,2
-0.24118950223119706,2
-0.057415843695907465,2
0.126968748953169,2
0.29067655818677496,2
0.43554890907465227,2
0.5439494911520579,2
0.5684035685661424,1
0.5455285240595749,2
0.6308700122720057,2
0.6811559804696843,2
0.6944156620474724,0
0.5037561378844786,0
0.4241303446951983,0
0.31625282948084665,0
0.14577028268258285,0
0.04886345207853093,0
-0.05144683655603888,0
-0.16182344438562557,0
-0.22094596443667625,0
-0.2919264890565372,0
-0.26776043828691987,0
-0.39049982486312673,0
-0.4859984928698209,0
-0.5701847148587659,0
-0.6154961951682405,0
-0.6305570826309917,2
-0.5610758722277187,2
-0.533830476551155,0
-0.6688724838840161,0
-0.6874926913706663,0
-0.8030035778517725,0
-0.8015302267759831,0
-0.8333568799688369,1
-0.8113008488710207,2
-0.7651936991136671,1
-0.8204560052552567,2
-0.7473986788170515,2
-0.6519035030502761,2
-0.656762892531283,2
-0.6210825110173833,2
-0.48530326689378955,2
-0.3916010445165019,2
-0.34048134561325916,2
-0.18630658222472607,2
-0.1679936294892116,2
-0.0601750250362979,2
-0.08151213281579528,1
-0.07508674396554016,1
-0.07468985505656212,2
0.07457673142784671,2
0.22870854858028244,2
0.3613222850918898,2
0.4532080646088519,2
0.5919359440882337,2
0.6927058156531078,2
0.6962213371680543,2
0.7724684298133662,2
0.8957657848646459,2
0.9339181317730338,1
0.8854116261094311,0
0.860543614329649,2
0.9361603368830842,2
0.9633299634257417,2
0.9618684818082515,0
0.8935186324147308,0
0.8743366939802295,2
0.9603455741850906,2
1.0,2
0.9978107812464316,1
1.0,1
0.9869312827056493,1
1.0,1
1.0,1
1.0,1
1.0,1
1.0,1
1.0,0
0.9441278827409314,0
0.9361279705656393,0
0.9230446428251653,1
0.925394638924437,0
0.8748584799816499,0
0.8175448696278007,0
0.7179609469683526,0
0.5331782905418918,0
0.4367722052861944,0
0.3595089321932565,0
0.24002688930956517,0
0.20823907878732628,0
0.07889276400706602,0
0.05492111893037688,0
0.017095531014810428,0
0.01543022506015812,0
-0.03379349950785615,0
-0.03127529729208933,0
-0.0782611112659638,1
-0.016287964137623012,2
0.07511516482003322,2
0.17728306479578637,2
0.2486888035798791,2
0.38669410514018376,2
0.509283133934386,2
0.6190146410328543,2
0.696168600393372,2
0.7873279067837264,2
0.9343856934173316,2
1.0,2
1.0,1
1.0,1
1.0,1
1.0,1
1.0,1
1.0,1
1.0,1
1.0,1
1.0,0
0.975175872138023,0
0.8766063497840231,0
0.8676138728295586,0
0.8498880821275956,0
0.844143685358711,1
0.8422358602621158,1
0.837152575184152,0
0.781588932770148,0
0.8038391196053658,1
0.7948384549636833,1
0.8033172690792805,2
0.8167721765284841,2
0.830866440149661,2
0.8644154943722355,2
0.8507221454954477,0
0.8229464679906111,0
0.79189214450088,0
0.7406161601134313,0
0.7598986921132946,1
0.7375446496932416,0
0.7279665592769857,0
0.6940768655735232,0
0.6562809294615211,2
0.7107183958361452,2
0.7102397715583686,1
0.7219524036495637,2
0.729421479855676,0
0.7006547593163626,0
0.6755159463656699,0
0.6656246381688498,1
0.6726532808802643,2
0.682430720035542,1
0.685037577739092,1
0.6952124552292434,1
0.6878009206232529,0
0.678199764600379,0
0.6591361738196069,1
0.6876318983834959,2
0.6854525827497502,0
0.604589488205993,0
0.5694335280224345,0
0.5887600765303012,0
0.5327754999483585,0
0.5054243336859665,1
0.5398529225447379,2
0.5640532188914753,1
0.5509329707735768,0
0.5181075475653969,0
0.5033156669075929,0
0.4642555777508637,0
0.4295620957488082,0
0.44775524233522424,0
0.41076587593717195,0
0.42789226302269734,0
0.386196815001429,0
0.30747559749888875,0
0.19640102575826934,0
0.09842090069525145,0
-0.06834408901853939,0
-0.15723139450959656,0
-0.3261540527815704,0
-0.48775579583960005,0
-0.6041269730420206,0
-0.797198115212797,0
-0.9556147302555226,0
-1.0,0
-1.0,1
-1.0,1
-1.0,1
-1.0,1
-1.0,1
-1.0,2
-0.9600541205526347,2
-0.9351245790884246,2
-0.9230838479976762,1
-0.9202456297077654,2
-0.8896574976036946,2
-0.8540256202748584,2
-0.8016170010136198,2
-0.7601607216411502,2
-0.6640713542411172,2
-0.5829664333754936,2
-0.48519754686391825,2
-0.3628569626598336,2
-0.31071340839064876,2
-0.2511112063564851,2
-0.17821249213987178,2
-0.15593178081297254,2
-0.12949801261077898,2
-0.07508708894102234,2
-0.02474690963366466,2
-0.025605455183122294,1
-0.01841887002946585,1
-0.012220919786987472,2
0.005657806423912115,0
-0.04841773422336326,0
-0.04827046248904299,1
-0.05988669145211922,1
-0.04581967704197709,2
-0.04126487035568305,2
-0.0011562359359581498,2
0.07531377762162861,2
0.16814880968233514,2
0.25964575819250024,2
0.29423450765549686,2
0.3444361119823769,2
0.38174056107373633,2
0.4183943019512333,2
0.5162439124356946,2
0.4998447302683715,0
0.47143615548625073,1
0.48748929733737323,0
0.44389205814350285,0
0.46586578914107646,2
0.47491738058720867,1
0.4730258818711941,1
0.4831428608513586,1
0.46679274245134117,1
0.482217224621744,1
0.4622938161787171,0
0.43247716154523497,1
0.4626090709917414,1
0.43648977338662553,0
0.38384750804170586,0
0.32117676952473007,0
0.3388762521201567,2
0.33737336257091166,0
0.30066450538760825,0
0.28534865723478053,2
0.3318881942511749,2
0.3394652385169217,1
0.32236235323461004,0
0.31588929400345833,0
0.2554572507345203,0
0.24931280814974177,0
0.23792493683969873,1
0.2529122889947557,2
0.2667084271715605,2
0.2944175014318693,2
0.29364389250253153,2
0.31716455984537095,2
0.3261408363978797,2
0.34581901649083924,2
0.3941210587530659,2
0.37329128769555875,2
0.4326773879644703,2
0.40809483189723017,0
0.40138719155567504,0
0.3691581680027636,1
0.4162655291807169,2
0.5249163380865562,2
0.52279899947273,2
0.5632877457941889,2
0.5428531257172426,1
0.5744858396382804,2
0.5813155705915838,2
0.6307175583430293,2
0.6411892780929083,2
0.6492148286151991,1
0.6369590709037523,2
0.6735663613579319,1
0.6251527461562278,0
0.6523281135581762,2
0.690320489849326,2
0.7154811329962254,1
0.7012850170948193,1
0.7114858229152654,1
0.7007087119280546,0
0.6943300561054409,0
0.6204922017826369,0
0.5980737947107531,0
0.5592091831078572,0
0.5103793692292187,0
0.4338948323718257,0
0.46290394640014565,2
0.4525194814736184,0
0.43607543660400405,2
0.48495422954494716,2
0.46330233887160177,1
0.47202105820724505,1
0.46197987487803327,0
0.4540013597198993,0
0.4378303806375301,1
0.4406709231953121,0
0.4073664256112228,1
0.42595768556978686,2
0.436285486105237,1
0.4300232673221751,1
0.44819818056886485,2
0.49057550855185217,2
0.48141658012473676,2
0.563452554328773,2
0.6460069713924215,2
0.6835823686392895,2
0.7236715556638842,2
0.7331892221026275,2
0.8124336459690951,2
0.8755468909151767,2
0.8895733687473881,2
0.9201410023055057,2
0.9212375550060605,2
0.9543875066347653,2
0.957649884719092,1
0.9495824061567524,1
0.9590167391441979,2
0.990087524784026,2
1.0,1
1.0,0
0.9348623104294624,0
0.9258383848325029,1
0.9470544937476002,2
0.9866333482829159,2
1.0,1
0.9863705838224146,0
0.9692473837947126,1
0.987508825228822,1
0.9745265276850898,1
1.0,1
0.9711735034567959,0
0.9781617819371653,1
0.985724600524571,0
0.9389618879028541,0
0.8899298464275907,0
0.9119482467349793,0
0.8514268298253276,0
0.872416374344382,2
0.8745587061204574,0
0.8393377849403021,2
0.8966373540089616,2
0.8936188881936062,1
0.8876128715759879,1
0.9086063128819024,2
0.9325611042059363,0
0.8263352155082659,0
0.8426123306009179,0
0.7926177393426057,0
0.7152782824067838,0
0.5558948740083871,0
0.4999265644927464,0
0.3533737631821896,0
0.15786859372256168,0
-0.09104212929981792,0
-0.349931796945803,0
-0.549216801281244,0
-0.7328354875436859,0
-0.8906335677889439,0
-1.0,0
-1.0,1
-1.0,1
-1.0,1
-1.0,1
-1.0,1
-1.0,1
-1.0,1
-1.0,1
-1.0,1
-1.0,1
-1.0,1
-0.9863181754084536,2
-0.9552646347972574,2
-0.908944706460853,2
-0.8503746075580125,2
-0.7835571243337608,2
-0.7135572923411881,2
-0.6465780766633318,2
-0.590036052135102,2
-0.5526370835651488,2
-0.5444520059577274,0
-0.5769923047344401,0
-0.6632857959564409,0
-0.817952306545989,0
-1.0,0
-1.0,0
