0.8208527384331716,0
0.7653726528930909,0
0.767657131175401,0
0.7145499981673746,0
0.6859604239833412,0
0.6254873779183177,0
0.5487711477992052,0
0.49298002007747854,0
0.41898757280234333,0
0.3633750221419587,0
0.2839548080256731,0
0.218635831677797,0
0.18670113889960738,0
0.08689526380162604,0
0.00037073751062366433,0
-0.055856339147322354,0
-0.09932663465345204,0
-0.1651010698459522,0
-0.19358770316017448,0
-0.24849073275902844,0
-0.29964429418100724,0
-0.3451375852892371,0
-0.37665717866308146,0
-0.3959794806853085,0
-0.42462342125497543,0
-0.4592575866513168,0
-0.5073126318320371,0
-0.5375202478915418,0
-0.5609606049802593,0
-0.5699236775469447,0
-0.6398852700496862,0
-0.6383817922476276,1
-0.6438205518813302,2
-0.6222616171482032,2
-0.6183317726117997,1
-0.620509908431385,1
-0.6170572456534515,2
-0.5852317124873339,2
-0.5302042620757563,2
-0.5005989577998697,2
-0.43810793315395813,2
-0.3650443834163535,2
-0.3102283571081441,2
-0.2590938984541067,2
-0.21859805298271984,2
-0.1680685328249799,2
-0.06605977827400078,2
0.01551726902205841,2
0.133205107946184,2
0.19691373211994878,2
0.2875555320304206,2
0.4122864872906664,2
0.5074541131436012,2
0.6026253966939421,2
0.6789895619461761,2
0.7562627076870705,2
0.8628948377225591,2
0.926200557005584,2
0.9623990151692405,2
0.9824114531134389,2
1.0,2
1.0,1
0.9999473936422361,1
1.0,1
1.0,1
1.0,1
1.0,1
1.0,1
1.0,1
1.0,1
1.0,1
1.0,1
1.0,1
0.9870223682807397,0
0.9800471837945159,0
0.94091855474953,0
0.9169545414397824,0
0.9023579093454828,0
0.8802978874838765,0
0.8389528809141267,1
0.8701617361811835,2
0.8854549247675136,1
0.8781193619303227,0
0.8461754367229226,0
0.8557935318313703,2
0.8746921928050486,2
0.8948512702353408,2
0.9149349603877774,1
0.8890818107165632,1
0.9027810083916408,1
0.8773470522369211,0
0.8830278034550694,0
0.8542019405338319,0
0.8291053376975839,0
0.8284838377448569,2
0.8491137320530271,1
0.8162192079641437,0
0.8264000652666765,1
0.8311511033907657,2
0.8468943708443455,2
0.8478582414896711,1
0.848046298020388,1
0.8577055524855288,2
0.875699622420778,2
0.8814998476614702,2
0.8969987626613507,1
0.8886960077193793,0
0.8633450880510609,0
0.8518981635886376,1
0.8566042283072575,0
0.8076403215199446,0
0.8086207431666317,1
0.7945283958764195,0
0.7835811469893905,0
0.7743513741206733,1
0.7832271793366483,2
0.8141705922898623,2
0.8230862550193137,0
0.7955672597281456,0
0.7802121597005136,0
0.7782888024548642,1
0.7931064030838517,2
0.804067789284542,1
0.7959107141172648,0
0.7750280581518969,0
0.7669399454902766,1
0.7634372342733464,0
0.7194839812959499,0
0.7208369904718888,1
0.7165450596736969,0
0.6539734642341142,0
0.6151192285547316,0
0.6214087638839958,1
0.6016708714384795,0
0.5558018259800745,0
0.5155640194755586,0
0.48089975564086074,0
0.42503591794237194,0
0.3787743561979797,0
0.29407271380558986,0
0.2319836307218801,0
0.18679580111650962,0
0.14420013135879595,0
0.07641232458353198,0
-0.010599618044127679,0
-0.07608158603601312,0
-0.11302274551268421,0
-0.15732974095913033,0
-0.2544119405116332,0
-0.32369592403197045,0
-0.3754790461983005,0
-0.4234392037158402,0
-0.512035869538431,0
-0.5533911149291759,0
-0.5924113954333963,0
-0.6573285886519566,0
-0.697500127818131,0
-0.7154753034342334,0
-0.7428083181068399,0
-0.7711524497781317,0
-0.7875698468354373,0
-0.8015454223074023,1
-0.7908478176908343,2
-0.7756079976394875,2
-0.7417385970523328,2
-0.6952366024578722,2
-0.7007951211532444,2
-0.6425813579266979,2
-0.5731310903238489,2
-0.5014867946776622,2
-0.41299189077285103,2
-0.3090523411379138,2
-0.24175223298042792,2
-0.14251772066351065,2
-0.036021688722105316,2
0.0582863110787899,2
0.14592094994753424,2
0.2365716077050517,2
0.3037512425873563,2
0.36629357118397854,2
0.46890324926732085,2
0.5416988880193514,2
0.5603791347107991,2
0.5823733411974812,2
0.6508312405211545,2
0.6880362816385142,2
0.6989420143583691,1
0.6867868573337035,1
0.6877851474512802,1
0.6836894808306193,1
0.6947114774665106,1
0.6843465156530288,1
0.6901370139157876,1
0.6901854493754438,1
0.688579298284558,1
0.69423956765821,0
0.6543165462904836,0
0.646139929792954,1
0.6619648647300678,1
0.6539833962619332,0
0.6360348710935526,0
0.5865409794612377,0
0.5952012787086327,0
0.5701010001203657,0
0.5611470882414069,1
0.5853888951802837,2
0.6044613183169643,1
0.5975935451219072,1
0.6094143987309495,2
0.6227146743943417,2
0.637083225369131,2
0.6529210191395656,1
0.6359761157561246,0
0.6205139467874881,0
0.6104603702943971,1
0.6191073263538764,2
0.6678825920083091,1
0.6282943143520039,0
0.6508818550393558,1
0.6403880002179867,1
0.6653500736906415,1
0.6523188570056466,2
0.6872061803939258,2
0.7152410148594024,2
0.7545417210360286,2
0.77741830683587,1
0.757331961575306,0
0.7609853922709251,2
0.7733013115796259,1
0.7726872969175795,0
0.7414298788343889,0
0.7362334171416416,1
0.7403602194752696,2
0.7870948722675122,2
0.7944925985798943,1
0.7852891676903608,1
0.7888046611392376,2
0.8419515647041962,2
0.8059386455137825,0
0.7645430579256782,0
0.78547348509667,1
0.7770224307275215,0
0.7322469585528861,0
0.6793088561785123,0
0.6752214840799409,0
0.6090269233136627,0
0.56604374274147,0
0.46612582667416125,0
0.38287616616541875,0
0.30180294852294454,0
0.23150407097636205,0
0.16370787734929437,0
0.08213907955304389,0
0.021344909000829748,0
-0.045084507540047114,0
-0.125401390467216,0
-0.2088805236700293,0
-0.3053156078009377,0
-0.39439511014898243,0
-0.5127497483510669,0
-0.6183491434190544,0
-0.7554955750620441,0
-0.8498706652290363,0
-0.9567235609484721,0
-1.0,0
-1.0,1
-1.0,1
-1.0,1
-1.0,1
-1.0,1
-1.0,1
-1.0,1
-1.0,1
-1.0,1
-1.0,1
-1.0,1
-1.0,1
-0.988326232569565,1
-0.9926072258944165,2
-0.9706213688364169,2
-0.9251060904230133,2
-0.8729383238992712,2
-0.8122382595157372,2
-0.7321109013056276,2
-0.6777212024891413,2
-0.5953904090250451,2
-0.5537888120537882,2
-0.5133498174788766,2
-0.4598103631388001,2
-0.39841567712696857,2
-0.3618688272985816,2
-0.32603994315765905,2
-0.2761599702652051,2
-0.23719406544851318,2
-0.20582365014881854,2
-0.14620221527096033,2
-0.1072284996104289,2
-0.02631182908915808,2
0.046887557098586274,2
0.047692705958810366,2
0.14340842304273194,2
0.24862229053494556,2
0.3189132622570334,2
0.4107042957312359,2
0.4753476292355847,2
0.5843471207755602,2
0.6853176652018984,2
0.7789880913416651,2
0.8686598204388747,2
0.9764369528355001,2
1.0,2
1.0,1
1.0,1
1.0,1
1.0,1
1.0,1
1.0,1
0.9876906393251306,1
0.9896524170507057,1
1.0,0
0.9668694067959118,0
0.9209409180368391,0
0.8647855225551819,0
0.8104822362197461,0
0.7843979424910403,0
0.7418337285298426,0
0.7322222485253846,0
0.7049974067710025,0
0.7093819672001347,1
0.6924327588162764,0
0.6791153019947695,1
0.6804742949812406,2
0.7051238705507232,2
0.7042248817401293,1
0.6997828485892172,1
0.6981500791824868,2
0.7272164737633307,2
0.7391830371558106,1
0.7199285323187641,1
0.7378136843905663,2
0.754553912813708,2
0.7630738248748532,2
0.7942856970551309,2
0.8194685710715777,2
0.8393760264385297,1
0.8326273572524521,1
0.8369373665826163,0
0.8106574731965857,0
0.76807438095654,1
0.8044106972768854,1
0.7792171790144504,0
0.7517624463729533,0
0.753729733708637,0
0.7292966428622265,0
0.7245822659713965,1
0.7234900670280802,0
0.7084084531512276,0
0.7012837079620917,1
0.6984585088817195,1
0.7029593491642523,2
0.7352153505005679,2
0.7505995806011923,1
0.7438478288249277,0
0.7208526266541533,1
0.7426824907744567,2
0.7479550906124535,1
0.7538707311769972,2
0.776004752816172,2
0.7849360717085381,1
0.7861524586938495,1
0.7816008901486047,0
0.7623309361556949,0
0.7565601773300357,2
0.7782268451949126,2
0.8045241790073152,2
0.8131122287247594,1
0.8158559770831548,1
0.8253461809554825,1
0.8018359224444509,1
0.8224475117515628,2
0.8333271828073312,2
0.841030968771669,2
0.8492795197978258,2
0.8658119733668166,2
0.8775076567325015,1
0.8678646215556529,1
0.869754590702186,1
0.8617507176862191,1
0.8838782845056685,2
0.8864162803132101,1
0.8762528459845862,1
0.8813945236657779,0
0.8604005328391644,1
0.8680533681391589,1
0.8614929541841216,1
0.8627743393420906,1
0.8621267419679677,1
0.8743209049934484,1
0.8777731267100741,1
0.8881661622864698,1
0.8834781684368365,1
0.8952710826967569,1
0.8943096662627055,1
0.8886227890606748,1
0.8964379982472381,1
0.8795883740773072,0
0.8629080337612112,0
0.8562643691825496,0
0.8462882746177405,1
0.8468511214501915,0
0.8214740132190486,0
0.7963008886698921,0
0.7691019127435925,0
0.7732698694906324,0
0.7470457730558746,0
0.7254645591425135,1
0.7452984771482078,1
0.7402557630251967,1
0.7443973263867745,1
0.7294204740271713,0
0.7196737686527575,1
0.7278117188255502,1
0.7319703347036621,1
0.7247541927842696,0
0.7050630462879333,1
0.726346976444777,1
0.7172222408839874,1
0.7118712474996336,2
0.7407568529269606,2
0.7336079462450182,1
0.741222552839145,1
0.7443928330818239,1
0.7373160187006123,0
0.7217759954105745,1
0.7440529633033972,2
0.7677829143826462,2
0.7777453908906755,1
0.7614043622726865,1
0.7653516932827613,1
0.7521671662409501,0
0.722058702522242,0
0.7058070791787487,0
0.7009261110274245,0
0.6741047633686013,0
0.6442353616022674,0
0.6266517724488159,0
0.5917515418616837,0
0.5320896382789329,0
0.4944804913149592,0
0.39950071609621607,0
0.36369412169575055,0
0.34030911099735484,0
0.2907048503874803,0
0.29960689242373384,1
0.27704712379127794,0
0.20531247355740923,0
0.12539708767336988,0
0.087180140856993,0
-0.14210503307870237,0
-0.35222564887552266,0
-0.3404111900147182,2
-0.3019622251043964,2
-0.25160163993228757,1
-0.28935326064023603,0
-0.31033525551078955,2
-0.19445071716816076,1
-0.30888109040234624,0
-0.47638631411713295,0
-0.5542592105639472,0
-0.5450642125980917,2
-0.4181347664564955,2
-0.2336380367498142,2
-0.25797364497234576,0
-0.3340576258037343,2
-0.20782325353432918,2
-0.24665607137055212,0
-0.23006552165468797,2
-0.027565056199595594,2
-0.1309191959249132,0
-0.19347107694302657,0
-0.32563070371198644,0
-0.5354794787504848,0
-0.4678861940785862,2
-0.3937012382967584,2
-0.4173169185083422,0
-0.5858825914236652,0
-0.5789505953256247,2
-0.24611218218080655,2
-0.3737088576487523,0
-0.3580405442737662,2
-0.16613125953990704,2
-0.10288666241463118,2
-0.001245072143254533,2
0.04370953566429581,2
0.042817841086082,1
0.029639049305888232,0
-0.1571693362539449,0
-0.3824836860151406,0
-0.5487115825238715,0
-0.6865142714840591,0
-0.7698732010405491,0
-0.872156547003738,0
-0.8076208224957974,2
-0.8078980640202261,0
-1.0,0
-1.0,1
-1.0,1
-0.985766672222289,2
-0.9023677616116643,2
-0.7502643362386164,2
-0.6068958901592193,2
-0.3675877226271602,2
-0.29125925305770783,2
-0.16516280886037393,2
-0.11231876926113005,2
-0.13695204436500985,1
-0.11852122645138075,2
-0.057403963277191994,2
-0.05540213361741797,2
0.062385845038327004,2
0.1657115090893737,2
0.21095591943411485,0
0.1019536770995133,2
0.25778535871637454,2
0.2639198676758756,2
0.4676064438474701,2
0.6672432882748913,2
0.7136984750629365,2
0.8007242567963486,2
0.9398487535131326,2
0.8751595451104577,2
1.0,1
0.8783099454352423,0
0.8456362547745957,0
0.7000428509172998,0
0.5578660033383604,0
0.5040302061611579,0
0.2563129428373081,0
0.14508911297488591,0
0.12841097165874404,0
-0.11373359590912935,0
-0.07002518928354196,0
-0.19167397064623892,2
-0.028940071417617785,2
-0.06322898284742828,1
-0.021628806246070442,2
0.008134695523092983,2
0.23598627614652679,2
0.10892873584397389,0
0.21572134800073361,2
0.3608240545873038,2
0.4362529292895003,2
0.4476575627501873,0
0.26009826061925145,0
0.15058448569877303,0
0.12708376419909428,2
0.22793367747506332,2
0.17718223867689908,0
0.14901614683447506,0
0.07655363368050416,0
-0.016853188501492644,1
0.07332503316679917,2
0.026066017985209244,2
0.14110933162050143,2
0.12081845787261769,2
0.25892475730423703,2
0.15637579241924682,0
0.1571238906141128,0
0.07738188066612017,0
0.0473684277001718,1
0.06649915626486291,0
-0.2088515433961755,0
-0.2967216768377231,0
-0.42011523572211906,0
-0.3255107628330296,2
-0.3447244231326081,0
-0.44885037541596995,0
-0.4853855080839309,1
-0.4541605325048055,2
-0.35827166668105204,2
-0.16109506624896097,2
-0.23915977436660252,2
-0.07801540719214228,2
0.08543482185379014,2
0.12379573712475578,2
0.3114049609917753,2
0.3386299895753089,1
0.3144722363753978,0
0.28482090866164844,0
0.24524016475970356,0
0.1855723442487227,0
0.019610229837147886,0
0.12712919041005977,2
0.15112750231899752,2
0.4119586833839901,2
0.21363521027143872,1
0.41469945520018214,0
0.12762630985956536,0
0.012812867408845907,0
-0.1817981154287478,0
-0.33268639158947555,0
-0.44480851300036195,0
-0.7091386683042779,0
-0.9112885611427413,0
-1.0,0
-1.0,1
-1.0,1
-1.0,1
-1.0,1
-1.0,1
-1.0,1
-1.0,1
-1.0,1
-1.0,1
-1.0,1
-1.0,1
-1.0,1
-1.0,1
-1.0,1
-1.0,1
-1.0,1
-0.99135480704293,2
-0.9834320594181563,2
-0.9622079127868902,2
-0.911417677027648,2
-0.8457468401671923,2
-0.7436793089640803,2
-0.6128172215951077,2
-0.4390174454280267,2
-0.28021371423425045,2
-0.08513127002706056,2
0.15684671911031423,2
0.35732602877514696,2
0.5821234030895748,2
0.808781380019902,2
1.0,2
1.0,1
1.0,1
1.0,1
1.0,1
1.0,1
1.0,1
1.0,1
1.0,1
1.0,1
1.0,1
1.0,1
1.0,1
1.0,1
1.0,1
1.0,1
1.0,1
1.0,1
1.0,1
1.0,1
1.0,1
1.0,1
1.0,1
1.0,1
1.0,1
1.0,1
0.989457731482601,1
1.0,1
1.0,0
0.9747833822063969,0
0.9533526193241701,0
0.9411996274170231,0
0.9328051154770962,0
0.9113158224969902,0
0.8917984859690871,1
0.9028750786234756,1
0.8937247744350496,0
0.8745036277535954,0
0.8663985823503333,0
0.8450478001257702,0
0.8277690261585815,0
0.8052074254812136,0
0.7712533100202987,0
0.7362504639733629,0
0.7233126952738365,0
0.6897062651015371,0
0.6530540904179831,0
0.6323161544754652,0
0.6217432637308118,0
0.5824635261802757,0
0.5567071755284423,0
0.5488920372457118,0
0.5208111249998992,0
0.48699466556182824,0
0.4746560821073049,0
0.45411990126556767,0
0.4374271919558761,0
0.3927529690575857,0
0.3380802269763552,0
0.30660360858070757,0
0.2665983674537922,0
0.2295088457278298,0
0.2152303656403587,0
0.19422663720086986,0
0.18946142310165737,1
0.18492486909126393,1
0.17772903311281785,1
0.1746908813301753,0
0.1600093698089451,1
0.16271317130796303,1
0.15548780446164479,1
0.1479057027341224,0
0.13742852736556999,1
0.13344621904592446,1
0.1372753246067362,1
0.13658131690226538,1
0.13536540236275196,1
0.13007502404512228,0
0.09873682241379411,0
0.07476644895298246,0
0.08257177690164785,1
0.075377720882019,1
0.06760300763753224,1
0.07788671969364769,2
0.09373788444854281,2
0.0991629991866041,1
0.09405972508762339,1
0.09891575233312944,1
0.1028378181522751,1
0.10122609775439129,0
0.08592837682760956,0
0.08085415776592564,1
0.07525213098262862,1
0.07690989533165138,1
0.07251900128431887,1
0.08512146803906817,2
0.09499414765843106,1
0.09885684920757765,1
0.08273743643496667,1
0.09852110961616267,1
0.09796997151027642,1
0.08979742865886742,1
0.08631407862933815,1
0.08956785509283693,1
0.07935183727899742,1
0.07757844022593807,1
0.06880252364558137,1
0.07354555875301871,0
0.05277129226497812,0
0.025297228486195644,0
0.013519346744658822,0
0.0018713256287758995,1
0.0029129246306356382,1
-0.005818798450814788,1
-6.194756006061564e-05,1
0.0064597099250760515,1
0.01542540359952893,2
0.02285391191719044,2
0.03795861598985151,2
0.04163107342600192,1
0.04950290310328276,1
0.05153978693108807,2
0.06763196574637798,2
0.0782360351425615,2
0.08481978558043357,1
0.09341731269099474,2
0.11432951130110225,2
0.11113941976670527,1
0.10572470868231454,1
0.11315281166281799,1
0.1150870218266773,1
0.12484887991781224,1
0.12340316858311229,1
0.12201661297537947,1
0.13039157474059393,1
0.13368428594205373,1
0.1404963695572079,2
0.15149947436664135,1
0.13297526563218298,0
0.1211358331493051,0
0.09941768068061085,0
0.07449619638453386,0
0.032304771889796635,0
-0.005872662557406483,0
-0.05621911539376245,0
-0.13634298495888053,0
-0.23162413860192554,0
-0.3428625149871688,0
-0.4589136352507829,0
-0.6194822647561198,0
-0.7551567442028844,0
-0.8512044654996126,0
-0.8509903422971559,2
-0.8349207002411582,2
-0.8296339970876152,0
-0.8575041859795336,1
-0.8372674991839666,1
-0.8592435004245784,0
-0.8663371447909706,1
-0.8744894847764233,1
-0.869613921299845,1
-0.8717510883593494,1
-0.8814256059064013,1
-0.8720998518483758,1
-0.8701953339527639,0
-0.8896214456903371,0
-0.8860650159388661,1
-0.880650973082546,1
-0.8847765738680283,1
-0.8711445208149111,2
-0.8679603390704167,2
-0.8408604143330072,2
-0.8097350352983812,2
-0.7826611298416205,2
-0.7486659906053509,2
-0.7316810772792852,2
-0.7325385746494372,2
-0.7139274767248045,2
-0.6999460894765888,1
-0.700908686285221,1
-0.7022983214180571,1
-0.7155431092176584,0
-0.7323948793818262,1
-0.7174474564846589,1
-0.744357196367015,0
-0.7600234365875157,0
-0.7782190855687824,0
-0.8057915927026096,0
-0.8167910746311133,0
-0.842555183010181,0
-0.8421021373218324,0
-0.8595056384285358,1
-0.8535974821284223,1
-0.8503856081332164,2
-0.8365059183536572,1
-0.8397620664529963,0
-0.8529676136285216,2
-0.8234963294978339,2
-0.8246456383775183,2
-0.8021501933077799,1
-0.8098009735090238,1
-0.7902312953383359,2
-0.7929404789546206,0
-0.8417495659708754,0
-0.839853190662629,1
-0.8300528791567029,2
-0.7989293090558697,2
-0.7757574739390565,2
-0.7158008047158207,2
-0.5420162053268307,2
-0.3949800782630689,2
-0.2919155428463551,2
-0.1962369997814739,2
-0.04134056348104387,2
-0.005044912404420732,2
0.062368113324396734,2
0.12740844275484453,2
0.26941896940115195,2
0.29287530040724064,0
0.2004300469061444,2
0.3562669010159747,2
0.3299502900344855,0
0.15771733825860013,0
0.043537532642134336,0
-0.037941653153488186,0
-0.11611524223191605,0
-0.21302214509227413,0
-0.26637322168804856,2
-0.16634623590997266,2
-0.15270248713075185,2
-0.12604398946745765,2
-0.0873780019440662,2
0.0877455927763644,2
-0.03398453855964756,0
0.05519554629410961,0
-0.053143760807921825,0
0.009790990172563907,0
-0.2154618556134108,0
-0.30702537393452134,0
-0.35492967659454355,0
-0.46051527442296236,0
-0.42591816800862115,0
-0.5034350124611456,1
-0.4304866332689441,2
-0.40927845370705906,2
-0.31863717023509175,2
-0.044105959525214344,2
0.04848883938671,2
0.14399909040241798,2
0.3053006182743139,2
0.39992765606212677,2
0.406310590911916,2
0.5144182384623432,2
0.6194787627869138,1
0.5226905715743959,0
0.5285846263690386,0
0.40035757408951667,0
0.42845557578156734,2
0.4259861157491307,0
0.39385041444540403,0
0.21360081067596326,0
0.2211532485750185,1
0.1978115171205379,0
0.11253414291284747,0
0.05979140720001719,0
0.06396257576020781,2
0.15339834632657912,0
0.03610133999388743,0
0.10037862518321217,2
0.251439110354287,2
0.18459529803142982,0
-0.09219565909284144,0
-0.16196876786526437,0
-0.3133964998461778,0
-0.3941322674743898,0
-0.5484074085442894,0
-0.6818804366064026,0
-0.8461108004304836,0
-1.0,0
-1.0,1
-0.9999489006107413,2
-0.953373693562862,2
-0.928177965111707,2
-0.8562592186277286,2
-0.8121806368552864,2
-0.5760867547596542,2
-0.6953931114165213,2
-0.2986079152287816,2
-0.46568892768247905,0
-0.49631077025038384,0
-0.5375679625372887,0
-0.6692640314017083,0
-0.6493247827095414,0
-0.8530484471298073,0
-0.8339841201687164,0
-0.9547448566644431,0
-0.9656375139325005,1
-0.9703932196086685,2
-0.8347051969151229,2
-0.5772547369226577,2
-0.4275320637897825,2
-0.2330555844446397,2
-0.2632846080720176,2
-0.12485660136243437,2
-0.05636654231831728,2
0.06431845564288885,2
0.21648518394916882,2
0.3225464627977477,2
0.4539360799082388,2
0.3791277834981228,2
0.47316372373311655,0
0.30189544429830195,0
0.38329779667326225,0
0.266311517804501,0
0.1340927812763424,0
0.09438850559137935,2
0.17571922439732623,2
0.40406355610125266,2
0.36844449784345,2
0.45164933479257363,0
0.3474998502129514,2
0.4885068121982945,2
0.7486377083560105,2
0.7194091081936127,0
0.5872134177112125,0
0.5204506377797506,0
0.3378365111066206,0
0.43963407576588964,0
0.1685762197421199,0
0.00278784701590018,0
-0.019522036715028612,0
-0.0752426024267866,0
-0.12085810433256594,1
-0.08853720708873059,2
-0.0725877786502892,0
-0.15061428191927861,2
-0.022491498262729226,0
-0.2169243072655841,0
-0.21271700561191598,0
-0.27824962616225934,2
0.042760261696117574,2
0.07076437772780997,0
-0.11350154434461868,0
-0.02865727374248217,2
0.11658096227091974,2
0.3898467147388731,2
0.3618132857219587,0
0.23409044665942202,2
0.6044058305082491,2
0.6754933727948538,2
0.845532170862519,2
0.750509576824353,2
0.9151152019750699,0
0.6947089784064291,0
0.5211537324507762,0
0.14655559932150308,0
0.24048795017021063,0
-0.1921453413310592,0
-0.8726661131619272,0
-1.0,0
-1.0,1
-1.0,1
-1.0,1
-1.0,1
-1.0,1
-1.0,1
-1.0,1
-1.0,1
-1.0,1
-1.0,1
-1.0,1
-1.0,1
-1.0,1
-1.0,1
-1.0,1
-1.0,1
-1.0,1
-1.0,1
-1.0,2
-0.9671611477628475,2
-0.895947518033228,2
-0.8378399065696792,2
-0.7687117369466936,2
-0.6437964180322954,2
-0.5172344870461105,2
-0.37310499958985854,2
-0.19895352109165876,2
-0.02939184331136302,2
0.16185407138903019,2
0.3572743704345649,2
0.5470823593263516,2
0.7552296784672621,2
0.9772418083859675,2
1.0,2
1.0,1
1.0,1
1.0,1
1.0,1
1.0,1
1.0,1
1.0,1
1.0,1
1.0,1
1.0,1
1.0,1
1.0,1
0.9869936022574977,0
0.9745814792443908,1
0.9747619841742594,1
0.9626944689231984,0
0.9328634000152745,0
0.8988210452461862,0
0.8664679117804528,0
0.8515719393189303,0
0.8267049761448058,0
0.7820927635721817,0
0.7522018415440381,0
0.7108764614451462,0
0.6746097468244776,0
0.6203423777711192,0
0.5645677375127522,0
0.5081656175211622,0
0.45858865284054895,0
0.4096376041757095,0
0.35602148674797895,0
0.3269805693499488,0
0.29424078557439204,0
0.2586675994024894,0
0.2454684861855272,0
0.2211386684244483,0
0.1894380652197345,0
0.1521672266541625,0
0.15378647019017988,1
0.13729635552713826,0
0.12160104965521978,0
0.10868719350194134,0
0.09882312832106033,0
0.08861382876211477,0
0.07618283388096736,1
0.08066940457880256,1
0.09191321613699133,1
0.09114221310941084,1
0.0910298964218561,2
0.13782936301637916,2
0.1356394162391532,1
0.14295742480743567,1
0.14020265989891323,1
0.1365615663893216,0
0.12349699779303513,1
0.1477679898583617,1
0.13724156049659064,1
0.14443445755562467,1
0.13927288309791686,1
0.13833443246346389,1
0.12669392498097976,1
0.12698068931022188,1
0.1298097449107567,1
0.13596019565690032,1
0.13623960712699734,1
0.12046267463948879,0
0.10955264901533956,1
0.11116610623226153,2
0.13122861809553688,1
0.1228129335042345,0
0.11274884232866911,1
0.11759088213288482,1
0.11638626646517469,1
0.11738679160185828,1
0.12020834474573028,1
0.12403326820172644,1
0.11284508433951657,1
0.11065719241121963,1
0.11946331523440956,1
0.11184247048276985,1
0.11867891052728474,1
0.1258852967663,1
0.12740808377427282,1
0.13217607845221258,1
0.1262473030019624,1
0.1205514311292446,1
0.1215889887081465,1
0.13357884591173952,1
0.1199017460436611,0
0.11022240557170027,1
0.1119450576864609,1
0.1120029491033745,1
0.11902313723904934,1
0.11640809923503426,1
0.12577081797121492,1
0.11776985439384213,0
0.10800329574622736,1
0.11021790635577955,1
0.1041322510931404,1
0.11011762803453573,1
0.11123389366612568,1
0.1052190290780961,1
0.1078363195126657,1
0.11038087168229915,1
0.1091961242585493,1
0.11210223669388397,1
0.11352008245420042,1
0.10994298281122172,1
0.11022864632853957,1
0.11905285633844764,2
0.1315829638092354,2
0.14490819620174644,1
0.1447142585437884,1
0.14899147739411056,1
0.1421767656834525,1
0.1485870701411467,1
0.1549259855341596,1
0.15623415091034887,1
0.14767475673344244,1
0.15397434491476214,1
0.15856846493774013,1
0.15833186940636335,1
0.1659958067110041,1
0.1702217390159657,1
0.16672161717513978,0
0.15242748117415883,0
0.1490872480316494,1
0.1415019651503986,1
0.13737894747010904,1
0.13730765155105362,1
0.13682788948788183,1
0.13136226795369876,0
0.11359514653715674,0
0.10248850179010072,0
0.09715118120531052,0
0.07587699030254513,0
0.05067625875628634,0
0.016788925992770043,0
-0.015950880312317617,0
-0.056264353226581854,0
-0.10123388513658582,0
-0.14887916351918162,0
-0.2247131631998801,0
-0.32228629517725804,0
-0.4457458911101876,0
-0.5726161144901716,0
-0.7249023761159819,0
-0.9408574544034715,0
-0.9381442955634717,1
-0.9302622593010872,1
-0.9240941581878868,1
-0.9160598427472448,2
-0.8996565093205932,1
-0.9019661420385219,0
-0.9249754586552466,0
-0.9239088138959247,1
-0.9358186649768176,1
-0.9248348081798862,2
-0.9083970286164817,2
-0.8999249288705132,2
-0.8792543136736035,1
-0.888758923045842,1
-0.8794280383316244,1
-0.8817982310427013,2
-0.8392524229563875,2
-0.8370022696291327,1
-0.8289465475185342,2
-0.8190258767173066,2
-0.8033955315528798,2
-0.801236046380817,2
-0.7830083070044144,2
-0.7458667248516836,1
-0.77748881605115,0
-0.782624043353706,1
-0.7774476218037839,2
-0.7526096948582648,2
-0.7079289478604696,2
-0.6779951497725742,2
-0.6424596441605954,2
-0.4966772018220661,2
-0.4211874085525358,1
-0.49207794975337815,2
-0.372027227118764,2
-0.18187490527334138,2
-0.08727964347985273,2
0.27054084222981767,2
0.5486429461700368,2
0.7023610090803594,2
0.7864579010834938,2
0.8929701296430954,0
0.48446244688254025,0
0.33243784043780855,0
0.05269834218656344,0
-0.005028293059190281,0
-0.3281726018036982,0
-0.2712735561557462,0
-0.4131096644320017,2
-0.19892573647499778,2
-0.17262113640381116,2
-0.16569600686560637,1
-0.1670526496950996,2
-0.016103646170492647,2
-0.016389367530613264,0
-0.1064329447644885,2
0.19151545999554664,2
0.110240387717492,0
0.13450920022780433,1
0.0965828457164708,0
-0.16685657836687362,0
-0.12005755410075081,2
-0.10937462455238678,1
-0.13005225194170267,2
-0.05272062232491492,2
0.3583162357915395,2
0.30961711874067555,2
0.47178774482844177,2
0.6923878706800068,2
0.7835323137136676,2
0.8578945147231349,2
0.8274446069529315,2
0.9764836378934214,0
0.6699617017503376,0
0.7743287926507014,0
0.6192607055860269,0
0.6510896991869712,0
0.4720443756680528,0
0.09872572542430835,0
0.33669136738499983,2
0.41857044912959407,0
0.27745562719837835,0
0.16281702111361862,2
0.3369712340491726,2
0.3804235067506747,2
0.4030984392722361,2
0.6468168079051215,2
0.7983818352203251,2
1.0,2
1.0,0
0.9555218260798242,0
0.5396422641610006,0
0.6608373566213541,0
0.4754356158222015,0
0.3533811666378457,0
0.19677884167340287,0
0.12294702953441972,0
0.1137506228687073,2
0.2365283248350354,0
0.07457764985460402,0
0.11442133596297621,0
0.0030785641877970615,0
-0.013555596023509753,2
0.1746586822190337,2
0.2554450491923641,2
0.28685237108520045,0
0.14388254978670556,2
0.3178898944071249,2
0.2725509967801132,0
0.05398732248242366,0
-0.10942578638359224,0
-0.2880558508766601,0
-0.48599240813400546,0
-0.5845317810431185,0
-0.7671663920021584,0
-0.6739693068374881,2
-0.5678035961870708,0
-0.8444605338983142,0
-1.0,0
-0.9870398390585746,2
-0.9457395864255594,1
-1.0,0
-1.0,1
-0.9955998523471762,2
-0.971955526254251,2
-0.7704572817127204,2
-0.6588123808211781,2
-0.3383019727836979,2
0.10417270424949687,2
0.7032209623061809,2
0.771061782101307,2
0.8014288628218287,2
1.0,2
1.0,0
0.7503847160337558,0
0.6903234413054251,0
0.5667327108850497,0
0.43445963497892315,0
0.16480629636653776,0
0.04601417238945871,0
-0.3707238194212551,0
-0.4787241059744266,0
-0.8232887941955573,0
-1.0,0
-1.0,1
-1.0,1
-1.0,1
-1.0,1
-1.0,1
-1.0,1
-1.0,1
-1.0,1
-1.0,1
-1.0,1
-1.0,1
-1.0,1
-1.0,1
-1.0,1
-1.0,1
-1.0,1
-1.0,1
-0.9886361619241006,2
-0.9774259554235064,2
-0.9474659577638028,2
-0.8918619739473829,2
-0.8183429933903172,2
-0.7612211721956713,2
-0.6864988094232539,2
-0.5681586817949933,2
-0.4287576749919906,2
-0.2946202188128999,2
-0.13652178096524847,2
-0.04205624025038823,2
0.17175387471854342,2
0.36063399479524705,2
0.579776267654659,2
0.8113708868142087,2
0.9976229833176382,2
1.0,1
1.0,1
1.0,1
1.0,1
1.0,1
1.0,1
1.0,1
1.0,1
1.0,1
1.0,1
1.0,1
1.0,1
1.0,1
1.0,1
1.0,0
0.9805731429069455,0
0.9547894970894109,0
0.9322916368661269,0
0.9179703792309828,0
0.9087521210178662,1
0.9042304701185182,0
0.8731316424508102,0
0.8626249527071785,0
0.849016286905889,0
0.8386511073651148,0
0.8270691727829709,1
0.8247442499487434,0
0.8010827664173155,0
0.7824913496034367,0
0.7527098788654196,0
0.7406346849762335,0
0.7341616453974784,1
0.7476917186141798,1
0.7434520546062882,0
0.7289888122617338,0
0.7174591709012446,1
0.7250868506641761,1
0.7108787303403405,0
0.6984933846710226,1
0.7075333064230718,1
0.7078441667129833,1
0.6960376117810498,0
0.6699602041595645,0
0.6431235860608797,1
0.6832547661261792,2
0.6721298691012134,1
0.6888391491913664,2
0.6942628337888923,1
0.6929852931586709,2
0.7128252504525614,1
0.7065205046962832,1
0.7116299587073849,1
0.7195703805361997,1
0.7271163509215337,1
0.7064362407834301,1
0.7191089261680712,1
0.7137374957916613,1
0.7113731531634364,1
0.6994056007597189,1
0.708440046186193,1
0.7102402687794913,1
0.6987744160492899,0
0.6917208339589751,1
0.7072657919813394,1
0.6949886565553356,1
0.6915884173816096,1
0.7056386472765386,2
0.7123931244891684,1
0.7053840290127749,1
0.7080274107417737,1
0.704281123042535,1
0.7123248020463098,2
0.7274484827549945,2
0.7337886409999701,2
0.7486405952087956,1
0.7470615186673415,0
0.732677772419845,0
0.7295545410688629,1
0.735375377897139,1
0.73789311614224,1
0.7407647192707238,1
0.7476063301858087,1
0.7480911296261015,1
0.7422969756660531,1
0.7426487800209947,1
0.7484696525997687,1
0.7510122049373065,1
0.7462203908096736,1
0.7421980930514611,1
0.7400614745658591,1
0.736621519844054,1
0.7245718908076673,0
0.7159729481411832,1
0.708922248840653,1
0.7192365229289233,1
0.7244161746587632,1
0.725491360996471,1
0.7195097346992807,1
0.7264142274821439,1
0.7162165747532614,1
0.7170881782814984,1
0.7254113383921488,1
0.7187755528174768,1
0.720721045915526,2
0.7361735304117447,1
0.7305804274762226,1
0.7265408134790463,1
0.7227001022267501,1
0.7318778908813806,1
0.7273031049987635,1
0.7180012881325286,1
0.7273222932635648,1
0.7196179416925501,0
0.7089595463553617,0
0.7024094774635925,1
0.7006195640125616,1
0.698840255457883,1
0.6909965419636557,1
0.6921878134033514,1
0.6928019256281761,1
0.6969234017550618,1
0.7038759172006441,1
0.6914402998375699,1
0.7036875088505854,1
0.6958043495620019,1
0.6894619390359438,1
0.6951187331004083,1
0.7010671179388626,1
0.7051946553993964,1
0.7089049553519993,1
0.7056028512825505,1
0.7070552053252182,1
0.7008055513792637,1
0.6937620051257336,0
0.6835194246435603,0
0.675152760967275,0
0.6506261467353813,0
0.655024904397709,1
0.6462201101260283,0
0.6294914111187095,0
0.5973997412631384,0
0.5729016558887856,0
0.5547876016150413,1
0.5668822568902283,0
0.5186010146588693,0
0.4702344239545446,0
0.4068608984022273,0
0.3380634710315418,0
0.2575567408655546,0
0.13734915869794495,0
0.08883139216921387,0
-0.07968543196155542,0
-0.22427117761560078,0
-0.38593231525983984,0
-0.34159769905294857,2
-0.361581960110002,2
-0.2893636313995299,2
-0.25407167648520357,1
-0.27502606127215523,0
-0.27934964426367737,1
-0.2826189373732758,0
-0.4270313703877848,0
-0.4279673249548914,0
-0.45703845229282913,0
-0.4655081422181875,2
-0.40157306028162476,2
-0.42984772430758156,2
-0.3777730309869859,2
-0.3728694870689291,0
-0.47732421588885243,0
-0.5071229232569996,0
-0.6353954776536813,0
-0.5755230018989648,0
-0.6612059636028877,0
-0.6429520189817818,2
-0.5919898372495978,2
-0.387940871921046,2
-0.2857944362732775,1
-0.39031610909339687,0
-0.36952303797160435,2
-0.18814753094153036,2
-0.13251819465144377,2
-0.010519258822771937,2
0.10028680763271858,2
0.17874789602007657,2
0.20680981759725547,2
0.3933673424414601,2
0.3691973061145364,2
0.5261981078202485,2
0.5820190252310835,1
0.541487531441156,1
0.5822090924556458,0
0.5179938160271205,0
0.20760212582377946,0
-0.025036069795474236,0
-0.14145327433432042,0
-0.25085028612795657,0
-0.3195129278974449,2
-0.2285845078796067,2
-0.20236921077136782,1
-0.23044469822670077,2
0.071457515615035,2
-0.004994767084948171,0
-0.011636436928206817,0
-0.02295641847704266,2
0.04812780214566059,2
0.07745353862186444,2
0.12657141786136683,2
0.18790313996038988,0
-0.06229721689450873,0
-0.2858099850626319,0
-0.14241470915748156,2
-0.06964782465011965,2
-0.10521312685833206,2
-0.022769548516586746,2
-0.06451501850512253,0
-0.24096564384652353,0
-0.4826022954527366,0
-0.7946429832721335,0
-0.861188321650851,0
-0.8137618380173419,2
-0.6024674732255689,2
-0.7710999822139849,0
-0.7658121184947169,2
-0.6140769363649046,2
-0.5370399620297877,0
-0.738699567496155,0
-1.0,0
-1.0,2
-0.9803295244983612,2
-0.9558644766002542,1
-0.9895179169164103,2
-0.901500869571097,2
-0.7918846835171512,2
-0.845513169052351,2
-0.6047905747884297,2
-0.2777766368880451,2
-0.00919551609288738,2
0.0892999611694647,2
0.22648763923689774,2
0.5427265100931844,2
0.6937081276981614,2
1.0,0
0.588107675541645,0
0.14918981189439529,0
-0.347633020392348,0
-0.725419691145751,0
-1.0,0
-1.0,1
-1.0,1
-1.0,1
-1.0,1
-1.0,1
-1.0,1
-1.0,1
-1.0,1
-1.0,1
-1.0,1
-1.0,1
-1.0,1
-1.0,1
-1.0,1
-1.0,1
-1.0,1
-1.0,1
-1.0,2
-0.9774493800670465,2
-0.9413303431940578,2
-0.8780317915506269,2
-0.7897457836602291,2
-0.7021678344355153,2
-0.6388704861190317,2
-0.4431715884930557,2
-0.24995462092807286,2
-0.09793988441561563,2
0.08390885649377644,2
0.24508638187944798,2
0.4404878034377986,2
0.6033766272174654,2
0.7617159323192297,2
0.8905887191497577,2
1.0,2
1.0,1
1.0,1
0.9859857874839757,0
0.9795592993914859,1
0.9968383228765851,2
1.0,1
1.0,1
1.0,1
1.0,1
1.0,0
0.8954029998682229,0
0.8899729654389137,1
0.8932547469131302,1
0.902012959703312,1
0.8828084820025575,1
0.8973667412349322,2
0.9058920112484954,1
0.9128185423861603,1
0.9031850920351825,1
0.9020956560225546,1
0.9114965643586828,1
0.8978589986548258,1
0.8961652051865183,1
0.8993844111958273,0
0.8767375423869335,0
0.8666831397177068,0
0.8387008075441109,0
0.8238553415207528,0
0.8158084285923386,0
0.7977706337346457,0
0.7697984033712253,0
0.7381113335963321,0
0.6988856692763121,0
0.683589672973913,0
0.6393125634104797,0
0.5938762722187729,0
0.5368322431763879,0
0.4771892610117281,0
0.422390552037877,0
0.4203581279454349,0
0.3673720905768514,0
0.3438032867491796,0
0.34390402170400747,0
0.3246265574446263,0
0.30795123933332946,1
0.3116088177294012,2
0.33888479857781295,2
0.3503790555070607,2
0.38944357874821045,2
0.4429417330246479,2
0.5098690351059767,0
0.3814314711079725,0
0.3830677291261886,1
0.3844877761715233,1
0.3812828059171296,1
0.3834631328818394,1
0.3950140061227778,2
0.4191143855844923,2
0.43680442377565254,2
0.4415061128998079,1
0.44062752113727655,2
0.4577145522656674,1
0.45222612423335184,1
0.4639498346981896,2
0.48230085101281994,2
0.4812232069795548,1
0.4831090088949397,1
0.46834209217776324,1
0.46792202414906114,1
0.4721113306428901,1
0.46472780040854955,1
0.46628822297471784,1
0.4693808841002358,0
0.4448999290682172,0
0.4327537764968281,1
0.44649773573740514,1
0.4444121976426194,0
0.42767551942003124,0
0.41366860818753715,0
0.41124156008244217,1
0.4022085554038153,1
0.3960774405377687,1
0.3960554988310687,1
0.3933198467415586,1
0.393617181479353,1
0.3881714040823987,1
0.3820616036437656,0
0.3707425623723757,1
0.36660427023771835,1
0.36858521822373547,1
0.3733604209953587,1
0.37170844179003115,1
0.3615106143256659,0
0.35309041359254856,1
0.3559397252038452,1
0.35104736931329983,1
0.3410557773387135,1
0.3459676877897866,1
0.3399597156886265,0
0.32666599051187184,0
0.32331807899012,1
0.31578988682649034,0
0.30719903999087306,1
0.32614063539741545,2
0.33692733436008004,2
0.3490149670013869,2
0.35543221705630246,1
0.36318599017714637,1
0.3645585556654005,1
0.3760004696230954,1
0.3769410313517829,1
0.37391267070921486,2
0.40074693803744843,2
0.39589949795746304,1
0.3909609455611456,1
0.392829127027138,1
0.3836659183355473,1
0.39221355695422044,1
0.3867695699168936,1
0.3805660042932846,1
0.3725885276969765,1
0.3720107468449485,0
0.34915286389781586,0
0.3485641013021721,1
0.35275983305257985,1
0.346279497868333,1
0.34854970001522734,1
0.345897454290258,1
0.3478699252936961,1
0.345076136611447,0
0.3299145131155976,0
0.31008369704750716,1
0.31422218085083187,1
0.3002623526139552,0
0.2869944516489136,0
0.2640383385904821,0
0.22171229561524952,0
0.2175686138338786,0
0.19402665141316122,0
0.11960874254028031,0
0.06232842636432623,0
-0.01761039947683718,0
-0.16075810626005738,0
-0.2851618679069561,0
-0.4395221884742859,0
-0.5982669230088355,0
-0.8443752554434802,0
-0.9726161766131621,0
-0.9637621237064817,2
-0.8897376824650206,2
-0.879877790781318,1
-0.8896730950497771,2
-0.8240631822474858,2
-0.8405524264493327,0
-0.8407663406431535,1
-0.8391196265532006,2
-0.8078095821344831,2
-0.8044445079370686,1
-0.795167709799998,2
-0.7701198077037736,2
-0.7222076969233995,2
-0.749992626258434,0
-0.8153940399089517,0
-0.8019673861550625,2
-0.738746052497319,2
-0.7804907226894664,0
-0.7827844408225201,0
-0.8197364780364511,0
-0.8195399661161717,0
-0.8492606853185103,0
-0.8825155200462518,0
-0.9805714583939293,0
-1.0,0
-1.0,1
-1.0,1
-0.9914575613029436,1
-0.9848324710801901,2
-0.9545579767814134,1
-0.969666705413328,0
-0.9892342512886512,1
-0.9683472022472159,2
-0.877523293685574,2
-0.7815227885954854,2
-0.6498194461402327,2
-0.5616794885875657,2
-0.42417769264348104,2
-0.2174017980591565,2
-0.27609598791274503,0
-0.32950799120998875,2
-0.25816978418251646,0
-0.3656374415252628,0
-0.4856138389321548,0
-0.5392862989659257,0
-0.6087536647575036,1
-0.5477130312829745,0
-0.6488085207008548,2
-0.49365260189353,2
-0.2499709196134925,2
-0.2352996413497781,0
-0.37856900001997373,0
-0.38964388013957707,2
-0.3346875319349507,0
-0.4777884453181017,0
-0.9257261563147249,0
-0.6831247929197022,2
-0.752995086352164,0
-0.8838750035379048,0
-1.0,0
-1.0,1
-1.0,1
-1.0,1
-1.0,1
-1.0,1
-1.0,1
-1.0,1
-1.0,1
-1.0,1
-1.0,1
-1.0,1
-1.0,1
-1.0,1
-1.0,1
-1.0,1
-1.0,1
-1.0,1
-1.0,1
-1.0,1
-1.0,1
-1.0,1
-1.0,2
-0.9780284007619591,2
-0.9307482940429985,2
-0.8662339417505204,2
-0.8018863594823962,2
-0.7257254284667807,2
-0.6514739327296604,2
-0.5299540663192768,2
-0.4165646002536293,2
-0.29130060417102055,2
-0.19826142606178865,2
0.026801690076150297,2
0.11052629369859313,2
0.22183044680093378,2
0.3716228700770683,2
0.5065704893646759,2
0.6619204141862345,2
0.7898945759776306,2
0.8965756184852722,2
1.0,2
1.0,1
1.0,1
1.0,1
1.0,1
1.0,1
1.0,1
1.0,1
0.9933120090270353,0
0.9542407731474718,0
0.9460647460505496,2
0.9782805744277154,2
0.979662425277593,1
0.9848855968230492,1
0.9949520333326147,1
1.0,1
0.9967914161747922,1
0.9960561758845796,1
0.9837610596749713,0
0.9663861927040993,1
0.9715609778396352,0
0.9352347375979899,0
0.833554483118071,0
0.879985808915656,2
0.9048464906962639,2
0.9021101291454567,1
0.8950966185433713,0
0.8714196509754666,0
0.8485074934069501,0
0.7988508571115931,0
0.7910440524164755,0
0.7635935507956306,0
0.7365424573717514,0
0.7080465407640348,0
0.666364442908943,0
0.6213863138731337,0
0.5847603372306109,0
0.5684368417937313,0
0.5397149860615453,0
0.5032320566765696,0
0.4824050101410904,1
0.5108901934933299,0
0.4176713657794533,0
0.3948590766468276,0
0.38715909652035263,0
0.36461242678416705,0
0.36775378028278927,2
0.38583907815640806,2
0.40219608019502195,2
0.42092541846059683,2
0.4424834488540572,2
0.4820387767162053,2
0.5185119027880676,2
0.548836970962316,2
0.5900983661693051,2
0.6330174266549249,2
0.6638645693882708,2
0.689237587961457,2
0.6967923045360329,2
0.7228504325416938,2
0.7513827561881237,2
0.7625550222982449,2
0.7690254465598048,2
0.7893381776147661,1
0.7823097141949336,0
0.754143963996365,0
0.7426954025876018,0
0.7272255450808485,0
0.6804409804714955,0
0.6595857284154232,0
0.6023509549265751,0
0.5840771040695145,2
0.6687713344832074,2
0.6635322563280244,1
0.6643241206858792,1
0.6503078696071429,0
0.6418499495841161,1
0.6402645822034496,1
0.6283815369742822,1
0.6393591542673165,1
0.621715402860074,0
0.6195351468428827,1
0.6265367607373731,1
0.6243345425130791,1
0.6199018349972958,1
0.625629698232943,2
0.6403492233452146,2
0.6470740216649407,2
0.6575241895778094,2
0.6744893698257646,2
0.6818464429230366,1
0.6874011689158368,1
0.6835048701808737,1
0.6867742116060755,1
0.6779856950243477,1
0.6865228608847642,1
0.6837222882475569,0
0.6634109582511403,0
0.6591524858837245,1
0.6622951953776015,2
0.6756852675124332,1
0.6737372267065029,1
0.6848736019573711,2
0.717955453544471,2
0.7201290811619023,2
0.7367170612197358,1
0.7262509900634406,1
0.726915190131046,0
0.7095389139083064,1
0.7161505132527015,1
0.7206656783891936,1
0.7136716105468379,0
0.6981637728830088,0
0.6776524520217355,0
0.6695477953904494,1
0.6750068315430016,1
0.6611921526408009,0
0.6411329394415635,1
0.6589776485259835,2
0.6643602655382006,1
0.6588112339061294,0
0.6470449066852937,1
0.6553333313983412,1
0.6603671913474529,1
0.6424252315944106,1
0.6522521005170419,2
0.6609188233257368,1
0.6565667422225716,1
0.6612171258947683,1
0.6675682840239938,1
0.6748072380544037,1
0.6666261511659091,0
0.6505909053054788,0
0.6379667835919849,0
0.6154499072714941,0
0.5969948825113696,0
0.5829479551290029,0
0.5797116233268611,0
0.5488779684211929,0
0.5015009739933853,0
0.4785591591156164,0
0.40715091533116343,0
0.3477656383581713,0
0.30705032139308774,0
0.21422570882444703,0
0.056828770103588555,0
-0.1282005034242094,0
-0.1858098072005534,0
-0.22653171151760432,0
-0.2099867389721265,1
-0.21445233016157095,2
-0.17757152492381512,2
-0.17995446993583897,0
-0.24374759818476444,0
-0.27222440745961907,0
-0.313701211054213,1
-0.2860953947707564,1
-0.31014594261593587,2
-0.2574365983156959,2
-0.27294659211403516,2
-0.22875557087510812,2
-0.2303130422570584,2
-0.2036323650834363,2
-0.13023989986462947,2
-0.10827041211147503,2
-0.10769640957534377,1
-0.11238419774932895,2
-0.05763868837356212,2
-0.010676341441107629,2
-0.041799386662130567,0
-0.033589824914519784,2
0.011599436046032308,2
-0.003703856040255693,0
-0.05162899324704684,0
-0.03905827976469878,2
-0.03439214657305356,2
0.026247866560894506,2
0.1201364464085719,2
0.30435428559567645,2
0.34299538535215035,2
0.3363470735823959,0
0.31909645395035224,1
0.3450993558357609,0
0.30273053242657144,0
0.2908569505217482,0
0.28141745068898816,1
0.30087878353074315,0
0.23070326641707428,0
0.23414024169363,2
0.3054354002936355,2
0.3214489356866368,2
0.3884649572470229,2
0.5423993608398097,2
0.47741538054828947,0
0.514273982136128,2
0.6725023786980708,2
0.7126716213480797,0
0.6267629777459034,0
0.6464354744977334,1
0.6401075697895291,0
0.5397493874891375,0
0.28009810463795826,0
0.0704974145931776,0
-0.475008270904798,0
-0.8459736727962573,0
-1.0,0
-1.0,1
-1.0,1
-1.0,1
-1.0,1
-1.0,1
-1.0,1
-1.0,1
-1.0,1
-1.0,1
-1.0,1
-1.0,1
-1.0,1
-1.0,1
-1.0,1
-1.0,1
-1.0,1
-1.0,1
-1.0,1
-1.0,1
-1.0,1
-1.0,1
-1.0,1
-1.0,1
-1.0,1
-1.0,1
-0.99892828973454,1
-1.0,1
-1.0,1
-1.0,1
-1.0,1
-1.0,1
-0.9970912532157405,2
-0.9733436382647077,2
-0.9639094548210139,2
-0.9223931656712321,2
-0.9209105758178788,2
-0.8999098162400558,2
-0.8487342863259376,2
-0.7930620148069588,2
-0.7505344930730637,2
-0.7342030814875107,2
-0.6789832741975399,2
-0.6204650471543665,2
-0.55826424008918,2
-0.5344711480381872,2
-0.4868134219337015,2
-0.4519738047515469,2
-0.386821187615493,2
-0.3286287183326244,2
-0.2922465887744188,2
-0.24487507708176826,2
-0.2034832638083306,2
-0.1608304982966401,2
-0.13497400867402098,2
-0.06519447742503459,2
-0.051242128857114655,2
-0.031971749470837696,2
0.043477375372183324,2
0.07397606515808097,2
0.0955177644712939,2
0.16250009519913866,2
0.23328567593597493,2
0.2798280232478585,2
0.34441826406886933,2
0.3938451587925407,2
0.45124202358753607,2
0.510101431852015,2
0.5526236738356756,2
0.6039249040384562,2
0.634963261510012,2
0.6806440310804305,2
0.7368318157560714,2
0.7579584360709708,2
0.80842901415464,2
0.8623741702327326,2
0.8907548254793203,2
0.8808062815685829,2
0.9124248945910463,2
0.9218814321521385,2
0.9387131183621935,2
0.9516034043621149,2
0.9719406210434232,1
0.9571963821168186,1
0.9596832038970546,1
0.9432913726311118,1
0.9459214254806303,1
0.9343182157598036,1
0.9301284169549877,0
0.9138079004534816,0
0.8799615952967792,0
0.888985378238996,1
0.8808538623411457,1
0.8823240163710477,0
0.8517362986038886,0
0.8663357489012189,1
0.8549622309423841,0
0.8379058640168253,0
0.8171578059745774,0
0.8144976438789862,1
0.811388002192655,1
0.8061009131093468,0
0.7849332752574729,0
0.7522761779028688,0
0.763803206826984,1
0.7414645309160426,0
0.7457826511813104,1
0.7545277544140774,0
0.7175676129008355,0
0.7140967569377235,1
0.7270895572401517,2
0.7317123738377731,2
0.7486965935099339,2
0.7677025368044137,2
0.7865248706293293,2
0.7893019464010926,2
0.8076165693748425,1
0.7770653898169304,1
0.8084846351593451,2
0.8124287584140322,1
0.8082435678384552,1
0.8136492087213849,1
0.8029781718063203,1
0.8231479991256603,2
0.8430269601712674,2
0.8600239679481207,1
0.8440872825687875,0
0.8322459487783833,1
0.8388975732108774,1
0.8308267215895953,1
0.8337977028396155,1
0.8359951460844646,1
0.8446713460853512,2
0.8626939802679905,2
0.8640847041087683,1
0.8672525448301474,1
0.8657507562195481,0
0.8416697399831874,0
0.8081095048895939,0
0.8225501592594338,2
0.8316412180518769,1
0.811413568043656,0
0.8153441096561929,1
0.8195395641788881,2
0.850442157620438,2
0.8434297399255706,1
0.8478040855831865,1
0.8533560275979803,2
0.8762837299123578,2
0.8893662061347385,2
0.8964730041541031,1
0.8946775999115588,1
0.9048575257337594,2
0.9329504102881165,2
0.9482425159191843,2
0.9728213556327785,2
0.9778943800999382,1
0.9653649431189426,0
0.9508362958360406,1
0.9600903187573286,2
0.9688701088268512,1
0.9653141523000672,1
0.9623095953711067,0
0.9399965850746126,0
0.9083574783556854,0
0.8888631841926822,0
0.8650892242544033,0
0.8596117797984892,1
0.8505126786799555,0
0.81980801626091,0
0.8235793271670975,1
0.8093659762578027,1
0.8197598183667196,1
0.8091196702017698,0
0.7782557281233524,0
0.7525531497130493,0
0.7312405997968678,0
0.7350186544861712,1
0.717092731130573,1
0.7374258963505076,2
0.7538237590724131,2
0.7661545515449515,2
0.7711953145990322,1
0.7815665072738394,1
0.7841307936384565,2
0.7977025096502111,2
0.8044280137288724,2
0.8186318994817829,2
0.8390824199855356,1
0.8112406262940919,0
0.805973118663279,2
0.8513702036512654,2
0.8513848611415546,1
0.8656091392178751,1
0.8554007490780042,1
0.851615296854493,0
0.8202028516879916,0
0.8171343644151141,1
0.8271148769458119,1
0.8124186011723442,0
0.7624691966967858,0
0.766191401329144,1
0.7471900054777223,0
0.7452848540268704,0
0.7227361005269441,0
0.6759928618993574,0
0.6168586037233166,0
0.5579415993775994,0
0.564724059118763,0
0.5361237056562786,0
0.4739271023356566,0
0.3148021325221484,0
0.20301302045057112,0
0.08467842395489034,0
-0.1589419728278061,0
-0.33847979452853916,0
-0.5417875476177196,0
-0.7075871626183837,0
-1.0,0
-1.0,1
-1.0,1
-1.0,1
-1.0,1
-1.0,1
-1.0,1
-1.0,1
-1.0,1
-1.0,1
-1.0,1
-1.0,1
-1.0,1
-1.0,1
-1.0,1
-1.0,1
-1.0,1
-1.0,1
-1.0,1
-1.0,1
-1.0,1
-1.0,1
-1.0,1
-1.0,1
-0.9918772707419121,2
-0.9671600834999837,2
-0.9235942550512616,2
-0.8667031431058732,2
-0.7660899189479229,2
-0.6893719294497023,2
-0.6123141076814818,2
-0.5236880360755027,2
-0.45440791672946523,2
-0.2827815153143064,2
-0.1573199047901237,2
-0.06575034990515549,2
0.0437231080619811,2
0.1586735709858167,2
0.2796335545423496,2
0.3933920449190298,2
0.49830738164987265,2
0.5886782191264597,2
0.6563030214119945,2
0.7359328423264513,2
0.7712373569581377,2
0.7808471639368448,2
0.8488388156180826,2
0.8814395613844181,2
0.873195623794075,1
0.8730003565625384,1
0.8715237863990832,1
0.8632052031657449,2
0.887414846328834,1
0.8757243815434603,0
0.8701075431788063,0
0.8300092085927011,0
0.851562458408146,2
0.8689567611169902,2
0.8795548275316085,1
0.8708600285350159,1
0.8789146524584823,1
0.8824647426105783,0
0.8353692254655163,0
0.8437241006816265,1
0.840932740130774,0
0.8260416583623142,0
0.8001259528818851,0
0.7771372157289285,1
0.7885265033508408,1
0.7635531136586027,0
0.7276071481899351,0
0.7299791000274061,1
0.720324194527246,0
0.6947697616857493,0
0.6946684595760255,1
0.6915080856755838,1
0.6808157688417529,0
0.6717616458413112,0
0.6317625732193572,0
0.6142204164774723,0
0.5850192584090217,0
0.5604660418118854,2
0.6148077092547308,1
0.5654295975718127,0
0.5312214270277882,0
0.5452295725485374,1
0.5430686223634944,1
0.5594139080556579,1
0.5566915077794221,2
0.5827130868373926,2
0.5969641683951519,1
0.5865323339140627,1
0.5873241501808542,1
0.590665156772854,2
0.6125505173732175,2
0.6430703900581938,2
0.6494370473940834,1
0.6417644559119382,0
0.6251407489516736,0
0.6120352622417509,1
0.6145094096383581,2
0.634321709360008,1
0.6149720842792967,1
0.6293471630856364,2
0.64699458804312,2
0.6764505059825745,2
0.6716374576532869,1
0.6840969694143375,2
0.7091096095670333,2
0.7369878017070266,2
0.7535978190725028,2
0.765691021963149,2
0.7997317198492664,2
0.7937636905064978,1
0.803793551664495,1
0.7962372095282588,1
0.7971594057149411,1
0.7862811992457597,1
0.7879842858263535,2
0.8083818101147502,2
0.8349673342143227,1
0.8185842443244393,0
0.8073736556158693,1
0.8265819917352772,2
0.8327573847761689,1
0.8178485874426598,1
0.8319036240656317,2
0.8347013958637779,1
0.8226950825882418,1
0.8369459596818007,2
0.8475856502216372,1
0.8409109341652046,1
0.8433092203145496,1
0.8416862822144333,1
0.8574732044847255,1
0.8446665086317038,1
0.8596717399308715,1
0.8441011557890321,1
0.8659233967661006,1
0.8361996319559495,0
0.8284902895298851,2
0.8550325028972174,2
0.8759085533306441,1
0.8690200831081925,1
0.8771384698438476,1
0.8661590317513788,0
0.8504199095579752,0
0.8475675968309677,1
0.8368846846331872,1
0.85038996891315,1
0.8500513527120861,2
0.8730149203462321,2
0.8973835649663,2
0.8951643351670566,0
0.865088241580082,0
0.844669583123524,1
0.8569487954310746,2
0.8680094765420723,1
0.862365502426681,2
0.8838760903248162,2
0.8856546182456411,1
0.8796904862882382,1
0.8888515421475596,1
0.8887300398279858,1
0.8745248551858043,1
0.8733782123387857,1
0.8634240516713574,1
0.8722872754047732,1
0.8555879762967866,1
0.8640047541568601,1
0.851125810598111,1
0.8497195756867026,0
0.828923787172372,0
0.7934440078831431,0
0.7635563689621472,0
0.7617541497666369,0
0.7470907534338398,0
0.7389792384578395,0
0.7239436145428628,0
0.6871852612141629,0
0.6521018522192668,0
0.6350691255196903,0
0.574841193960405,0
0.525104701000346,0
0.48388916898447043,0
0.4043079978061652,0
0.2828243711025944,0
0.1525983331605245,0
-0.11117817115131923,0
-0.4235763607906686,0
-0.4848503020110708,0
-0.4847952320937349,1
-0.48168372131431403,2
-0.3851938814722642,2
-0.4056520232875195,0
-0.4143694219417887,2
-0.3466142005307963,2
-0.24874316968301502,2
-0.07504554753673531,2
-0.08683936576624218,2
-0.030918917435446946,0
-0.1354031441356397,0
-0.16607466919739322,1
-0.1303228546843962,1
-0.160729236260288,2
-0.10445918843469393,2
-0.07577735165473876,0
-0.24856859318383906,0
-0.16048258810208993,2
-0.15459472538302865,0
-0.197298113026661,2
-0.05541631343205222,2
0.052278404750116136,2
0.11589550488552547,2
0.23226026896275687,2
0.5111122926265048,2
0.7987413507062431,2
0.9374916083578155,2
1.0,2
1.0,0
0.9535983366641998,1
1.0,1
0.9682985300495988,0
0.9375716167029626,2
1.0,2
0.9844875702677836,0
0.864379533975012,0
0.605311128303117,0
0.6136846335322395,0
0.21151614393539497,0
-0.24824906666519775,0
-0.6061199060696716,0
-1.0,0
-1.0,1
-1.0,1
-1.0,1
-1.0,1
-1.0,1
-1.0,1
-1.0,1
-1.0,1
-1.0,1
-1.0,1
-1.0,1
-1.0,1
-1.0,1
-1.0,1
-1.0,1
-1.0,1
-1.0,1
-1.0,1
-1.0,1
-0.9906850366784776,1
-0.9981174499795152,2
-0.9380217083424681,2
-0.9422497827229543,1
-0.9316883984170945,2
-0.8554922818143693,2
-0.820129814971825,2
-0.7267411845175294,2
-0.6326292881813862,2
-0.5309053214302479,2
-0.39241702122192446,2
-0.27869199711538073,2
-0.14591843654987768,2
-0.015233443517762568,2
0.11379400094772318,2
0.2450103327753419,2
0.379584840250911,2
0.4923074399022094,2
0.6265853859306532,2
0.7311843619803031,2
0.8455805491231225,2
0.9479249734166275,2
0.9901610520724087,2
1.0,1
1.0,1
1.0,1
0.9989915847905142,1
1.0,1
1.0,1
0.9989718866637975,1
0.9859256783246186,0
0.972073224586258,0
0.9478391216018394,1
0.9603599083218788,0
0.9261624618347049,0
0.8703062669269972,0
0.8257556996964968,0
0.7829469075580329,0
0.7279191315717561,0
0.690938106650202,0
0.6442478506703149,0
0.6067121865326126,0
0.5900150750856268,0
0.5831653198149036,0
0.5463570993184197,0
0.5233008268850512,0
0.5014785691554715,0
0.4907658483961477,0
0.4582037195930473,0
0.4499329753735348,0
0.43711031942403555,0
0.4236925565593921,0
0.3687022673013518,0
0.354430185779562,0
0.3281146250636817,0
0.30239725942615414,1
0.3213458409217731,1
0.3046611178584211,1
0.3078454684152765,2
0.3524511121432792,2
0.3419482180366771,1
0.34993291667290927,2
0.3641177843822505,2
0.37587256880842457,2
0.38719011526428937,2
0.3948822653091053,2
0.404062241342406,2
0.4208586129905463,2
0.43152248972720075,1
0.43202406868462884,0
0.3917259328147884,0
0.3787916640113149,1
0.39736311187009155,1
0.38634344810572574,1
0.3833562499714491,1
0.3966324269336119,1
0.3804810577300981,1
0.3933772323814997,2
0.4202828568633552,2
0.43167160972701946,1
0.4274733564891131,1
0.42443743173340853,1
0.41396867076293375,0
0.4002269161905947,0
0.38724269570921854,0
0.3668258176671382,0
0.36035360948981854,0
0.34354361419275836,0
0.31863115660108865,0
0.3160720646619535,1
0.3274335089749576,2
0.3391997170527883,2
0.3580267984677703,1
0.35387938507371297,1
0.34576801559762305,1
0.3629067803226429,2
0.38318225622071567,2
0.3845404661293941,1
0.3977312209242101,2
0.4092459708466696,1
0.4045504518710161,1
0.3953321621963548,0
0.38772238188649966,0
0.35650535999216215,0
0.3521951774273533,1
0.351642574867604,1
0.3385302134785966,0
0.332452524531311,1
0.3419985984843472,1
0.3449138143417205,1
0.34072466735696794,1
0.3376541653821665,1
0.3442728188526609,2
0.3545559480358629,2
0.3764887007553799,2
0.3864753917928405,2
0.3976958014787815,1
0.3762088059765001,1
0.3864493236118649,1
0.3782774720765607,1
0.402166813541581,2
0.4115769266431344,1
0.40099375050198693,0
0.3946795082531427,0
0.37734635769142755,0
0.36147085589362193,1
0.3779284126506799,1
0.3769078334118161,1
0.38082716681162676,1
0.36991076509958165,0
0.361664812960548,1
0.36259754544111034,1
0.35152480610482684,1
0.35765983279969915,1
0.34416023105790194,1
0.3523369930279239,1
0.3451603059139572,1
0.34374700419457005,1
0.34155381620789393,1
0.33946433435650314,1
0.3358556293399695,1
0.32625098237406625,1
0.325614876902115,1
0.31640873059979646,1
0.3265555518321772,2
0.34607906764626484,2
0.3535917111861968,2
0.36232255599254315,2
0.3776183967956408,1
0.3715966594873896,1
0.37491706994684715,0
0.348407964741301,0
0.3491117721536874,0
0.33257908211090825,0
0.3101136895562848,0
0.29078367873650013,0
0.25991187514734193,0
0.21050711427252566,0
0.14621063734722095,0
0.009719144108843336,0
-0.12523313190788155,0
-0.26513999017557677,0
-0.4058563367196336,0
-0.5733111337860131,0
-0.7984550750738726,0
-1.0,0
-0.9959119001216074,2
-0.8985440784060569,2
-0.9312505160972531,1
-0.8916026710434564,2
-0.8225276304658666,2
-0.8440300628529863,0
-0.9019302008009702,0
-0.905188022351209,2
-0.8735811020550848,1
-0.8908018624505496,0
-0.9265083008365368,0
-0.9488273909757622,0
-1.0,0
-1.0,1
-1.0,1
-1.0,1
-1.0,1
-1.0,1
-1.0,1
-1.0,1
-1.0,1
-1.0,1
-1.0,1
-1.0,1
-1.0,1
-1.0,1
-1.0,1
-1.0,1
-1.0,1
-1.0,1
-1.0,1
-1.0,1
-1.0,1
-1.0,1
-1.0,1
-1.0,1
-1.0,1
-1.0,1
-1.0,1
-1.0,1
-1.0,1
-1.0,1
-1.0,1
-1.0,1
-1.0,1
-1.0,1
-1.0,2
-0.9788853359380821,2
-0.962380895565627,2
-0.9224418820273659,2
-0.8797902289984001,2
-0.8350455833508744,2
-0.7568461803156677,2
-0.6712845206998816,2
-0.6497983675848078,2
-0.6151827310753117,2
-0.49790275146357554,2
-0.40748468637288426,2
-0.3180123751326509,2
-0.21452463539598843,2
-0.12180431374791256,2
-0.02137067816097382,2
0.08989591582979539,2
0.19774552432590742,2
0.30587494163934736,2
0.34521119410215917,2
0.40256477399676127,2
0.45069241762946666,2
0.4809869350642124,2
0.5274330392984863,2
0.5746402540298077,2
0.6000762239801432,2
0.6460196707385215,2
0.7045031225661968,2
0.7966716198451147,2
0.8171669032173696,2
0.848501097998035,2
0.8757668310980558,2
0.9202161826472468,2
0.9432329128779435,2
0.9609099864979171,2
0.9824086110826831,2
0.9889774087504759,1
0.9826628521034846,1
0.9755139480404127,0
0.9621319702065769,1
0.9662252816718622,2
0.9994129702563244,2
0.9908305108585895,0
0.9588235304141943,0
0.9532958446141793,0
0.9276592806909094,0
0.912686250248659,0
0.897161478283014,0
0.892520499946837,1
0.9039673179701968,2
0.9118535052240162,2
0.919886736055084,1
0.9229303234344937,1
0.9296700326814855,2
0.9414268396867191,1
0.9360225787228902,1
0.9334874835589873,0
0.8956013798075655,0
0.886361685573456,1
0.9016401098655484,1
0.8795144586310286,0
0.8824272403357227,0
0.8518444673794461,0
0.8319657639282305,1
0.8499177052537543,2
0.8551913855016646,1
0.8545138735864342,2
0.8846444868336116,2
0.8835469335086736,2
0.9024869094395902,2
0.9038403914695547,1
0.9019978228454033,1
0.8889194467301342,1
0.9004413269068849,1
0.8955061456498417,1
0.8950205955287363,2
0.912577993669877,2
0.9361609211471256,1
0.9118732076601079,1
0.923077746623062,2
0.9428386829765152,2
0.9422439601504917,1
0.9397487824877278,2
0.9642812707963386,2
0.9725106131210863,2
0.9852320039049178,1
0.9864870651258204,1
0.9950435286661745,1
1.0,1
1.0,1
0.9944140853640722,0
0.9781787352600284,0
0.9566306453677083,0
0.9517103100444462,0
0.9309884991568087,0
0.9308882516451324,1
0.9232438353448953,1
0.930639890238329,1
0.9286113422661812,1
0.9210468394706992,0
0.9086915013831418,0
0.8813069966192799,1
0.8993838531071101,2
0.908748089547279,1
0.9123889562895982,1
0.910024037131741,1
0.9149660936740072,2
0.9274873927706777,1
0.929823387295521,1
0.9219443555991151,1
0.918072621455454,0
0.9001921639320254,1
0.907135992731047,1
0.8994535163756798,1
0.8939066202323209,1
0.9113669139158627,2
0.9341779973539999,2
0.9352611325478393,1
0.9353569208032202,1
0.9471825052963918,1
0.9445267356867539,2
0.9672128035720351,2
0.984716882713303,2
0.9872284881989448,1
0.969172470158792,0
0.9681983547013957,1
0.9699837470953578,1
0.9589965280074082,0
0.9392717694983979,0
0.9265410719990084,0
0.907838688794627,0
0.8974477640813512,0
0.8848467885670777,0
0.8753728715730718,1
0.8885771178776809,1
0.8806749525281508,1
0.874289438759188,1
0.872485972252897,1
0.8777011582431415,0
0.8566314799649395,0
0.8555796755865295,1
0.8528731895031654,1
0.8420549126692063,1
0.8402070402430641,2
0.8620712379358793,2
0.8605353621180551,1
0.8557408494528602,1
0.84980573065836,1
0.8513274619573528,1
0.8595278476381256,2
0.869515093865288,2
0.8892474978041176,1
0.8776291067495972,1
0.8746642987092317,1
0.8722785887390927,1
0.8805102502685904,2
0.8883274521769875,1
0.8961258325079104,1
0.8845124930635397,1
0.8960099150002243,2
0.9151002771635293,1
0.8965810876083666,0
0.8853407673589822,1
0.9083917491626938,2
0.9189119611113346,2
0.9257559322401694,0
0.8972520974963514,0
0.8525333188148807,0
0.8516329733673063,0
0.8218023509775503,2
0.8989891279359443,1
0.8273370470595589,0
0.7434113150945441,0
0.663370600251366,0
0.59685160931638,0
0.41660267795287065,0
0.13337404525753516,0
-0.20194504376052214,0
-0.28428150963116317,0
-0.6375269583517547,0
-0.7500655888263745,0
-0.9810049162816462,0
-0.8421105502274456,2
-0.872088401997223,0
-1.0,0
-1.0,1
-1.0,1
-1.0,1
-1.0,1
-1.0,1
-1.0,1
-1.0,1
-1.0,1
-1.0,1
-1.0,1
-1.0,1
-1.0,1
-1.0,1
-1.0,1
-1.0,1
-1.0,1
-1.0,1
-1.0,1
-1.0,1
-1.0,1
-1.0,1
-1.0,1
-1.0,1
-1.0,1
-1.0,1
-1.0,1
-1.0,1
-1.0,1
-1.0,1
-1.0,1
-1.0,1
-0.9996913470647344,1
-1.0,2
-0.9795589874258162,2
-0.9402375662149863,2
-0.9174717951281094,2
-0.881810346722736,2
-0.837134443328448,2
-0.8026024770669534,2
-0.758135116672687,2
-0.6940510108003014,2
-0.6103203016566714,2
-0.550019319870676,2
-0.4983709548373204,2
-0.37801589846020767,2
-0.2822793286965639,2
-0.17541809322170032,2
-0.08115236939543202,2
0.013472954140341997,2
0.10658898908006398,2
0.22184193985874012,2
0.3169719657938497,2
0.4072866667950068,2
0.48657892198670516,2
0.5712008604787233,2
0.6411898969817873,2
0.7051663240433133,2
0.7779154193136188,2
0.8297274704554198,2
0.8667622045684584,2
0.8799231196514803,2
0.9412019887513792,2
0.9520926410149473,2
0.9647101901815509,1
0.9601948648211394,1
0.962323327326289,2
0.9788285440694608,2
0.9900270547831436,1
0.9734312646735139,0
0.9555369266835079,1
0.96118108338402,1
0.9681302830256358,1
0.9529116593512903,0
0.9464716836128251,0
0.9289066066675955,1
0.9358847996288844,1
0.941208172754874,1
0.9221456245076316,0
0.9211297905106144,1
0.935806037151981,2
0.9421368735855742,0
0.9196530021932554,1
0.9304594832981872,2
0.9471496908845536,1
0.9414952367968445,1
0.9419409864539445,1
0.9488126307064224,1
0.9340688150058847,1
0.9403585388737612,1
0.9375261298345967,0
0.9155349180932926,0
0.907651804276679,1
0.9104494476077307,2
0.9272139937093673,1
0.9019514039556844,0
0.8890343266528242,0
0.8743874279080777,0
0.8567251650603018,1
0.8749412576297284,2
0.8742312645092216,1
0.8738628067936991,1
0.8832900714277125,1
0.8845327576898536,1
0.8855046950934826,1
0.8813588879002878,1
0.8782485305008543,1
0.8792053456846496,2
0.8969541425309064,1
0.889279935579063,0
0.8711416984123428,1
0.8894595078569429,1
0.8754747346445266,0
0.8727949942363524,1
0.8724758692052843,1
0.8804280525128667,1
0.8713375967152772,1
0.871361416194534,1
0.8828348184226527,1
0.8722441227027193,1
0.8806229429788763,2
0.8918205618297541,1
0.895212931598554,1
0.8976458732730042,2
0.9114529592358689,1
0.9101371208100175,0
0.8921998584581681,1
0.9066008683219697,1
0.8970544642984766,1
0.9058818933214259,1
0.9040731759785243,1
0.8992317979979023,1
0.9019442837744212,1
0.9071614962769778,1
0.8948925980963558,1
0.9025147474713044,2
0.9365823418762793,2
0.9399228407046554,2
0.9597566188599624,2
0.9700731036149,2
0.9890442946732954,2
1.0,1
1.0,1
0.9882550690493144,0
0.9684874898189466,0
0.9714678782888657,1
0.9579295877352592,0
0.9548967238331585,2
0.9847613283153422,1
0.9668632275086682,1
0.9752827823929222,1
0.9782336432890861,1
0.9646178938599321,0
0.9469172587027141,0
0.9403366252837673,1
0.9364359669477771,1
0.9408520270433647,1
0.9274093718868357,0
0.922399486687614,0
0.8998670730578306,0
0.8882366773771206,0
0.874193691591522,0
0.8660450039730079,1
0.8655093437382664,1
0.8592951619765936,0
0.8430231875010303,1
0.8462495015251283,1
0.8445146267349779,0
0.8203738784355903,0
0.8163291526190075,1
0.8252542095502369,1
0.8179526452092412,1
0.8182175819211432,1
0.8112977894484228,0
0.787805929057056,0
0.7624351727636178,0
0.7573883410022688,1
0.7472209837406105,1
0.7535367870956136,1
0.7611311789079502,1
0.7452630663385649,0
0.7450280142392298,1
0.7295190595341623,0
0.7082778032386516,0
0.7058968577139237,1
0.7122684851415653,0
0.6891677197774322,0
0.6650242625133667,0
0.6511516810893114,1
0.659904321330659,1
0.6647312477904419,1
0.650799224097057,0
0.6353314589672037,0
0.623386174456124,0
0.5943607453761188,0
0.5724144753475069,0
0.5424314924070697,0
0.52788709301014,0
0.5264182631735377,0
0.38949551789466175,0
0.27255775606461263,0
0.09426761514507676,0
-0.14108806929553752,0
-0.43483063408636957,0
-0.7550032659010751,0
-1.0,0
-1.0,1
-1.0,1
-1.0,1
-1.0,1
-1.0,1
-1.0,1
-1.0,1
-1.0,1
-1.0,1
-1.0,1
-1.0,1
-1.0,1
-1.0,1
-1.0,1
-1.0,1
-1.0,1
-1.0,1
-1.0,1
-1.0,1
-1.0,1
-1.0,1
-1.0,1
-1.0,1
-1.0,2
-0.966852717990317,2
-0.9558058186983205,2
-0.9100161468813248,2
-0.8838651035779762,2
-0.8465949815010707,2
-0.807103499373377,2
-0.7384151003097239,2
-0.6671082258183489,2
-0.5814222052232689,2
-0.5622839447014671,2
-0.48826884539872795,2
-0.3889724993035001,2
-0.3177441581397151,2
-0.23662231345428875,2
-0.13284752650034304,2
-0.061702047025485096,2
-0.0085312996448198,2
0.04433094077184552,2
0.04253753370986035,2
0.09471979745739145,2
0.09741439865984214,2
0.1196728058200427,2
0.1343400993646251,2
0.16934746194913486,2
0.18796879470246664,2
0.21695034033350313,2
0.2193365287805471,1
0.21696705712446018,1
0.2268844320561061,2
0.28661563537368995,2
0.29277385203312756,2
0.30892709243781846,2
0.34669572973761964,2
0.3827713653973903,2
0.4089632899950928,2
0.4398677794997059,2
0.4824021624556063,2
0.5291675840446215,2
0.569271244059343,2
0.5943748029830145,2
0.619404989116318,2
0.6809364400863012,2
0.7272692924655901,2
0.7585145920130296,2
0.7806795337840859,2
0.8491728006882948,2
0.8761320961240213,2
0.9114878996471676,2
0.9371029065396508,2
0.9955818578728508,2
1.0,1
1.0,1
1.0,1
1.0,1
1.0,1
1.0,0
0.9808235638911738,0
0.9465564548627929,0
0.9060597055533262,1
0.9511052629229464,2
0.9555399088380454,1
0.9405346667781047,1
0.9578172360373614,2
0.9669370831074511,1
0.9595387894921348,0
0.9274954343936272,1
0.9512895018573304,2
0.9594143813911742,1
0.9521562661271337,1
0.947631477599973,1
0.9388395952548192,0
0.9205204008204091,0
0.9035609408524421,0
0.896616095194761,1
0.8964135245210896,0
0.8798377082202578,0
0.8575521348100681,0
0.835285200319662,1
0.8433384820252656,1
0.8236441841905608,0
0.8215662518149494,1
0.8117091616449228,1
0.8207407190949747,1
0.8078321226482952,0
0.7957050875199108,1
0.8098882600722492,1
0.8036106451339899,1
0.8048447526865321,1
0.8094107777180453,1
0.8117103755033341,1
0.8231378120061408,1
0.8243518537359491,2
0.8420063640763384,2
0.8517901471073022,1
0.8552068761303708,1
0.8578057866275444,1
0.8676540775627111,2
0.8739100511395601,2
0.8928628400290526,2
0.902444364521364,2
0.9215215961934904,2
0.9451828824104485,2
0.9481561567510544,2
0.9780474449293626,2
0.9962760904807302,2
1.0,1
0.9969877844501638,1
1.0,1
1.0,1
0.995757900885675,1
0.9871026836803451,1
0.9854713970552922,1
0.9827325362913555,0
0.9621261631443243,0
0.957337538542923,1
0.9758100911714385,1
0.9481340485552703,0
0.9438320653135652,0
0.9313268842579816,0
0.9207948707205562,0
0.9130074800948911,0
0.8970129602410375,1
0.9040742564357434,1
0.8996367792820295,1
0.8962611079295364,1
0.8903839576523573,1
0.906783285568981,2
0.9082731099926322,1
0.9150417980386667,1
0.9210309862615655,1
0.9213059054998967,1
0.917220385635767,0
0.9053268806210546,1
0.9024242845494064,1
0.917696876976988,1
0.9030482014732921,1
0.9220960412466523,1
0.9127972402296081,1
0.9282057830255435,1
0.9195992005073879,2
0.9463053175669482,2
0.9593499613066143,1
0.9526286269251074,1
0.9450988543699179,1
0.9432770143999416,0
0.9253058766106277,0
0.9184623346324008,1
0.9105119351026658,0
0.894199937591619,0
0.8905861668039914,1
0.8913205799781474,1
0.8821158126318216,2
0.9077096369550299,1
0.8861197622364492,0
0.8881361979607194,1
0.877382863348529,1
0.8871062456298691,1
0.8862561464993832,1
0.8955390651147219,1
0.8996309859110942,2
0.9300662718952577,2
0.9607227864758772,2
0.9628545060882086,2
1.0,2
1.0,1
1.0,1
1.0,0
0.9781499757342591,0
0.9615050598750261,0
0.9094544618731097,0
0.8837422433844773,0
0.8807337563166682,0
0.856772587369476,1
0.8858782418402169,1
0.8479173298036375,0
0.8323207194535451,0
0.822636210568197,0
0.8096146671683742,0
0.7509265990712182,0
0.7251048054912854,0
0.6540279270128277,0
0.6281238971865692,0
0.5507900126025926,0
0.5067203140790246,0
0.4441342338642347,0
0.38535352056177397,0
0.2750231545322126,0
0.19227255285203215,0
0.023178919721595692,0
0.024251477646573427,0
-0.21797685591768168,0
-0.681837926857089,0
-1.0,0
-1.0,1
-1.0,1
-1.0,1
-1.0,1
-1.0,1
-1.0,1
-1.0,1
-1.0,1
-1.0,1
-1.0,1
-1.0,1
-1.0,1
-1.0,1
-1.0,1
-1.0,1
-1.0,1
-1.0,1
-1.0,1
-1.0,1
-1.0,1
-1.0,1
-0.98650687825531,2
-0.9618731806036752,2
-0.9666427252056717,2
-0.927785220596251,2
-0.8901847527464063,2
-0.8223041508478224,2
-0.7428470339278317,2
-0.6554911612328107,2
-0.533770561730641,2
-0.4286563964211787,2
-0.3253800339958498,2
-0.24105649960755038,2
-0.13885806513060694,2
-0.03837114102017458,2
0.04692624775780274,2
0.14363805185816747,2
0.27795082852980535,2
0.3687092302678252,2
0.4633704241054408,2
0.5455881148825921,2
0.649249237669453,2
0.7768639347660329,2
0.8194908616413836,2
0.8692604379426905,2
0.9451766087717233,2
0.9843568546950532,2
0.9824573916763153,1
1.0,2
1.0,1
1.0,1
1.0,1
1.0,1
1.0,1
1.0,1
1.0,1
1.0,1
0.9939349036210381,1
1.0,1
1.0,1
1.0,1
1.0,1
1.0,1
0.9893585465985391,1
0.9867864602476337,0
0.9720405003492967,0
0.9354478857053115,0
0.9144288607117925,0
0.8946663146270604,0
0.8706143944603091,0
0.848516790150496,0
0.8194897232303371,0
0.7646935987308714,0
0.731702364662012,0
0.6849850675844762,0
0.6574621269779135,0
0.6470173484421162,0
0.6317144970670321,1
0.6410109581721855,0
0.6141095120807172,0
0.5901773230723202,0
0.5574542961082343,1
0.5762995159007742,2
0.5737189341266777,0
0.5540797656376539,1
0.5721778488430063,2
0.5958329377065994,2
0.5972174007476441,2
0.6120366191240529,2
0.6510004945213974,2
0.6768567223191477,2
0.6830497258091246,0
0.642002018143057,0
0.6411576012019538,1
0.63485002587455,0
0.6177734930630301,1
0.6320737729748636,2
0.6338179095405732,1
0.6379707992181616,2
0.6547867960205076,1
0.6293459178028389,0
0.6200079445299094,1
0.6261754472033565,1
0.622570332909135,1
0.6341092560057755,1
0.6230125846626582,1
0.6361862851473612,1
0.627210599002469,0
0.6079597809403743,1
0.6225203253181695,1
0.6226981424779028,2
0.6389707231351514,1
0.6327774384039959,1
0.6484832647473002,1
0.6404471568906172,1
0.6441549969498552,2
0.6691296839709118,2
0.6658570112968851,1
0.6635186606104173,1
0.650926891765333,1
0.6704220793178146,1
0.6658925931549755,1
0.6555684379909312,1
0.6541787380451789,2
0.6823757992101485,2
0.7066449393955683,2
0.7186265555034388,2
0.7455183472641034,2
0.7565542123247875,2
0.7704063150223983,1
0.757896998332539,1
0.7710800622089007,1
0.7603041464300997,1
0.7594127428162096,1
0.7608527800839637,1
0.7669118933769306,1
0.7761622988145789,1
0.7809040056916832,2
0.8007326483023962,1
0.7914031656036731,0
0.7823285892415657,1
0.7898248449577399,1
0.7922844299881764,0
0.770426559538282,1
0.7811692743110359,2
0.7956381437625462,0
0.7641940562096552,0
0.7524958584751353,0
0.7342905835888061,0
0.7162423188639717,0
0.7100356848747984,0
0.6916593183720952,0
0.6700157343044384,0
0.668830918557378,0
0.625895059446155,0
0.6294588700789956,1
0.6125164844607323,0
0.5993408395327036,1
0.5979255466396904,1
0.5944678318170273,1
0.6019537834382931,2
0.610692179612127,2
0.6361277239453758,2
0.6287940304794803,1
0.6306083609642084,1
0.6352984697829884,1
0.6399720726539746,1
0.6259392579520853,1
0.6307116152686834,2
0.6425045330925965,1
0.6215151586177377,0
0.61636882255461,2
0.6443645405067913,2
0.6611831958679797,1
0.6559614673903909,1
0.6500078347546829,1
0.6511825596989036,0
0.6318244330925804,0
0.5764975369360299,0
0.5505419002104448,0
0.5289005587117954,0
0.47578321301256477,0
0.42869126660036416,0
0.366306784188293,0
0.3128563732235634,0
0.24227638538261176,0
0.13663775344398088,0
0.07391909748622583,0
-0.08100957221002303,0
-0.18786715220987749,0
-0.25889736437955324,0
-0.5998331914116587,0
-0.6493998480625875,2
-0.5769275779682973,2
-0.4812851884852004,2
-0.4525107918477127,2
-0.39284870221733137,2
-0.24004011415815374,2
-0.14097472871975514,2
-0.15168970734788745,0
-0.17051057406102443,0
-0.22975357547816477,0
-0.22645830682315504,0
-0.31509609462198995,0
-0.34891061966268744,0
-0.4744667298220594,0
-0.5611796043533286,0
-0.6406005614564152,0
-0.6501565774024656,0
-0.7476339947568924,0
-0.7836487872876784,0
-0.8449661774933606,2
-0.6769406939899809,2
-0.7110131853505981,0
-1.0,0
-1.0,1
-1.0,1
-1.0,1
-1.0,1
-1.0,1
-1.0,1
-1.0,1
-1.0,1
-1.0,1
-1.0,1
-1.0,1
-1.0,1
-1.0,1
-1.0,1
-1.0,1
-1.0,1
-1.0,1
-1.0,1
-1.0,1
-1.0,1
-1.0,1
-1.0,1
-1.0,2
-0.943451940023929,2
-0.9188114888772321,1
-0.9571094332408718,0
-0.9453924150036257,2
-0.9002858345575517,2
-0.8531429057032763,2
-0.8192503674699598,2
-0.7893413440837762,2
-0.725824502849679,2
-0.6945869396355777,2
-0.6980098098077652,2
-0.6749494427319856,2
-0.6708468391896252,2
-0.6466630861602862,2
-0.6182778437984846,2
-0.5911839566730265,2
-0.563994870888062,2
-0.5001042477937534,2
-0.4784486694426978,2
-0.4109618730051542,2
-0.30209286754147646,2
-0.16529947087588082,2
0.0016118865764316315,2
0.19678578286140302,2
0.28225808906849204,2
0.32560630986772,2
0.4257426156152577,2
0.5443866782380924,2
0.6571002443330489,2
0.8010052322953707,2
0.8754422458105175,2
0.9286142436971727,2
1.0,2
1.0,1
1.0,1
1.0,1
1.0,1
1.0,1
0.9886851546939561,1
0.9882042082398643,1
0.9874248943722557,0
0.971872050182016,0
0.9462337395227551,0
0.9183330471695013,0
0.8843619628035089,0
0.8571327054565827,0
0.8008203869300161,0
0.7699421623493421,0
0.7413306112324813,0
0.7505804756221848,0
0.7006934523356765,0
0.6450905413492642,0
0.6308366109203372,1
0.6409707380806919,1
0.6264715852788041,1
0.6371670332874373,1
0.6359267186908057,1
0.6456664569660302,2
0.6546079948353511,1
0.6542384280611773,2
0.673603663751835,1
0.6696704768137018,2
0.694711963234063,2
0.7313204020474939,2
0.7136295618314907,0
0.6740108385345174,0
0.689817591804879,1
0.6610331112516687,0
0.6564213019683489,0
0.6332460888977935,0
0.6177709367456119,0
0.6090733557273889,0
0.5956782538307293,1
0.5965382103281407,1
0.582965701523753,1
0.5890525865877607,1
0.5870930910456862,1
0.584315339327268,2
0.604346569655797,2
0.6004724220638686,1
0.6091235364205239,2
0.6204325837106277,1
0.62364796527056,1
0.605119246411441,2
0.646362370191502,2
0.6528451228754326,2
0.6695923927389738,2
0.6693752869605256,2
0.7099843086293114,2
0.740157947033016,2
0.7259845766998558,1
0.7385119295106517,2
0.7530580166669814,2
0.7725757546203782,1
0.7647402759844613,0
0.7434121058336185,0
0.6861092550888008,0
0.7076166685296483,2
0.7081917244168827,0
0.6298573789870199,0
0.5594753597527944,0
0.5365010414006977,0
0.4738571656640542,0
0.3803808786138705,0
0.3140214925779541,0
0.21914341309212038,0
0.14350962254683086,0
0.06439423003463052,0
0.018533602122847714,0
-0.056762411007328595,0
-0.1709928164852086,0
-0.284542859525335,0
-0.42764069913920133,0
-0.5856827838487801,0
-0.6902442514975988,0
-0.7651094988668181,0
-0.9006249023175303,0
-1.0,0
-1.0,1
-1.0,1
-1.0,1
-1.0,1
-1.0,1
-0.9946666424061916,1
-0.9919649887392812,2
-0.9575545316977975,2
-0.9111620048060028,2
-0.8612246127778597,2
-0.7900631789901453,2
-0.7119370714446696,2
-0.6671724205656784,2
-0.6148079667991513,2
-0.5295280590911497,2
-0.4176704563081146,2
-0.2901703633933185,2
-0.1808705363910892,2
-0.039344052105184435,2
0.09260150592323724,2
0.2174011796471329,2
0.33285304415859396,2
0.48469215963956813,2
0.6232384842805192,2
0.746901931075898,2
0.8452783947435631,2
0.9193170761716616,2
1.0,2
1.0,1
1.0,1
1.0,1
1.0,1
1.0,1
0.9997183256107283,1
0.9891865779801123,1
1.0,1
1.0,1
1.0,1
1.0,1
1.0,0
0.9757829665903612,0
0.9458199877363385,0
0.9224476304988727,0
0.8976741339665917,0
0.8693929922684658,0
0.8641534280718703,0
0.8465943670973337,0
0.810388296850429,0
0.7944446331451811,1
0.816458359629628,1
0.8086339000896647,0
0.795497951493362,1
0.7965748135557336,2
0.8132061000460078,2
0.8395101996515679,2
0.8536122012549061,2
0.8821308878364171,2
0.8942315041448614,2
0.9051481172902411,2
0.9216391396441714,1
0.904205792121942,0
0.8756056885761181,0
0.872920828143728,1
0.8804608007333965,1
0.8854990877355868,1
0.8896792671649527,1
0.8847698285776331,1
0.9003854841058152,2
0.9006062978829805,1
0.908631961936615,1
0.9132533619081731,2
0.9257664026498473,2
0.9476262300912341,1
0.9411083473586981,1
0.9393691263363291,1
0.9296036404328776,0
0.9153034626800156,0
0.9056138409323871,0
0.8987190261943816,1
0.9020936801432096,1
0.8951582417172437,1
0.9076774021771763,1
0.9035631538692439,1
0.921062766844309,2
0.9361987391829858,2
0.948457794658013,2
0.9530941474803638,2
0.980537977987912,2
0.9754445602221711,1
0.9743088897508312,1
0.9843871014945385,1
0.9755107675304142,0
0.9605091915697139,0
0.9504997842593419,1
0.9573249563128183,1
0.96089036813037,1
0.965530611794972,1
0.9613667564596862,1
0.9527453041579941,1
0.9460042237200377,0
0.9298654025386432,0
0.923140844855449,1
0.9280470515725541,1
0.9366320278338174,1
0.9281348595965604,0
0.9060761098167245,0
0.8954062574724901,0
0.8805034207190032,0
0.8791645736632612,1
0.8847491533299521,1
0.8797222045231168,1
0.8774730845051679,1
0.8743703921925388,1
0.8846543970272649,1
0.8838936816452809,1
0.8981480026969402,2
0.9198372387521114,2
0.9431245837513491,2
0.9524506322134119,2
0.9673174823101152,2
0.9865972452546181,2
0.9969988717526537,1
1.0,1
0.9982298421206264,1
0.986258667456996,0
0.9579976703561994,0
0.9526401115327476,1
0.9562676470150033,1
0.9498031625163577,0
0.9337589909648181,1
0.9378059241368291,1
0.9425353091422142,1
0.9465934020989186,1
0.9413507057469161,1
0.954710484088793,2
0.9584626710723796,2
0.9748400619763293,1
0.9440561882372043,0
0.9415211055843695,1
0.943418675849309,1
0.9287159888850851,0
0.9211725508278297,1
0.9249117132189564,2
0.9470356715349102,2
0.9640905398369541,2
0.9903980999381583,2
0.9801194635576753,0
0.9730057014293794,1
0.9854032050552881,1
0.9813555598657655,1
0.9874538929911154,1
0.9841966695831315,1
0.988915151517622,1
0.9731010681832086,0
0.9461357195492444,0
0.9387891454721333,0
0.9297882857713908,1
0.9280003588393211,1
0.9175679930687033,0
0.8837635917114217,0
0.8437503646803128,0
0.7991667322896951,0
0.7932153380439975,0
0.7613570693498932,0
0.7483284020710317,0
0.7138124558580952,0
0.6945380451425347,0
0.6450411960742166,0
0.6068193312820731,0
0.6215385556354132,0
0.5664656025227011,0
0.563678245088465,0
0.46504724014704335,0
0.35747720565789076,0
0.2696999631375645,0
0.2901629262801202,1
0.2752464770134597,0
-0.07736170344804161,0
-0.27170120542214626,2
0.05109691475598943,2
0.41705013926694856,2
0.5555712497021015,2
0.661918650046307,2
0.9097884864137888,2
1.0,2
1.0,1
1.0,0
0.8010222990616107,0
0.5719514971222512,0
0.37126714954742623,0
0.13981537044099301,0
-0.12836813103573286,0
-0.11587962133532836,0
-0.2528370038350689,0
-0.600232102777791,0
-1.0,0
-1.0,1
-1.0,1
-1.0,1
-1.0,1
-1.0,1
-1.0,1
-1.0,1
-1.0,1
-1.0,1
-1.0,1
-1.0,1
-1.0,1
-1.0,1
-1.0,1
-1.0,1
-1.0,1
-1.0,1
-1.0,1
-1.0,2
-0.9608723658604192,2
-0.92739775243401,2
-0.8974466634220182,2
-0.8309226040773611,2
-0.7628822249001925,2
-0.7174408462444768,2
-0.6549320715226612,2
-0.5423300096200618,2
-0.4648970781860221,2
-0.37916547230516273,2
-0.2585057514809488,2
-0.14318674374638063,2
-0.04412453133931826,2
0.11919538343688663,2
0.25242705119866327,2
0.3648863059103091,2
0.49806341440405744,2
0.6701993173286023,2
0.8126039540503922,2
0.9271751876209824,2
0.9949725691015299,2
1.0,1
1.0,1
1.0,1
1.0,1
1.0,1
1.0,1
1.0,1
0.9947882367562431,1
1.0,1
1.0,1
1.0,1
1.0,1
1.0,1
0.9934953028285158,0
0.9558845222231931,0
0.931060605736062,0
0.8836844473730172,0
0.8587492471475646,0
0.8370535994921973,0
0.8339951903247782,0
0.8059710281938799,0
0.7908167397538901,0
0.7616093466320253,0
0.7137413146422884,0
0.7119032144888955,0
0.6766986311882899,0
0.6525190726289751,0
0.6095185493830644,0
0.610306028976572,0
0.5627552462872596,0
0.5003693243035037,0
0.47692199461311713,0
0.4723939186553694,0
0.41587586700067947,0
0.4072742623430705,0
0.3763752744445763,0
0.3469580601925657,0
0.35171948804190367,2
0.3789734616533458,2
0.37001070016364435,1
0.3694802025614896,2
0.3906854169956102,2
0.3892540575398904,2
0.4237886908813593,2
0.44153255514063106,2
0.45511334342499166,1
0.455326709690957,0
0.42953384735816313,0
0.4292038579198716,1
0.44304796722128925,1
0.43835570366814025,2
0.46941615356723654,2
0.48007250901697884,2
0.48751514606508684,1
0.48411156111571296,1
0.477646034280369,0
0.4616076535347542,1
0.4768506635001071,1
0.4767277633885203,1
0.4834349244467906,1
0.4876432614377897,1
0.47973791897335905,0
0.4559695775441652,0
0.45859613204819705,1
0.45919102570781334,0
0.42997851666313913,0
0.4152807932903879,1
0.4298055314189302,1
0.4306969064641848,1
0.434025404070824,1
0.43289364894877025,1
0.42302996972770623,1
0.4383712811563947,2
0.4602406032154793,1
0.4383348488323371,0
0.4349247323892771,0
0.4021218761695755,0
0.39100813611155716,1
0.38787311227492993,1
0.38556842630259625,1
0.3931641064297935,1
0.3862227180611013,1
0.38230434337934494,1
0.39093631451565836,1
0.3873308679179783,1
0.4022852318066532,1
0.3934816723710719,1
0.40750110136691564,2
0.4158340890339798,1
0.4197439578732014,1
0.41933211367001433,2
0.4491174446442394,2
0.4802911153786402,2
0.48451946903848664,1
0.47610231699088335,2
0.5176056505268039,2
0.513727396103755,1
0.524288070138009,1
0.5294084569593902,1
0.5391100719413544,1
0.536645364373872,1
0.5522536475023987,1
0.5458841746012026,1
0.5538499209648873,0
0.5233508256295385,0
0.496007161944243,0
0.4778622316880885,0
0.4713369094006279,0
0.45728567352063876,0
0.42159383582460963,0
0.3990040192341058,0
0.3810575544978829,0
0.3785847943188849,0
0.3423931421402435,0
0.2874506767456322,0
0.2912046465294389,1
0.2968688174515268,0
0.24618536400172442,0
0.23890294101674514,0
0.21100530484563818,0
0.20590108533370866,1
0.20948191465720778,0
0.18561440255449346,0
0.15005557264277902,0
0.11417622147515405,0
0.09727942737624717,0
0.0924420988517829,1
0.10070818216914312,2
0.11329625936754639,2
0.11721343486322144,2
0.1402072151419771,2
0.18041560487572128,2
0.21566074006877556,2
0.23954201676415487,2
0.259224447862175,1
0.25302593691924824,1
0.26802065806573916,1
0.25768038083086164,0
0.21494758661097357,0
0.19157632475874453,0
0.19571263909158665,0
0.07816611402608653,0
0.010589366196781302,0
-0.039540066275563945,0
-0.07484454546813357,0
-0.07207721974251513,1
-0.07434467033088643,1
-0.05653862128211817,2
-0.003119598482119623,2
0.018828566320069795,2
0.031663036625915186,1
0.021688191420964342,0
0.011155732661386697,0
-0.051334802753253195,0
-0.08719189234405911,0
-0.10573893599206652,1
-0.09310577026797107,0
-0.16245330371288524,0
-0.20386937150993278,0
-0.1869488956994092,2
-0.15803446770077456,2
-0.13181929703286066,1
-0.16522674131850756,2
-0.04169224742314814,2
0.06330691714466585,2
0.21973215889315423,2
0.28955410667478443,2
0.4324680960580447,2
0.4892413909036375,2
0.6193766234489546,2
0.6930154208354491,2
0.7572442335554737,2
0.8442888260921797,2
0.7924691504726555,1
0.8444009243176518,0
0.7201648006849444,0
0.6203990811518276,2
0.7493447379744196,2
0.7321121078437551,1
0.7573081041083216,2
0.7684013360431519,2
0.8108465978123682,1
0.7798241248189084,2
0.8341404272785224,2
0.811515919564546,0
0.7901506172432582,0
0.7597046901851043,0
0.7245123674606047,0
0.65666780919339,0
0.6176191043155508,0
0.5441229927974489,0
0.5740479721967373,1
0.5456086661224595,0
0.5264869968559311,2
0.5824635180419575,2
0.5846393493451554,1
0.589194984321312,2
0.6779450406521077,2
0.6460006486745447,1
0.6868551738097715,2
0.7931169648793677,2
0.8187204017812497,2
0.8617896371050826,2
0.8454634038102893,2
0.8984097454137612,2
0.9041487814078946,0
0.8607337109416204,0
0.850731671322932,1
0.8588100987936327,1
0.8473943884535555,0
0.8283779505301117,0
0.8101049373884472,2
0.8522946613293563,2
0.8390237917249439,1
0.8429924626527554,1
0.8432399978579808,2
0.866950257784745,2
0.9194229743273556,2
0.9598311379312938,2
1.0,2
1.0,0
0.9800898256606121,1
1.0,1
0.9725990084559364,0
0.934156403019629,0
0.9459080104558948,2
0.9938426784074457,1
0.9492807397749556,0
0.8874354062171605,0
0.8371513302942817,0
0.8384412433188086,1
0.8463693176429519,2
0.9575172480675549,2
0.9150229344492495,0
0.9351601490262469,2
0.9788265361937398,2
0.9613302390428331,2
1.0,2
1.0,1
1.0,1
1.0,0
0.9601874004525759,0
0.8934520962515566,0
0.8315072146311722,0
0.7813915169993164,0
0.7545779197646607,2
0.8213361193190751,2
0.7789277425388492,0
0.7808072033810651,2
0.8647048531352259,2
0.8728711776115337,1
0.8536290983190675,1
0.8722768248251251,2
0.9153806266949795,1
0.86460848846455,0
0.8061456478924944,0
0.7534568226011995,0
0.6484271019841437,0
0.49335738397881057,0
0.37185416355639145,0
0.37487179381984315,0
0.25875737577544555,0
0.19117511365458628,0
0.010390888813983201,0
-0.030468582333427086,0
-0.2071472978609843,0
-0.3028017777495111,0
-0.46197036900757515,0
-0.628751220971276,0
-0.797796179495276,1
-0.617138796046786,0
-0.8992302330740134,0
-1.0,0
-1.0,1
-1.0,1
-1.0,1
-1.0,1
-1.0,1
-1.0,1
-1.0,1
-1.0,1
-1.0,1
-1.0,1
-1.0,1
-1.0,1
-1.0,2
-0.9757167371576313,2
-0.9786793015867592,1
-0.9627689994749133,2
-0.9444919643907713,2
-0.924812949313476,2
-0.8842411623831841,2
-0.8313275676174227,2
-0.7917571542029807,2
-0.7161225931598123,2
-0.6433729588942118,2
-0.563463148353627,2
-0.4891908607072496,2
-0.3965817402864862,2
-0.2548094806405502,2
-0.20013495064103337,2
-0.10099100377411763,2
-0.028791507201872513,2
0.04709718874047342,2
0.12101121339592757,2
0.17147171836242814,2
0.2149709922149643,2
0.27285639819048946,2
0.34882829091925616,2
0.4163809214539145,2
0.46180284218009016,2
0.5024290579023141,2
0.5362141980320267,2
0.5920144528417373,2
0.6287497708871446,2
0.699495183787755,2
0.7609287075909459,2
0.8688896590122497,2
0.977203060640881,2
1.0,1
0.9746731476459598,0
0.9800094965922563,2
1.0,2
1.0,1
1.0,1
1.0,1
1.0,1
1.0,0
0.9677837102796212,0
0.9424015608403249,0
0.9318730327022113,0
0.9013661052613089,0
0.8499136398350577,0
0.8210108069376758,0
0.8009907611077145,1
0.8205400223889083,2
0.8199903978889669,1
0.8213606043915702,1
0.8107023021466004,1
0.8134928673921438,1
0.8226926162371286,1
0.8234727770311505,1
0.8093641303338821,1
0.8233675188307412,2
0.8292750274578646,2
0.8489877281153368,1
0.8371512892415549,1
0.8557756018938731,2
0.8881527659268096,0
0.8393696021201906,0
0.8622281436522277,2
0.864774055217663,1
0.8719815982137802,2
0.8880496579935702,1
0.8848317283392688,2
0.9208878183302471,2
0.9367285791361628,2
0.954583715951367,2
0.9698336205267046,1
0.9656657209527839,1
0.9602952832702392,1
0.9621345007087743,1
0.9609533079352577,0
0.9417317693030525,0
0.9280622062090202,0
0.9193995902897107,1
0.9169925688196876,0
0.8947421762433558,1
0.9140792953119623,0
0.8787774818567256,0
0.8528337789408453,1
0.8718953729769039,2
0.8760842603027079,2
0.8934129297081292,1
0.8879429599246753,1
0.8953815159925218,1
0.8990165641040084,1
0.8850215144481455,0
0.880647418078853,1
0.8770415535269329,0
0.8621328119623637,0
0.8409473499311135,0
0.8439218083138575,1
0.8472792860167067,1
0.854894645538185,2
0.8747192459086452,1
0.866753893454445,0
0.8520261271478793,0
0.8395198728979438,1
0.8417464387975913,1
0.8514197041272429,2
0.8617509226052655,2
0.8840472527075689,2
0.8956528215429196,2
0.9139011521131521,2
0.9157903024743159,1
0.9235614300197821,1
0.9167448589948679,0
0.9031332720623189,0
0.8976296179383354,0
0.8827240993906305,0
0.8708808664354295,1
0.8705907663103079,1
0.8651571794288491,1
0.8713520848518466,1
0.8529871583088415,0
0.8388699296139841,1
0.8426002665053536,1
0.8500176870202516,2
0.880906689761521,2
0.8860444504183598,1
0.8944883827358103,2
0.9141431835162255,2
0.9243582160502475,2
0.9299728354030408,1
0.9333159334921501,1
0.930201083164431,1
0.9287364651528123,0
0.904438045601095,0
0.9017037258141791,1
0.9116431522634525,1
0.9139687019697198,1
0.9254114560075044,1
0.9147213288548195,1
0.914901665230788,1
0.9261261170888293,1
0.9283258261038037,1
0.9407305600900564,1
0.9417153729198822,1
0.9449657615961697,1
0.9463958036930618,1
0.9508958408769479,1
0.9540083263875598,1
0.9612862703705511,1
0.9661661038576761,1
0.9470783193051227,0
0.9315892257320608,0
0.910923536818512,1
0.9161370483900391,1
0.9150188394081842,1
0.9300258825983372,1
0.9142220739878808,0
0.9100855756785837,1
0.9136154643104728,1
0.9076645061348247,1
0.8984322114259247,0
0.8894041318758177,0
0.8792884837978803,0
0.8650877487756139,0
0.8591280871269327,1
0.8500079541380554,1
0.8454247010397409,1
0.8424704040782021,1
0.842076858064537,1
0.8475666288752364,1
0.8564268050895558,2
0.8649245885287384,1
0.8713943821540209,1
0.8777957505962728,1
0.8833908696152657,1
0.8814944940677494,0
0.8671232032888618,0
0.8262160594353276,0
0.7572353725993035,0
0.6189096399602678,0
0.39367812539968505,0
-0.10889482243839821,0
-1.0,0
