-0.903503487942793893,1.000000000000000000
-0.888502419213804129,1.000000000000000000
-0.872626935856829156,1.000000000000000000
-0.852165633561976499,1.000000000000000000
-0.810912694557254676,1.000000000000000000
-0.744457182830382980,1.000000000000000000
-0.676544313390202712,1.000000000000000000
-0.551172687173308917,1.000000000000000000
-0.372753240191982638,1.000000000000000000
-0.211083691195616319,1.000000000000000000
0.066319491673629605,1.000000000000000000
0.193498241455025921,1.000000000000000000
0.300040806015972716,1.000000000000000000
0.393855779880690982,1.000000000000000000
0.513164798010220968,1.000000000000000000
0.632396090395041188,1.000000000000000000
0.731554709208557696,1.000000000000000000
0.893982084215844353,1.000000000000000000
0.960087830091522099,1.000000000000000000
1.000000000000000000,1.000000000000000000
1.000000000000000000,0.000000000000000000
1.000000000000000000,0.000000000000000000
1.000000000000000000,0.000000000000000000
1.000000000000000000,0.000000000000000000
1.000000000000000000,0.000000000000000000
1.000000000000000000,0.000000000000000000
1.000000000000000000,0.000000000000000000
1.000000000000000000,-1.000000000000000000
0.981631089735996332,-1.000000000000000000
0.914504805452233782,-1.000000000000000000
0.785069534933308111,-1.000000000000000000
0.643914804899428983,-1.000000000000000000
0.390414366604278751,-1.000000000000000000
0.276125944703736081,-1.000000000000000000
0.192478697276252220,-1.000000000000000000
0.112495755249670371,-1.000000000000000000
0.031691503391851672,-1.000000000000000000
-0.050629012769788484,-1.000000000000000000
-0.134213082517946392,-1.000000000000000000
-0.219771454745038564,-1.000000000000000000
-0.393257362173943914,-1.000000000000000000
-0.462926548050573761,-1.000000000000000000
-0.531237413821696869,-1.000000000000000000
-0.596199862588547402,-1.000000000000000000
-0.653817906133763005,-1.000000000000000000
-0.701232754467846497,-1.000000000000000000
-0.753433312010866496,-1.000000000000000000
-0.867927061369218267,0.000000000000000000
-0.884005780757658344,0.000000000000000000
-0.906923483933126384,0.000000000000000000
-0.924218373648589941,0.000000000000000000
-0.935606150347082388,0.000000000000000000
-0.937169797910398228,0.000000000000000000
-0.940328681876692940,0.000000000000000000
-0.971096211708403434,0.000000000000000000
-0.962504047320081768,0.000000000000000000
-0.978853263640999449,0.000000000000000000
-0.979871311009078760,0.000000000000000000
-0.976858418070947199,0.000000000000000000
-0.970047356907618008,0.000000000000000000
-0.964758768239621145,0.000000000000000000
-0.995352452382669450,0.000000000000000000
-0.989406796637739672,0.000000000000000000
-0.984134233996009522,0.000000000000000000
-0.975928908547481155,0.000000000000000000
-0.969294133673085145,0.000000000000000000
-0.958620800179491472,0.000000000000000000
-0.939838297394969380,0.000000000000000000
-0.957867576944958610,0.000000000000000000
-0.982371371106677271,0.000000000000000000
-0.958300279654158316,0.000000000000000000
-0.949854563811630137,0.000000000000000000
-0.940639598708302271,0.000000000000000000
-0.930206655608708521,0.000000000000000000
-0.910622851510853648,0.000000000000000000
-0.920799378190180873,0.000000000000000000
-0.954998918243227024,0.000000000000000000
-0.937370289349904295,0.000000000000000000
-0.932370169154707273,0.000000000000000000
-0.925879628516711128,0.000000000000000000
-0.919164723510981885,0.000000000000000000
-0.906536214812856067,0.000000000000000000
-0.915799257994983851,0.000000000000000000
-0.945880109297499105,0.000000000000000000
-0.937129898955904372,0.000000000000000000
-0.922706475315913099,0.000000000000000000
-0.914933852576584328,0.000000000000000000
-0.909949758407654019,0.000000000000000000
-0.898282811285527671,0.000000000000000000
-0.910895293957386776,0.000000000000000000
-0.954373903218827424,0.000000000000000000
-0.952450780066828484,0.000000000000000000
-0.945110860036699640,0.000000000000000000
-0.937242081139771033,0.000000000000000000
-0.930687436396708256,0.000000000000000000
-0.914837696418984381,0.000000000000000000
-0.917449938700449552,0.000000000000000000
-0.955575855188826706,0.000000000000000000
-0.958572722100691554,0.000000000000000000
-0.956136766108159675,0.000000000000000000
-0.951072541807896021,0.000000000000000000
-0.937322211271104266,0.000000000000000000
-0.915046034760450988,0.000000000000000000
-0.917257626385249658,0.000000000000000000
-0.954245695008694161,0.000000000000000000
-0.951248828096829202,0.000000000000000000
-0.938620319398703495,0.000000000000000000
-0.932466325312307220,0.000000000000000000
-0.929581640584308921,0.000000000000000000
-0.918507656434048858,0.000000000000000000
-0.924549468336578584,0.000000000000000000
-0.963108087534155444,0.000000000000000000
-0.961249068487223246,0.000000000000000000
-0.945799979166165872,0.000000000000000000
-0.940431260366835775,0.000000000000000000
-0.919565374167648275,0.000000000000000000
-0.906183642234989595,0.000000000000000000
-0.910238226880453860,0.000000000000000000
-0.947947466685897910,0.000000000000000000
-0.950175084336963183,0.000000000000000000
-0.939229308396836493,0.000000000000000000
-0.937418367428704213,0.000000000000000000
-0.920126285086981244,0.000000000000000000
-0.908443311938588294,0.000000000000000000
-0.912033141822319426,0.000000000000000000
-0.949822511759096821,0.000000000000000000
-0.950944333597762759,0.000000000000000000
-0.937402341402437500,0.000000000000000000
-0.935623452486838647,0.000000000000000000
-0.926392461357244179,0.000000000000000000
-0.908315103728455031,0.000000000000000000
-0.906311850445122857,0.000000000000000000
-0.938524163241103548,0.000000000000000000
-0.939004944029103283,0.000000000000000000
-0.923331490340312699,0.000000000000000000
-0.922081460291513388,0.000000000000000000
-0.915959518257650429,0.000000000000000000
-0.898250759232994356,0.000000000000000000
-0.904452831398190660,0.000000000000000000
-0.940960119233635428,0.000000000000000000
-0.940014583683902671,0.000000000000000000
-0.929822030978308733,0.000000000000000000
-0.927257866775643702,0.000000000000000000
-0.919308957747381750,0.000000000000000000
-0.913219067766052106,0.000000000000000000
-0.876904092245807232,1.000000000000000000
-0.818713590871575470,1.000000000000000000
-0.609125219356234537,1.000000000000000000
-0.338750130211463385,1.000000000000000000
-0.096885341795075242,1.000000000000000000
0.115363350080530891,1.000000000000000000
0.293684944349623889,1.000000000000000000
0.604028943003437568,1.000000000000000000
0.728166542464963040,1.000000000000000000
0.849179066804490512,1.000000000000000000
0.954277747061227366,1.000000000000000000
1.000000000000000000,1.000000000000000000
1.000000000000000000,0.000000000000000000
1.000000000000000000,0.000000000000000000
1.000000000000000000,0.000000000000000000
1.000000000000000000,0.000000000000000000
1.000000000000000000,0.000000000000000000
1.000000000000000000,0.000000000000000000
1.000000000000000000,-1.000000000000000000
0.970115362530667547,-1.000000000000000000
0.903938508117137385,-1.000000000000000000
0.830714621287257815,-1.000000000000000000
0.627694837396252092,-1.000000000000000000
0.514981468914756935,-1.000000000000000000
0.401224095630839939,-1.000000000000000000
0.286292216944197930,-1.000000000000000000
0.170238033094952224,-1.000000000000000000
0.066829357415044033,-1.000000000000000000
-0.038510727149344892,-1.000000000000000000
-0.127812287936524549,-1.000000000000000000
-0.244545074907344562,-1.000000000000000000
-0.306637260531398392,-1.000000000000000000
-0.363966174244401475,-1.000000000000000000
-0.416492665866262990,-1.000000000000000000
-0.472477423396147622,-1.000000000000000000
-0.544331053922848085,-1.000000000000000000
-0.606188338466356891,-1.000000000000000000
-0.670538184475648613,-1.000000000000000000
-0.691235579683666557,-1.000000000000000000
-0.713459831915226772,-1.000000000000000000
-0.752570861825964332,-1.000000000000000000
-0.788093125228376046,-1.000000000000000000
-0.836326147100276640,-1.000000000000000000
-0.889531241843712461,-1.000000000000000000
-0.911377042334394760,-1.000000000000000000
-0.938299316176854470,0.000000000000000000
-0.944458944511144760,0.000000000000000000
-0.949104765881923051,0.000000000000000000
-0.945881401054444848,0.000000000000000000
-0.949326616902437803,0.000000000000000000
-0.977110194706895641,0.000000000000000000
-0.977671347288197490,0.000000000000000000
-0.945046197212507155,0.000000000000000000
-0.928759722294722589,0.000000000000000000
-0.919376729132953985,0.000000000000000000
-0.909628334290337737,0.000000000000000000
-0.905595865740982386,0.000000000000000000
-0.935376102730072545,0.000000000000000000
-0.951923578848462681,0.000000000000000000
-0.939908214897428151,0.000000000000000000
-0.925931252696677642,0.000000000000000000
-0.918805486186472842,0.000000000000000000
-0.910633735601375505,0.000000000000000000
-0.898853339957899178,0.000000000000000000
-0.915118392322476937,0.000000000000000000
-0.946314867356144451,0.000000000000000000
-0.943720305383531577,0.000000000000000000
-0.931015459787477129,0.000000000000000000
-0.925234627619022643,0.000000000000000000
-0.929795735955203817,0.000000000000000000
-0.929611714293225422,0.000000000000000000
-0.927863508504429668,0.000000000000000000
-0.955926811956150257,0.000000000000000000
-0.970964010620678830,0.000000000000000000
-0.968867333135372322,0.000000000000000000
-0.962123461678049408,0.000000000000000000
-0.958890098650565847,0.000000000000000000
-0.952462964795935174,0.000000000000000000
-0.942670493912699192,0.000000000000000000
-0.956461777029925075,0.000000000000000000
-0.984902174271668485,0.000000000000000000
-0.980085123230723498,0.000000000000000000
-0.971005311953545114,0.000000000000000000
-0.965145666303738214,0.000000000000000000
-0.963984295093866517,0.000000000000000000
-0.955379590220726493,0.000000000000000000
-0.959246428453594646,0.000000000000000000
-0.990814609521924128,0.000000000000000000
-0.997413309578013108,0.000000000000000000
-0.988386287901283467,0.000000000000000000
-0.978752185819393605,0.000000000000000000
-0.975360453990563814,0.000000000000000000
-0.965488798706654827,0.000000000000000000
-0.959127651852585084,0.000000000000000000
-0.984031145864264767,0.000000000000000000
-1.000000000000000000,0.000000000000000000
-0.989205951242041359,0.000000000000000000
-0.981301751723682947,0.000000000000000000
-0.975508857585854261,0.000000000000000000
-0.969755550423910484,0.000000000000000000
-0.961125589680994930,0.000000000000000000
-0.982410187048461059,0.000000000000000000
-1.000000000000000000,0.000000000000000000
-0.989243211256492838,0.000000000000000000
-0.986205536195673638,0.000000000000000000
-0.980103885857058321,0.000000000000000000
-0.974501939641002068,0.000000000000000000
-0.961430731803537331,0.000000000000000000
-0.972292721414951711,0.000000000000000000
-0.994845157472549202,0.000000000000000000
-0.989427312775330359,0.000000000000000000
-0.985981984351370855,0.000000000000000000
-0.978210270234729395,0.000000000000000000
-0.973055427707278597,0.000000000000000000
-0.962942994279702758,0.000000000000000000
-0.976277204286935318,0.000000000000000000
-1.000000000000000000,0.000000000000000000
-0.991160845038975058,0.000000000000000000
-0.983937167136205715,0.000000000000000000
-0.980233390466058507,0.000000000000000000
-0.965877972379282523,0.000000000000000000
-0.954503963172376624,0.000000000000000000
-0.966547804330266547,0.000000000000000000
-0.995114166945763268,0.000000000000000000
-0.988494651194862017,0.000000000000000000
-0.981691260006435584,0.000000000000000000
-0.978210760653283162,0.000000000000000000
-0.964249361361203539,0.000000000000000000
-0.954477695252730185,0.000000000000000000
-0.970671867714756664,0.000000000000000000
-0.993590627606270149,0.000000000000000000
-0.983398674783453886,0.000000000000000000
-0.979261477439140493,0.000000000000000000
-0.972733899407001723,0.000000000000000000
-0.963513859611103474,0.000000000000000000
-0.947936983260768251,0.000000000000000000
-0.973535070956217941,0.000000000000000000
-0.990556682887107076,0.000000000000000000
-0.978276430452399204,0.000000000000000000
-0.978342100251515356,0.000000000000000000
-0.982886450350348384,0.000000000000000000
-0.991515461954201927,0.000000000000000000
-0.974165501027732361,0.000000000000000000
-0.996059812053034954,0.000000000000000000
-1.000000000000000000,0.000000000000000000
-0.986502278068827843,0.000000000000000000
-0.982156221688265663,0.000000000000000000
-0.971021914103018635,1.000000000000000000
-0.959585614684681176,1.000000000000000000
-0.944210291356468501,1.000000000000000000
-0.915114034742190885,1.000000000000000000
-0.789629863053268766,1.000000000000000000
-0.613214112209661044,1.000000000000000000
-0.449718359790443944,1.000000000000000000
-0.307926629114638750,1.000000000000000000
-0.185160383923530403,1.000000000000000000
-0.077677551502737585,1.000000000000000000
0.098987670855162024,1.000000000000000000
0.195204894893711955,1.000000000000000000
0.279893908956027282,1.000000000000000000
0.356481663843699614,1.000000000000000000
0.421514948595737904,1.000000000000000000
0.476227990703903536,1.000000000000000000
0.520778351124591365,1.000000000000000000
0.572694686256745689,1.000000000000000000
0.693727760927508763,1.000000000000000000
0.741455600635495760,1.000000000000000000
0.769317629758012655,1.000000000000000000
0.781473285699050946,1.000000000000000000
0.770283041645684063,-1.000000000000000000
0.714158593469680580,-1.000000000000000000
0.608795351494957337,-1.000000000000000000
0.289262576714433006,-1.000000000000000000
0.154616223757541471,-1.000000000000000000
0.027257278131099127,-1.000000000000000000
-0.091508166794060264,-1.000000000000000000
-0.216937656304497906,-1.000000000000000000
-0.333150282368481543,-1.000000000000000000
-0.433615578131841262,-1.000000000000000000
-0.552217761385646266,-1.000000000000000000
-0.745757051791054781,-1.000000000000000000
-0.811210140033988170,-1.000000000000000000
-0.857576454698596669,-1.000000000000000000
-0.907430632342137056,-1.000000000000000000
-0.961203090098179613,-1.000000000000000000
-0.977766728755575021,0.000000000000000000
-0.979043138186162842,0.000000000000000000
-0.981729534778446489,0.000000000000000000
-0.982916892388295604,0.000000000000000000
-0.978701772873331155,0.000000000000000000
-0.973017298316178447,0.000000000000000000
-0.992311859476226910,0.000000000000000000
-1.000000000000000000,0.000000000000000000
-0.983166676528016037,0.000000000000000000
-0.977752795692562571,0.000000000000000000
-0.966377729128453988,0.000000000000000000
-0.962132418200106532,0.000000000000000000
-0.947281225962960827,0.000000000000000000
-0.942118809537897173,0.000000000000000000
-0.974720430743742927,0.000000000000000000
-0.994660079285249354,0.000000000000000000
-0.988698893556594238,0.000000000000000000
-0.975415655878350440,0.000000000000000000
-0.964794982545411517,0.000000000000000000
-0.953271995739897071,0.000000000000000000
-0.939411869120170384,0.000000000000000000
-0.957724395006212648,0.000000000000000000
-0.986125081356132749,0.000000000000000000
-0.978388852730607606,0.000000000000000000
-0.971599313650079899,0.000000000000000000
-0.957236258209573365,0.000000000000000000
-0.950668599491154342,0.000000000000000000
-0.937370569788769870,0.000000000000000000
-0.936882432992130587,0.000000000000000000
-0.965860008283533578,0.000000000000000000
-0.971983906277735010,0.000000000000000000
-0.963744748831430131,0.000000000000000000
-0.955653511626531005,0.000000000000000000
-0.951289864505058924,0.000000000000000000
-0.940388142713448949,0.000000000000000000
-0.932193361339565651,0.000000000000000000
-0.961570321282764318,0.000000000000000000
-0.979927223241228385,0.000000000000000000
-0.967827347494231160,0.000000000000000000
-0.965534583752440723,0.000000000000000000
-0.952280930122477942,0.000000000000000000
-0.943302171469143858,0.000000000000000000
-0.932607538015502002,0.000000000000000000
-0.950387551032483291,0.000000000000000000
-0.975637536240459124,0.000000000000000000
-0.964084965386663550,0.000000000000000000
-0.957872315247618511,0.000000000000000000
-0.944248861014141183,0.000000000000000000
-0.937488905981894605,0.000000000000000000
-0.925684870717708996,0.000000000000000000
-0.938908940299390538,0.000000000000000000
-0.968256316194308075,0.000000000000000000
-0.961585113306904882,0.000000000000000000
-0.956319152712857279,0.000000000000000000
-0.953656588367552183,0.000000000000000000
-0.942177977634459540,0.000000000000000000
-0.931527720253239488,0.000000000000000000
-0.944574285545234038,0.000000000000000000
-0.973951245488432593,0.000000000000000000
-0.968729660966806683,0.000000000000000000
-0.964469558014318662,0.000000000000000000
-0.961141352582687403,0.000000000000000000
-0.948020827169989921,0.000000000000000000
-0.937858706585409152,0.000000000000000000
-0.949884622211703444,0.000000000000000000
-0.981628306017395369,0.000000000000000000
-0.976998402461392801,0.000000000000000000
-0.971732441867345087,0.000000000000000000
-0.970741376249926069,0.000000000000000000
-0.964543518135021594,0.000000000000000000
-0.948982308739127811,0.000000000000000000
-0.964750606472989714,0.000000000000000000
-0.995281344299153936,0.000000000000000000
-0.987811372108159280,0.000000000000000000
-0.981509969824270745,0.000000000000000000
-0.976184841133660774,0.000000000000000000
-0.964750606472989714,0.000000000000000000
-0.945683687355777791,0.000000000000000000
-0.968241524170167400,0.000000000000000000
-0.996346370037275886,0.000000000000000000
-0.987619075794331724,0.000000000000000000
-0.985666528607774706,0.000000000000000000
-0.982486243417549310,0.000000000000000000
-0.974661262647180671,0.000000000000000000
-0.967294834625170075,0.000000000000000000
-0.982323531152002882,0.000000000000000000
-1.000000000000000000,0.000000000000000000
-0.988969422590563529,0.000000000000000000
-0.986064310625778817,0.000000000000000000
-0.980490034876090322,0.000000000000000000
-0.970786665978484509,0.000000000000000000
-0.958738562043311204,0.000000000000000000
-0.954181812819359543,1.000000000000000000
-0.877262706178155605,1.000000000000000000
-0.704268450041659611,1.000000000000000000
-0.508446207501677461,1.000000000000000000
-0.313140101605184906,1.000000000000000000
-0.130825892363389706,1.000000000000000000
0.033747963103603285,1.000000000000000000
0.170819108853218049,1.000000000000000000
0.403139585468541561,1.000000000000000000
0.493507738362962023,1.000000000000000000
0.594611533441967710,1.000000000000000000
0.702882254484858748,1.000000000000000000
0.786865059761249874,1.000000000000000000
0.856189584362534450,1.000000000000000000
0.917949020446384489,1.000000000000000000
1.000000000000000000,1.000000000000000000
0.994143991461189591,-1.000000000000000000
0.895760163275903132,-1.000000000000000000
0.723094453379104385,-1.000000000000000000
0.522071815434765441,-1.000000000000000000
0.324150265756052436,-1.000000000000000000
0.165417817555044255,-1.000000000000000000
0.035042297401576494,-1.000000000000000000
-0.216016039116983194,-1.000000000000000000
-0.357324698365077409,-1.000000000000000000
-0.500494010572547499,-1.000000000000000000
-0.638629463223256755,-1.000000000000000000
-0.753542813047648585,-1.000000000000000000
-0.827420832101311898,-1.000000000000000000
-0.883024065887307863,-1.000000000000000000
-0.955719344300127616,-1.000000000000000000
-0.967200582716120638,0.000000000000000000
-0.977253878163290346,0.000000000000000000
-1.000000000000000000,0.000000000000000000
-1.000000000000000000,0.000000000000000000
-0.986261490585249034,0.000000000000000000
-0.984053003685591787,0.000000000000000000
-0.975950438112173968,0.000000000000000000
-0.965452954926790063,0.000000000000000000
-0.962269291993517961,0.000000000000000000
-0.991768367010368412,0.000000000000000000
-1.000000000000000000,0.000000000000000000
-0.987442252957077660,0.000000000000000000
-0.986498276527883022,0.000000000000000000
-0.977115722928615371,0.000000000000000000
-0.960696254129896898,0.000000000000000000
-0.944891800277471883,0.000000000000000000
-0.957306520588698029,0.000000000000000000
-0.985611510791366885,0.000000000000000000
-0.976186049172590331,0.000000000000000000
-0.969578214168228092,0.000000000000000000
-0.964586581232032225,0.000000000000000000
-0.953816668335311868,0.000000000000000000
-0.934794113019723372,0.000000000000000000
-0.934036071341733720,0.000000000000000000
-0.966960824978188471,0.000000000000000000
-0.976986998870088774,0.000000000000000000
-0.966803495573322680,0.000000000000000000
-0.964343435788148851,0.000000000000000000
-0.953730852296294174,0.000000000000000000
-0.937754766365833770,0.000000000000000000
-0.923938384083985320,0.000000000000000000
-0.936910908648826424,0.000000000000000000
-0.968462605660998066,0.000000000000000000
-0.965001358753951100,0.000000000000000000
-0.957535363359411917,0.000000000000000000
-0.952572335769555356,0.000000000000000000
-0.943103966131269900,0.000000000000000000
-0.930517613742008365,0.000000000000000000
-0.923294763791352557,0.000000000000000000
-0.949697498462462653,0.000000000000000000
-0.969935780997468466,0.000000000000000000
-0.958608063847133041,0.000000000000000000
-0.952429309037859162,0.000000000000000000
-0.939385271107169961,0.000000000000000000
-0.909750132299726788,0.000000000000000000
-0.892729951227884455,0.000000000000000000
-0.897464136047027239,0.000000000000000000
-0.927957435244647244,0.000000000000000000
-0.925011084571706443,0.000000000000000000
-0.915413990874894501,0.000000000000000000
-0.914040934250611392,0.000000000000000000
-0.908448589041291776,0.000000000000000000
-0.897206687929974156,0.000000000000000000
-0.890284194115880223,0.000000000000000000
-0.911852625255660243,0.000000000000000000
-0.938083727848734950,0.000000000000000000
-0.931061115322453725,0.000000000000000000
-0.927671381781254967,0.000000000000000000
-0.923437790523048752,0.000000000000000000
-0.910408055265529148,0.000000000000000000
-0.900753750876038706,0.000000000000000000
-0.901683424632063746,0.000000000000000000
-0.933478267088118763,0.000000000000000000
-0.940887051789979556,0.000000000000000000
-0.927056366834961398,0.000000000000000000
-0.923966989430324515,0.000000000000000000
-0.915728649684626084,0.000000000000000000
-0.903499864124604923,0.000000000000000000
-0.892815767266902149,0.000000000000000000
-0.909306749431468719,0.000000000000000000
-0.941802422872834888,0.000000000000000000
-0.938198149234091838,0.000000000000000000
-0.931776248980934585,0.000000000000000000
-0.927099274854470301,0.000000000000000000
-0.915185148104180612,0.000000000000000000
-0.906031437275626850,0.000000000000000000
-0.899938498505370665,0.000000000000000000
-0.928815595634824187,0.000000000000000000
-0.947208833330949518,0.000000000000000000
-0.933521175107627554,1.000000000000000000
-0.895862236652030242,1.000000000000000000
-0.777007022612526299,1.000000000000000000
-0.422815624240170496,1.000000000000000000
-0.261696010984452943,1.000000000000000000
-0.119827795815037885,1.000000000000000000
0.012815195159975312,1.000000000000000000
0.145086316632578649,1.000000000000000000
0.264170373442796480,1.000000000000000000
0.384613184204127823,1.000000000000000000
0.623238983365991039,1.000000000000000000
0.736258706752292102,1.000000000000000000
0.813936524736473155,1.000000000000000000
0.894060099832658661,1.000000000000000000
0.971308837621751575,1.000000000000000000
1.000000000000000000,1.000000000000000000
1.000000000000000000,1.000000000000000000
1.000000000000000000,-1.000000000000000000
0.933976747803621166,-1.000000000000000000
0.768127312200301615,-1.000000000000000000
0.559209235950952621,-1.000000000000000000
0.364967502384060172,-1.000000000000000000
0.205380874764130139,-1.000000000000000000
0.069398134684188095,-1.000000000000000000
-0.040870570889440461,-1.000000000000000000
-0.239508443969511098,-1.000000000000000000
-0.342608060490879662,-1.000000000000000000
-0.459220733546602422,-1.000000000000000000
-0.567406345320140337,-1.000000000000000000
-0.663079867710017146,-1.000000000000000000
-0.741263518129003041,-1.000000000000000000
-0.801659711748513804,-1.000000000000000000
-0.868602771596880707,-1.000000000000000000
-0.936655011260880466,0.000000000000000000
-0.949099467728954371,0.000000000000000000
-0.956674354274738459,0.000000000000000000
-0.960164212719046062,0.000000000000000000
-0.961530397613910681,0.000000000000000000
-0.954577733891530333,0.000000000000000000
-0.970119777893505231,0.000000000000000000
-0.989949748743718549,0.000000000000000000
-0.983659887594094284,0.000000000000000000
-0.979331380996503409,0.000000000000000000
-0.969118810742812364,0.000000000000000000
-0.961043440621681788,0.000000000000000000
-0.950330386792644255,0.000000000000000000
-0.945325551039179701,0.000000000000000000
-0.973420264174168270,0.000000000000000000
-0.975570990889846223,0.000000000000000000
-0.973393211007933301,0.000000000000000000
-0.964857937060808801,0.000000000000000000
-0.957607688509844013,0.000000000000000000
-0.949627004470535718,0.000000000000000000
-0.938183515153154790,0.000000000000000000
-0.940983517858471341,0.000000000000000000
-0.977004808700298266,0.000000000000000000
-0.966454073868670438,0.000000000000000000
-0.963748757245176058,0.000000000000000000
-0.955835706121455186,0.000000000000000000
-0.951304300777102152,0.000000000000000000
-0.943283036988441514,0.000000000000000000
-0.933313945230864972,0.000000000000000000
-0.944311057305369350,0.000000000000000000
-0.972365190691005465,0.000000000000000000
-0.965304314303685351,0.000000000000000000
-0.963275326836064538,0.000000000000000000
-0.956917832770852961,0.000000000000000000
-0.954361308561650801,0.000000000000000000
-0.945961300445700926,0.000000000000000000
-0.936019261854359241,0.000000000000000000
-0.978722684756217154,0.000000000000000000
-0.974624130071623296,0.000000000000000000
-0.968685960083053188,0.000000000000000000
-0.965047309224453365,0.000000000000000000
-0.957756480924136122,0.000000000000000000
-0.953130389497960917,0.000000000000000000
-0.943999945893667536,0.000000000000000000
-0.938738105060971106,0.000000000000000000
-0.986284044718883757,0.000000000000000000
-0.978154568265283353,0.000000000000000000
-0.976301426378189730,0.000000000000000000
-0.983237489294016886,0.000000000000000000
-0.978288945987465519,0.000000000000000000
-0.974319235422869356,0.000000000000000000
-0.965088298870263928,0.000000000000000000
-1.000000000000000000,0.000000000000000000
-1.000000000000000000,0.000000000000000000
-0.987293846726946422,0.000000000000000000
-0.982810118866199289,0.000000000000000000
-0.974790883538216635,0.000000000000000000
-0.970686443834874235,0.000000000000000000
-0.962450472416946035,0.000000000000000000
-0.957072708185173870,0.000000000000000000
-0.994310677638931217,0.000000000000000000
-0.971160554031629930,1.000000000000000000
-0.930590267194960852,1.000000000000000000
-0.837434386535270470,1.000000000000000000
-0.683714314741440621,1.000000000000000000
-0.525036404890108055,1.000000000000000000
-0.395536591147685357,1.000000000000000000
-0.187104202648244122,1.000000000000000000
-0.077449287141454159,1.000000000000000000
0.022777608452707598,1.000000000000000000
0.118872972332283444,1.000000000000000000
0.210606522401706853,1.000000000000000000
0.299820515425513801,1.000000000000000000
0.394561278742930677,1.000000000000000000
0.467682617088286179,1.000000000000000000
0.624531816180703636,1.000000000000000000
0.702529716549832317,1.000000000000000000
0.759341664126790716,1.000000000000000000
0.800101595042161939,1.000000000000000000
0.824362491110433915,1.000000000000000000
0.803054624267669048,-1.000000000000000000
0.710061295675437743,-1.000000000000000000
0.429455789224152618,-1.000000000000000000
0.279271224897558401,-1.000000000000000000
0.156747604050255784,-1.000000000000000000
0.054041789427342612,-1.000000000000000000
-0.038937993159267159,-1.000000000000000000
-0.143662162619797473,-1.000000000000000000
-0.230464966642961122,-1.000000000000000000
-0.300294625622269606,-1.000000000000000000
-0.445927732060008797,-1.000000000000000000
-0.515134274780724044,-1.000000000000000000
-0.578353483016695424,-1.000000000000000000
-0.645352026821091052,-1.000000000000000000
-0.724149141521893691,-1.000000000000000000
-0.779416844457990421,-1.000000000000000000
-0.814311354939212251,-1.000000000000000000
-0.879440549967828278,-1.000000000000000000
-0.902252023434589767,-1.000000000000000000
-0.916895255511531060,-1.000000000000000000
-0.926011717294862646,-1.000000000000000000
-0.954580243150800922,0.000000000000000000
-0.986792644518947437,0.000000000000000000
-0.987889870974296480,0.000000000000000000
-0.988160791086728274,0.000000000000000000
-0.981306512242202555,0.000000000000000000
-0.973165362863625538,0.000000000000000000
-0.962572386467540397,0.000000000000000000
-0.955325273459988522,0.000000000000000000
-0.979084967320261401,0.000000000000000000
-0.992522604896881044,0.000000000000000000
-0.980100917741880906,0.000000000000000000
-0.973097632835517645,0.000000000000000000
-0.965958887872938488,0.000000000000000000
-0.959944461376951441,0.000000000000000000
-0.948172982491787719,0.000000000000000000
-0.949324392969623121,0.000000000000000000
-0.980859494056690040,0.000000000000000000
-0.986359172339056567,0.000000000000000000
-0.973896847167191604,0.000000000000000000
-0.960283111517491239,0.000000000000000000
-0.955867113684852221,0.000000000000000000
-0.946479731789088730,0.000000000000000000
-0.936780791764028620,0.000000000000000000
-0.956246401842256732,0.000000000000000000
-0.974425141386433658,0.000000000000000000
-0.965674421754885048,0.000000000000000000
-0.957275898269497771,0.000000000000000000
-0.950394527413728873,0.000000000000000000
-0.944122726810931678,0.000000000000000000
-0.932879542145010010,0.000000000000000000
-0.944434284940228297,0.000000000000000000
-0.975210809712486082,0.000000000000000000
-0.971986860374547068,0.000000000000000000
-0.964080580538511089,0.000000000000000000
-0.947311756101545166,0.000000000000000000
-0.942114212312238686,0.000000000000000000
-0.930917217977561440,0.000000000000000000
-0.941742959184431072,0.000000000000000000
-0.975987347693404339,0.000000000000000000
-0.974502335182173884,0.000000000000000000
-0.968992938765509071,0.000000000000000000
-0.958122647183302534,0.000000000000000000
-0.952375648764840821,0.000000000000000000
-0.942069661936901781,0.000000000000000000
-0.957781094305719560,0.000000000000000000
-0.986278484396231003,0.000000000000000000
-0.976492251947222667,0.000000000000000000
-0.968354383385680029,0.000000000000000000
-0.956607934421847550,0.000000000000000000
-0.924635615055056870,0.000000000000000000
-0.906681813794281255,0.000000000000000000
-0.916171043741043523,0.000000000000000000
-0.911329902954432391,0.000000000000000000
-0.872912629288901787,0.000000000000000000
-0.850191937867076586,0.000000000000000000
-0.833604348116632865,0.000000000000000000
-0.823446862539816915,0.000000000000000000
-0.824813074050148920,0.000000000000000000
-0.827099993317443660,1.000000000000000000
-0.750755500115088514,1.000000000000000000
-0.612085031816393066,1.000000000000000000
-0.470058435242316941,1.000000000000000000
-0.338842729749998184,1.000000000000000000
-0.215393639691414451,1.000000000000000000
-0.005724723230793205,1.000000000000000000
0.074213500248739628,1.000000000000000000
0.155577335739053524,1.000000000000000000
0.224571017010818386,1.000000000000000000
0.280912391686899854,1.000000000000000000
0.323220398131854214,0.000000000000000000
0.353648304486965381,0.000000000000000000
0.316567542081542141,0.000000000000000000
0.329368349928348181,0.000000000000000000
0.338902130250447353,0.000000000000000000
0.311815502045604820,-1.000000000000000000
0.261859681167813774,-1.000000000000000000
0.189688073122016077,-1.000000000000000000
0.098196452305110649,-1.000000000000000000
-0.011887525152399436,-1.000000000000000000
-0.172773780619101758,-1.000000000000000000
-0.234045396832468278,-1.000000000000000000
-0.298183087192509633,-1.000000000000000000
-0.354301709991906688,-1.000000000000000000
-0.398094728948091392,-1.000000000000000000
-0.450248368342503258,-1.000000000000000000
-0.500664543098775616,-1.000000000000000000
-0.539334268891215385,-1.000000000000000000
-0.579429606694436439,-1.000000000000000000
-0.619242792120523688,-1.000000000000000000
-0.653576281380170654,-1.000000000000000000
-0.683410182730789462,-1.000000000000000000
-0.724322277415187177,-1.000000000000000000
-0.761922794199541120,0.000000000000000000
-0.768946903377660917,0.000000000000000000
-0.789113373280169839,0.000000000000000000
-0.802582436757029671,0.000000000000000000
-0.796048381707615826,0.000000000000000000
-0.784108881117323353,0.000000000000000000
-0.780930954343290296,0.000000000000000000
-0.803414043763318708,0.000000000000000000
-0.809339243683128040,0.000000000000000000
-0.789959830411571251,0.000000000000000000
-0.788453660462240857,0.000000000000000000
-0.784729515339753769,0.000000000000000000
-0.782643994071160920,0.000000000000000000
-0.765036235932041730,0.000000000000000000
-0.752686970705874425,0.000000000000000000
-0.781616130017354527,0.000000000000000000
-0.793712153375192742,0.000000000000000000
-0.774661328442446395,0.000000000000000000
-0.767101329337120830,0.000000000000000000
-0.761718371394275562,0.000000000000000000
-0.755843342503746518,0.000000000000000000
-0.744615178152049917,0.000000000000000000
-0.744630089392888772,0.000000000000000000
-0.778076002594555893,0.000000000000000000
-0.781147718207370612,0.000000000000000000
-0.779865351495224735,0.000000000000000000
-0.774527127274896143,0.000000000000000000
-0.762777069493837945,0.000000000000000000
-0.749386775220499901,0.000000000000000000
-0.737920031015380951,0.000000000000000000
-0.730807369135222595,0.000000000000000000
-0.757647602645254103,0.000000000000000000
-0.770262512394968901,0.000000000000000000
-0.767951270064938463,0.000000000000000000
-0.773200026840233479,0.000000000000000000
-0.783742274113340409,0.000000000000000000
-0.781462649184483271,0.000000000000000000
-0.770131037720086842,0.000000000000000000
-0.733991274029759833,0.000000000000000000
-0.762757357248607382,0.000000000000000000
-0.731484956181982726,0.000000000000000000
-0.720889163594622628,1.000000000000000000
-0.700602635703406085,1.000000000000000000
-0.647822343877618612,1.000000000000000000
-0.593320235756385150,1.000000000000000000
-0.550032008123440996,1.000000000000000000
-0.568022780954062778,1.000000000000000000
-0.413986446215315329,1.000000000000000000
-0.203637888788327004,1.000000000000000000
-0.042846736275137465,1.000000000000000000
0.099644599456965688,1.000000000000000000
0.233306108032935278,1.000000000000000000
0.365245800313458879,1.000000000000000000
0.482395532107458891,1.000000000000000000
0.692986909781241112,1.000000000000000000
0.828193638109534058,1.000000000000000000
0.952848722986247454,1.000000000000000000
1.000000000000000000,1.000000000000000000
1.000000000000000000,0.000000000000000000
1.000000000000000000,0.000000000000000000
1.000000000000000000,0.000000000000000000
1.000000000000000000,0.000000000000000000
1.000000000000000000,0.000000000000000000
1.000000000000000000,0.000000000000000000
1.000000000000000000,0.000000000000000000
1.000000000000000000,0.000000000000000000
1.000000000000000000,0.000000000000000000
0.995287542952082438,-1.000000000000000000
0.919208548880413812,-1.000000000000000000
0.573552845221462881,-1.000000000000000000
0.418932900351168591,-1.000000000000000000
0.285488804138503971,-1.000000000000000000
0.160563380281690149,-1.000000000000000000
0.049926367858626364,-1.000000000000000000
-0.052765925310576556,-1.000000000000000000
-0.167481025563569030,-1.000000000000000000
-0.258694256692972857,-1.000000000000000000
-0.411411093909300307,-1.000000000000000000
-0.486130725370992667,-1.000000000000000000
-0.549869727749877302,-1.000000000000000000
-0.591632367934146419,-1.000000000000000000
-0.617611297813691840,-1.000000000000000000
-0.660854132839935104,0.000000000000000000
-0.679220632103613609,0.000000000000000000
-0.678722199146622351,0.000000000000000000
-0.701514178907223451,0.000000000000000000
-0.713431257788014972,0.000000000000000000
-0.726239474379790861,0.000000000000000000
-0.732598270588679545,0.000000000000000000
-0.764135483140127691,0.000000000000000000
-0.793799796095608468,0.000000000000000000
-0.794751349922591888,0.000000000000000000
-0.806426764339387536,0.000000000000000000
-0.811924630895291322,0.000000000000000000
-0.810746516633311876,0.000000000000000000
-0.798784125665521261,0.000000000000000000
-0.807061133557376409,0.000000000000000000
-0.831967677377940529,0.000000000000000000
-0.828614582939999234,0.000000000000000000
-0.832390590189933111,0.000000000000000000
-0.834052033379904079,0.000000000000000000
-0.832617150624929137,0.000000000000000000
-0.818872484235169784,0.000000000000000000
-0.830201281156076387,0.000000000000000000
-0.868590329857935495,0.000000000000000000
-0.878359416333760135,0.000000000000000000
-0.906910746585168126,0.000000000000000000
-0.917678199445549514,0.000000000000000000
-0.914357761523642454,0.000000000000000000
-0.910322844042459667,0.000000000000000000
-0.955682355486812907,0.000000000000000000
-1.000000000000000000,0.000000000000000000
-1.000000000000000000,0.000000000000000000
-0.989812914906457397,0.000000000000000000
-0.991068195534097751,0.000000000000000000
-0.992468316234158099,0.000000000000000000
-0.983906658619995933,0.000000000000000000
-0.982249044457855547,0.000000000000000000
-1.000000000000000000,0.000000000000000000
-1.000000000000000000,0.000000000000000000
-0.992225046119252885,0.000000000000000000
-0.989263912971188319,0.000000000000000000
-0.985669382358297153,0.000000000000000000
-0.975249994061898717,0.000000000000000000
-0.968963524223494299,0.000000000000000000
-0.997719769126624079,0.000000000000000000
-1.000000000000000000,0.000000000000000000
-0.984796697267983911,0.000000000000000000
-0.975561046075637650,0.000000000000000000
-0.956647695428747391,0.000000000000000000
-0.949132874971385210,0.000000000000000000
-0.965093974724311909,0.000000000000000000
-0.995563729940086684,0.000000000000000000
-0.991979981528697596,0.000000000000000000
-0.987543711468784280,0.000000000000000000
-0.985680793792379384,0.000000000000000000
-0.979618417625095717,0.000000000000000000
-0.962504834902867756,0.000000000000000000
-0.977013490365716053,1.000000000000000000
-0.925562230133482822,1.000000000000000000
-0.788779867859144446,1.000000000000000000
-0.605898186812753092,1.000000000000000000
-0.438425045191541130,1.000000000000000000
-0.288949582816952599,1.000000000000000000
-0.058216177387652612,1.000000000000000000
0.051017105689003195,1.000000000000000000
0.156508765974913810,1.000000000000000000
0.251407055406013491,1.000000000000000000
0.337874852979484164,1.000000000000000000
0.414570226470797110,1.000000000000000000
0.484066528263460860,1.000000000000000000
0.553657554683738118,1.000000000000000000
0.706843064973200930,1.000000000000000000
0.783443713836899924,1.000000000000000000
0.845125233851424351,1.000000000000000000
0.802609663490760461,-1.000000000000000000
0.634489236914187460,-1.000000000000000000
0.428589471357640805,-1.000000000000000000
0.255922262655605026,-1.000000000000000000
-0.022315543522019476,-1.000000000000000000
-0.141842236132709187,-1.000000000000000000
-0.252891074571963137,-1.000000000000000000
-0.365581806556522948,-1.000000000000000000
-0.469052674786672230,-1.000000000000000000
-0.557604414167646834,-1.000000000000000000
-0.640504250767664152,-1.000000000000000000
-0.715131469889409010,-1.000000000000000000
-0.835542259024494194,-1.000000000000000000
-0.897539527797731385,-1.000000000000000000
-0.971677336343471532,-1.000000000000000000
-1.000000000000000000,0.000000000000000000
-1.000000000000000000,0.000000000000000000
-1.000000000000000000,0.000000000000000000
-1.000000000000000000,0.000000000000000000
-1.000000000000000000,0.000000000000000000
-1.000000000000000000,0.000000000000000000
-1.000000000000000000,0.000000000000000000
-0.983793198824857384,0.000000000000000000
-0.980922621494942804,0.000000000000000000
-0.980010615155751275,0.000000000000000000
-0.975570190848539687,0.000000000000000000
-0.967302330101442065,0.000000000000000000
-0.980294682704024090,0.000000000000000000
-1.000000000000000000,0.000000000000000000
-0.985241889754379652,0.000000000000000000
-0.978317963410630598,0.000000000000000000
-0.970722535589578328,0.000000000000000000
-0.963395708359447323,0.000000000000000000
-0.955845047303548467,0.000000000000000000
-0.962440684036171556,0.000000000000000000
-0.992941773360790259,0.000000000000000000
-0.984018264840182622,0.000000000000000000
-0.978914853612677938,0.000000000000000000
-0.973438386008893652,0.000000000000000000
-0.966633837705554111,0.000000000000000000
-0.962067627659891955,0.000000000000000000
-0.951129614707374560,0.000000000000000000
-0.997134927030172813,0.000000000000000000
-0.995314411913928443,0.000000000000000000
-0.986972871340316971,0.000000000000000000
-0.982645417375473729,0.000000000000000000
-0.975945324857492413,0.000000000000000000
-0.969319843614767085,0.000000000000000000
-0.954054376697406559,0.000000000000000000
-0.990240845196526109,0.000000000000000000
-0.993926642194168375,0.000000000000000000
-0.985018055928611913,0.000000000000000000
-0.984227176410899185,0.000000000000000000
-0.978094129584862859,0.000000000000000000
-0.975273823380189198,0.000000000000000000
-0.966141403288864997,0.000000000000000000
-0.959232399200167118,0.000000000000000000
-1.000000000000000000,0.000000000000000000
-0.984786407406030406,0.000000000000000000
-0.977410120087742085,0.000000000000000000
-0.962940104844406397,0.000000000000000000
-0.952181139275413035,0.000000000000000000
-0.935958988972865780,0.000000000000000000
-0.910086224182875436,0.000000000000000000
-0.883408863043914194,1.000000000000000000
-0.779635051132945622,1.000000000000000000
-0.642061359534790377,1.000000000000000000
-0.496498897132544581,1.000000000000000000
-0.360994585923400835,1.000000000000000000
-0.235805093242430264,1.000000000000000000
-0.120128333667535614,1.000000000000000000
-0.029909765390013998,1.000000000000000000
0.152003208341688456,1.000000000000000000
0.241403649488670435,1.000000000000000000
0.320601564066573141,1.000000000000000000
0.402735111289352243,1.000000000000000000
0.474072588730699795,1.000000000000000000
0.526368558251453678,1.000000000000000000
0.565317826348506136,1.000000000000000000
0.676534990976539019,1.000000000000000000
0.729825546420693749,1.000000000000000000
0.780116302386204108,1.000000000000000000
0.802895528373771761,-1.000000000000000000
0.727082414277120614,-1.000000000000000000
0.529961900942450326,-1.000000000000000000
0.322558652496490961,-1.000000000000000000
0.173595347904551778,-1.000000000000000000
-0.078435933426910021,-1.000000000000000000
-0.194930820132344085,-1.000000000000000000
-0.303661519951874848,-1.000000000000000000
-0.405734910767996837,-1.000000000000000000
-0.513102065369961835,-1.000000000000000000
-0.605807098455985571,-1.000000000000000000
-0.669765390014036566,-1.000000000000000000
-0.776763585321836758,-1.000000000000000000
-0.820525365951473851,-1.000000000000000000
-0.850956486865851236,-1.000000000000000000
-0.879863645478243472,-1.000000000000000000
-0.932496490876278283,-1.000000000000000000
-0.966216162021255265,0.000000000000000000
-0.968093041908963281,0.000000000000000000
-0.977365149388409904,0.000000000000000000
-0.984888710647684018,0.000000000000000000
-0.980621616202125512,0.000000000000000000
-0.985017044315219525,0.000000000000000000
-1.000000000000000000,0.000000000000000000
-1.000000000000000000,0.000000000000000000
-0.988926853961022534,0.000000000000000000
-0.991473677549987387,0.000000000000000000
-0.986237661351556549,0.000000000000000000
-0.975433434573525715,0.000000000000000000
-0.968837003290306198,0.000000000000000000
-1.000000000000000000,0.000000000000000000
-1.000000000000000000,0.000000000000000000
-0.982628463920354300,0.000000000000000000
-0.981954297808960153,0.000000000000000000
-0.974209226668757089,0.000000000000000000
-0.958013561713636164,0.000000000000000000
-0.947226903931329134,0.000000000000000000
-0.964159448124485507,0.000000000000000000
-1.000000000000000000,0.000000000000000000
-0.992835979997178320,0.000000000000000000
-0.986471445815240378,0.000000000000000000
-0.982332930977724117,0.000000000000000000
-0.968083271934912393,0.000000000000000000
-0.958081861077581420,0.000000000000000000
-0.957188318101299562,0.000000000000000000
-0.993368970544434182,0.000000000000000000
-1.000000000000000000,0.000000000000000000
-0.985907341946382187,0.000000000000000000
-0.983873995057402917,0.000000000000000000
-0.974770857446741967,0.000000000000000000
-0.965636437576250506,0.000000000000000000
-0.957080739512622403,0.000000000000000000
-0.982137829636812953,0.000000000000000000
-1.000000000000000000,0.000000000000000000
-0.990611131405299106,0.000000000000000000
-0.988263914256623854,0.000000000000000000
-0.983414035114990370,0.000000000000000000
-0.970698646852630520,0.000000000000000000
-0.958729393842829736,0.000000000000000000
-0.960579187489798980,0.000000000000000000
-0.997917039086606117,0.000000000000000000
-1.000000000000000000,0.000000000000000000
-0.984969410887860608,0.000000000000000000
-0.981553367907828989,0.000000000000000000
-0.967687338902518568,1.000000000000000000
-0.924334647992298364,1.000000000000000000
-0.881696220614266668,1.000000000000000000
-0.842535544084179744,1.000000000000000000
-0.728829269548649572,1.000000000000000000
-0.603422676519306256,1.000000000000000000
-0.508518070324502025,1.000000000000000000
-0.395761991812353608,1.000000000000000000
-0.136846983701949032,1.000000000000000000
-0.016006248015311031,1.000000000000000000
0.081644738536007511,1.000000000000000000
0.182230919093351096,1.000000000000000000
0.292910047460885448,1.000000000000000000
0.386149660564552910,1.000000000000000000
0.473141258357149708,1.000000000000000000
0.550366041006891793,1.000000000000000000
0.656410652522807725,1.000000000000000000
0.673455375610426010,1.000000000000000000
0.682758739068118903,-1.000000000000000000
0.593346893586343516,-1.000000000000000000
0.388569908253731278,-1.000000000000000000
0.191414128410446471,-1.000000000000000000
0.030287425869186535,-1.000000000000000000
-0.245964108241715773,-1.000000000000000000
-0.376829132229631769,-1.000000000000000000
-0.481328904795008450,-1.000000000000000000
-0.568715294763854184,-1.000000000000000000
-0.644978844288816244,-1.000000000000000000
-0.707853789575770054,-1.000000000000000000
-0.755125861462275894,-1.000000000000000000
-0.804440553738939412,-1.000000000000000000
-0.899379489688200029,0.000000000000000000
-0.906502913737909477,0.000000000000000000
-0.916595861548100244,0.000000000000000000
-0.922414754928465364,0.000000000000000000
-0.924835002617643731,0.000000000000000000
-0.920131826257112651,0.000000000000000000
-0.936455624501145723,0.000000000000000000
-0.971197336011054180,0.000000000000000000
-0.968313636636713992,0.000000000000000000
-0.973703408086373678,0.000000000000000000
-0.967094930353510684,0.000000000000000000
-0.959027438056249348,0.000000000000000000
-0.943407399778573130,0.000000000000000000
-0.955628792365062596,0.000000000000000000
-0.994799042199850714,0.000000000000000000
-0.972038414995236799,0.000000000000000000
-0.961602169640481619,0.000000000000000000
-0.946291099152913318,0.000000000000000000
-0.935597380639734966,0.000000000000000000
-0.913712162173760056,0.000000000000000000
-0.906949200545843048,0.000000000000000000
-0.936695932782340757,0.000000000000000000
-0.906657397632963491,0.000000000000000000
-0.901181801797162674,0.000000000000000000
-0.882678064145146157,0.000000000000000000
-0.868585699940781164,0.000000000000000000
-0.850905876395719130,0.000000000000000000
-0.842289108027154843,0.000000000000000000
-0.872516456826042619,0.000000000000000000
-0.885029652325411753,0.000000000000000000
-0.865066900108997006,0.000000000000000000
-0.850940206150175515,0.000000000000000000
-0.835783619557661117,0.000000000000000000
-0.820060592016615630,0.000000000000000000
-0.806671987778607380,0.000000000000000000
-0.832453633375387247,1.000000000000000000
-0.845292961542092547,1.000000000000000000
-0.737222894513247073,1.000000000000000000
-0.662916140992301561,1.000000000000000000
-0.598513521632036527,1.000000000000000000
-0.541869426778925023,1.000000000000000000
-0.501531965292618231,1.000000000000000000
-0.504758962211522721,1.000000000000000000
-0.501686449187672245,1.000000000000000000
-0.462722177879622665,1.000000000000000000
-0.425749032330046240,1.000000000000000000
-0.430658187217315969,1.000000000000000000
-0.444338594368203776,1.000000000000000000
-0.447874559077216183,1.000000000000000000
-0.482942403254460695,1.000000000000000000
-0.493241329591390110,1.000000000000000000
-0.433095599783722585,1.000000000000000000
-0.211857497189251398,1.000000000000000000
-0.098208845061235728,1.000000000000000000
0.015800269488572383,1.000000000000000000
0.172097932749505800,1.000000000000000000
0.417726098710591742,1.000000000000000000
0.547916560412097686,1.000000000000000000
0.659223746621104612,1.000000000000000000
0.752455755597490672,1.000000000000000000
0.945182842862243078,1.000000000000000000
1.000000000000000000,1.000000000000000000
1.000000000000000000,1.000000000000000000
1.000000000000000000,1.000000000000000000
1.000000000000000000,1.000000000000000000
1.000000000000000000,0.000000000000000000
1.000000000000000000,-1.000000000000000000
0.931417001246019671,-1.000000000000000000
0.794752872767548135,-1.000000000000000000
0.627820850062301039,-1.000000000000000000
0.479613733905579487,-1.000000000000000000
0.363837740551017585,-1.000000000000000000
0.262494808251419132,-1.000000000000000000
0.172019936314550703,-1.000000000000000000
0.085906133185656985,-1.000000000000000000
-0.090388342793852994,-1.000000000000000000
-0.180967049702339788,-1.000000000000000000
-0.251228713830818240,-1.000000000000000000
-0.311937560570400119,-1.000000000000000000
-0.376920946974941162,-1.000000000000000000
-0.432680326734043996,-1.000000000000000000
-0.480600166135954576,-1.000000000000000000
-0.572961373390557860,-1.000000000000000000
-0.630243666066731212,-1.000000000000000000
-0.653398864737643637,0.000000000000000000
-0.671258479856015500,0.000000000000000000
-0.687543264571507606,0.000000000000000000
-0.698549771563062416,0.000000000000000000
-0.706181641977017938,0.000000000000000000
-0.701041810881904981,0.000000000000000000
-0.748407863768517201,0.000000000000000000
-0.761491070192440778,0.000000000000000000
-0.755780146753426529,0.000000000000000000
-0.757181918870275528,0.000000000000000000
-0.753703447321057762,0.000000000000000000
-0.753149660805759402,0.000000000000000000
-0.745431261248788557,0.000000000000000000
-0.780389035026997080,0.000000000000000000
-0.796189256541603219,0.000000000000000000
-0.785580783607919164,0.000000000000000000
-0.785719230236743726,0.000000000000000000
-0.779766025197286439,0.000000000000000000
-0.775128063131662715,0.000000000000000000
-0.763169735566938900,0.000000000000000000
-0.750276893257649125,0.000000000000000000
-0.803250034611657227,0.000000000000000000
-0.790236051502145931,0.000000000000000000
-0.787674788868891085,0.000000000000000000
-0.787813235497715647,0.000000000000000000
-0.788072822926761729,0.000000000000000000
-0.781410078914578365,0.000000000000000000
-0.768136508376020988,0.000000000000000000
-0.818323411324934247,0.000000000000000000
-0.805967049702339788,0.000000000000000000
-0.803544233697909505,0.000000000000000000
-0.799736951405233265,0.000000000000000000
-0.804155641348197614,0.000000000000000000
-0.804138290027328395,0.000000000000000000
-0.797371274888300841,0.000000000000000000
-0.818886912766234376,0.000000000000000000
-0.844775083503231716,0.000000000000000000
-0.837643690625948900,0.000000000000000000
-0.831414566433869795,0.000000000000000000
-0.822669500715741964,0.000000000000000000
-0.816284214635839112,0.000000000000000000
-0.801310024725632175,0.000000000000000000
-0.809760117988981953,0.000000000000000000
-0.845833514076259063,0.000000000000000000
-0.836845529865961058,0.000000000000000000
-0.831900403418210255,0.000000000000000000
-0.820986422591419740,0.000000000000000000
-0.812640437253285941,0.000000000000000000
-0.791922960135340359,0.000000000000000000
-0.782796165358087936,0.000000000000000000
-0.802993102849954399,1.000000000000000000
-0.678462672970979952,1.000000000000000000
-0.556881967639786590,1.000000000000000000
-0.392443499761419345,1.000000000000000000
-0.221151260139678119,1.000000000000000000
-0.061519108142107370,1.000000000000000000
0.081768099596581711,1.000000000000000000
0.215442675573678022,1.000000000000000000
0.492716783065110908,1.000000000000000000
0.620630720513599021,1.000000000000000000
0.740493645078731610,1.000000000000000000
0.845399731054526482,1.000000000000000000
0.948501279659914154,1.000000000000000000
1.000000000000000000,1.000000000000000000
1.000000000000000000,1.000000000000000000
1.000000000000000000,1.000000000000000000
1.000000000000000000,-1.000000000000000000
0.839390529485112946,-1.000000000000000000
0.626440801678781023,-1.000000000000000000
0.430811106718165471,-1.000000000000000000
0.271022779112557455,-1.000000000000000000
0.155363279705605040,-1.000000000000000000
0.058073051306225532,-1.000000000000000000
-0.150360390499072460,-1.000000000000000000
-0.250387761929381725,-1.000000000000000000
-0.351601228673093846,-1.000000000000000000
-0.452647425564915884,-1.000000000000000000
-0.528892065326480365,-1.000000000000000000
-0.594142513913810344,-1.000000000000000000
-0.662038867431039124,-1.000000000000000000
-0.745295626660931854,-1.000000000000000000
-0.837425727293772626,-1.000000000000000000
-0.905546317736095396,0.000000000000000000
-0.942094132153364683,0.000000000000000000
-0.948462216811431391,0.000000000000000000
-0.958904002684584755,0.000000000000000000
-0.965116006836326146,0.000000000000000000
-0.994319125873295961,0.000000000000000000
-1.000000000000000000,0.000000000000000000
-1.000000000000000000,0.000000000000000000
-0.995519020742093863,0.000000000000000000
-0.987743663005378747,0.000000000000000000
-0.984074568491065338,0.000000000000000000
-0.975815202541823745,0.000000000000000000
-0.966619046503821355,0.000000000000000000
-0.951880215773983740,0.000000000000000000
-0.991990444741094657,0.000000000000000000
-0.978563120135522269,0.000000000000000000
-0.973020445443687154,0.000000000000000000
-0.967103054716347721,0.000000000000000000
-0.960405005581707605,0.000000000000000000
-0.950443804304550444,0.000000000000000000
-0.942574767558959192,0.000000000000000000
-0.998126419822478295,0.000000000000000000
-0.984777161057636019,0.000000000000000000
-0.977907367073389655,0.000000000000000000
-0.967711968274042378,0.000000000000000000
-0.960295713404685558,0.000000000000000000
-0.948726355808488853,0.000000000000000000
-0.942840191417441464,0.000000000000000000
-0.973582519496943743,0.000000000000000000
-0.970553564876616925,0.000000000000000000
-0.963293441688720220,0.000000000000000000
-0.955674215633465218,0.000000000000000000
-0.947711499878997943,0.000000000000000000
-0.933644035379439075,0.000000000000000000
-0.934377854282301690,0.000000000000000000
-0.968820503212409312,0.000000000000000000
-0.955955252660093513,0.000000000000000000
-0.948585837295174761,0.000000000000000000
-0.939217936407566123,0.000000000000000000
-0.932129558069275665,0.000000000000000000
-0.918405583268929071,0.000000000000000000
-0.934908701999266123,0.000000000000000000
-0.967368478574829993,0.000000000000000000
-0.962778207139901809,0.000000000000000000
-0.946431220091024761,0.000000000000000000
-0.936782282176787939,0.000000000000000000
-0.919920060579092369,0.000000000000000000
-0.898405114873884636,0.000000000000000000
-0.906539575477958159,0.000000000000000000
-0.895485452430579976,1.000000000000000000
-0.857092671959530650,1.000000000000000000
-0.759916313418737333,1.000000000000000000
-0.686456357291739927,1.000000000000000000
-0.593917109690312861,1.000000000000000000
-0.495741508388174545,1.000000000000000000
-0.393818746730992930,1.000000000000000000
-0.272598109245337561,1.000000000000000000
-0.157279249318875491,1.000000000000000000
-0.054872479449167400,1.000000000000000000
0.135139776887827301,1.000000000000000000
0.217405559849176866,1.000000000000000000
0.287945853532869611,1.000000000000000000
0.369899373131298947,1.000000000000000000
0.458972497404310786,1.000000000000000000
0.556929514352404897,1.000000000000000000
0.635573042303879010,1.000000000000000000
0.722881878576391301,1.000000000000000000
0.752968453593761078,1.000000000000000000
0.794515094030305180,1.000000000000000000
0.813266508973668367,-1.000000000000000000
0.774467786130822677,-1.000000000000000000
0.692810916727167658,-1.000000000000000000
0.559646205609811265,-1.000000000000000000
0.391055215969148273,-1.000000000000000000
0.074794882003481833,-1.000000000000000000
-0.037526249638945464,-1.000000000000000000
-0.149972286626540829,-1.000000000000000000
-0.257172299117075287,-1.000000000000000000
-0.352131587781134625,-1.000000000000000000
-0.438144531097527601,-1.000000000000000000
-0.525750017564814209,-1.000000000000000000
-0.659273831549528899,-1.000000000000000000
-0.708455311209474026,-1.000000000000000000
-0.765443374942426424,-1.000000000000000000
-0.806693365184196320,-1.000000000000000000
-0.824023981826272234,0.000000000000000000
-0.886898209950272021,0.000000000000000000
-0.879919123789003610,0.000000000000000000
-0.871363107644987811,0.000000000000000000
-0.863306712881644400,0.000000000000000000
-0.845976096239568487,0.000000000000000000
-0.837123429900778371,0.000000000000000000
-0.866460572847139288,0.000000000000000000
-0.888256555578975315,0.000000000000000000
-0.878170448956650085,0.000000000000000000
-0.871316268140549743,0.000000000000000000
-0.864618219005909516,0.000000000000000000
-0.859419034013286787,0.000000000000000000
-0.838825265228693828,0.000000000000000000
-0.869021132423085652,0.000000000000000000
-0.883135436427082587,0.000000000000000000
-0.859309741836264740,1.000000000000000000
-0.820323660975666891,1.000000000000000000
-0.735981326650897438,1.000000000000000000
-0.610029899216999683,1.000000000000000000
-0.307774577078307798,1.000000000000000000
-0.203322482181471864,1.000000000000000000
-0.101727597055356500,1.000000000000000000
0.003754966939116366,1.000000000000000000
0.102617547639679341,1.000000000000000000
0.201011733295861639,1.000000000000000000
0.293363622879536656,1.000000000000000000
0.373178138441961904,1.000000000000000000
0.491182463289538296,1.000000000000000000
0.550840378775459216,1.000000000000000000
0.603800245126739910,1.000000000000000000
0.628609569310756733,1.000000000000000000
0.595743850363396499,-1.000000000000000000
0.461439377971381015,-1.000000000000000000
0.261622052038689379,-1.000000000000000000
-0.114936337306884573,-1.000000000000000000
-0.247367229521378351,-1.000000000000000000
-0.367713529590856902,-1.000000000000000000
-0.481346167357549315,-1.000000000000000000
-0.590435373193751611,-1.000000000000000000
-0.671155452508645833,-1.000000000000000000
-0.746379696636142898,-1.000000000000000000
-0.827568170995417574,-1.000000000000000000
-0.903151517990272934,0.000000000000000000
-0.928319945041648165,0.000000000000000000
-0.946977680976135217,0.000000000000000000
-0.955471244447567036,0.000000000000000000
-0.950599935986010558,0.000000000000000000
-0.963043630998384081,0.000000000000000000
-0.990521972178500021,0.000000000000000000
-0.974977827910140649,0.000000000000000000
-0.970844778149943632,0.000000000000000000
-0.964455772062305705,0.000000000000000000
-0.955466388833877245,0.000000000000000000
-0.937504843417687694,0.000000000000000000
-0.949938434779613705,0.000000000000000000
-0.985689315205317884,0.000000000000000000
-0.977612647132266255,0.000000000000000000
-0.958738386560699873,0.000000000000000000
-0.951264454911010304,0.000000000000000000
-0.944754901538700009,0.000000000000000000
-0.933475119901495676,0.000000000000000000
-0.944858227782704896,0.000000000000000000
-0.980436897801734153,0.000000000000000000
-0.974168438998768704,0.000000000000000000
-0.953107106262431447,0.000000000000000000
-0.944737680498032528,0.000000000000000000
-0.939020294996426585,0.000000000000000000
-0.924933483730421835,0.000000000000000000
-0.932855162437466134,0.000000000000000000
-0.970638125661933748,0.000000000000000000
-0.967882759155135775,0.000000000000000000
-0.964832740029478497,0.000000000000000000
-0.950593447512002587,0.000000000000000000
-0.950490014394442140,0.000000000000000000
-0.939164088021583021,0.000000000000000000
-0.945421791633984654,0.000000000000000000
-0.975020902109173693,0.000000000000000000
-0.972021341699923269,0.000000000000000000
-0.955696147978313482,0.000000000000000000
-0.932509890791866747,0.000000000000000000
-0.930165406793831973,0.000000000000000000
-0.927631295413603230,0.000000000000000000
-0.923356059887775027,0.000000000000000000
-0.952196660834188080,0.000000000000000000
-0.945697613280812255,0.000000000000000000
-0.926319432427755718,0.000000000000000000
-0.909845994116629142,0.000000000000000000
-0.885118532618100029,0.000000000000000000
-0.865962969371863678,0.000000000000000000
-0.880394531925938750,0.000000000000000000
-0.914587298840629837,0.000000000000000000
-0.893753244505969935,0.000000000000000000
-0.880498356116975245,0.000000000000000000
-0.880809828690084728,0.000000000000000000
-0.863921093614812285,0.000000000000000000
-0.835179096729538051,0.000000000000000000
-0.816629174597681251,0.000000000000000000
-0.791711368748918565,1.000000000000000000
-0.707440733690950063,1.000000000000000000
-0.595950856549576025,1.000000000000000000
-0.451825575359058651,1.000000000000000000
-0.287021976120436006,1.000000000000000000
0.018688354386572126,1.000000000000000000
0.143952240872123216,1.000000000000000000
0.265374632289323342,1.000000000000000000
0.392991867105035420,1.000000000000000000
0.511039972313549029,1.000000000000000000
0.614379650458556803,1.000000000000000000
0.704793216819519008,1.000000000000000000
0.854507700294168560,1.000000000000000000
0.923637307492645832,1.000000000000000000
1.000000000000000000,1.000000000000000000
1.000000000000000000,1.000000000000000000
1.000000000000000000,1.000000000000000000
1.000000000000000000,-1.000000000000000000
0.970244691962399264,-1.000000000000000000
0.817609210431898381,-1.000000000000000000
0.406041954027570595,-1.000000000000000000
0.252577278489591217,-1.000000000000000000
0.116732975610533973,-1.000000000000000000
-0.001156087798888539,-1.000000000000000000
-0.120065697679054062,-1.000000000000000000
-0.253023767570541236,-1.000000000000000000
-0.380097749216650849,-1.000000000000000000
-0.565438555926743858,-1.000000000000000000
-0.652647441059454825,-1.000000000000000000
-0.746665284676654162,-1.000000000000000000
-0.810417547020881313,-1.000000000000000000
-0.865861923251716181,-1.000000000000000000
-0.932197443850011576,0.000000000000000000
-0.964998445261236015,0.000000000000000000
-0.976639053443148386,0.000000000000000000
-1.000000000000000000,0.000000000000000000
-1.000000000000000000,0.000000000000000000
-0.996199314292953719,0.000000000000000000
-1.000000000000000000,0.000000000000000000
-1.000000000000000000,0.000000000000000000
-0.992582362160736142,0.000000000000000000
-0.985071615896711772,0.000000000000000000
-0.967318942909017543,0.000000000000000000
-0.955757980167905474,0.000000000000000000
-0.944786704116944209,0.000000000000000000
-0.971431231669278916,0.000000000000000000
-0.990844338231871014,0.000000000000000000
-0.973557207367980015,0.000000000000000000
-0.966837882714420949,0.000000000000000000
-0.949302462717834916,0.000000000000000000
-0.936174174826585603,0.000000000000000000
-0.931270464455858815,0.000000000000000000
-0.962663521670985900,0.000000000000000000
-0.963548051706211828,0.000000000000000000
-0.936670753091975561,0.000000000000000000
-0.906426033115563135,0.000000000000000000
-0.854580158594683503,1.000000000000000000
-0.690057572042643619,1.000000000000000000
-0.622057385825794062,1.000000000000000000
-0.574727269905805249,1.000000000000000000
-0.500380192734439233,1.000000000000000000
-0.431185115066494928,1.000000000000000000
-0.378237457519281173,1.000000000000000000
-0.327260594962834217,1.000000000000000000
-0.248227060411849609,1.000000000000000000
-0.238109278254527434,1.000000000000000000
-0.212240654241864668,1.000000000000000000
-0.179419934513741275,1.000000000000000000
-0.173150633913191965,-1.000000000000000000
-0.207399016154311666,-1.000000000000000000
-0.267205660992225424,-1.000000000000000000
-0.324669077140329887,-1.000000000000000000
-0.470368243819928256,-1.000000000000000000
-0.508589252184168394,-1.000000000000000000
-0.544622212566533648,-1.000000000000000000
-0.585077823125029095,-1.000000000000000000
-0.619186542729007972,-1.000000000000000000
-0.641563600813146895,-1.000000000000000000
-0.679303548982790439,-1.000000000000000000
-0.776912214273521529,0.000000000000000000
-0.797380549650067438,0.000000000000000000
-0.820549029344671887,0.000000000000000000
-0.841451870703434190,0.000000000000000000
-0.854207724895641007,0.000000000000000000
-0.860337362859049382,0.000000000000000000
-0.891528685153861633,0.000000000000000000
-0.913207430052295877,0.000000000000000000
-0.908039912478080691,0.000000000000000000
-0.907745069133005344,0.000000000000000000
-0.907201936655235075,0.000000000000000000
-0.898449744727735422,0.000000000000000000
-0.893670178923356207,0.000000000000000000
-0.923868344687388432,0.000000000000000000
-0.929392777889852750,0.000000000000000000
-0.900808491488338192,0.000000000000000000
-0.889542372092301470,0.000000000000000000
-0.882993746217470288,0.000000000000000000
-0.870098229388122535,0.000000000000000000
-0.864216880557409084,0.000000000000000000
-0.897363479772194772,0.000000000000000000
-0.907574370354277571,0.000000000000000000
-0.894384010179854472,0.000000000000000000
-0.881597119846060706,0.000000000000000000
-0.877484831085799444,0.000000000000000000
-0.865892832203100538,0.000000000000000000
-0.868872301795440727,0.000000000000000000
-0.909095141292034614,0.000000000000000000
-0.915954128582734617,0.000000000000000000
-0.905044924814947027,0.000000000000000000
-0.891761456215763304,0.000000000000000000
-0.887850902375816653,0.000000000000000000
-0.876770999829301179,0.000000000000000000
-0.878850421315622077,0.000000000000000000
-0.922673453236293684,0.000000000000000000
-0.930773886190468858,0.000000000000000000
-0.917723188653186694,0.000000000000000000
-0.911702177185332308,0.000000000000000000
-0.898729070002017405,0.000000000000000000
-0.886035288092984263,0.000000000000000000
-0.889433745596747372,0.000000000000000000
-0.926165019164817416,0.000000000000000000
-0.898837696497571392,1.000000000000000000
-0.769075588522834863,1.000000000000000000
-0.569016619853819794,1.000000000000000000
-0.198351980881736778,1.000000000000000000
-0.057727223351592971,1.000000000000000000
0.059030741298241818,1.000000000000000000
0.160782731490821007,1.000000000000000000
0.273893949504197654,1.000000000000000000
0.374373457891714834,1.000000000000000000
0.458326220884219593,1.000000000000000000
0.548051706211883705,1.000000000000000000
0.701820269704070299,1.000000000000000000
0.766654769479058418,1.000000000000000000
0.828540835803292852,1.000000000000000000
0.866932542946260876,1.000000000000000000
0.885166276128551699,-1.000000000000000000
0.860570133920951053,-1.000000000000000000
0.798870284446237644,-1.000000000000000000
0.551900187768656680,-1.000000000000000000
0.364566037150261479,-1.000000000000000000
0.222296364116013168,-1.000000000000000000
0.107260905324250144,-1.000000000000000000
-0.007619372759578580,-1.000000000000000000
-0.117549386260300093,-1.000000000000000000
-0.229558821247342504,-1.000000000000000000
-0.336323148306202580,-1.000000000000000000
-0.521329588305581848,-1.000000000000000000
-0.584301919585357155,-1.000000000000000000
-0.648158780900358389,-1.000000000000000000
-0.703977281544358346,-1.000000000000000000
-0.747536506261541556,-1.000000000000000000
-0.795751152216756408,-1.000000000000000000
-0.856628543939417453,-1.000000000000000000
-0.887354324110426584,0.000000000000000000
-0.896447913595381785,0.000000000000000000
-0.901475768532456034,0.000000000000000000
-0.902577551558790159,0.000000000000000000
-0.896090997967132763,0.000000000000000000
-0.918312875343337276,0.000000000000000000
-0.939727813038283122,0.000000000000000000
-0.926863332350522207,0.000000000000000000
-0.913843670954826881,0.000000000000000000
-0.904067286354960364,0.000000000000000000
-0.893142564516379300,0.000000000000000000
-0.884250709951738822,0.000000000000000000
-0.917971477785881618,0.000000000000000000
-0.937944825848711972,0.000000000000000000
-0.919856439637147916,0.000000000000000000
-0.907887588284684188,0.000000000000000000
-0.901829077558815251,0.000000000000000000
-0.891341927199091222,0.000000000000000000
-0.885398659883768757,0.000000000000000000
-0.921667407517163029,0.000000000000000000
-0.936599660855106153,0.000000000000000000
-0.917189377850216481,0.000000000000000000
-0.910143066462521189,0.000000000000000000
-0.890913880245633116,0.000000000000000000
-0.880262096442271269,0.000000000000000000
-0.872195057704022059,0.000000000000000000
-0.909402215966151339,0.000000000000000000
-0.929240545924499117,0.000000000000000000
-0.912398544640358189,0.000000000000000000
-0.904364432590836542,0.000000000000000000
-0.885217563095767268,0.000000000000000000
-0.874746876080406910,0.000000000000000000
-0.868935315519994700,0.000000000000000000
-0.907591248086136226,0.000000000000000000
-0.927413114700120222,0.000000000000000000
-0.921407556774982650,0.000000000000000000
-0.917711676537736221,0.000000000000000000
-0.906230354365880286,0.000000000000000000
-0.890199516924196743,0.000000000000000000
-0.884806273367964802,0.000000000000000000
-0.924742745591106141,0.000000000000000000
-0.939731330443701829,0.000000000000000000
-0.939822004040808845,0.000000000000000000
-0.939184716577988188,0.000000000000000000
-0.931656216161768747,0.000000000000000000
