-0.8714943346274298 -0.9301114305189233 -0.9697566902765024 -0.9837225498621942 -0.9823444862638185
-0.769351913062207 -0.8101092947197659 -0.8405982762334088 -0.865489933905266 -0.8857229648386977
-0.8101092947197659 -0.8405982762334088 -0.865489933905266 -0.8857229648386977 -0.8952892095896493
-0.8857229648386977 -0.8952892095896493 -0.9006549715465215 -0.9057219439744728 -0.9125418149720943
0.6430012910197564 0.5257687294348774 0.3994056578287217 0.26530891724899597 0.12416074378673381
0.6430012910197564 0.5257687294348774 0.3994056578287217 0.26530891724899597 0.12416074378673381
0.17217603382548186 0.028793827533349692 -0.12233587280708247 -0.25615071386643307 -0.39136653931153365
0.8483917031127652 0.7952868441725471 0.7262689529045459 0.6430012910197564 0.5257687294348774
-0.8405982762334088 -0.865489933905266 -0.8857229648386977 -0.8952892095896493 -0.9006549715465215
-0.9199093145244939 -0.9057483527447676 -0.8829831372432811 -0.8435601458080193 -0.7614863329678256
-0.8435601458080193 -0.7614863329678256 -0.6587637929842248 -0.5359481966630124 -0.39394837447766906
0.35206314396072225 0.49206008159717074 0.6131493939483754 0.7113870531171904 0.7672480218119313
-0.5179877521192274 -0.6166878931727842 -0.6991313939402992 -0.769351913062207 -0.8101092947197659
-0.320908668755703 -0.19484936650395068 -0.03534804622771914 0.12047816284278379 0.27146149163202615
0.8277455988834712 0.8180634476921735 0.8112540003214501 0.8021272656620348 0.7915397651788423
0.8483917031127652 0.7952868441725471 0.7262689529045459 0.6430012910197564 0.5257687294348774
-0.9027315587725228 -0.8879016384870798 -0.8404638209453952 -0.7659332628688033 -0.6732363014338161
-0.9027315587725228 -0.8879016384870798 -0.8404638209453952 -0.7659332628688033 -0.6732363014338161
-0.8952892095896493 -0.9006549715465215 -0.9057219439744728 -0.9125418149720943 -0.9118197402772019
0.7262689529045459 0.6430012910197564 0.5257687294348774 0.3994056578287217 0.26530891724899597
0.5630277836913216 0.6763935107894155 0.7946195475579558 0.9206141120784426 1.0
0.7946195475579558 0.9206141120784426 1.0 1.0 1.0
0.8180634476921735 0.8112540003214501 0.8021272656620348 0.7915397651788423 0.7794752229295476
0.6430012910197564 0.5257687294348774 0.3994056578287217 0.26530891724899597 0.12416074378673381
-0.5645366708123718 -0.44013316053338836 -0.320908668755703 -0.19484936650395068 -0.03534804622771914
0.9046575643459209 0.8948574125727584 0.8906989093084154 0.884807018186331 0.8715584011328066
0.8567005002817771 0.8414072179735239 0.8277455988834712 0.8180634476921735 0.8112540003214501
0.9030750143180704 0.9029301098279452 0.8851822250838082 0.8483917031127652 0.7952868441725471
-0.6166878931727842 -0.6991313939402992 -0.769351913062207 -0.8101092947197659 -0.8405982762334088
-0.9027315587725228 -0.8879016384870798 -0.8404638209453952 -0.7659332628688033 -0.6732363014338161
0.7946195475579558 0.9206141120784426 1.0 1.0 1.0
-0.6991313939402992 -0.769351913062207 -0.8101092947197659 -0.8405982762334088 -0.865489933905266
-0.6991313939402992 -0.769351913062207 -0.8101092947197659 -0.8405982762334088 -0.865489933905266
-0.19484936650395068 -0.03534804622771914 0.12047816284278379 0.27146149163202615 0.41843357099550516
0.8567005002817771 0.8414072179735239 0.8277455988834712 0.8180634476921735 0.8112540003214501
0.26530891724899597 0.12416074378673381 -0.02002014339407443 -0.14372647810557426 -0.26895165958908895
-0.02002014339407443 -0.14372647810557426 -0.26895165958908895 -0.40245829084919704 -0.5179877521192274
0.6430012910197564 0.5257687294348774 0.3994056578287217 0.26530891724899597 0.12416074378673381
-0.9057219439744728 -0.9125418149720943 -0.9118197402772019 -0.9027315587725228 -0.8879016384870798
-0.320908668755703 -0.19484936650395068 -0.03534804622771914 0.12047816284278379 0.27146149163202615
0.5630277836913216 0.6763935107894155 0.7946195475579558 0.9206141120784426 1.0
1.0 1.0 1.0 1.0 1.0
0.7915397651788423 0.7794752229295476 0.7667860913934852 0.7582269802226964 0.7554193801714273
0.6430012910197564 0.5257687294348774 0.3994056578287217 0.26530891724899597 0.12416074378673381
-0.5179877521192274 -0.6166878931727842 -0.6991313939402992 -0.769351913062207 -0.8101092947197659
-0.44013316053338836 -0.320908668755703 -0.19484936650395068 -0.03534804622771914 0.12047816284278379
0.9206141120784426 1.0 1.0 1.0 1.0
0.9207239539146697 0.9046575643459209 0.8948574125727584 0.8906989093084154 0.884807018186331
0.8715584011328066 0.8567005002817771 0.8414072179735239 0.8277455988834712 0.8180634476921735
0.7744866466065676 0.7735243315165314 0.7709669740785272 0.7670566789346591 0.7656813618080947
0.7740451616709705 0.7744866466065676 0.7735243315165314 0.7709669740785272 0.7670566789346591
1.0 0.987139971069513 0.9649639996500676 0.9412723311014952 0.9207239539146697
0.9046575643459209 0.8948574125727584 0.8906989093084154 0.884807018186331 0.8715584011328066
0.8567005002817771 0.8414072179735239 0.8277455988834712 0.8180634476921735 0.8112540003214501
0.8277455988834712 0.8180634476921735 0.8112540003214501 0.8021272656620348 0.7915397651788423
0.7598728848904326 0.7619663779721404 0.7648716336773664 0.769005723028221 0.7740451616709705
-0.14372647810557426 -0.26895165958908895 -0.40245829084919704 -0.5179877521192274 -0.6166878931727842
-0.5179877521192274 -0.6166878931727842 -0.6991313939402992 -0.769351913062207 -0.8101092947197659
-0.03534804622771914 0.12047816284278379 0.27146149163202615 0.41843357099550516 0.5630277836913216
0.030233431131395427 0.1970334587914535 0.35206314396072225 0.49206008159717074 0.6131493939483754
0.8870555868377641 0.9030750143180704 0.9029301098279452 0.8851822250838082 0.8483917031127652
-0.8405982762334088 -0.865489933905266 -0.8857229648386977 -0.8952892095896493 -0.9006549715465215
-0.5645366708123718 -0.44013316053338836 -0.320908668755703 -0.19484936650395068 -0.03534804622771914
0.8557602070552903 0.8870555868377641 0.9030750143180704 0.9029301098279452 0.8851822250838082
0.26530891724899597 0.12416074378673381 -0.02002014339407443 -0.14372647810557426 -0.26895165958908895
-0.8952892095896493 -0.9006549715465215 -0.9057219439744728 -0.9125418149720943 -0.9118197402772019
0.7794752229295476 0.7667860913934852 0.7582269802226964 0.7554193801714273 0.7556960711909722
0.7952868441725471 0.7262689529045459 0.6430012910197564 0.5257687294348774 0.3994056578287217
-0.02002014339407443 -0.14372647810557426 -0.26895165958908895 -0.40245829084919704 -0.5179877521192274
-0.6732363014338161 -0.5645366708123718 -0.44013316053338836 -0.320908668755703 -0.19484936650395068
-0.8952892095896493 -0.9006549715465215 -0.9057219439744728 -0.9125418149720943 -0.9118197402772019
0.8557602070552903 0.8870555868377641 0.9030750143180704 0.9029301098279452 0.8851822250838082
1.0 1.0 1.0 1.0 1.0
0.7619663779721404 0.7648716336773664 0.769005723028221 0.7740451616709705 0.7744866466065676
-0.14372647810557426 -0.26895165958908895 -0.40245829084919704 -0.5179877521192274 -0.6166878931727842
-0.6732363014338161 -0.5645366708123718 -0.44013316053338836 -0.320908668755703 -0.19484936650395068
0.12416074378673381 -0.02002014339407443 -0.14372647810557426 -0.26895165958908895 -0.40245829084919704
0.8414072179735239 0.8277455988834712 0.8180634476921735 0.8112540003214501 0.8021272656620348
0.9206141120784426 1.0 1.0 1.0 1.0
-0.6166878931727842 -0.6991313939402992 -0.769351913062207 -0.8101092947197659 -0.8405982762334088
0.7667860913934852 0.7582269802226964 0.7554193801714273 0.7556960711909722 0.7575494941233676
0.6430012910197564 0.5257687294348774 0.3994056578287217 0.26530891724899597 0.12416074378673381
0.8715584011328066 0.8567005002817771 0.8414072179735239 0.8277455988834712 0.8180634476921735
-0.5179877521192274 -0.6166878931727842 -0.6991313939402992 -0.769351913062207 -0.8101092947197659
0.8277455988834712 0.8180634476921735 0.8112540003214501 0.8021272656620348 0.7915397651788423
-0.6166878931727842 -0.6991313939402992 -0.769351913062207 -0.8101092947197659 -0.8405982762334088
0.8557602070552903 0.8870555868377641 0.9030750143180704 0.9029301098279452 0.8851822250838082
0.9206141120784426 1.0 1.0 1.0 1.0
-0.865489933905266 -0.8857229648386977 -0.8952892095896493 -0.9006549715465215 -0.9057219439744728
-0.9006549715465215 -0.9057219439744728 -0.9125418149720943 -0.9118197402772019 -0.9027315587725228
0.8021272656620348 0.7915397651788423 0.7794752229295476 0.7667860913934852 0.7582269802226964
0.1970334587914535 0.35206314396072225 0.49206008159717074 0.6131493939483754 0.7113870531171904
-0.6166878931727842 -0.6991313939402992 -0.769351913062207 -0.8101092947197659 -0.8405982762334088
0.8414072179735239 0.8277455988834712 0.8180634476921735 0.8112540003214501 0.8021272656620348
-0.10918066957097339 0.030233431131395427 0.1970334587914535 0.35206314396072225 0.49206008159717074
-0.03534804622771914 0.12047816284278379 0.27146149163202615 0.41843357099550516 0.5630277836913216
0.12416074378673381 -0.02002014339407443 -0.14372647810557426 -0.26895165958908895 -0.40245829084919704
0.8906989093084154 0.884807018186331 0.8715584011328066 0.8567005002817771 0.8414072179735239
-0.6587637929842248 -0.5359481966630124 -0.39394837447766906 -0.240956148929655 -0.10918066957097339
-0.320908668755703 -0.19484936650395068 -0.03534804622771914 0.12047816284278379 0.27146149163202615
-0.03534804622771914 0.12047816284278379 0.27146149163202615 0.41843357099550516 0.5630277836913216
-0.9057219439744728 -0.9125418149720943 -0.9118197402772019 -0.9027315587725228 -0.8879016384870798
-0.8404638209453952 -0.7659332628688033 -0.6732363014338161 -0.5645366708123718 -0.44013316053338836
1.0 0.987139971069513 0.9649639996500676 0.9412723311014952 0.9207239539146697
0.7648716336773664 0.769005723028221 0.7740451616709705 0.7744866466065676 0.7735243315165314
0.7744866466065676 0.7735243315165314 0.7709669740785272 0.7670566789346591 0.7656813618080947
-0.8101092947197659 -0.8405982762334088 -0.865489933905266 -0.8857229648386977 -0.8952892095896493
-0.8952892095896493 -0.9006549715465215 -0.9057219439744728 -0.9125418149720943 -0.9118197402772019
0.5257687294348774 0.3994056578287217 0.26530891724899597 0.12416074378673381 -0.02002014339407443
0.12416074378673381 -0.02002014339407443 -0.14372647810557426 -0.26895165958908895 -0.40245829084919704
-0.9125418149720943 -0.9118197402772019 -0.9027315587725228 -0.8879016384870798 -0.8404638209453952
0.9412723311014952 0.9207239539146697 0.9046575643459209 0.8948574125727584 0.8906989093084154
