-0.962120010755876054,0.000000000000000000
-0.952591407709756810,0.000000000000000000
-0.942456062935664640,0.000000000000000000
-0.926404986313837164,0.000000000000000000
-0.931355447230706623,0.000000000000000000
-0.967691002985445081,0.000000000000000000
-0.963416231720181759,0.000000000000000000
-0.953777311996249266,0.000000000000000000
-0.945944827871508687,0.000000000000000000
-0.937974447899501462,0.000000000000000000
-0.926156773788757381,0.000000000000000000
-0.949130221943366159,0.000000000000000000
-0.976364651778511727,0.000000000000000000
-0.963636865075808258,0.000000000000000000
-0.954908057943835042,0.000000000000000000
-0.948964746926646341,0.000000000000000000
-0.940690996090652765,0.000000000000000000
-0.937533181188248466,0.000000000000000000
-0.972420830546688042,0.000000000000000000
-0.981852906499720790,0.000000000000000000
-0.968380482221777861,0.000000000000000000
-0.969097540627564036,0.000000000000000000
-0.953460151547536161,0.000000000000000000
-0.940029096023773270,0.000000000000000000
-0.950040334535325437,0.000000000000000000
-0.982073539855347288,0.000000000000000000
-0.971110819997655805,0.000000000000000000
-0.961761481552983022,0.000000000000000000
-0.956190489323413995,1.000000000000000000
-0.930996918027813591,1.000000000000000000
-0.905127657080607051,1.000000000000000000
-0.896509166626447085,1.000000000000000000
-0.877810489737101518,1.000000000000000000
-0.822514254983211179,1.000000000000000000
-0.764639367885436183,1.000000000000000000
-0.695305335879810027,1.000000000000000000
-0.622965174403772748,1.000000000000000000
-0.443810889635058659,1.000000000000000000
-0.366616794335238638,1.000000000000000000
-0.278956404227886701,1.000000000000000000
-0.190896116163461693,1.000000000000000000
-0.119148906830670809,1.000000000000000000
-0.047498224590966420,1.000000000000000000
0.026538055806449412,1.000000000000000000
0.152381806021911759,1.000000000000000000
0.206368030226769639,1.000000000000000000
0.277894123684174099,1.000000000000000000
0.388379426583058462,1.000000000000000000
0.534775756728850693,1.000000000000000000
0.718346733328829146,1.000000000000000000
0.894871675871351080,1.000000000000000000
0.913512030723411028,-1.000000000000000000
0.622188259267967725,-1.000000000000000000
0.504232306607100833,-1.000000000000000000
0.373540246100791506,-1.000000000000000000
0.242828591582412434,-1.000000000000000000
0.122207853280037693,-1.000000000000000000
-0.003840426365702587,-1.000000000000000000
-0.142232933615487056,-1.000000000000000000
-0.346814013637432361,-1.000000000000000000
-0.440767301512657750,-1.000000000000000000
-0.530253154635943247,-1.000000000000000000
-0.609687279567364238,-1.000000000000000000
-0.677149463124069317,-1.000000000000000000
-0.762422603652323838,-1.000000000000000000
-0.836683909397288206,-1.000000000000000000
-0.864762128693471244,-1.000000000000000000
-0.911631005564699448,-1.000000000000000000
-0.927364997256838297,-1.000000000000000000
-0.933027666745042672,0.000000000000000000
-0.932674974527784251,0.000000000000000000
-0.966650991457010722,0.000000000000000000
-0.998843953287875230,0.000000000000000000
-0.982208637040520416,0.000000000000000000
-0.973410925621130185,0.000000000000000000
-0.964907124382788584,0.000000000000000000
-0.953954071635708112,0.000000000000000000
-0.939062622462575436,0.000000000000000000
-0.959048514773885086,0.000000000000000000
-1.000000000000000000,0.000000000000000000
-0.987031559151370308,0.000000000000000000
-0.973338296080083043,0.000000000000000000
-0.954630046819597622,0.000000000000000000
-0.946676592160166086,0.000000000000000000
-0.928869473230552245,0.000000000000000000
-0.940388269633866791,0.000000000000000000
-0.968675926107312901,0.000000000000000000
-0.926577467823770262,1.000000000000000000
-0.849354516426038764,1.000000000000000000
-0.540678198522929865,1.000000000000000000
-0.336905205007150266,1.000000000000000000
-0.145806805492977087,1.000000000000000000
0.004055086488921944,1.000000000000000000
0.104041373636060808,1.000000000000000000
0.150919740631183075,0.000000000000000000
0.149705173663486679,0.000000000000000000
0.155425392285540864,0.000000000000000000
0.170254863165318238,0.000000000000000000
0.153368464356377521,0.000000000000000000
0.106646815679667828,0.000000000000000000
0.108292358022998414,0.000000000000000000
0.131349540619429161,0.000000000000000000
0.134327188669265629,0.000000000000000000
0.134033341822242358,0.000000000000000000
0.132387799478911550,0.000000000000000000
0.092307089544929166,0.000000000000000000
0.047838266695398257,0.000000000000000000
0.063470918957039490,0.000000000000000000
0.083452504554626161,0.000000000000000000
0.090113033087154903,0.000000000000000000
0.101161674535232171,0.000000000000000000
0.118204791662585462,0.000000000000000000
0.061805786823907471,0.000000000000000000
0.032205614433757024,0.000000000000000000
0.046036006033655319,0.000000000000000000
0.053440946578643178,0.000000000000000000
0.066566105745685444,0.000000000000000000
0.079299469116696386,0.000000000000000000
0.089113953807275603,0.000000000000000000
0.002801339941622460,0.000000000000000000
-0.010774384390855540,0.000000000000000000
0.011988951358551825,0.000000000000000000
0.024017082296706960,0.000000000000000000
0.035104903324387315,0.000000000000000000
0.041001430054655508,0.000000000000000000
0.049131192822301051,0.000000000000000000
0.037455678100573930,0.000000000000000000
0.066448567006875958,1.000000000000000000
0.255979783336924838,1.000000000000000000
0.442592120986541770,1.000000000000000000
0.617528943914431805,1.000000000000000000
0.781064509177816557,1.000000000000000000
0.933492663623719299,1.000000000000000000
1.000000000000000000,1.000000000000000000
1.000000000000000000,0.000000000000000000
1.000000000000000000,0.000000000000000000
1.000000000000000000,0.000000000000000000
1.000000000000000000,0.000000000000000000
1.000000000000000000,0.000000000000000000
1.000000000000000000,0.000000000000000000
1.000000000000000000,0.000000000000000000
1.000000000000000000,0.000000000000000000
1.000000000000000000,-1.000000000000000000
0.916852966466036090,-1.000000000000000000
0.751189452565204974,-1.000000000000000000
0.557609630266552081,-1.000000000000000000
0.401304098595586023,-1.000000000000000000
0.273058182860418386,-1.000000000000000000
0.180065921467469137,-1.000000000000000000
0.035927199770708018,-1.000000000000000000
-0.054528518200057330,-1.000000000000000000
-0.137818859271997662,-1.000000000000000000
-0.186170822585267959,-1.000000000000000000
-0.230710805388363416,-1.000000000000000000
-0.287431928919461122,-1.000000000000000000
-0.323617082258526811,-1.000000000000000000
-0.362152479220406942,-1.000000000000000000
-0.470650616222413332,-1.000000000000000000
-0.529062768701633712,-1.000000000000000000
-0.580997420464316461,-1.000000000000000000
-0.653869303525365431,-1.000000000000000000
-0.749842361708225935,-1.000000000000000000
-0.799455431355689305,-1.000000000000000000
-0.831427343078245951,-1.000000000000000000
-0.895170535970192027,-1.000000000000000000
-0.913384924047004887,-1.000000000000000000
-0.922871883061049059,-1.000000000000000000
-0.948552593866437421,0.000000000000000000
-0.983920894239036947,0.000000000000000000
-0.978460877042132360,0.000000000000000000
-0.969074233304671795,0.000000000000000000
-0.968300372599598780,0.000000000000000000
-0.956792777300085939,0.000000000000000000
-0.951504729148753281,0.000000000000000000
-0.971682430495844129,0.000000000000000000
-1.000000000000000000,0.000000000000000000
-0.989068614475500985,0.000000000000000000
-0.979396341419792371,0.000000000000000000
-0.977293051273062874,0.000000000000000000
-0.960552578676644231,0.000000000000000000
-0.946459103883932729,0.000000000000000000
-0.961954772107797229,0.000000000000000000
-0.989984332634621267,0.000000000000000000
-0.976377333113942480,0.000000000000000000
-0.968650961146364620,0.000000000000000000
-0.963185268384115112,0.000000000000000000
-0.955730750245026184,0.000000000000000000
-0.939519677209348925,0.000000000000000000
-0.961654302086835777,0.000000000000000000
-0.985577438993854638,0.000000000000000000
-0.969652527882902571,0.000000000000000000
-0.965918114765239921,0.000000000000000000
-0.962813257881972473,0.000000000000000000
-0.958191742797662060,0.000000000000000000
-0.949306415034947504,0.000000000000000000
-0.981370858700395643,0.000000000000000000
-0.989626630228714887,0.000000000000000000
-0.973916340561306604,0.000000000000000000
-0.973215243845730105,0.000000000000000000
-0.967277383907684141,0.000000000000000000
-0.960895972986314351,0.000000000000000000
-0.945171375222669696,0.000000000000000000
-0.920747454947381971,1.000000000000000000
-0.822221904264528014,1.000000000000000000
-0.668738955938217638,1.000000000000000000
-0.502650574827766317,1.000000000000000000
-0.345204283844013138,1.000000000000000000
-0.193338150392399544,1.000000000000000000
-0.047066482569161794,1.000000000000000000
0.167583577167140119,1.000000000000000000
0.178786816520127845,0.000000000000000000
0.139868794757513459,0.000000000000000000
0.134632031535043994,0.000000000000000000
0.119365292850959648,0.000000000000000000
0.084911397114056930,0.000000000000000000
0.053633898741602959,0.000000000000000000
0.046093532025096362,0.000000000000000000
0.042187421752598597,0.000000000000000000
0.037794836208068228,0.000000000000000000
0.024187836687389552,0.000000000000000000
-0.008305849865146153,0.000000000000000000
-0.024245069072334591,0.000000000000000000
-0.014300942188137156,0.000000000000000000
-0.014773109363933612,0.000000000000000000
-0.026305434930355309,0.000000000000000000
-0.044476717150399581,0.000000000000000000
-0.080747741109306714,0.000000000000000000
-0.092251450483256003,0.000000000000000000
-0.082851031256036212,0.000000000000000000
-0.075067426903513312,0.000000000000000000
-0.067913378785385725,0.000000000000000000
-0.064736981420937090,0.000000000000000000
-0.117920175131097982,0.000000000000000000
-0.134503258668917769,0.000000000000000000
-0.118220645152059323,0.000000000000000000
-0.108662836866240786,0.000000000000000000
-0.104341791802891715,0.000000000000000000
-0.101208318727151747,0.000000000000000000
-0.095127377826743298,0.000000000000000000
-0.137093024087679982,0.000000000000000000
-0.145778038503087015,0.000000000000000000
-0.123528948855709975,0.000000000000000000
-0.112239860925304580,0.000000000000000000
-0.106015839062533535,0.000000000000000000
-0.108891766406020829,0.000000000000000000
-0.107446648686159052,0.000000000000000000
-0.098589937115917015,0.000000000000000000
-0.151959136077149282,0.000000000000000000
-0.136148689736087181,0.000000000000000000
-0.110909207975332880,0.000000000000000000
-0.073822622530959170,1.000000000000000000
-0.005429922521658859,1.000000000000000000
0.124115580801396508,1.000000000000000000
0.257123643413625702,1.000000000000000000
0.486940285160357922,1.000000000000000000
0.623868766141321140,1.000000000000000000
0.755045392435309548,1.000000000000000000
0.864158934332992290,1.000000000000000000
0.953541611520879018,1.000000000000000000
1.000000000000000000,1.000000000000000000
1.000000000000000000,1.000000000000000000
1.000000000000000000,1.000000000000000000
1.000000000000000000,-1.000000000000000000
0.965915138299391351,-1.000000000000000000
0.843386160975039934,-1.000000000000000000
0.680567994496579898,-1.000000000000000000
0.519151642589203322,-1.000000000000000000
0.378710590189893948,-1.000000000000000000
0.265695780278545790,-1.000000000000000000
0.100255701361577243,-1.000000000000000000
0.050335526913541706,-1.000000000000000000
-0.008657502952896468,-1.000000000000000000
-0.064107057097984255,-1.000000000000000000
-0.112430720506729975,-1.000000000000000000
-0.152447334605350204,-1.000000000000000000
-0.196487675713562515,-1.000000000000000000
-0.261529275858935928,-1.000000000000000000
-0.346468855054969271,-1.000000000000000000
-0.393494542009007908,-1.000000000000000000
-0.451462170476227609,-1.000000000000000000
-0.511947873265578890,-1.000000000000000000
-0.566579702244201289,-1.000000000000000000
-0.621795620627441759,-1.000000000000000000
-0.702698493049336070,-1.000000000000000000
-0.782861518892047359,-1.000000000000000000
-0.811339122308321281,-1.000000000000000000
-0.838505769505341170,-1.000000000000000000
-0.858105213971418590,-1.000000000000000000
-0.866230546577885119,-1.000000000000000000
-0.876523499863712474,-1.000000000000000000
-0.912620225069117219,0.000000000000000000
-0.931739418246952944,0.000000000000000000
-0.926223018314447755,0.000000000000000000
-0.926378775489012596,0.000000000000000000
-0.927559934062796132,0.000000000000000000
-0.925288475267058708,0.000000000000000000
-0.920252326622795103,0.000000000000000000
-0.944861960204041895,0.000000000000000000
-0.964084991498254218,0.000000000000000000
-0.945926300896901773,0.000000000000000000
-0.942227068000986434,0.000000000000000000
-0.940306062848019986,0.000000000000000000
-0.936321275132069086,0.000000000000000000
-0.928364679464714460,0.000000000000000000
-0.947821346520774100,0.000000000000000000
-0.977493088275378730,0.000000000000000000
-0.968744726970652725,0.000000000000000000
-0.959191620264008393,0.000000000000000000
-0.954570824085251068,0.000000000000000000
-0.946744026063367161,0.000000000000000000
-0.932881637527095298,0.000000000000000000
-0.947431953584361941,0.000000000000000000
-0.976052334410653755,0.000000000000000000
-0.965629583479355680,0.000000000000000000
-0.951390781771218719,0.000000000000000000
-0.945420090079565956,0.000000000000000000
-0.939345560271536706,0.000000000000000000
-0.927469075710966595,0.000000000000000000
-0.917630414184286702,0.000000000000000000
-0.817984761756421763,1.000000000000000000
-0.608880754903106114,1.000000000000000000
-0.410277377568370905,1.000000000000000000
-0.110250120062822088,1.000000000000000000
-0.002089742092078462,1.000000000000000000
0.075256674843918292,0.000000000000000000
0.063526006284797765,0.000000000000000000
-0.014760147601476037,0.000000000000000000
-0.048570273688602561,0.000000000000000000
-0.060683504361545348,0.000000000000000000
-0.098301018345872460,0.000000000000000000
-0.108640945066694528,0.000000000000000000
-0.136766067307316219,0.000000000000000000
-0.149275239467661303,0.000000000000000000
-0.134708302632351118,0.000000000000000000
-0.128265986789340203,0.000000000000000000
-0.131578432587163618,0.000000000000000000
-0.135738551522225359,0.000000000000000000
-0.175579188972424527,0.000000000000000000
-0.200696396085054185,0.000000000000000000
-0.191476320576939418,0.000000000000000000
-0.183508193086899585,0.000000000000000000
-0.182490985322213639,0.000000000000000000
-0.180495693168406524,0.000000000000000000
-0.180169665038699578,0.000000000000000000
-0.227143797966888550,0.000000000000000000
-0.216710897816263626,0.000000000000000000
-0.212560386473429896,0.000000000000000000
-0.207480046208779689,0.000000000000000000
-0.208346460827557256,0.000000000000000000
-0.211641461877756787,0.000000000000000000
-0.222852341944969501,0.000000000000000000
-0.257285759294265892,0.000000000000000000
-0.239550514597773545,0.000000000000000000
-0.234194496954421294,0.000000000000000000
-0.229941188825876885,0.000000000000000000
-0.226528040327662272,0.000000000000000000
-0.219347300987187577,0.000000000000000000
-0.227788279773156854,0.000000000000000000
-0.256353707204368786,0.000000000000000000
-0.134294265910522959,1.000000000000000000
-0.027895925225792872,1.000000000000000000
0.095883217811384203,1.000000000000000000
0.199971119512707407,1.000000000000000000
0.303573303927746174,1.000000000000000000
0.422600294055870629,1.000000000000000000
0.531033396345305553,1.000000000000000000
0.647723692501575243,1.000000000000000000
0.858708779668136968,1.000000000000000000
0.935268325981936544,1.000000000000000000
0.982264755303507764,1.000000000000000000
0.976816845200588091,-1.000000000000000000
0.874645557655954642,-1.000000000000000000
0.726239235454736454,-1.000000000000000000
0.602446964923335493,-1.000000000000000000
0.345935727788279745,-1.000000000000000000
0.233367464818315495,-1.000000000000000000
0.133821676118462518,-1.000000000000000000
0.040038857382902693,-1.000000000000000000
-0.057091472379752206,-1.000000000000000000
-0.129647132955261535,-1.000000000000000000
-0.180594938038227237,-1.000000000000000000
-0.224624553665196403,-1.000000000000000000
-0.326454526360008379,-1.000000000000000000
-0.401583175803402637,-1.000000000000000000
-0.491979101029195509,-1.000000000000000000
-0.594321045998739805,-1.000000000000000000
-0.660903696702373478,-1.000000000000000000
-0.709029090527200090,-1.000000000000000000
-0.757535181684520054,-1.000000000000000000
-0.810242070993488772,-1.000000000000000000
-0.833005145977735784,-1.000000000000000000
-0.864432367149758463,-1.000000000000000000
-0.909000210039907608,0.000000000000000000
-0.919200273051879901,0.000000000000000000
-0.920355492543583287,0.000000000000000000
-0.929216551144717462,0.000000000000000000
-0.934493803822726288,0.000000000000000000
-0.933706154169292146,0.000000000000000000
-0.947227473219911742,0.000000000000000000
-0.981568998109640822,0.000000000000000000
-0.982396030245746732,0.000000000000000000
-0.978746586851501732,0.000000000000000000
-0.978825351816845157,0.000000000000000000
-0.976304872925855882,0.000000000000000000
-0.960013652593992850,0.000000000000000000
-0.975333438353287119,0.000000000000000000
-1.000000000000000000,0.000000000000000000
-0.991824401219145280,0.000000000000000000
-0.983622640522191838,0.000000000000000000
-0.978128638141457452,0.000000000000000000
-0.969547529661072383,0.000000000000000000
-0.961267283215822776,0.000000000000000000
-0.977352962525487867,0.000000000000000000
-1.000000000000000000,0.000000000000000000
-0.987186332087560015,0.000000000000000000
-0.982255970154172653,0.000000000000000000
-0.973476234732686074,0.000000000000000000
-0.967504432711765006,0.000000000000000000
-0.957670074416826500,0.000000000000000000
-0.978182489305464919,0.000000000000000000
-0.991035705575659343,0.000000000000000000
-0.976837845141813821,0.000000000000000000
-0.971709741419654272,0.000000000000000000
-0.964525123094263526,0.000000000000000000
-0.959845234093320898,0.000000000000000000
-0.948560769347386201,0.000000000000000000
-0.950182252015318363,0.000000000000000000
-0.981319992353984150,0.000000000000000000
-0.956035408962976119,0.000000000000000000
-0.883925569990706150,1.000000000000000000
-0.702556801328824809,1.000000000000000000
-0.498685017104664730,1.000000000000000000
-0.327677918174447802,1.000000000000000000
-0.173650247506805577,1.000000000000000000
0.127589593508796284,1.000000000000000000
0.231048097394422447,1.000000000000000000
0.195335930342159125,0.000000000000000000
0.104704277154891168,0.000000000000000000
0.055822506970398145,0.000000000000000000
0.020242167777316356,0.000000000000000000
0.001601708489054943,0.000000000000000000
0.007138478574677087,0.000000000000000000
-0.013163011739270813,0.000000000000000000
-0.023406036397671914,0.000000000000000000
-0.034255469208307798,0.000000000000000000
-0.059184117379525780,0.000000000000000000
-0.062400717143553996,0.000000000000000000
-0.052816831781060336,0.000000000000000000
-0.053001390783914415,0.000000000000000000
-0.068187960161620986,0.000000000000000000
-0.090730524081654162,0.000000000000000000
-0.106879436831385566,0.000000000000000000
-0.092918866544066780,0.000000000000000000
-0.085668334289085268,0.000000000000000000
-0.086881150593554946,0.000000000000000000
-0.087856676751497886,0.000000000000000000
-0.113774033866577029,0.000000000000000000
-0.137898532096788040,0.000000000000000000
-0.127325937790433219,0.000000000000000000
-0.113536743720050404,0.000000000000000000
-0.109792832519296280,0.000000000000000000
-0.106167566391805579,0.000000000000000000
-0.100182581584966401,0.000000000000000000
-0.097730583404190829,0.000000000000000000
-0.141616077725705725,0.000000000000000000
-0.125203509257611367,0.000000000000000000
-0.115197774745737003,0.000000000000000000
-0.107644038414638210,0.000000000000000000
-0.099088410353760037,0.000000000000000000
-0.089425428275757501,0.000000000000000000
-0.093894392702009721,0.000000000000000000
-0.122843790578262890,0.000000000000000000
-0.010289164409114537,1.000000000000000000
0.156565356956885671,1.000000000000000000
0.296751102410472312,1.000000000000000000
0.417070389485409976,1.000000000000000000
0.535834107822006134,1.000000000000000000
0.646819982466894761,1.000000000000000000
0.748037412746435759,1.000000000000000000
0.924489002260847847,1.000000000000000000
0.998391700117985836,1.000000000000000000
1.000000000000000000,-1.000000000000000000
0.971486550443132035,-1.000000000000000000
0.836154639108419806,-1.000000000000000000
0.659031528173077641,-1.000000000000000000
0.472585465790992032,-1.000000000000000000
0.213474841645974189,-1.000000000000000000
0.134119538650052217,-1.000000000000000000
0.054038108698611920,-1.000000000000000000
-0.016772236017193687,-1.000000000000000000
-0.082382993069377575,-1.000000000000000000
-0.144791011585614915,-1.000000000000000000
-0.208119655349027211,-1.000000000000000000
-0.270203510045836759,-1.000000000000000000
-0.382052994301200100,-1.000000000000000000
-0.452111278955933171,-1.000000000000000000
-0.528406475496456807,-1.000000000000000000
-0.605946461103583300,-1.000000000000000000
-0.677845996252666172,-1.000000000000000000
-0.758510921079076583,-1.000000000000000000
-0.834468987247395377,-1.000000000000000000
-0.898692323152428307,0.000000000000000000
-0.921241158431825080,0.000000000000000000
-0.935867429964406861,0.000000000000000000
-0.946940866036059981,0.000000000000000000
-0.949793507647024526,0.000000000000000000
-0.952866580655199913,0.000000000000000000
-0.983882574898050422,0.000000000000000000
-1.000000000000000000,0.000000000000000000
-0.984043585728520909,0.000000000000000000
-0.978220076870316979,0.000000000000000000
-0.972965977767137336,0.000000000000000000
-0.965149534766347905,0.000000000000000000
-0.948753122047804487,0.000000000000000000
-0.952104874923970890,0.000000000000000000
-0.983694175197028731,0.000000000000000000
-0.968255406157390031,0.000000000000000000
-0.963376599847294623,0.000000000000000000
-0.954460160728844542,0.000000000000000000
-0.951768405523274574,0.000000000000000000
-0.943149612413132665,0.000000000000000000
-0.930894361549312155,0.000000000000000000
-0.953463693657551792,0.000000000000000000
-0.977068316229472100,0.000000000000000000
-0.960891902734460901,0.000000000000000000
-0.956362506955857783,0.000000000000000000
-0.951147231245066171,0.000000000000000000
-0.945504898218006318,0.000000000000000000
-0.932732002122345416,0.000000000000000000
-0.936083754998511708,0.000000000000000000
-0.971102454932512016,0.000000000000000000
-0.962794248961474253,0.000000000000000000
-0.959753083224412107,0.000000000000000000
-0.953981338889392183,0.000000000000000000
-0.951923699092826703,0.000000000000000000
-0.940962561308607115,0.000000000000000000
-0.918613228423899697,0.000000000000000000
-0.885393345670544729,0.000000000000000000
-0.777321962393073940,1.000000000000000000
-0.417830290010741123,1.000000000000000000
-0.253413223247447417,1.000000000000000000
-0.087637337750572697,1.000000000000000000
0.083962056604506063,1.000000000000000000
0.262717896289777819,1.000000000000000000
0.416665588239100382,1.000000000000000000
0.502685284640171925,0.000000000000000000
0.355104629042485742,0.000000000000000000
0.302317756525565251,0.000000000000000000
0.263183776998434205,0.000000000000000000
0.229756836152342991,0.000000000000000000
0.195902837989983647,0.000000000000000000
0.163666481177125345,0.000000000000000000
0.143090083211470986,0.000000000000000000
0.134561878016901115,0.000000000000000000
0.111086666752940877,0.000000000000000000
0.097589067332703561,0.000000000000000000
0.085139699506942890,0.000000000000000000
0.058118618404876310,0.000000000000000000
0.049461001902346258,0.000000000000000000
0.065831532359297507,0.000000000000000000
0.067889172155862987,0.000000000000000000
0.073453858398146776,0.000000000000000000
0.076080907949736654,0.000000000000000000
0.053990397680949265,0.000000000000000000
0.036752811460665447,0.000000000000000000
0.046730423304388369,0.000000000000000000
0.055116276060202196,0.000000000000000000
0.055530392245674465,0.000000000000000000
0.054313925950849606,0.000000000000000000
0.111332548238064932,1.000000000000000000
0.231633300117764396,1.000000000000000000
0.398017418762051323,1.000000000000000000
0.562149780647833053,1.000000000000000000
0.690486974751853833,1.000000000000000000
0.799438354923453165,1.000000000000000000
0.883685116405471538,1.000000000000000000
1.000000000000000000,1.000000000000000000
1.000000000000000000,-1.000000000000000000
0.974943828734442519,-1.000000000000000000
0.878379743000681668,-1.000000000000000000
0.738052561157254372,-1.000000000000000000
0.591249905329327641,-1.000000000000000000
0.457423442983009743,-1.000000000000000000
0.336838252000706939,-1.000000000000000000
0.115977884930953623,-1.000000000000000000
0.036088460276185952,-1.000000000000000000
-0.031077226023074389,-1.000000000000000000
-0.100540253969856885,-1.000000000000000000
-0.162871424604276616,-1.000000000000000000
-0.220279720279720315,-1.000000000000000000
-0.269609451919921250,-1.000000000000000000
-0.424869354472242611,-1.000000000000000000
-0.486518896266188716,-1.000000000000000000
-0.537363358662997670,-1.000000000000000000
-0.605753452323849473,-1.000000000000000000
-0.679041175431067123,-1.000000000000000000
-0.751811365529777120,-1.000000000000000000
-0.808399182045391407,-1.000000000000000000
-0.851556385852414666,-1.000000000000000000
-0.956552472797960185,0.000000000000000000
-0.965135947085405621,0.000000000000000000
-0.976950846986948118,0.000000000000000000
-0.986215950114867068,0.000000000000000000
-0.994079927292923715,0.000000000000000000
-0.994711065108176973,0.000000000000000000
-0.989308525409608452,0.000000000000000000
-1.000000000000000000,0.000000000000000000
-0.988087556460018890,0.000000000000000000
-0.981709435647987294,0.000000000000000000
-0.974971459770685445,0.000000000000000000
-0.967588226534968010,0.000000000000000000
-0.960602074750583235,0.000000000000000000
-0.947783789149749367,0.000000000000000000
-0.958852434605648507,0.000000000000000000
-0.978396287288430089,0.000000000000000000
-0.971894078522857030,0.000000000000000000
-0.969300640293840221,0.000000000000000000
-0.964014493472973633,0.000000000000000000
-0.959547327145480744,0.000000000000000000
-0.948838536754851858,0.000000000000000000
-0.954968481659800417,0.000000000000000000
-0.979823298754156968,0.000000000000000000
-0.969809400903360319,0.000000000000000000
-0.965540775301533705,0.000000000000000000
-0.958120315679753753,0.000000000000000000
-0.954124683575718446,0.000000000000000000
-0.942224648831091471,0.000000000000000000
-0.944631955129796030,0.000000000000000000
-0.977068546185536291,0.000000000000000000
-0.968072169553779727,0.000000000000000000
-0.966595522906636195,0.000000000000000000
-0.961904998262768651,0.000000000000000000
-0.958777981833523585,0.000000000000000000
-0.947684518786916175,0.000000000000000000
-0.953640740556906730,0.000000000000000000
-0.981399215764133581,0.000000000000000000
-0.964845882761701468,0.000000000000000000
-0.960155358117833924,0.000000000000000000
-0.951059711123244167,0.000000000000000000
-0.943875018613193006,0.000000000000000000
-0.925373504740159780,0.000000000000000000
-0.913163250111679203,1.000000000000000000
-0.867498883208418059,1.000000000000000000
-0.736238645952250970,1.000000000000000000
-0.443031220529111036,1.000000000000000000
-0.279669429691765559,1.000000000000000000
-0.100933141410631810,1.000000000000000000
0.079317019903707653,1.000000000000000000
0.248448900580731546,1.000000000000000000
0.386831786370179120,1.000000000000000000
0.441107857249218194,0.000000000000000000
0.223234228421104852,0.000000000000000000
0.174616568223556756,0.000000000000000000
0.146361741202164053,0.000000000000000000
0.115166029681838422,0.000000000000000000
0.099990072963716647,0.000000000000000000
0.090609023675981559,0.000000000000000000
0.075842557204546690,0.000000000000000000
0.065754206581625008,0.000000000000000000
0.040167270561373813,0.000000000000000000
0.022608825135255861,0.000000000000000000
0.025102993001439478,0.000000000000000000
0.026443142899687189,0.000000000000000000
0.023465032014692078,0.000000000000000000
0.019308085571052791,0.000000000000000000
0.003263513178140665,0.000000000000000000
-0.040849754305852026,0.000000000000000000
-0.034831488559090684,0.000000000000000000
-0.037288430039211784,0.000000000000000000
-0.044274581823596559,0.000000000000000000
-0.048468754653298252,0.000000000000000000
-0.046595026554822061,0.000000000000000000
-0.061423537003027717,0.000000000000000000
-0.064947634883605554,0.000000000000000000
-0.049746860574775398,0.000000000000000000
-0.069923561820618430,0.000000000000000000
-0.095783491338660820,0.000000000000000000
-0.072144736189010739,1.000000000000000000
0.021467215962674313,1.000000000000000000
0.143023775251898577,1.000000000000000000
0.277733657616518581,1.000000000000000000
0.559500173723134875,1.000000000000000000
0.678785923462550178,1.000000000000000000
0.785303022782548377,1.000000000000000000
0.882575569563706752,1.000000000000000000
0.965776542413262495,1.000000000000000000
0.999466421799771743,1.000000000000000000
0.974574378319352785,-1.000000000000000000
0.907269072318459324,-1.000000000000000000
0.644128158038417720,-1.000000000000000000
0.484153968332754259,-1.000000000000000000
0.342867424430436385,-1.000000000000000000
0.226485332803891382,-1.000000000000000000
0.128046359259443188,-1.000000000000000000
0.040688439966248158,-1.000000000000000000
-0.024916861071127228,-1.000000000000000000
-0.136260981783888457,-1.000000000000000000
-0.190946542909614325,-1.000000000000000000
-0.248163498287586215,-1.000000000000000000
-0.306385566089244055,-1.000000000000000000
-0.377748548170943610,-1.000000000000000000
-0.452275773067950526,-1.000000000000000000
-0.504231399215764098,-1.000000000000000000
-0.550876060952002700,-1.000000000000000000
-0.657095349183501209,-1.000000000000000000
-0.713344418523849777,-1.000000000000000000
-0.762383977763438692,-1.000000000000000000
-0.817590708294038793,-1.000000000000000000
-0.885131781406661045,-1.000000000000000000
-0.916538442448007196,-1.000000000000000000
-0.932682285203752404,-1.000000000000000000
-0.960924703429791083,0.000000000000000000
-0.968134213530550403,0.000000000000000000
-0.966186032659949401,0.000000000000000000
-0.955849506129944904,0.000000000000000000
-0.971844443341440378,0.000000000000000000
-0.986424777882563109,0.000000000000000000
-0.977676577157889470,0.000000000000000000
-0.976969275822703098,0.000000000000000000
-0.970094803196505651,0.000000000000000000
-0.961532734402144262,0.000000000000000000
-0.939705663374199585,0.000000000000000000
-0.935288132228123237,0.000000000000000000
-0.960626892341291505,0.000000000000000000
-0.957462649525984033,0.000000000000000000
-0.950228321834516332,0.000000000000000000
-0.946542909614334627,0.000000000000000000
-0.945423966536960148,0.000000000000000000
-0.937020970254386132,0.000000000000000000
-0.932664320778487377,0.000000000000000000
-0.957848485412671535,0.000000000000000000
-0.963905593515915426,0.000000000000000000
-0.952908466918632402,0.000000000000000000
-0.951232832504825154,0.000000000000000000
-0.943227023638857354,0.000000000000000000
-0.934848851569821226,0.000000000000000000
-0.927463648042300415,0.000000000000000000
-0.949594434411324850,0.000000000000000000
-0.960951512104907146,0.000000000000000000
-0.950376397137768225,0.000000000000000000
-0.948675938510423089,0.000000000000000000
-0.927364351188148861,0.000000000000000000
-0.862647626494883135,1.000000000000000000
-0.699093295600528686,1.000000000000000000
-0.534186045068359761,1.000000000000000000
-0.383652014174625910,1.000000000000000000
-0.223113825225124573,1.000000000000000000
-0.064598809678960811,1.000000000000000000
0.095120180223790207,1.000000000000000000
0.357139754116164942,0.000000000000000000
0.359411169654881402,0.000000000000000000
0.259965370222114744,0.000000000000000000
0.202385606920990835,0.000000000000000000
0.179559742572905634,0.000000000000000000
0.157776495193411748,0.000000000000000000
0.140747084706422720,0.000000000000000000
0.103344508749914077,0.000000000000000000
0.077512356363136581,0.000000000000000000
0.069951699273302026,0.000000000000000000
0.071451333737401423,0.000000000000000000
0.064015646186242003,0.000000000000000000
0.054030580046113830,0.000000000000000000
0.039059229312854882,0.000000000000000000
0.003380426021157401,0.000000000000000000
-0.028311848986809496,0.000000000000000000
-0.020301301557745344,0.000000000000000000
-0.017626953430101455,0.000000000000000000
-0.014127806347202898,0.000000000000000000
-0.019326539156080735,0.000000000000000000
-0.045457669693012348,0.000000000000000000
-0.059329288485931553,0.000000000000000000
-0.036884759339910866,0.000000000000000000
-0.030761251944838475,0.000000000000000000
-0.026712238891770101,0.000000000000000000
-0.027274601815807431,0.000000000000000000
-0.033360618349277393,0.000000000000000000
-0.063965658370772172,0.000000000000000000
-0.073688288479683117,0.000000000000000000
-0.036209923831066138,1.000000000000000000
0.207543161354419858,1.000000000000000000
0.374452477208680357,1.000000000000000000
0.515293147295346809,1.000000000000000000
0.638275670305363141,1.000000000000000000
0.743412543192596864,1.000000000000000000
0.834265397809283993,1.000000000000000000
0.920456888633395698,1.000000000000000000
0.939064852942095296,-1.000000000000000000
0.820131342985147338,-1.000000000000000000
0.660857665943926254,-1.000000000000000000
0.504095876630071382,-1.000000000000000000
0.356656814901367802,-1.000000000000000000
0.221489761870544033,-1.000000000000000000
0.121301682714838321,-1.000000000000000000
0.044420422522010172,-1.000000000000000000
-0.101581489511931466,-1.000000000000000000
-0.167577902886171470,-1.000000000000000000
-0.229900211823368061,-1.000000000000000000
-0.291660157836527323,-1.000000000000000000
-0.380938396265910195,-1.000000000000000000
-0.464068133392485538,-1.000000000000000000
-0.536812901855172830,-1.000000000000000000
-0.676003974031329946,-1.000000000000000000
-0.735839389148895018,-1.000000000000000000
-0.781140846918563669,-1.000000000000000000
-0.818331781628228061,-1.000000000000000000
-0.881316429120401867,-1.000000000000000000
-0.944950918213685376,-1.000000000000000000
-0.971569429951449348,-1.000000000000000000
-1.000000000000000000,1.000000000000000000
-0.883521433428787084,1.000000000000000000
-0.837853350552446585,1.000000000000000000
-0.802866108917129839,1.000000000000000000
-0.790351057790088962,1.000000000000000000
-0.793295775702334005,1.000000000000000000
-0.764871761278207218,1.000000000000000000
-0.741264107507159098,1.000000000000000000
-0.720226843100189029,1.000000000000000000
-0.709521046622620721,1.000000000000000000
-0.687872378920311611,1.000000000000000000
-0.669130996275430934,1.000000000000000000
-0.653771048182322900,1.000000000000000000
-0.618010194214128394,1.000000000000000000
-0.581263608402428078,1.000000000000000000
-0.568910766312926253,1.000000000000000000
-0.606081591145882115,1.000000000000000000
-0.617186671408161636,1.000000000000000000
-0.626819392714318635,1.000000000000000000
-0.647083044788410833,1.000000000000000000
-0.659485797351001657,1.000000000000000000
-0.663391291870207844,1.000000000000000000
-0.665762039341930345,1.000000000000000000
-0.584457878680117560,1.000000000000000000
-0.532538509049392594,1.000000000000000000
-0.518338979455601478,1.000000000000000000
-0.514433484936395402,1.000000000000000000
-0.463874175697342905,1.000000000000000000
-0.420031463030938634,1.000000000000000000
-0.362426083095791163,1.000000000000000000
-0.201690999993565434,1.000000000000000000
-0.259872209817837874,1.000000000000000000
-0.356454819800400280,1.000000000000000000
-0.385706288486658000,1.000000000000000000
-0.377959089124965453,1.000000000000000000
-0.369311052628192305,1.000000000000000000
-0.369143754303105975,1.000000000000000000
-0.318194979763337216,1.000000000000000000
-0.103203762925404230,1.000000000000000000
0.012180604976481657,1.000000000000000000
0.141811068714569721,1.000000000000000000
0.303511334461524562,1.000000000000000000
0.455920108615220254,1.000000000000000000
0.582912406457715360,1.000000000000000000
0.689584392353179698,1.000000000000000000
0.753286446905302665,1.000000000000000000
0.747817078585170991,-1.000000000000000000
0.713701089369478403,-1.000000000000000000
0.685800876385841418,-1.000000000000000000
0.638828654342356694,-1.000000000000000000
0.603798958889653958,-1.000000000000000000
0.575062254280584995,-1.000000000000000000
0.545630618167311177,-1.000000000000000000
0.489315428122848450,-1.000000000000000000
0.470423586490016810,-1.000000000000000000
0.460076828538520388,-1.000000000000000000
0.451351577430169071,-1.000000000000000000
0.443990451126368146,-1.000000000000000000
0.429602795168939178,-1.000000000000000000
0.414314302076429497,-1.000000000000000000
0.396155999253592128,-1.000000000000000000
0.377727445290230390,1.000000000000000000
0.378975748177413418,1.000000000000000000
0.383248290018081139,1.000000000000000000
0.391960672024502799,1.000000000000000000
0.402783586747398781,1.000000000000000000
0.428843518155085590,1.000000000000000000
0.467772551492494193,1.000000000000000000
0.658158045440798922,1.000000000000000000
0.786282824253109469,1.000000000000000000
0.905656613753209161,1.000000000000000000
1.000000000000000000,1.000000000000000000
1.000000000000000000,1.000000000000000000
1.000000000000000000,1.000000000000000000
1.000000000000000000,0.000000000000000000
1.000000000000000000,-1.000000000000000000
0.879326914874862808,-1.000000000000000000
0.762543574812194702,-1.000000000000000000
0.643087456709525940,-1.000000000000000000
0.524836932105751108,-1.000000000000000000
0.413956450778233398,-1.000000000000000000
0.316144148037782902,-1.000000000000000000
0.223916245372397515,-1.000000000000000000
0.065721905975080652,-1.000000000000000000
-0.007023150807235812,-1.000000000000000000
-0.076970320790232472,-1.000000000000000000
-0.146974358391101401,-1.000000000000000000
-0.218968762617502755,-1.000000000000000000
-0.301313073296672673,-1.000000000000000000
-0.399910149163761663,-1.000000000000000000
-0.489021706369741849,-1.000000000000000000
-0.626095412489266256,-1.000000000000000000
-0.684418841379153431,-1.000000000000000000
-0.735156130044868572,-1.000000000000000000
-0.776646744044538706,-1.000000000000000000
-0.812678066728462767,-1.000000000000000000
-0.864473093086603694,-1.000000000000000000
-0.903927846366443521,-1.000000000000000000
-0.928016969297173144,-1.000000000000000000
-0.940596086370538043,1.000000000000000000
-0.945270604559645622,1.000000000000000000
-0.939811313243899549,1.000000000000000000
-0.926549784756066308,1.000000000000000000
-0.929984588875556573,1.000000000000000000
-0.941426353591474419,1.000000000000000000
-0.927118460934789890,1.000000000000000000
-0.907885832570359486,1.000000000000000000
-0.899367063413080703,1.000000000000000000
-0.884774832667034383,1.000000000000000000
-0.861857182664475419,1.000000000000000000
-0.852087325914004823,1.000000000000000000
-0.854089066063111746,1.000000000000000000
-0.820013989433996615,1.000000000000000000
-0.745631145256956396,1.000000000000000000
-0.711840406717203056,1.000000000000000000
-0.693961227658134616,1.000000000000000000
-0.682314739517876356,1.000000000000000000
-0.663582546190722544,1.000000000000000000
-0.643076083185951441,1.000000000000000000
-0.609353585787644869,1.000000000000000000
-0.589757004668831408,1.000000000000000000
-0.631486462663565451,1.000000000000000000
-0.657554578696253000,1.000000000000000000
-0.668768872940681325,1.000000000000000000
-0.678265765125364739,1.000000000000000000
-0.702627852621881543,1.000000000000000000
-0.703344384607073270,1.000000000000000000
-0.687205354654898848,1.000000000000000000
-0.568761480150357990,1.000000000000000000
-0.484893117312208854,1.000000000000000000
-0.376366955364606737,1.000000000000000000
-0.247891633067382489,1.000000000000000000
-0.133542227049651130,1.000000000000000000
-0.017191080882812848,1.000000000000000000
0.095554658310917917,1.000000000000000000
0.237735076515379840,0.000000000000000000
0.176989087104130194,0.000000000000000000
0.103106677964366789,0.000000000000000000
0.072648381831933451,0.000000000000000000
0.056429737214737763,0.000000000000000000
0.043213702821202515,0.000000000000000000
0.027472746194134645,0.000000000000000000
0.010765040063236864,0.000000000000000000
-0.020421161577962699,0.000000000000000000
-0.037435952845371268,0.000000000000000000
-0.045795492672607407,0.000000000000000000
-0.031100900214390936,0.000000000000000000
0.011003884058300661,0.000000000000000000
0.033330110834987270,0.000000000000000000
-0.001734462345106880,0.000000000000000000
-0.076855614347940526,0.000000000000000000
-0.074318122021808430,0.000000000000000000
-0.056321805478410814,0.000000000000000000
-0.048580699856754506,0.000000000000000000
-0.049200456047007957,0.000000000000000000
-0.060777033940421554,0.000000000000000000
-0.081240681731809317,0.000000000000000000
-0.099728125822200142,0.000000000000000000
-0.111456719384921188,0.000000000000000000
-0.050790773818224388,1.000000000000000000
0.074131025813430007,1.000000000000000000
0.213681410237670732,1.000000000000000000
0.336872569941824684,1.000000000000000000
0.439097260794574229,1.000000000000000000
0.513386149033823402,1.000000000000000000
0.636764404946356111,1.000000000000000000
0.716900049697430264,1.000000000000000000
0.786909112170023572,1.000000000000000000
0.848510538778612489,1.000000000000000000
0.887929371181337190,1.000000000000000000
0.902452714356710706,1.000000000000000000
0.874598766334375943,-1.000000000000000000
0.793948607010261043,-1.000000000000000000
0.565235185780688099,-1.000000000000000000
0.434899289619083751,-1.000000000000000000
0.317192387523021591,-1.000000000000000000
0.210828193059900082,-1.000000000000000000
0.115034934370158215,-1.000000000000000000
0.031613412459438051,-1.000000000000000000
-0.047504896658578599,-1.000000000000000000
-0.172987984915368154,-1.000000000000000000
-0.226591048615780388,-1.000000000000000000
-0.281375157131581233,-1.000000000000000000
-0.344449966381150108,-1.000000000000000000
-0.411629198702020083,-1.000000000000000000
-0.473254012336656205,-1.000000000000000000
-0.547075160054959486,-1.000000000000000000
-0.624848715175256531,-1.000000000000000000
-0.721893179758528958,-1.000000000000000000
-0.767532961089835375,-1.000000000000000000
-0.806659455666968728,-1.000000000000000000
-0.840009354810418940,-1.000000000000000000
-0.863665331657263113,-1.000000000000000000
-0.886093489636624043,-1.000000000000000000
-0.924763937205835052,-1.000000000000000000
-0.946291694682374951,0.000000000000000000
-0.953167480340281204,0.000000000000000000
-0.958254158505569054,0.000000000000000000
-0.964825912824860410,0.000000000000000000
-0.967000906247259318,0.000000000000000000
-0.962311807524775631,0.000000000000000000
-0.974800479434033917,0.000000000000000000
-0.996854444996638112,0.000000000000000000
-0.990855672815505573,0.000000000000000000
-0.990621802555032627,0.000000000000000000
-0.991054462536907654,0.000000000000000000
-0.989662934487093304,0.000000000000000000
-0.980331511094220454,0.000000000000000000
-0.978086356593679707,0.000000000000000000
-1.000000000000000000,0.000000000000000000
-0.992692848680101991,0.000000000000000000
-0.991327135094753675,0.000000000000000000
-0.987801959857358858,0.000000000000000000
-0.989424474287815436,0.000000000000000000
-0.987755268794611840,0.000000000000000000
-0.980214662160979078,0.000000000000000000
-0.995634385633159980,0.000000000000000000
-1.000000000000000000,0.000000000000000000
-0.968339813149190487,0.000000000000000000
-0.957917948122787632,0.000000000000000000
-0.951221493645911909,0.000000000000000000
-0.934880752045494146,1.000000000000000000
-0.858759357047525151,1.000000000000000000
-0.721232519004236128,1.000000000000000000
-0.579771368885278249,1.000000000000000000
-0.206441934775715263,1.000000000000000000
-0.047003439276044556,1.000000000000000000
0.103251457423713999,1.000000000000000000
0.233858575017684256,1.000000000000000000
0.322779715588945582,0.000000000000000000
0.325109154328365513,0.000000000000000000
0.266275581140083428,0.000000000000000000
0.211942337244188650,0.000000000000000000
0.133192672634583120,0.000000000000000000
0.113703441715247378,0.000000000000000000
0.096189965119398924,0.000000000000000000
0.076761714271776027,0.000000000000000000
0.050650047564456013,0.000000000000000000
0.042320169768519600,0.000000000000000000
0.043515379174085878,0.000000000000000000
0.032002341634753684,0.000000000000000000
0.024928653316096394,0.000000000000000000
0.013196087518599020,0.000000000000000000
0.001768422079664322,0.000000000000000000
0.011122765080371799,0.000000000000000000
0.008817718369636740,0.000000000000000000
-0.001902578237432007,0.000000000000000000
0.001402541649389022,0.000000000000000000
-0.007878625265263284,0.000000000000000000
-0.028416713418054962,0.000000000000000000
-0.043515379174085878,0.000000000000000000
-0.059492157962777736,0.000000000000000000
-0.073602946557065119,0.000000000000000000
-0.076322657755445555,0.000000000000000000
-0.052064785228187471,1.000000000000000000
0.165341366441446924,1.000000000000000000
0.320450276849525650,1.000000000000000000
0.454643022660194740,1.000000000000000000
0.570895431373027229,1.000000000000000000
0.669939263848574384,1.000000000000000000
0.751896480230260789,1.000000000000000000
0.816071907700563370,1.000000000000000000
0.871673537088079708,1.000000000000000000
0.950581749884137794,1.000000000000000000
0.950886650242700693,-1.000000000000000000
0.893894675220137991,-1.000000000000000000
0.800826889772422446,-1.000000000000000000
0.689318730638827315,-1.000000000000000000
0.570456374856696868,-1.000000000000000000
0.458545747249798685,-1.000000000000000000
0.262860697124179810,-1.000000000000000000
0.192038441837207641,-1.000000000000000000
0.115801156182159692,-1.000000000000000000
0.036673415127936204,-1.000000000000000000
-0.040088299143839823,-1.000000000000000000
-0.111239846818059873,-1.000000000000000000
-0.180525404297875447,-1.000000000000000000
-0.260482474327389801,-1.000000000000000000
-0.413139985852623348,-1.000000000000000000
-0.487730809571432111,-1.000000000000000000
-0.563224138351586689,-1.000000000000000000
-0.628131326682440205,-1.000000000000000000
-0.682623118764787651,-1.000000000000000000
-0.720857623728565544,-1.000000000000000000
-0.761336195331365762,-1.000000000000000000
-0.812669219699002410,0.000000000000000000
-0.817584213479034982,0.000000000000000000
-0.827036124594482502,0.000000000000000000
-0.834402517257360254,0.000000000000000000
-0.839707783496353333,0.000000000000000000
-0.837317364685220888,0.000000000000000000
-0.839000414664487604,0.000000000000000000
-0.865563333902480636,0.000000000000000000
-0.868905041832329195,0.000000000000000000
-0.869063590018781862,0.000000000000000000
-0.866112154547893809,0.000000000000000000
-0.868307437129546056,0.000000000000000000
-0.866612191135936794,0.000000000000000000
-0.858672585798960886,0.000000000000000000
-0.870234407395663156,0.000000000000000000
-0.891053003878332528,0.000000000000000000
-0.885955069883162194,0.000000000000000000
-0.882149913408298181,0.000000000000000000
-0.878942361636217306,0.000000000000000000
-0.875527477620313688,0.000000000000000000
-0.862465546259482352,0.000000000000000000
-0.847391272532136530,0.000000000000000000
-0.857587140522477309,0.000000000000000000
-0.837061248384028067,0.000000000000000000
-0.807485913603434358,0.000000000000000000
-0.771105202819718505,0.000000000000000000
-0.750786642925092118,0.000000000000000000
-0.755043051930629039,0.000000000000000000
-0.753445374051759931,0.000000000000000000
-0.768214747420542965,0.000000000000000000
-0.812852159914140060,0.000000000000000000
-0.806741956728541099,0.000000000000000000
-0.798521843061687386,0.000000000000000000
-0.793887357611532618,0.000000000000000000
-0.794375198185233056,0.000000000000000000
-0.784512951251809976,0.000000000000000000
-0.781221672782740795,0.000000000000000000
-0.813642075255843644,0.000000000000000000
-0.817155431636461427,0.000000000000000000
-0.811404029732247234,0.000000000000000000
-0.805602615637561636,0.000000000000000000
-0.799288576590543975,0.000000000000000000
-0.787085602115515703,0.000000000000000000
-0.773419771069198125,0.000000000000000000
-0.787560717924994158,0.000000000000000000
-0.698151424409699795,1.000000000000000000
-0.570632841755177811,1.000000000000000000
-0.445127249767130695,1.000000000000000000
-0.310006814160951771,1.000000000000000000
-0.176711823506979782,1.000000000000000000
-0.055769843899450500,1.000000000000000000
0.056820099899350440,1.000000000000000000
0.177599539887847602,1.000000000000000000
0.359893974156200613,1.000000000000000000
0.385525221772807125,1.000000000000000000
0.418958371102956306,0.000000000000000000
0.407630609961177948,0.000000000000000000
0.352104575490275851,0.000000000000000000
0.307806277780208859,0.000000000000000000
0.280737179687548855,0.000000000000000000
0.210895155694200476,0.000000000000000000
0.175886622364201273,0.000000000000000000
0.157182063127887517,0.000000000000000000
0.143928832652959082,0.000000000000000000
0.121023249417045342,0.000000000000000000
0.095667068848031667,0.000000000000000000
0.084389319896724935,0.000000000000000000
0.078437869230624901,0.000000000000000000
0.078075280849707163,0.000000000000000000
0.088177743324935554,0.000000000000000000
0.096654809609842296,0.000000000000000000
0.103043866942567286,0.000000000000000000
0.138252449034452107,0.000000000000000000
0.158882477603915939,0.000000000000000000
0.130250498559023820,0.000000000000000000
0.073486662373953626,0.000000000000000000
0.029150855521033359,0.000000000000000000
-0.006857921618394491,0.000000000000000000
-0.032626702758797421,0.000000000000000000
-0.050381030376154157,0.000000000000000000
-0.063209157232075319,0.000000000000000000
-0.068385418945868026,0.000000000000000000
-0.043076199016745864,1.000000000000000000
0.304621485911664047,1.000000000000000000
0.479975346370651978,1.000000000000000000
0.621509556203433844,1.000000000000000000
0.752456498132796581,1.000000000000000000
0.874102815371984088,1.000000000000000000
0.969502343936223809,1.000000000000000000
1.000000000000000000,-1.000000000000000000
0.968213365189219966,-1.000000000000000000
0.874697293331688552,-1.000000000000000000
0.750082777694819791,-1.000000000000000000
0.616430885494101632,-1.000000000000000000
0.496581768131561407,-1.000000000000000000
0.381264323787387838,-1.000000000000000000
0.275516630201198431,-1.000000000000000000
0.175365358021645656,-1.000000000000000000
0.001032286547163919,-1.000000000000000000
-0.096288313087965149,-1.000000000000000000
-0.187493101858764999,-1.000000000000000000
-0.260532244346770359,-1.000000000000000000
-0.341453121855259112,-1.000000000000000000
-0.433125361137982279,-1.000000000000000000
-0.529588968167918672,-1.000000000000000000
-0.703960993851727279,-1.000000000000000000
-0.788478643354736497,-1.000000000000000000
-0.871165445019379758,-1.000000000000000000
-0.923610795509878124,-1.000000000000000000
-0.962500081154602727,-1.000000000000000000
-0.997831549014133845,0.000000000000000000
-1.000000000000000000,0.000000000000000000
-1.000000000000000000,0.000000000000000000
-1.000000000000000000,0.000000000000000000
-1.000000000000000000,0.000000000000000000
-1.000000000000000000,0.000000000000000000
-0.992105199133883175,0.000000000000000000
-0.992567452497384650,0.000000000000000000
-0.992080870009488303,0.000000000000000000
-0.994282655767218970,0.000000000000000000
-0.986509500523076177,0.000000000000000000
-1.000000000000000000,0.000000000000000000
-1.000000000000000000,0.000000000000000000
-0.986558701519844927,0.000000000000000000
-0.982778713717249675,0.000000000000000000
-0.977863521910041111,0.000000000000000000
-0.974663212748099417,0.000000000000000000
-0.968455820637767251,0.000000000000000000
-0.974699442663140236,0.000000000000000000
-0.991220283921767531,0.000000000000000000
-0.980278849579431122,0.000000000000000000
-0.974228453767609248,0.000000000000000000
-0.967876141997113693,0.000000000000000000
-0.964446376706579955,0.000000000000000000
-0.959217192302350696,0.000000000000000000
-0.964373916876498205,0.000000000000000000
-0.983817304615087318,0.000000000000000000
-0.971861432651607071,0.000000000000000000
-0.963540628830558687,0.000000000000000000
-0.954277847218448327,0.000000000000000000
-0.944833916031133536,0.000000000000000000
-0.929991727502732290,0.000000000000000000
-0.892179772838432639,1.000000000000000000
-0.709882916991226298,1.000000000000000000
-0.562511699243398611,1.000000000000000000
-0.421673942841270688,1.000000000000000000
-0.283203207555144942,1.000000000000000000
-0.152352831065944438,1.000000000000000000
-0.034641837098225325,1.000000000000000000
0.059543865369635629,0.000000000000000000
-0.010150414530611274,0.000000000000000000
-0.062261108997699433,0.000000000000000000
-0.090617055836337390,0.000000000000000000
-0.104964102192513731,0.000000000000000000
-0.113429825673725504,0.000000000000000000
-0.126412211896696380,0.000000000000000000
-0.147884474877573058,0.000000000000000000
-0.149756353821350330,0.000000000000000000
-0.147582558918899376,0.000000000000000000
-0.146024672572142800,0.000000000000000000
-0.143295352305732204,0.000000000000000000
-0.157159333128030432,0.000000000000000000
-0.177387702359171340,0.000000000000000000
-0.162714586767627400,0.000000000000000000
-0.128247860925432833,0.000000000000000000
-0.071898266398565336,0.000000000000000000
-0.086933681140517693,0.000000000000000000
-0.126400135258349477,0.000000000000000000
-0.159695427180889915,0.000000000000000000
-0.179537343984928377,0.000000000000000000
-0.197024316311311565,0.000000000000000000
-0.216673006901798804,0.000000000000000000
-0.233387074373977210,0.000000000000000000
-0.253748286626934494,0.000000000000000000
-0.228447729290074841,1.000000000000000000
-0.110772965237396548,1.000000000000000000
0.064905892795681375,1.000000000000000000
0.198014600655761486,1.000000000000000000
0.302622442017040028,1.000000000000000000
0.401518033440211530,1.000000000000000000
0.561823330857622372,1.000000000000000000
0.616107820227161485,1.000000000000000000
0.671442977132885366,1.000000000000000000
0.729350458006509328,1.000000000000000000
0.777814007692818610,1.000000000000000000
0.818838348157406859,1.000000000000000000
0.833608076855726354,-1.000000000000000000
0.792958112179893648,-1.000000000000000000
0.507550918126430384,-1.000000000000000000
0.384646969669522720,-1.000000000000000000
0.277539264170425515,-1.000000000000000000
0.178873128875846055,-1.000000000000000000
0.092851233930523192,-1.000000000000000000
0.008966903972610130,-1.000000000000000000
-0.072852320827974326,-1.000000000000000000
-0.242601549432699959,-1.000000000000000000
-0.323684099294120453,-1.000000000000000000
-0.397762198914310194,-1.000000000000000000
-0.477939000899709532,-1.000000000000000000
-0.549710462595631943,-1.000000000000000000
-0.616868648443019474,-1.000000000000000000
-0.675065968636970215,-1.000000000000000000
-0.724266193262443458,-1.000000000000000000
-0.845080883285328710,-1.000000000000000000
-0.868340488741553895,0.000000000000000000
-0.888327325205755747,0.000000000000000000
-0.907806942859385679,0.000000000000000000
-0.925776980719646869,0.000000000000000000
-0.937213557234208294,0.000000000000000000
-0.938288378047086757,0.000000000000000000
-0.962900566998170393,0.000000000000000000
-0.954012161174815354,0.000000000000000000
-0.950292556563954838,0.000000000000000000
-0.951886672825752234,0.000000000000000000
-0.952418044913017958,0.000000000000000000
-0.953215103043916656,0.000000000000000000
-0.945159985266501246,0.000000000000000000
-0.947865152256217924,0.000000000000000000
-0.978708886594327643,0.000000000000000000
-0.972272038355403434,0.000000000000000000
-0.971040221244014568,0.000000000000000000
-0.968371284169338598,0.000000000000000000
-0.966487328587214423,0.000000000000000000
-0.956970937569818103,0.000000000000000000
-0.952091975677650360,0.000000000000000000
-0.980158083195961538,0.000000000000000000
-0.967743298975297206,0.000000000000000000
-0.960750925372413356,0.000000000000000000
-0.951790059718976678,0.000000000000000000
-0.944942605776256106,0.000000000000000000
-0.931416770827672380,0.000000000000000000
-0.920378723378560304,0.000000000000000000
-0.932938427259388137,0.000000000000000000
-0.856734839290135164,1.000000000000000000
-0.718988702304826477,1.000000000000000000
-0.546932835775833404,1.000000000000000000
-0.384912655713155694,1.000000000000000000
-0.229812389423280083,1.000000000000000000
-0.080629675923409971,1.000000000000000000
0.076409190921850278,1.000000000000000000
0.408485563513487415,1.000000000000000000
0.478446430570832026,0.000000000000000000
0.406221390888553691,0.000000000000000000
0.313117874478861413,0.000000000000000000
0.247334207111854720,0.000000000000000000
0.201454248473631914,0.000000000000000000
0.178323267316951029,0.000000000000000000
0.170683193814175072,0.000000000000000000
0.153308612865620253,0.000000000000000000
0.144614736121081888,0.000000000000000000
0.131060191923915381,0.000000000000000000
0.111367243843483843,0.000000000000000000
0.106480231309811657,0.000000000000000000
0.107152030876434878,0.000000000000000000
0.107059823092780837,0.000000000000000000
0.117953514104497836,0.000000000000000000
0.117531992807792918,0.000000000000000000
0.110616409033728269,0.000000000000000000
0.116359636701332425,0.000000000000000000
0.123024942205478549,0.000000000000000000
0.139622343263233528,0.000000000000000000
0.152465570272210638,0.000000000000000000
0.126383940038595544,0.000000000000000000
0.050496934091193602,0.000000000000000000
0.033082835521072829,0.000000000000000000
0.022557975643972661,0.000000000000000000
0.013995824304654514,0.000000000000000000
0.005091186911763801,0.000000000000000000
-0.002812337401452925,0.000000000000000000
-0.009859646580737791,0.000000000000000000
-0.036217900165315342,0.000000000000000000
-0.044134597019054089,0.000000000000000000
-0.059085133418043223,0.000000000000000000
-0.066272236340533697,0.000000000000000000
-0.075391783142736091,0.000000000000000000
-0.090096886912325314,0.000000000000000000
-0.105768212621770386,0.000000000000000000
-0.125357369758576920,0.000000000000000000
-0.133140088945362112,0.000000000000000000
-0.146154919563296182,0.000000000000000000
-0.149450797722122886,0.000000000000000000
-0.140732668398774630,1.000000000000000000
-0.076742130758649996,1.000000000000000000
0.057059890624688414,1.000000000000000000
0.209494255470426882,1.000000000000000000
0.503677960808287528,1.000000000000000000
0.632687032252909676,1.000000000000000000
0.745039550430127484,1.000000000000000000
0.842437478360454906,1.000000000000000000
0.926771779369856441,1.000000000000000000
0.989972567715130314,1.000000000000000000
1.000000000000000000,1.000000000000000000
1.000000000000000000,-1.000000000000000000
0.925058185639590747,-1.000000000000000000
0.790441437201415686,-1.000000000000000000
0.644941878832032023,-1.000000000000000000
0.508545713604157124,-1.000000000000000000
0.384773092123501748,-1.000000000000000000
0.264236946108170390,-1.000000000000000000
0.158490590366650030,-1.000000000000000000
0.001979278820427144,-1.000000000000000000
-0.081820936514793052,-1.000000000000000000
-0.169192879753976233,-1.000000000000000000
-0.245540175491757329,-1.000000000000000000
-0.311791215096675178,-1.000000000000000000
-0.381252941517790989,-1.000000000000000000
-0.454441127737626238,-1.000000000000000000
-0.513032938552096307,-1.000000000000000000
-0.619346644574390592,-1.000000000000000000
-0.662864989974662588,-1.000000000000000000
-0.698595163338856406,-1.000000000000000000
-0.724693276254456675,-1.000000000000000000
-0.747877271818808920,0.000000000000000000
-0.782653265165337508,0.000000000000000000
-0.796940176781189780,0.000000000000000000
-0.804238364483872425,0.000000000000000000
-0.808119556177348541,0.000000000000000000
-0.814682767379937722,0.000000000000000000
-0.814476458186929042,0.000000000000000000
-0.816668493362646464,0.000000000000000000
-0.843630526023970484,0.000000000000000000
-0.855454621648281455,0.000000000000000000
-0.852798390788294558,0.000000000000000000
-0.854951742990322838,0.000000000000000000
-0.861282856350777171,0.000000000000000000
-0.860019212543598921,0.000000000000000000
-0.855403044350029340,0.000000000000000000
-0.875363458773620762,0.000000000000000000
-0.889469849845590410,0.000000000000000000
-0.879309122089912076,0.000000000000000000
-0.872539601694314215,0.000000000000000000
-0.873390627115475104,0.000000000000000000
-0.865112470746001172,0.000000000000000000
-0.858923194955740210,0.000000000000000000
-0.882893744318438256,0.000000000000000000
-0.897812477837879652,0.000000000000000000
-0.890256403643936101,0.000000000000000000
-0.897490119723803548,0.000000000000000000
-0.898599031636225343,0.000000000000000000
-0.868400523509577305,1.000000000000000000
-0.786534456858813624,1.000000000000000000
-0.671323666888019255,1.000000000000000000
-0.520601907070602943,1.000000000000000000
-0.341435267267112375,1.000000000000000000
-0.163055181261967497,1.000000000000000000
0.170933613569987264,1.000000000000000000
0.312835655386281664,1.000000000000000000
0.451836474175891567,1.000000000000000000
0.566840954953677034,1.000000000000000000
0.625793806855912349,0.000000000000000000
0.630306820452977590,0.000000000000000000
0.579142140586820675,0.000000000000000000
0.465878393625045906,0.000000000000000000
0.431760010831232721,0.000000000000000000
0.395101446098499842,0.000000000000000000
0.368332828305621307,0.000000000000000000
0.355038779681123406,0.000000000000000000
0.342221821065457954,0.000000000000000000
0.329172764607657875,0.000000000000000000
0.313918778649577401,0.000000000000000000
0.275184227662194525,0.000000000000000000
0.259427363046155213,0.000000000000000000
0.258821329791692145,0.000000000000000000
0.257622157607329205,0.000000000000000000
0.257157961923059508,0.000000000000000000
0.258795541142566199,0.000000000000000000
0.275983675785103078,0.000000000000000000
0.268105243477083643,0.000000000000000000
0.284777605137098933,1.000000000000000000
0.416712334066160706,1.000000000000000000
0.599553856370118599,1.000000000000000000
0.736182119440128346,1.000000000000000000
0.854087823244598976,1.000000000000000000
0.954960124301288849,1.000000000000000000
1.000000000000000000,1.000000000000000000
1.000000000000000000,1.000000000000000000
1.000000000000000000,-1.000000000000000000
0.968200093672256568,-1.000000000000000000
0.877706975267950940,-1.000000000000000000
0.756991439554905998,-1.000000000000000000
0.625305510863290781,-1.000000000000000000
0.501185197921911962,-1.000000000000000000
0.306492623734957892,-1.000000000000000000
0.230313176577211731,-1.000000000000000000
0.158614873369920861,-1.000000000000000000
0.080937515734353704,-1.000000000000000000
0.013015457429132571,-1.000000000000000000
-0.052565329036805775,-1.000000000000000000
-0.117290166658274964,-1.000000000000000000
-0.173191178691908809,-1.000000000000000000
-0.290493932833190693,-1.000000000000000000
-0.357119480388701449,-1.000000000000000000
-0.427193998288102339,-1.000000000000000000
-0.500767836463420712,-1.000000000000000000
-0.585733346759981899,-1.000000000000000000
-0.669427521272846215,-1.000000000000000000
-0.724598459292079999,-1.000000000000000000
-0.830459191380091610,-1.000000000000000000
-0.868586677407985563,-1.000000000000000000
-0.894466542470167658,-1.000000000000000000
-0.909709984391521065,-1.000000000000000000
-0.933991239111827243,0.000000000000000000
-0.964880922410754738,0.000000000000000000
-0.965472534112078895,0.000000000000000000
-0.965510296561099657,0.000000000000000000
-0.967599818740244699,0.000000000000000000
-0.965371834248023752,0.000000000000000000
-0.958637530839333341,0.000000000000000000
-0.963735461457127074,0.000000000000000000
-0.987223704747998587,0.000000000000000000
-0.987714616585267602,0.000000000000000000
-0.984303408690398229,0.000000000000000000
-0.988343990735612521,0.000000000000000000
-0.989137002165047075,0.000000000000000000
-0.981597099843915188,0.000000000000000000
-0.986883842706812398,0.000000000000000000
-1.000000000000000000,0.000000000000000000
-0.998174840298526100,0.000000000000000000
-0.987111372245071395,0.000000000000000000
-0.984498643631317782,0.000000000000000000
-0.981448376732964145,0.000000000000000000
-0.955458602627729969,1.000000000000000000
-0.877464278124335917,1.000000000000000000
-0.718037828309977089,1.000000000000000000
-0.497981073343917613,1.000000000000000000
-0.278324353380920875,1.000000000000000000
-0.112472341329866388,1.000000000000000000
-0.000012501093845763,1.000000000000000000
-0.014963809333316647,0.000000000000000000
-0.051554511019714200,0.000000000000000000
-0.094570774942807523,0.000000000000000000
-0.118785393721950627,0.000000000000000000
-0.139462202942757463,0.000000000000000000
-0.156038653382170933,0.000000000000000000
-0.169502331454002175,0.000000000000000000
-0.200692560599052383,0.000000000000000000
-0.229057542534971792,0.000000000000000000
-0.242346205292963135,0.000000000000000000
-0.238295850886952598,0.000000000000000000
-0.241571137474529074,0.000000000000000000
-0.239920993086895074,0.000000000000000000
-0.224169614841298603,0.000000000000000000
-0.222831997799807446,0.000000000000000000
-0.248459240183516061,0.000000000000000000
-0.252359581463378002,0.000000000000000000
-0.256434938057079953,0.000000000000000000
-0.263948095458352627,0.000000000000000000
-0.269148550498168548,0.000000000000000000
-0.283887340142262468,0.000000000000000000
-0.304051604515395146,0.000000000000000000
-0.284299876239170968,0.000000000000000000
-0.170564924430887666,1.000000000000000000
-0.023239533459177730,1.000000000000000000
0.117935319340442213,1.000000000000000000
0.235058067580913299,1.000000000000000000
0.336041903666570718,1.000000000000000000
0.420336779468203359,1.000000000000000000
0.546597827309889706,1.000000000000000000
0.611390996712212420,1.000000000000000000
0.667308389484079889,1.000000000000000000
0.709399572462590555,1.000000000000000000
0.739889740352280834,1.000000000000000000
0.750678184341129873,1.000000000000000000
0.732589101546385235,-1.000000000000000000
0.673271411248484331,-1.000000000000000000
0.491042966259547686,-1.000000000000000000
0.373207655669871130,-1.000000000000000000
0.244483892340579878,-1.000000000000000000
0.122360706561824184,-1.000000000000000000
0.027464903179028166,-1.000000000000000000
-0.056529946370307393,-1.000000000000000000
-0.133086645081444632,-1.000000000000000000
-0.260247771680022000,-1.000000000000000000
-0.326803595314590023,-1.000000000000000000
-0.395222081932169012,-1.000000000000000000
-0.465178203092770581,-1.000000000000000000
-0.536284424887177646,-1.000000000000000000
-0.610365907016863996,-1.000000000000000000
-0.696298426112284874,-1.000000000000000000
-0.762691735526858539,-1.000000000000000000
-0.852924630905204206,-1.000000000000000000
-0.885952520845573965,-1.000000000000000000
-0.913904966684584874,-1.000000000000000000
-0.930543922593226935,0.000000000000000000
-0.942644981435875606,0.000000000000000000
-0.973072643856337405,0.000000000000000000
-0.990061630392659375,0.000000000000000000
-0.990049129298813613,0.000000000000000000
-0.994036978235595670,0.000000000000000000
-0.999599964996937262,0.000000000000000000
-0.999012413586188752,0.000000000000000000
-0.993749453077144240,0.000000000000000000
-1.000000000000000000,0.000000000000000000
-1.000000000000000000,0.000000000000000000
-0.991416256081693592,0.000000000000000000
-0.987704033496334066,0.000000000000000000
-0.989553978306313864,0.000000000000000000
-0.989726639821912002,0.000000000000000000
-0.980859237699408637,0.000000000000000000
-0.985841755720954338,0.000000000000000000
-1.000000000000000000,0.000000000000000000
-0.996684655480448711,0.000000000000000000
-0.988199829321152468,0.000000000000000000
-0.986124669232988915,0.000000000000000000
-0.986505319900048527,0.000000000000000000
-0.978241516708722392,0.000000000000000000
-0.978327470085155193,0.000000000000000000
-1.000000000000000000,0.000000000000000000
-0.996014568285773838,0.000000000000000000
-0.983028192330803074,0.000000000000000000
-0.975241271904545792,0.000000000000000000
-0.976259089850025186,0.000000000000000000
-0.970348388046157417,0.000000000000000000
-0.969232467166174061,0.000000000000000000
-0.993549732056360102,0.000000000000000000
-0.994493972800961412,0.000000000000000000
-0.979300280819650038,0.000000000000000000
-0.938697928801795256,1.000000000000000000
-0.893386635927747141,1.000000000000000000
-0.816939924215483115,1.000000000000000000
-0.718653046709259669,1.000000000000000000
-0.615644965480030004,1.000000000000000000
-0.491593804799686063,1.000000000000000000
-0.362478080125571811,1.000000000000000000
-0.236575226556464346,1.000000000000000000
0.018664083289391398,1.000000000000000000
0.160717846460618041,1.000000000000000000
0.296127413833651154,1.000000000000000000
0.328216149831132897,0.000000000000000000
0.189200139713587179,0.000000000000000000
0.116479217603912000,0.000000000000000000
0.096863429968564452,0.000000000000000000
0.078379322389102279,0.000000000000000000
0.068920712539294549,0.000000000000000000
0.077233670974502289,0.000000000000000000
0.083171498428222135,0.000000000000000000
0.079622773314704798,0.000000000000000000
0.076688787984631412,0.000000000000000000
0.070918616835487169,0.000000000000000000
0.053622074746769055,0.000000000000000000
0.064114565141460078,0.000000000000000000
0.090254977296542194,0.000000000000000000
0.097883339154732907,0.000000000000000000
0.063066713237862393,0.000000000000000000
0.015033181976947363,0.000000000000000000
-0.020971009430667098,0.000000000000000000
-0.046091512399580870,0.000000000000000000
-0.074998253580160656,0.000000000000000000
-0.085714285714285743,0.000000000000000000
-0.045392944463849116,1.000000000000000000
0.077205728257073059,1.000000000000000000
0.234173943415997288,1.000000000000000000
0.375857492141110638,1.000000000000000000
0.504673419490045516,1.000000000000000000
0.616220747467691288,1.000000000000000000
0.762291302829200212,1.000000000000000000
0.815983234369542343,1.000000000000000000
0.844694376528117408,1.000000000000000000
0.841327279077890289,-1.000000000000000000
0.825874956339504029,-1.000000000000000000
0.783276283618581814,-1.000000000000000000
0.680698567935731802,-1.000000000000000000
0.382214460356269603,-1.000000000000000000
0.252448480614739790,-1.000000000000000000
0.145455815578064973,-1.000000000000000000
0.048801955990219970,-1.000000000000000000
-0.040558854348585416,-1.000000000000000000
-0.117107928746070566,-1.000000000000000000
-0.195948305972755810,-1.000000000000000000
-0.279455117010129261,-1.000000000000000000
-0.426000698567935765,-1.000000000000000000
-0.490688089416695727,-1.000000000000000000
-0.575689835836535102,-1.000000000000000000
-0.672874607055536145,-1.000000000000000000
-0.740104785190359715,-1.000000000000000000
-0.785623471882640589,-1.000000000000000000
-0.826755151938526001,-1.000000000000000000
-0.874914425427872899,0.000000000000000000
-0.878365351030387709,0.000000000000000000
-0.889654208871812791,0.000000000000000000
-0.919748515543136524,0.000000000000000000
-0.922165560600768375,0.000000000000000000
-0.914690883688438650,0.000000000000000000
-0.910485504715333516,0.000000000000000000
-0.914159972057282610,0.000000000000000000
-0.917387355920363246,0.000000000000000000
-0.899755501222493925,0.000000000000000000
-0.911477471184072630,0.000000000000000000
-0.906419839329374755,0.000000000000000000
-0.895326580509954617,0.000000000000000000
-0.895787635347537581,0.000000000000000000
-0.901711491442542812,0.000000000000000000
-0.893188962626615401,0.000000000000000000
-0.907495633950401670,0.000000000000000000
